0,1,2
3,4,5
6,7,8
6,7,8
3,4,5
9,10,11
6,7,8
9,10,11
12,13,14
6,7,8
12,13,14
15,16,17
6,7,8
15,16,17
0,1,2
15,16,17
12,13,14
18,19,20
15,16,17
18,19,20
0,1,2
18,19,20
12,13,14
21,22,23
18,19,20
21,22,23
24,25,26
18,19,20
24,25,26
0,1,2
0,1,2
24,25,26
27,28,29
0,1,2
27,28,29
3,4,5
24,25,26
21,22,23
30,31,32
24,25,26
30,31,32
27,28,29
21,22,23
12,13,14
33,34,35
21,22,23
33,34,35
30,31,32
30,31,32
33,34,35
36,37,38
30,31,32
36,37,38
27,28,29
33,34,35
12,13,14
39,40,41
33,34,35
39,40,41
36,37,38
36,37,38
39,40,41
42,43,44
36,37,38
42,43,44
27,28,29
39,40,41
12,13,14
45,46,47
39,40,41
45,46,47
42,43,44
42,43,44
45,46,47
48,49,50
42,43,44
48,49,50
27,28,29
45,46,47
12,13,14
51,52,53
45,46,47
51,52,53
48,49,50
48,49,50
51,52,53
54,55,56
48,49,50
54,55,56
27,28,29
51,52,53
12,13,14
57,58,59
51,52,53
57,58,59
54,55,56
54,55,56
57,58,59
60,61,62
54,55,56
60,61,62
27,28,29
57,58,59
12,13,14
63,64,65
57,58,59
63,64,65
60,61,62
60,61,62
63,64,65
66,67,68
60,61,62
66,67,68
27,28,29
63,64,65
12,13,14
69,70,71
63,64,65
69,70,71
66,67,68
12,13,14
9,10,11
69,70,71
69,70,71
9,10,11
72,73,74
69,70,71
72,73,74
66,67,68
66,67,68
72,73,74
27,28,29
72,73,74
9,10,11
75,76,77
72,73,74
75,76,77
27,28,29
27,28,29
75,76,77
3,4,5
75,76,77
9,10,11
3,4,5
0,1,2
3,4,5
6,7,8
6,7,8
3,4,5
9,10,11
6,7,8
9,10,11
12,13,14
6,7,8
12,13,14
15,16,17
6,7,8
15,16,17
0,1,2
15,16,17
12,13,14
18,19,20
15,16,17
18,19,20
0,1,2
18,19,20
12,13,14
21,22,23
18,19,20
21,22,23
24,25,26
18,19,20
24,25,26
0,1,2
0,1,2
24,25,26
27,28,29
0,1,2
27,28,29
3,4,5
24,25,26
21,22,23
30,31,32
24,25,26
30,31,32
27,28,29
21,22,23
12,13,14
33,34,35
21,22,23
33,34,35
30,31,32
30,31,32
33,34,35
36,37,38
30,31,32
36,37,38
27,28,29
33,34,35
12,13,14
39,40,41
33,34,35
39,40,41
36,37,38
36,37,38
39,40,41
42,43,44
36,37,38
42,43,44
27,28,29
39,40,41
12,13,14
45,46,47
39,40,41
45,46,47
42,43,44
42,43,44
45,46,47
48,49,50
42,43,44
48,49,50
27,28,29
45,46,47
12,13,14
51,52,53
45,46,47
51,52,53
48,49,50
48,49,50
51,52,53
54,55,56
48,49,50
54,55,56
27,28,29
51,52,53
12,13,14
57,58,59
51,52,53
57,58,59
54,55,56
54,55,56
57,58,59
60,61,62
54,55,56
60,61,62
27,28,29
57,58,59
12,13,14
63,64,65
57,58,59
63,64,65
60,61,62
60,61,62
63,64,65
66,67,68
60,61,62
66,67,68
27,28,29
63,64,65
12,13,14
69,70,71
63,64,65
69,70,71
66,67,68
12,13,14
9,10,11
69,70,71
69,70,71
9,10,11
72,73,74
69,70,71
72,73,74
66,67,68
66,67,68
72,73,74
27,28,29
72,73,74
9,10,11
75,76,77
72,73,74
75,76,77
27,28,29
27,28,29
75,76,77
3,4,5
75,76,77
9,10,11
3,4,5
0,1,2
3,4,5
6,7,8
6,7,8
3,4,5
9,10,11
6,7,8
9,10,11
12,13,14
6,7,8
12,13,14
15,16,17
6,7,8
15,16,17
0,1,2
15,16,17
12,13,14
18,19,20
15,16,17
18,19,20
0,1,2
18,19,20
12,13,14
21,22,23
18,19,20
21,22,23
24,25,26
18,19,20
24,25,26
0,1,2
0,1,2
24,25,26
27,28,29
0,1,2
27,28,29
3,4,5
24,25,26
21,22,23
30,31,32
24,25,26
30,31,32
27,28,29
21,22,23
12,13,14
33,34,35
21,22,23
33,34,35
30,31,32
30,31,32
33,34,35
36,37,38
30,31,32
36,37,38
27,28,29
33,34,35
12,13,14
39,40,41
33,34,35
39,40,41
36,37,38
36,37,38
39,40,41
42,43,44
36,37,38
42,43,44
27,28,29
39,40,41
12,13,14
45,46,47
39,40,41
45,46,47
42,43,44
42,43,44
45,46,47
48,49,50
42,43,44
48,49,50
27,28,29
45,46,47
12,13,14
51,52,53
45,46,47
51,52,53
48,49,50
48,49,50
51,52,53
54,55,56
48,49,50
54,55,56
27,28,29
51,52,53
12,13,14
57,58,59
51,52,53
57,58,59
54,55,56
54,55,56
57,58,59
60,61,62
54,55,56
60,61,62
27,28,29
57,58,59
12,13,14
63,64,65
57,58,59
63,64,65
60,61,62
60,61,62
63,64,65
66,67,68
60,61,62
66,67,68
27,28,29
63,64,65
12,13,14
69,70,71
63,64,65
69,70,71
66,67,68
12,13,14
9,10,11
69,70,71
69,70,71
9,10,11
72,73,74
69,70,71
72,73,74
66,67,68
66,67,68
72,73,74
27,28,29
72,73,74
9,10,11
75,76,77
72,73,74
75,76,77
27,28,29
27,28,29
75,76,77
3,4,5
75,76,77
9,10,11
3,4,5
0,1,2
3,4,5
6,7,8
6,7,8
3,4,5
9,10,11
6,7,8
9,10,11
12,13,14
6,7,8
12,13,14
15,16,17
6,7,8
15,16,17
0,1,2
15,16,17
12,13,14
18,19,20
15,16,17
18,19,20
0,1,2
18,19,20
12,13,14
21,22,23
18,19,20
21,22,23
24,25,26
18,19,20
24,25,26
0,1,2
0,1,2
24,25,26
27,28,29
0,1,2
27,28,29
3,4,5
24,25,26
21,22,23
30,31,32
24,25,26
30,31,32
27,28,29
21,22,23
12,13,14
33,34,35
21,22,23
33,34,35
30,31,32
30,31,32
33,34,35
36,37,38
30,31,32
36,37,38
27,28,29
33,34,35
12,13,14
39,40,41
33,34,35
39,40,41
36,37,38
36,37,38
39,40,41
42,43,44
36,37,38
42,43,44
27,28,29
39,40,41
12,13,14
45,46,47
39,40,41
45,46,47
42,43,44
42,43,44
45,46,47
48,49,50
42,43,44
48,49,50
27,28,29
45,46,47
12,13,14
51,52,53
45,46,47
51,52,53
48,49,50
48,49,50
51,52,53
54,55,56
48,49,50
54,55,56
27,28,29
51,52,53
12,13,14
57,58,59
51,52,53
57,58,59
54,55,56
54,55,56
57,58,59
60,61,62
54,55,56
60,61,62
27,28,29
57,58,59
12,13,14
63,64,65
57,58,59
63,64,65
60,61,62
60,61,62
63,64,65
66,67,68
60,61,62
66,67,68
27,28,29
63,64,65
12,13,14
69,70,71
63,64,65
69,70,71
66,67,68
12,13,14
9,10,11
69,70,71
69,70,71
9,10,11
72,73,74
69,70,71
72,73,74
66,67,68
66,67,68
72,73,74
27,28,29
72,73,74
9,10,11
75,76,77
72,73,74
75,76,77
27,28,29
27,28,29
75,76,77
3,4,5
75,76,77
9,10,11
3,4,5
