0,1,2
3,4,5
6,7,8
0,1,2
6,7,8
9,10,11
9,10,11
6,7,8
12,13,14
27,28,29
24,25,26
30,31,32
27,28,29
30,31,32
3,4,5
3,4,5
30,31,32
6,7,8
24,25,26
21,22,23
33,34,35
24,25,26
33,34,35
30,31,32
18,19,20
15,16,17
36,37,38
18,19,20
36,37,38
21,22,23
15,16,17
12,13,14
39,40,41
15,16,17
39,40,41
36,37,38
12,13,14
6,7,8
39,40,41
21,22,23
36,37,38
42,43,44
21,22,23
42,43,44
45,46,47
21,22,23
45,46,47
33,34,35
45,46,47
42,43,44
48,49,50
45,46,47
48,49,50
51,52,53
45,46,47
51,52,53
33,34,35
42,43,44
36,37,38
54,55,56
42,43,44
54,55,56
48,49,50
48,49,50
54,55,56
57,58,59
48,49,50
57,58,59
51,52,53
54,55,56
36,37,38
60,61,62
54,55,56
60,61,62
57,58,59
51,52,53
57,58,59
63,64,65
51,52,53
63,64,65
33,34,35
36,37,38
39,40,41
66,67,68
36,37,38
66,67,68
60,61,62
60,61,62
66,67,68
69,70,71
60,61,62
69,70,71
57,58,59
33,34,35
63,64,65
72,73,74
33,34,35
72,73,74
30,31,32
63,64,65
57,58,59
75,76,77
63,64,65
75,76,77
72,73,74
72,73,74
75,76,77
78,79,80
72,73,74
78,79,80
30,31,32
75,76,77
57,58,59
81,82,83
75,76,77
81,82,83
78,79,80
81,82,83
57,58,59
84,85,86
81,82,83
84,85,86
87,88,89
81,82,83
87,88,89
78,79,80
78,79,80
87,88,89
90,91,92
78,79,80
90,91,92
30,31,32
57,58,59
69,70,71
93,94,95
57,58,59
93,94,95
84,85,86
84,85,86
93,94,95
96,97,98
84,85,86
96,97,98
87,88,89
93,94,95
69,70,71
99,100,101
93,94,95
99,100,101
96,97,98
69,70,71
66,67,68
99,100,101
87,88,89
96,97,98
102,103,104
87,88,89
102,103,104
90,91,92
102,103,104
96,97,98
105,106,107
102,103,104
126,127,128
90,91,92
126,127,128
123,124,125
90,91,92
105,106,107
96,97,98
108,109,110
96,97,98
99,100,101
108,109,110
108,109,110
99,100,101
111,112,113
99,100,101
66,67,68
111,112,113
111,112,113
66,67,68
114,115,116
66,67,68
39,40,41
114,115,116
114,115,116
39,40,41
117,118,119
117,118,119
39,40,41
120,121,122
120,121,122
39,40,41
123,124,125
123,124,125
39,40,41
90,91,92
90,91,92
39,40,41
129,130,131
90,91,92
129,130,131
132,133,134
90,91,92
132,133,134
30,31,32
39,40,41
6,7,8
135,136,137
39,40,41
135,136,137
129,130,131
30,31,32
132,133,134
138,139,140
30,31,32
138,139,140
6,7,8
6,7,8
138,139,140
135,136,137
138,139,140
132,133,134
141,142,143
138,139,140
141,142,143
144,145,146
138,139,140
144,145,146
147,148,149
138,139,140
147,148,149
150,151,152
138,139,140
150,151,152
135,136,137
147,148,149
144,145,146
153,154,155
147,148,149
153,154,155
156,157,158
147,148,149
156,157,158
150,151,152
156,157,158
180,181,182
150,151,152
153,154,155
144,145,146
159,160,161
144,145,146
141,142,143
159,160,161
159,160,161
141,142,143
162,163,164
180,181,182
177,178,179
183,184,185
180,181,182
183,184,185
150,151,152
150,151,152
183,184,185
135,136,137
177,178,179
174,175,176
186,187,188
177,178,179
186,187,188
183,184,185
183,184,185
186,187,188
189,190,191
183,184,185
189,190,191
135,136,137
174,175,176
171,172,173
192,193,194
174,175,176
192,193,194
186,187,188
171,172,173
168,169,170
195,196,197
171,172,173
195,196,197
192,193,194
168,169,170
165,166,167
198,199,200
168,169,170
198,199,200
195,196,197
165,166,167
162,163,164
201,202,203
165,166,167
201,202,203
198,199,200
162,163,164
141,142,143
201,202,203
141,142,143
132,133,134
201,202,203
201,202,203
132,133,134
198,199,200
198,199,200
132,133,134
195,196,197
195,196,197
132,133,134
204,205,206
195,196,197
204,205,206
192,193,194
132,133,134
129,130,131
204,205,206
192,193,194
204,205,206
207,208,209
192,193,194
207,208,209
210,211,212
192,193,194
210,211,212
186,187,188
207,208,209
204,205,206
213,214,215
207,208,209
213,214,215
216,217,218
207,208,209
216,217,218
210,211,212
216,217,218
240,241,242
210,211,212
213,214,215
204,205,206
219,220,221
240,241,242
237,238,239
243,244,245
240,241,242
243,244,245
210,211,212
210,211,212
243,244,245
186,187,188
243,244,245
237,238,239
246,247,248
243,244,245
246,247,248
186,187,188
237,238,239
234,235,236
246,247,248
186,187,188
246,247,248
189,190,191
246,247,248
234,235,236
189,190,191
234,235,236
231,232,233
189,190,191
231,232,233
228,229,230
249,250,251
231,232,233
249,250,251
189,190,191
189,190,191
249,250,251
135,136,137
249,250,251
228,229,230
252,253,254
249,250,251
252,253,254
135,136,137
228,229,230
225,226,227
252,253,254
135,136,137
252,253,254
129,130,131
252,253,254
225,226,227
255,256,257
252,253,254
255,256,257
129,130,131
225,226,227
222,223,224
255,256,257
255,256,257
222,223,224
258,259,260
255,256,257
258,259,260
129,130,131
222,223,224
219,220,221
258,259,260
219,220,221
204,205,206
258,259,260
258,259,260
204,205,206
129,130,131
