0,1,2
3,4,5
6,7,8
0,1,2
6,7,8
9,10,11
0,1,2
9,10,11
12,13,14
0,1,2
12,13,14
15,16,17
0,1,2
15,16,17
3,4,5
9,10,11
6,7,8
18,19,20
9,10,11
18,19,20
21,22,23
9,10,11
21,22,23
12,13,14
12,13,14
21,22,23
24,25,26
12,13,14
24,25,26
27,28,29
12,13,14
27,28,29
15,16,17
21,22,23
18,19,20
30,31,32
21,22,23
30,31,32
33,34,35
21,22,23
33,34,35
24,25,26
30,31,32
18,19,20
36,37,38
30,31,32
36,37,38
39,40,41
30,31,32
39,40,41
33,34,35
18,19,20
6,7,8
42,43,44
18,19,20
42,43,44
36,37,38
36,37,38
42,43,44
45,46,47
36,37,38
45,46,47
48,49,50
36,37,38
48,49,50
39,40,41
45,46,47
42,43,44
51,52,53
45,46,47
51,52,53
54,55,56
45,46,47
54,55,56
48,49,50
42,43,44
6,7,8
57,58,59
42,43,44
57,58,59
51,52,53
51,52,53
57,58,59
60,61,62
51,52,53
60,61,62
63,64,65
51,52,53
63,64,65
54,55,56
60,61,62
57,58,59
66,67,68
60,61,62
66,67,68
69,70,71
60,61,62
69,70,71
63,64,65
57,58,59
6,7,8
72,73,74
57,58,59
72,73,74
66,67,68
66,67,68
72,73,74
75,76,77
66,67,68
75,76,77
78,79,80
66,67,68
78,79,80
69,70,71
75,76,77
72,73,74
81,82,83
75,76,77
81,82,83
84,85,86
75,76,77
84,85,86
78,79,80
72,73,74
6,7,8
87,88,89
72,73,74
87,88,89
81,82,83
81,82,83
87,88,89
90,91,92
81,82,83
90,91,92
93,94,95
81,82,83
93,94,95
84,85,86
90,91,92
87,88,89
96,97,98
90,91,92
96,97,98
99,100,101
90,91,92
99,100,101
93,94,95
87,88,89
6,7,8
102,103,104
87,88,89
102,103,104
96,97,98
96,97,98
102,103,104
105,106,107
96,97,98
105,106,107
108,109,110
96,97,98
108,109,110
99,100,101
105,106,107
102,103,104
111,112,113
105,106,107
111,112,113
114,115,116
105,106,107
114,115,116
108,109,110
102,103,104
6,7,8
117,118,119
102,103,104
117,118,119
111,112,113
111,112,113
117,118,119
120,121,122
111,112,113
120,121,122
123,124,125
111,112,113
123,124,125
114,115,116
120,121,122
117,118,119
126,127,128
120,121,122
126,127,128
129,130,131
120,121,122
129,130,131
123,124,125
117,118,119
6,7,8
132,133,134
117,118,119
132,133,134
126,127,128
126,127,128
132,133,134
135,136,137
126,127,128
135,136,137
138,139,140
126,127,128
138,139,140
129,130,131
135,136,137
132,133,134
141,142,143
135,136,137
141,142,143
144,145,146
135,136,137
144,145,146
138,139,140
132,133,134
6,7,8
147,148,149
132,133,134
147,148,149
141,142,143
141,142,143
147,148,149
150,151,152
141,142,143
150,151,152
153,154,155
141,142,143
153,154,155
144,145,146
150,151,152
147,148,149
156,157,158
150,151,152
156,157,158
159,160,161
150,151,152
159,160,161
153,154,155
147,148,149
6,7,8
162,163,164
147,148,149
162,163,164
156,157,158
156,157,158
162,163,164
165,166,167
156,157,158
165,166,167
168,169,170
156,157,158
168,169,170
159,160,161
165,166,167
162,163,164
171,172,173
165,166,167
171,172,173
174,175,176
165,166,167
174,175,176
168,169,170
162,163,164
6,7,8
177,178,179
162,163,164
177,178,179
171,172,173
171,172,173
177,178,179
180,181,182
171,172,173
180,181,182
183,184,185
171,172,173
183,184,185
174,175,176
180,181,182
177,178,179
186,187,188
180,181,182
186,187,188
189,190,191
180,181,182
189,190,191
183,184,185
177,178,179
6,7,8
192,193,194
177,178,179
192,193,194
186,187,188
186,187,188
192,193,194
195,196,197
186,187,188
195,196,197
198,199,200
186,187,188
198,199,200
189,190,191
195,196,197
192,193,194
201,202,203
195,196,197
201,202,203
204,205,206
195,196,197
204,205,206
198,199,200
192,193,194
6,7,8
207,208,209
192,193,194
207,208,209
201,202,203
201,202,203
207,208,209
210,211,212
201,202,203
210,211,212
213,214,215
201,202,203
213,214,215
204,205,206
210,211,212
207,208,209
216,217,218
210,211,212
216,217,218
219,220,221
210,211,212
219,220,221
213,214,215
207,208,209
6,7,8
222,223,224
207,208,209
222,223,224
216,217,218
216,217,218
222,223,224
225,226,227
216,217,218
225,226,227
228,229,230
216,217,218
228,229,230
219,220,221
225,226,227
222,223,224
231,232,233
225,226,227
231,232,233
234,235,236
225,226,227
234,235,236
228,229,230
222,223,224
6,7,8
237,238,239
222,223,224
237,238,239
231,232,233
231,232,233
237,238,239
240,241,242
231,232,233
240,241,242
243,244,245
231,232,233
243,244,245
234,235,236
240,241,242
237,238,239
246,247,248
240,241,242
246,247,248
249,250,251
240,241,242
249,250,251
243,244,245
237,238,239
6,7,8
252,253,254
237,238,239
252,253,254
246,247,248
246,247,248
252,253,254
255,256,257
246,247,248
255,256,257
258,259,260
246,247,248
258,259,260
249,250,251
255,256,257
252,253,254
261,262,263
255,256,257
261,262,263
264,265,266
255,256,257
264,265,266
258,259,260
252,253,254
6,7,8
267,268,269
252,253,254
267,268,269
261,262,263
261,262,263
267,268,269
270,271,272
261,262,263
270,271,272
273,274,275
261,262,263
273,274,275
264,265,266
270,271,272
267,268,269
276,277,278
270,271,272
276,277,278
279,280,281
270,271,272
279,280,281
273,274,275
267,268,269
6,7,8
282,283,284
267,268,269
282,283,284
276,277,278
276,277,278
282,283,284
285,286,287
276,277,278
285,286,287
288,289,290
276,277,278
288,289,290
279,280,281
285,286,287
282,283,284
291,292,293
285,286,287
291,292,293
294,295,296
285,286,287
294,295,296
288,289,290
282,283,284
6,7,8
297,298,299
282,283,284
297,298,299
291,292,293
291,292,293
297,298,299
300,301,302
291,292,293
300,301,302
303,304,305
291,292,293
303,304,305
294,295,296
300,301,302
297,298,299
306,307,308
300,301,302
306,307,308
309,310,311
300,301,302
309,310,311
303,304,305
297,298,299
6,7,8
3,4,5
297,298,299
3,4,5
306,307,308
306,307,308
3,4,5
312,313,314
306,307,308
312,313,314
315,316,317
306,307,308
315,316,317
309,310,311
312,313,314
3,4,5
15,16,17
312,313,314
15,16,17
318,319,320
312,313,314
318,319,320
315,316,317
315,316,317
318,319,320
321,322,323
315,316,317
321,322,323
324,325,326
315,316,317
324,325,326
309,310,311
309,310,311
324,325,326
327,328,329
309,310,311
327,328,329
303,304,305
303,304,305
327,328,329
330,331,332
303,304,305
330,331,332
294,295,296
294,295,296
330,331,332
333,334,335
294,295,296
333,334,335
288,289,290
288,289,290
333,334,335
336,337,338
288,289,290
336,337,338
279,280,281
279,280,281
336,337,338
339,340,341
279,280,281
339,340,341
273,274,275
273,274,275
339,340,341
342,343,344
273,274,275
342,343,344
264,265,266
264,265,266
342,343,344
345,346,347
264,265,266
345,346,347
258,259,260
258,259,260
345,346,347
348,349,350
258,259,260
348,349,350
249,250,251
249,250,251
348,349,350
351,352,353
249,250,251
351,352,353
243,244,245
243,244,245
351,352,353
354,355,356
243,244,245
354,355,356
234,235,236
234,235,236
354,355,356
357,358,359
234,235,236
357,358,359
228,229,230
228,229,230
357,358,359
360,361,362
228,229,230
360,361,362
219,220,221
219,220,221
360,361,362
363,364,365
219,220,221
363,364,365
213,214,215
360,361,362
357,358,359
366,367,368
360,361,362
366,367,368
369,370,371
360,361,362
369,370,371
363,364,365
357,358,359
354,355,356
372,373,374
357,358,359
372,373,374
366,367,368
366,367,368
372,373,374
375,376,377
366,367,368
375,376,377
369,370,371
372,373,374
354,355,356
378,379,380
372,373,374
378,379,380
375,376,377
354,355,356
351,352,353
378,379,380
378,379,380
351,352,353
381,382,383
378,379,380
381,382,383
375,376,377
351,352,353
348,349,350
381,382,383
381,382,383
348,349,350
384,385,386
381,382,383
384,385,386
375,376,377
348,349,350
345,346,347
384,385,386
384,385,386
345,346,347
387,388,389
384,385,386
387,388,389
375,376,377
345,346,347
342,343,344
387,388,389
387,388,389
342,343,344
390,391,392
387,388,389
390,391,392
375,376,377
342,343,344
339,340,341
390,391,392
390,391,392
339,340,341
393,394,395
390,391,392
393,394,395
375,376,377
339,340,341
336,337,338
393,394,395
393,394,395
336,337,338
396,397,398
393,394,395
396,397,398
375,376,377
336,337,338
333,334,335
396,397,398
396,397,398
333,334,335
399,400,401
396,397,398
399,400,401
375,376,377
333,334,335
330,331,332
399,400,401
399,400,401
330,331,332
402,403,404
399,400,401
402,403,404
375,376,377
330,331,332
327,328,329
402,403,404
402,403,404
327,328,329
405,406,407
402,403,404
405,406,407
375,376,377
327,328,329
324,325,326
405,406,407
405,406,407
324,325,326
408,409,410
405,406,407
408,409,410
375,376,377
324,325,326
321,322,323
408,409,410
408,409,410
321,322,323
411,412,413
408,409,410
411,412,413
375,376,377
369,370,371
375,376,377
414,415,416
369,370,371
414,415,416
363,364,365
363,364,365
414,415,416
417,418,419
363,364,365
417,418,419
213,214,215
213,214,215
417,418,419
204,205,206
414,415,416
375,376,377
420,421,422
414,415,416
420,421,422
417,418,419
417,418,419
420,421,422
423,424,425
417,418,419
423,424,425
204,205,206
204,205,206
423,424,425
198,199,200
420,421,422
375,376,377
426,427,428
420,421,422
426,427,428
423,424,425
423,424,425
426,427,428
429,430,431
423,424,425
429,430,431
198,199,200
198,199,200
429,430,431
189,190,191
426,427,428
375,376,377
432,433,434
426,427,428
432,433,434
429,430,431
429,430,431
432,433,434
435,436,437
429,430,431
435,436,437
189,190,191
189,190,191
435,436,437
183,184,185
432,433,434
375,376,377
438,439,440
432,433,434
438,439,440
435,436,437
435,436,437
438,439,440
441,442,443
435,436,437
441,442,443
183,184,185
183,184,185
441,442,443
174,175,176
438,439,440
375,376,377
444,445,446
438,439,440
444,445,446
441,442,443
441,442,443
444,445,446
447,448,449
441,442,443
447,448,449
174,175,176
174,175,176
447,448,449
168,169,170
444,445,446
375,376,377
450,451,452
444,445,446
450,451,452
447,448,449
447,448,449
450,451,452
453,454,455
447,448,449
453,454,455
168,169,170
168,169,170
453,454,455
159,160,161
450,451,452
375,376,377
456,457,458
450,451,452
456,457,458
453,454,455
453,454,455
456,457,458
459,460,461
453,454,455
459,460,461
159,160,161
159,160,161
459,460,461
153,154,155
456,457,458
375,376,377
462,463,464
456,457,458
462,463,464
459,460,461
459,460,461
462,463,464
465,466,467
459,460,461
465,466,467
153,154,155
153,154,155
465,466,467
144,145,146
462,463,464
375,376,377
468,469,470
462,463,464
468,469,470
465,466,467
465,466,467
468,469,470
471,472,473
465,466,467
471,472,473
144,145,146
144,145,146
471,472,473
138,139,140
468,469,470
375,376,377
474,475,476
468,469,470
474,475,476
471,472,473
471,472,473
474,475,476
477,478,479
471,472,473
477,478,479
138,139,140
138,139,140
477,478,479
129,130,131
474,475,476
375,376,377
480,481,482
474,475,476
480,481,482
477,478,479
477,478,479
480,481,482
483,484,485
477,478,479
483,484,485
129,130,131
129,130,131
483,484,485
123,124,125
480,481,482
375,376,377
486,487,488
480,481,482
486,487,488
483,484,485
483,484,485
486,487,488
489,490,491
483,484,485
489,490,491
123,124,125
123,124,125
489,490,491
114,115,116
486,487,488
375,376,377
492,493,494
486,487,488
492,493,494
489,490,491
489,490,491
492,493,494
495,496,497
489,490,491
495,496,497
114,115,116
114,115,116
495,496,497
108,109,110
492,493,494
375,376,377
498,499,500
492,493,494
498,499,500
495,496,497
495,496,497
498,499,500
501,502,503
495,496,497
501,502,503
108,109,110
108,109,110
501,502,503
99,100,101
498,499,500
375,376,377
504,505,506
498,499,500
504,505,506
501,502,503
501,502,503
504,505,506
507,508,509
501,502,503
507,508,509
99,100,101
99,100,101
507,508,509
93,94,95
504,505,506
375,376,377
510,511,512
504,505,506
510,511,512
507,508,509
507,508,509
510,511,512
513,514,515
507,508,509
513,514,515
93,94,95
93,94,95
513,514,515
84,85,86
510,511,512
375,376,377
516,517,518
510,511,512
516,517,518
513,514,515
513,514,515
516,517,518
519,520,521
513,514,515
519,520,521
84,85,86
84,85,86
519,520,521
78,79,80
15,16,17
27,28,29
318,319,320
516,517,518
375,376,377
522,523,524
516,517,518
522,523,524
519,520,521
519,520,521
522,523,524
525,526,527
519,520,521
525,526,527
78,79,80
78,79,80
525,526,527
69,70,71
522,523,524
375,376,377
528,529,530
522,523,524
528,529,530
525,526,527
525,526,527
528,529,530
531,532,533
525,526,527
531,532,533
69,70,71
69,70,71
531,532,533
63,64,65
528,529,530
375,376,377
534,535,536
528,529,530
534,535,536
531,532,533
531,532,533
534,535,536
537,538,539
531,532,533
537,538,539
63,64,65
63,64,65
537,538,539
54,55,56
534,535,536
375,376,377
540,541,542
534,535,536
540,541,542
537,538,539
537,538,539
540,541,542
543,544,545
537,538,539
543,544,545
54,55,56
54,55,56
543,544,545
48,49,50
540,541,542
375,376,377
546,547,548
540,541,542
546,547,548
543,544,545
543,544,545
546,547,548
549,550,551
543,544,545
549,550,551
48,49,50
48,49,50
549,550,551
39,40,41
546,547,548
375,376,377
552,553,554
546,547,548
552,553,554
549,550,551
549,550,551
552,553,554
555,556,557
549,550,551
555,556,557
39,40,41
39,40,41
555,556,557
33,34,35
552,553,554
375,376,377
558,559,560
552,553,554
558,559,560
555,556,557
555,556,557
558,559,560
561,562,563
555,556,557
561,562,563
33,34,35
33,34,35
561,562,563
24,25,26
558,559,560
375,376,377
564,565,566
558,559,560
564,565,566
561,562,563
561,562,563
564,565,566
567,568,569
561,562,563
567,568,569
24,25,26
24,25,26
567,568,569
27,28,29
564,565,566
375,376,377
570,571,572
564,565,566
570,571,572
567,568,569
375,376,377
411,412,413
570,571,572
570,571,572
411,412,413
573,574,575
570,571,572
573,574,575
567,568,569
567,568,569
573,574,575
27,28,29
411,412,413
321,322,323
573,574,575
321,322,323
318,319,320
573,574,575
573,574,575
318,319,320
27,28,29
