0,1,2
3,4,5
6,7,8
6,7,8
3,4,5
9,10,11
6,7,8
9,10,11
12,13,14
6,7,8
12,13,14
15,16,17
6,7,8
15,16,17
18,19,20
6,7,8
18,19,20
0,1,2
18,19,20
15,16,17
21,22,23
18,19,20
21,22,23
24,25,26
18,19,20
24,25,26
0,1,2
15,16,17
12,13,14
27,28,29
15,16,17
27,28,29
30,31,32
15,16,17
30,31,32
21,22,23
12,13,14
9,10,11
33,34,35
12,13,14
33,34,35
27,28,29
21,22,23
30,31,32
36,37,38
21,22,23
36,37,38
39,40,41
21,22,23
39,40,41
24,25,26
30,31,32
27,28,29
42,43,44
30,31,32
42,43,44
3,4,5
30,31,32
3,4,5
36,37,38
3,4,5
0,1,2
36,37,38
3,4,5
42,43,44
9,10,11
36,37,38
0,1,2
45,46,47
36,37,38
45,46,47
39,40,41
9,10,11
42,43,44
48,49,50
9,10,11
48,49,50
33,34,35
42,43,44
27,28,29
51,52,53
42,43,44
51,52,53
48,49,50
51,52,53
27,28,29
54,55,56
51,52,53
54,55,56
57,58,59
51,52,53
57,58,59
48,49,50
27,28,29
33,34,35
60,61,62
27,28,29
60,61,62
54,55,56
54,55,56
60,61,62
63,64,65
54,55,56
63,64,65
57,58,59
33,34,35
48,49,50
66,67,68
33,34,35
66,67,68
60,61,62
66,67,68
48,49,50
69,70,71
66,67,68
69,70,71
72,73,74
66,67,68
72,73,74
60,61,62
48,49,50
57,58,59
75,76,77
48,49,50
75,76,77
69,70,71
69,70,71
75,76,77
78,79,80
69,70,71
78,79,80
72,73,74
57,58,59
63,64,65
81,82,83
57,58,59
81,82,83
75,76,77
81,82,83
63,64,65
84,85,86
81,82,83
84,85,86
75,76,77
63,64,65
60,61,62
87,88,89
63,64,65
87,88,89
84,85,86
87,88,89
60,61,62
90,91,92
87,88,89
90,91,92
93,94,95
87,88,89
93,94,95
84,85,86
84,85,86
93,94,95
96,97,98
84,85,86
96,97,98
75,76,77
93,94,95
90,91,92
99,100,101
93,94,95
99,100,101
96,97,98
99,100,101
90,91,92
102,103,104
99,100,101
102,103,104
105,106,107
99,100,101
105,106,107
96,97,98
90,91,92
60,61,62
108,109,110
90,91,92
108,109,110
102,103,104
102,103,104
108,109,110
45,46,47
102,103,104
45,46,47
105,106,107
105,106,107
45,46,47
0,1,2
105,106,107
0,1,2
96,97,98
45,46,47
108,109,110
39,40,41
0,1,2
24,25,26
96,97,98
24,25,26
39,40,41
111,112,113
24,25,26
111,112,113
96,97,98
39,40,41
108,109,110
114,115,116
39,40,41
114,115,116
111,112,113
111,112,113
114,115,116
117,118,119
111,112,113
117,118,119
96,97,98
114,115,116
108,109,110
120,121,122
114,115,116
120,121,122
117,118,119
117,118,119
120,121,122
123,124,125
117,118,119
123,124,125
126,127,128
117,118,119
126,127,128
96,97,98
123,124,125
120,121,122
129,130,131
123,124,125
129,130,131
132,133,134
123,124,125
132,133,134
126,127,128
120,121,122
108,109,110
135,136,137
120,121,122
135,136,137
129,130,131
129,130,131
135,136,137
138,139,140
129,130,131
138,139,140
132,133,134
108,109,110
60,61,62
75,76,77
108,109,110
75,76,77
96,97,98
108,109,110
96,97,98
135,136,137
96,97,98
126,127,128
135,136,137
75,76,77
60,61,62
141,142,143
75,76,77
141,142,143
78,79,80
60,61,62
72,73,74
144,145,146
60,61,62
144,145,146
141,142,143
72,73,74
78,79,80
147,148,149
72,73,74
147,148,149
144,145,146
78,79,80
141,142,143
150,151,152
78,79,80
150,151,152
147,148,149
147,148,149
150,151,152
153,154,155
147,148,149
153,154,155
144,145,146
150,151,152
141,142,143
156,157,158
150,151,152
156,157,158
153,154,155
156,157,158
141,142,143
159,160,161
156,157,158
159,160,161
162,163,164
156,157,158
162,163,164
153,154,155
162,163,164
159,160,161
165,166,167
162,163,164
165,166,167
168,169,170
162,163,164
168,169,170
153,154,155
159,160,161
141,142,143
171,172,173
159,160,161
171,172,173
174,175,176
159,160,161
174,175,176
165,166,167
165,166,167
174,175,176
177,178,179
165,166,167
177,178,179
180,181,182
165,166,167
180,181,182
168,169,170
177,178,179
174,175,176
183,184,185
177,178,179
183,184,185
138,139,140
177,178,179
138,139,140
180,181,182
138,139,140
135,136,137
180,181,182
138,139,140
183,184,185
132,133,134
183,184,185
174,175,176
186,187,188
183,184,185
186,187,188
132,133,134
174,175,176
171,172,173
189,190,191
174,175,176
189,190,191
186,187,188
189,190,191
171,172,173
192,193,194
189,190,191
192,193,194
186,187,188
132,133,134
186,187,188
195,196,197
132,133,134
195,196,197
126,127,128
186,187,188
192,193,194
198,199,200
186,187,188
198,199,200
195,196,197
198,199,200
192,193,194
153,154,155
198,199,200
153,154,155
168,169,170
198,199,200
168,169,170
195,196,197
195,196,197
168,169,170
201,202,203
195,196,197
201,202,203
126,127,128
168,169,170
180,181,182
201,202,203
201,202,203
180,181,182
204,205,206
201,202,203
204,205,206
126,127,128
192,193,194
171,172,173
207,208,209
192,193,194
207,208,209
153,154,155
153,154,155
207,208,209
144,145,146
180,181,182
135,136,137
210,211,212
180,181,182
210,211,212
204,205,206
204,205,206
210,211,212
213,214,215
204,205,206
213,214,215
126,127,128
210,211,212
135,136,137
216,217,218
210,211,212
216,217,218
213,214,215
213,214,215
216,217,218
219,220,221
213,214,215
219,220,221
126,127,128
216,217,218
135,136,137
222,223,224
216,217,218
222,223,224
219,220,221
171,172,173
141,142,143
225,226,227
171,172,173
225,226,227
207,208,209
207,208,209
225,226,227
228,229,230
207,208,209
228,229,230
144,145,146
225,226,227
141,142,143
231,232,233
225,226,227
231,232,233
228,229,230
228,229,230
231,232,233
222,223,224
228,229,230
222,223,224
144,145,146
231,232,233
141,142,143
219,220,221
231,232,233
219,220,221
222,223,224
222,223,224
135,136,137
144,145,146
219,220,221
141,142,143
126,127,128
141,142,143
144,145,146
126,127,128
144,145,146
135,136,137
126,127,128
