0,1,2
3,4,5
6,7,8
6,7,8
3,4,5
9,10,11
6,7,8
9,10,11
12,13,14
6,7,8
12,13,14
15,16,17
6,7,8
15,16,17
0,1,2
12,13,14
9,10,11
18,19,20
12,13,14
18,19,20
21,22,23
12,13,14
21,22,23
15,16,17
9,10,11
3,4,5
24,25,26
9,10,11
24,25,26
18,19,20
18,19,20
24,25,26
27,28,29
18,19,20
27,28,29
21,22,23
21,22,23
27,28,29
30,31,32
21,22,23
30,31,32
15,16,17
27,28,29
24,25,26
33,34,35
27,28,29
33,34,35
30,31,32
30,31,32
33,34,35
36,37,38
30,31,32
36,37,38
39,40,41
30,31,32
39,40,41
15,16,17
3,4,5
0,1,2
42,43,44
3,4,5
42,43,44
45,46,47
3,4,5
45,46,47
24,25,26
45,46,47
42,43,44
48,49,50
45,46,47
48,49,50
51,52,53
45,46,47
51,52,53
54,55,56
45,46,47
54,55,56
24,25,26
54,55,56
51,52,53
0,1,2
54,55,56
0,1,2
15,16,17
54,55,56
15,16,17
24,25,26
24,25,26
15,16,17
57,58,59
24,25,26
57,58,59
33,34,35
15,16,17
39,40,41
57,58,59
57,58,59
39,40,41
60,61,62
57,58,59
60,61,62
33,34,35
39,40,41
36,37,38
63,64,65
39,40,41
63,64,65
60,61,62
60,61,62
63,64,65
66,67,68
60,61,62
66,67,68
33,34,35
63,64,65
36,37,38
69,70,71
63,64,65
69,70,71
66,67,68
33,34,35
66,67,68
72,73,74
33,34,35
72,73,74
36,37,38
66,67,68
69,70,71
75,76,77
66,67,68
75,76,77
72,73,74
69,70,71
36,37,38
78,79,80
69,70,71
78,79,80
75,76,77
75,76,77
78,79,80
81,82,83
75,76,77
81,82,83
72,73,74
36,37,38
72,73,74
84,85,86
36,37,38
84,85,86
78,79,80
78,79,80
84,85,86
87,88,89
78,79,80
87,88,89
81,82,83
81,82,83
87,88,89
90,91,92
81,82,83
90,91,92
72,73,74
87,88,89
84,85,86
93,94,95
87,88,89
93,94,95
90,91,92
90,91,92
93,94,95
96,97,98
90,91,92
96,97,98
72,73,74
93,94,95
84,85,86
99,100,101
93,94,95
99,100,101
96,97,98
96,97,98
99,100,101
102,103,104
96,97,98
102,103,104
72,73,74
99,100,101
84,85,86
105,106,107
99,100,101
105,106,107
102,103,104
0,1,2
51,52,53
108,109,110
0,1,2
108,109,110
42,43,44
51,52,53
48,49,50
111,112,113
51,52,53
111,112,113
108,109,110
48,49,50
42,43,44
114,115,116
48,49,50
114,115,116
111,112,113
111,112,113
114,115,116
117,118,119
111,112,113
117,118,119
108,109,110
42,43,44
108,109,110
120,121,122
42,43,44
120,121,122
114,115,116
114,115,116
120,121,122
123,124,125
114,115,116
123,124,125
117,118,119
108,109,110
117,118,119
126,127,128
108,109,110
126,127,128
120,121,122
117,118,119
123,124,125
129,130,131
117,118,119
129,130,131
126,127,128
123,124,125
120,121,122
132,133,134
123,124,125
132,133,134
129,130,131
120,121,122
126,127,128
135,136,137
120,121,122
135,136,137
132,133,134
126,127,128
129,130,131
138,139,140
126,127,128
138,139,140
135,136,137
129,130,131
132,133,134
141,142,143
129,130,131
141,142,143
138,139,140
132,133,134
135,136,137
144,145,146
132,133,134
144,145,146
141,142,143
135,136,137
138,139,140
147,148,149
135,136,137
147,148,149
144,145,146
138,139,140
141,142,143
150,151,152
138,139,140
150,151,152
147,148,149
147,148,149
150,151,152
153,154,155
147,148,149
153,154,155
144,145,146
150,151,152
141,142,143
156,157,158
150,151,152
156,157,158
153,154,155
153,154,155
156,157,158
159,160,161
153,154,155
159,160,161
144,145,146
156,157,158
141,142,143
162,163,164
156,157,158
162,163,164
159,160,161
159,160,161
162,163,164
165,166,167
159,160,161
165,166,167
144,145,146
141,142,143
144,145,146
168,169,170
141,142,143
168,169,170
162,163,164
144,145,146
165,166,167
171,172,173
144,145,146
171,172,173
168,169,170
168,169,170
171,172,173
174,175,176
168,169,170
174,175,176
162,163,164
171,172,173
165,166,167
177,178,179
171,172,173
177,178,179
174,175,176
162,163,164
174,175,176
180,181,182
162,163,164
180,181,182
165,166,167
174,175,176
177,178,179
183,184,185
174,175,176
183,184,185
180,181,182
177,178,179
165,166,167
186,187,188
177,178,179
186,187,188
183,184,185
183,184,185
186,187,188
189,190,191
183,184,185
189,190,191
180,181,182
165,166,167
180,181,182
192,193,194
165,166,167
192,193,194
186,187,188
186,187,188
192,193,194
195,196,197
186,187,188
195,196,197
189,190,191
189,190,191
195,196,197
198,199,200
189,190,191
198,199,200
180,181,182
195,196,197
192,193,194
201,202,203
195,196,197
201,202,203
198,199,200
198,199,200
201,202,203
204,205,206
198,199,200
204,205,206
180,181,182
201,202,203
192,193,194
207,208,209
201,202,203
207,208,209
204,205,206
204,205,206
207,208,209
210,211,212
204,205,206
210,211,212
180,181,182
207,208,209
192,193,194
213,214,215
207,208,209
213,214,215
210,211,212
213,214,215
192,193,194
216,217,218
213,214,215
216,217,218
210,211,212
216,217,218
192,193,194
102,103,104
216,217,218
102,103,104
105,106,107
216,217,218
105,106,107
210,211,212
105,106,107
84,85,86
210,211,212
210,211,212
84,85,86
180,181,182
102,103,104
192,193,194
72,73,74
192,193,194
180,181,182
72,73,74
180,181,182
84,85,86
72,73,74
