1156,1157,1158
1157,1158,1159
1158,1159,1160
1159,1160,1161
1160,1161,1162
1161,1162,1163
1162,1163,1164
1163,1164,1165
1164,1165,1166
1167,1168,1169
1168,1169,1170
1169,1170,1171
1172,1173,1174
1173,1174,1175
1174,1175,1176
1175,1176,1177
1635,1636,1637
1636,1637,1638
1637,1638,1639
1638,1639,1640
1639,1640,1641
1640,1641,1642
1641,1642,1643
1642,1643,1644
1643,1644,1645
1644,1645,1646
1645,1646,1647
1646,1647,1648
1647,1648,1649
1648,1649,1650
1649,1650,1651
1650,1651,1652
1651,1652,1653
1652,1653,1654
1655,1656,1657
1656,1657,1658
1657,1658,1659
1658,1659,1660
1176,1177,1178
1177,1178,1179
1178,1179,1180
1179,1180,1181
1180,1181,1182
1181,1182,1183
1182,1183,1184
1183,1184,1185
1184,1185,1186
1185,1186,1187
1186,1187,1188
1187,1188,1189
1188,1189,1190
1189,1190,1191
1190,1191,1192
1191,1192,1193
1192,1193,1194
1195,1196,1197
1196,1197,1198
1197,1198,1199
1198,1199,1200
1199,1200,1201
1200,1201,1202
1201,1202,1203
1202,1203,1204
1203,1204,1205
1204,1205,1206
1205,1206,1207
1206,1207,1208
1207,1208,1209
1208,1209,1210
1209,1210,1211
1210,1211,1212
1211,1212,1213
1212,1213,1214
1213,1214,1215
1214,1215,1216
1217,1218,1219
1218,1219,1220
1219,1220,1221
1220,1221,1222
1221,1222,1223
1222,1223,1224
1223,1224,1225
1224,1225,1226
1225,1226,1227
1226,1227,1228
1227,1228,1229
1228,1229,1230
1229,1230,1231
1230,1231,1232
1231,1232,1233
1232,1233,1234
1233,1234,1235
1234,1235,1236
1235,1236,1237
1236,1237,1238
1237,1238,1239
1238,1239,1240
1239,1240,1241
1240,1241,1242
1241,1242,1243
1242,1243,1244
1243,1244,1245
1244,1245,1246
1245,1246,1247
1246,1247,1248
1247,1248,1249
1248,1249,1250
1249,1250,1251
1250,1251,1252
1251,1252,1253
1252,1253,1254
1253,1254,1255
1254,1255,1256
1255,1256,1257
1256,1257,1258
1257,1258,1259
1258,1259,1260
1259,1260,1261
1260,1261,1262
1261,1262,1263
1262,1263,1264
1263,1264,1265
1264,1265,1266
1265,1266,1267
1266,1267,1268
1267,1268,1269
1268,1269,1270
1269,1270,1271
1270,1271,1272
1271,1272,1273
1272,1273,1274
1273,1274,1275
1274,1275,1276
1275,1276,1277
1276,1277,1278
1277,1278,1279
1661,1662,1663
1662,1663,1664
1663,1664,1665
1664,1665,1666
1665,1666,1667
1666,1667,1668
1667,1668,1669
1668,1669,1670
1669,1670,1671
1670,1671,1672
1671,1672,1673
1672,1673,1674
1673,1674,1675
1674,1675,1676
1675,1676,1677
1676,1677,1678
1677,1678,1679
1678,1679,1680
1679,1680,1681
1680,1681,1682
1681,1682,1683
1682,1683,1684
1683,1684,1685
1684,1685,1686
1685,1686,1687
1686,1687,1688
1687,1688,1689
1688,1689,1690
1689,1690,1691
1690,1691,1692
1691,1692,1693
1692,1693,1694
1693,1694,1695
1694,1695,1696
1695,1696,1697
1696,1697,1698
1697,1698,1699
1698,1699,1700
1699,1700,1701
1700,1701,1702
1701,1702,1703
1702,1703,1704
1703,1704,1705
1704,1705,1706
1705,1706,1707
1706,1707,1708
1707,1708,1709
1708,1709,1710
1709,1710,1711
1710,1711,1712
1711,1712,1713
1712,1713,1714
1713,1714,1715
1714,1715,1716
1715,1716,1717
1716,1717,1718
1717,1718,1719
1718,1719,1720
1719,1720,1721
1720,1721,1722
1721,1722,1723
1722,1723,1724
1723,1724,1725
1724,1725,1726
1725,1726,1727
1726,1727,1728
1727,1728,1729
