0,1,2
3,4,5
6,7,8
3,4,5
0,1,2
9,10,11
3,4,5
9,10,11
12,13,14
3,4,5
12,13,14
6,7,8
12,13,14
9,10,11
15,16,17
12,13,14
15,16,17
18,19,20
12,13,14
18,19,20
6,7,8
15,16,17
9,10,11
21,22,23
15,16,17
21,22,23
24,25,26
15,16,17
24,25,26
18,19,20
21,22,23
9,10,11
27,28,29
21,22,23
27,28,29
30,31,32
21,22,23
30,31,32
24,25,26
27,28,29
9,10,11
33,34,35
27,28,29
33,34,35
30,31,32
33,34,35
9,10,11
36,37,38
33,34,35
36,37,38
39,40,41
33,34,35
39,40,41
30,31,32
36,37,38
9,10,11
42,43,44
36,37,38
42,43,44
39,40,41
42,43,44
9,10,11
45,46,47
42,43,44
45,46,47
48,49,50
42,43,44
48,49,50
39,40,41
45,46,47
9,10,11
51,52,53
45,46,47
51,52,53
54,55,56
45,46,47
54,55,56
48,49,50
51,52,53
9,10,11
57,58,59
51,52,53
57,58,59
60,61,62
51,52,53
60,61,62
54,55,56
57,58,59
9,10,11
63,64,65
57,58,59
63,64,65
60,61,62
63,64,65
9,10,11
66,67,68
63,64,65
66,67,68
69,70,71
63,64,65
69,70,71
60,61,62
66,67,68
9,10,11
72,73,74
66,67,68
72,73,74
69,70,71
72,73,74
9,10,11
75,76,77
72,73,74
75,76,77
78,79,80
72,73,74
78,79,80
69,70,71
75,76,77
9,10,11
81,82,83
75,76,77
81,82,83
84,85,86
75,76,77
84,85,86
78,79,80
9,10,11
0,1,2
87,88,89
9,10,11
87,88,89
81,82,83
87,88,89
0,1,2
90,91,92
87,88,89
90,91,92
81,82,83
81,82,83
90,91,92
84,85,86
0,1,2
6,7,8
90,91,92
90,91,92
6,7,8
93,94,95
90,91,92
93,94,95
96,97,98
90,91,92
96,97,98
84,85,86
84,85,86
96,97,98
99,100,101
84,85,86
99,100,101
78,79,80
78,79,80
99,100,101
102,103,104
78,79,80
102,103,104
69,70,71
69,70,71
102,103,104
105,106,107
69,70,71
105,106,107
60,61,62
60,61,62
105,106,107
108,109,110
60,61,62
108,109,110
54,55,56
54,55,56
108,109,110
111,112,113
54,55,56
111,112,113
48,49,50
48,49,50
111,112,113
114,115,116
48,49,50
114,115,116
39,40,41
39,40,41
114,115,116
117,118,119
39,40,41
117,118,119
30,31,32
30,31,32
117,118,119
120,121,122
30,31,32
120,121,122
24,25,26
24,25,26
120,121,122
123,124,125
24,25,26
123,124,125
18,19,20
18,19,20
123,124,125
126,127,128
18,19,20
126,127,128
6,7,8
6,7,8
126,127,128
93,94,95
123,124,125
120,121,122
129,130,131
123,124,125
129,130,131
126,127,128
120,121,122
117,118,119
132,133,134
120,121,122
132,133,134
129,130,131
117,118,119
114,115,116
135,136,137
117,118,119
135,136,137
132,133,134
114,115,116
111,112,113
138,139,140
114,115,116
138,139,140
135,136,137
111,112,113
108,109,110
141,142,143
111,112,113
141,142,143
138,139,140
108,109,110
105,106,107
144,145,146
108,109,110
144,145,146
141,142,143
105,106,107
102,103,104
147,148,149
105,106,107
147,148,149
144,145,146
102,103,104
99,100,101
150,151,152
102,103,104
150,151,152
147,148,149
99,100,101
96,97,98
153,154,155
99,100,101
153,154,155
150,151,152
96,97,98
93,94,95
156,157,158
96,97,98
156,157,158
153,154,155
93,94,95
126,127,128
159,160,161
93,94,95
159,160,161
156,157,158
126,127,128
129,130,131
162,163,164
126,127,128
162,163,164
159,160,161
129,130,131
132,133,134
165,166,167
129,130,131
165,166,167
162,163,164
132,133,134
135,136,137
168,169,170
132,133,134
168,169,170
165,166,167
165,166,167
168,169,170
171,172,173
165,166,167
171,172,173
162,163,164
135,136,137
138,139,140
174,175,176
135,136,137
174,175,176
168,169,170
168,169,170
174,175,176
177,178,179
168,169,170
177,178,179
171,172,173
138,139,140
141,142,143
180,181,182
138,139,140
180,181,182
174,175,176
141,142,143
144,145,146
183,184,185
141,142,143
183,184,185
180,181,182
144,145,146
147,148,149
186,187,188
144,145,146
186,187,188
183,184,185
147,148,149
150,151,152
189,190,191
147,148,149
189,190,191
186,187,188
189,190,191
150,151,152
192,193,194
189,190,191
192,193,194
195,196,197
189,190,191
195,196,197
186,187,188
186,187,188
195,196,197
198,199,200
186,187,188
198,199,200
183,184,185
183,184,185
198,199,200
201,202,203
183,184,185
201,202,203
180,181,182
180,181,182
201,202,203
204,205,206
180,181,182
204,205,206
174,175,176
174,175,176
204,205,206
207,208,209
174,175,176
207,208,209
177,178,179
177,178,179
207,208,209
210,211,212
177,178,179
210,211,212
171,172,173
171,172,173
210,211,212
213,214,215
171,172,173
213,214,215
162,163,164
162,163,164
213,214,215
216,217,218
162,163,164
216,217,218
159,160,161
213,214,215
210,211,212
219,220,221
213,214,215
219,220,221
216,217,218
210,211,212
207,208,209
222,223,224
210,211,212
222,223,224
219,220,221
207,208,209
204,205,206
225,226,227
207,208,209
225,226,227
222,223,224
204,205,206
201,202,203
228,229,230
204,205,206
228,229,230
225,226,227
201,202,203
198,199,200
231,232,233
201,202,203
231,232,233
228,229,230
198,199,200
195,196,197
234,235,236
198,199,200
234,235,236
231,232,233
195,196,197
192,193,194
237,238,239
195,196,197
237,238,239
234,235,236
159,160,161
216,217,218
240,241,242
159,160,161
240,241,242
156,157,158
156,157,158
240,241,242
243,244,245
156,157,158
243,244,245
153,154,155
153,154,155
243,244,245
246,247,248
153,154,155
246,247,248
150,151,152
150,151,152
246,247,248
192,193,194
192,193,194
246,247,248
249,250,251
192,193,194
249,250,251
237,238,239
246,247,248
243,244,245
252,253,254
246,247,248
252,253,254
249,250,251
243,244,245
240,241,242
255,256,257
243,244,245
255,256,257
252,253,254
240,241,242
216,217,218
258,259,260
240,241,242
258,259,260
255,256,257
216,217,218
219,220,221
261,262,263
216,217,218
261,262,263
258,259,260
219,220,221
222,223,224
264,265,266
219,220,221
264,265,266
261,262,263
222,223,224
225,226,227
267,268,269
222,223,224
267,268,269
264,265,266
225,226,227
228,229,230
270,271,272
225,226,227
270,271,272
267,268,269
267,268,269
270,271,272
273,274,275
267,268,269
273,274,275
264,265,266
228,229,230
231,232,233
276,277,278
228,229,230
276,277,278
270,271,272
270,271,272
276,277,278
279,280,281
270,271,272
279,280,281
273,274,275
231,232,233
234,235,236
282,283,284
231,232,233
282,283,284
276,277,278
276,277,278
282,283,284
285,286,287
276,277,278
285,286,287
279,280,281
234,235,236
237,238,239
288,289,290
234,235,236
288,289,290
282,283,284
282,283,284
288,289,290
291,292,293
282,283,284
291,292,293
285,286,287
237,238,239
249,250,251
294,295,296
237,238,239
294,295,296
288,289,290
288,289,290
294,295,296
297,298,299
288,289,290
297,298,299
291,292,293
249,250,251
252,253,254
300,301,302
249,250,251
300,301,302
294,295,296
294,295,296
300,301,302
303,304,305
294,295,296
303,304,305
297,298,299
252,253,254
255,256,257
306,307,308
252,253,254
306,307,308
300,301,302
300,301,302
306,307,308
309,310,311
300,301,302
309,310,311
303,304,305
306,307,308
255,256,257
312,313,314
306,307,308
312,313,314
309,310,311
255,256,257
258,259,260
315,316,317
255,256,257
315,316,317
312,313,314
258,259,260
261,262,263
318,319,320
258,259,260
318,319,320
315,316,317
261,262,263
264,265,266
321,322,323
261,262,263
321,322,323
318,319,320
264,265,266
273,274,275
324,325,326
264,265,266
324,325,326
321,322,323
273,274,275
279,280,281
327,328,329
273,274,275
327,328,329
324,325,326
279,280,281
285,286,287
330,331,332
279,280,281
330,331,332
327,328,329
285,286,287
291,292,293
333,334,335
285,286,287
333,334,335
330,331,332
291,292,293
297,298,299
336,337,338
291,292,293
336,337,338
333,334,335
297,298,299
303,304,305
339,340,341
297,298,299
339,340,341
336,337,338
303,304,305
309,310,311
342,343,344
303,304,305
342,343,344
339,340,341
309,310,311
312,313,314
345,346,347
309,310,311
345,346,347
342,343,344
345,346,347
312,313,314
348,349,350
345,346,347
348,349,350
351,352,353
345,346,347
351,352,353
342,343,344
342,343,344
351,352,353
354,355,356
342,343,344
354,355,356
339,340,341
339,340,341
354,355,356
357,358,359
339,340,341
357,358,359
336,337,338
336,337,338
357,358,359
360,361,362
336,337,338
360,361,362
333,334,335
333,334,335
360,361,362
363,364,365
333,334,335
363,364,365
330,331,332
330,331,332
363,364,365
366,367,368
330,331,332
366,367,368
327,328,329
327,328,329
366,367,368
369,370,371
327,328,329
369,370,371
324,325,326
324,325,326
369,370,371
372,373,374
324,325,326
372,373,374
321,322,323
321,322,323
372,373,374
375,376,377
321,322,323
375,376,377
318,319,320
318,319,320
375,376,377
378,379,380
318,319,320
378,379,380
315,316,317
315,316,317
378,379,380
381,382,383
315,316,317
381,382,383
312,313,314
312,313,314
381,382,383
348,349,350
381,382,383
378,379,380
384,385,386
381,382,383
384,385,386
387,388,389
381,382,383
387,388,389
348,349,350
378,379,380
375,376,377
390,391,392
378,379,380
390,391,392
384,385,386
375,376,377
372,373,374
393,394,395
375,376,377
393,394,395
390,391,392
372,373,374
369,370,371
396,397,398
372,373,374
396,397,398
393,394,395
369,370,371
366,367,368
399,400,401
369,370,371
399,400,401
396,397,398
366,367,368
363,364,365
402,403,404
366,367,368
402,403,404
399,400,401
363,364,365
360,361,362
405,406,407
363,364,365
405,406,407
402,403,404
360,361,362
357,358,359
408,409,410
360,361,362
408,409,410
405,406,407
357,358,359
354,355,356
411,412,413
357,358,359
411,412,413
408,409,410
354,355,356
351,352,353
414,415,416
354,355,356
414,415,416
411,412,413
351,352,353
348,349,350
417,418,419
351,352,353
417,418,419
414,415,416
348,349,350
387,388,389
417,418,419
417,418,419
387,388,389
420,421,422
417,418,419
420,421,422
423,424,425
417,418,419
423,424,425
414,415,416
414,415,416
423,424,425
426,427,428
414,415,416
426,427,428
411,412,413
411,412,413
426,427,428
429,430,431
411,412,413
429,430,431
408,409,410
408,409,410
429,430,431
432,433,434
408,409,410
432,433,434
405,406,407
405,406,407
432,433,434
435,436,437
405,406,407
435,436,437
402,403,404
402,403,404
435,436,437
438,439,440
402,403,404
438,439,440
399,400,401
399,400,401
438,439,440
441,442,443
399,400,401
441,442,443
396,397,398
396,397,398
441,442,443
444,445,446
396,397,398
444,445,446
393,394,395
393,394,395
444,445,446
447,448,449
393,394,395
447,448,449
390,391,392
390,391,392
447,448,449
450,451,452
390,391,392
450,451,452
384,385,386
387,388,389
384,385,386
453,454,455
387,388,389
453,454,455
420,421,422
384,385,386
450,451,452
453,454,455
453,454,455
450,451,452
456,457,458
453,454,455
456,457,458
459,460,461
453,454,455
459,460,461
420,421,422
450,451,452
447,448,449
462,463,464
450,451,452
462,463,464
456,457,458
447,448,449
444,445,446
465,466,467
447,448,449
465,466,467
462,463,464
444,445,446
441,442,443
468,469,470
444,445,446
468,469,470
465,466,467
441,442,443
438,439,440
471,472,473
441,442,443
471,472,473
468,469,470
438,439,440
435,436,437
474,475,476
438,439,440
474,475,476
471,472,473
435,436,437
432,433,434
477,478,479
435,436,437
477,478,479
474,475,476
432,433,434
429,430,431
480,481,482
432,433,434
480,481,482
477,478,479
429,430,431
426,427,428
483,484,485
429,430,431
483,484,485
480,481,482
426,427,428
423,424,425
486,487,488
426,427,428
486,487,488
483,484,485
423,424,425
420,421,422
489,490,491
423,424,425
489,490,491
486,487,488
420,421,422
459,460,461
489,490,491
489,490,491
459,460,461
492,493,494
489,490,491
492,493,494
495,496,497
489,490,491
495,496,497
486,487,488
486,487,488
495,496,497
498,499,500
486,487,488
498,499,500
483,484,485
483,484,485
498,499,500
501,502,503
483,484,485
501,502,503
480,481,482
480,481,482
501,502,503
504,505,506
480,481,482
504,505,506
477,478,479
477,478,479
504,505,506
507,508,509
477,478,479
507,508,509
474,475,476
474,475,476
507,508,509
510,511,512
474,475,476
510,511,512
471,472,473
471,472,473
510,511,512
513,514,515
471,472,473
513,514,515
468,469,470
468,469,470
513,514,515
516,517,518
468,469,470
516,517,518
465,466,467
465,466,467
516,517,518
519,520,521
465,466,467
519,520,521
462,463,464
462,463,464
519,520,521
522,523,524
462,463,464
522,523,524
456,457,458
459,460,461
456,457,458
525,526,527
459,460,461
525,526,527
492,493,494
456,457,458
522,523,524
525,526,527
525,526,527
522,523,524
528,529,530
525,526,527
528,529,530
531,532,533
525,526,527
531,532,533
492,493,494
522,523,524
519,520,521
534,535,536
522,523,524
534,535,536
528,529,530
519,520,521
516,517,518
537,538,539
519,520,521
537,538,539
534,535,536
516,517,518
513,514,515
540,541,542
516,517,518
540,541,542
537,538,539
513,514,515
510,511,512
543,544,545
513,514,515
543,544,545
540,541,542
510,511,512
507,508,509
546,547,548
510,511,512
546,547,548
543,544,545
507,508,509
504,505,506
549,550,551
507,508,509
549,550,551
546,547,548
504,505,506
501,502,503
552,553,554
504,505,506
552,553,554
549,550,551
549,550,551
552,553,554
555,556,557
549,550,551
555,556,557
546,547,548
501,502,503
498,499,500
558,559,560
501,502,503
558,559,560
552,553,554
552,553,554
558,559,560
561,562,563
552,553,554
561,562,563
555,556,557
498,499,500
495,496,497
564,565,566
498,499,500
564,565,566
558,559,560
558,559,560
564,565,566
567,568,569
558,559,560
567,568,569
561,562,563
495,496,497
492,493,494
570,571,572
495,496,497
570,571,572
564,565,566
492,493,494
531,532,533
570,571,572
564,565,566
570,571,572
573,574,575
564,565,566
573,574,575
567,568,569
570,571,572
531,532,533
576,577,578
570,571,572
576,577,578
573,574,575
531,532,533
528,529,530
579,580,581
531,532,533
579,580,581
576,577,578
528,529,530
534,535,536
582,583,584
528,529,530
582,583,584
579,580,581
534,535,536
537,538,539
585,586,587
534,535,536
585,586,587
582,583,584
537,538,539
540,541,542
588,589,590
537,538,539
588,589,590
585,586,587
540,541,542
543,544,545
591,592,593
540,541,542
591,592,593
588,589,590
543,544,545
546,547,548
594,595,596
543,544,545
594,595,596
591,592,593
546,547,548
555,556,557
597,598,599
546,547,548
597,598,599
594,595,596
555,556,557
561,562,563
600,601,602
555,556,557
600,601,602
597,598,599
561,562,563
567,568,569
603,604,605
561,562,563
603,604,605
600,601,602
600,601,602
603,604,605
606,607,608
600,601,602
606,607,608
597,598,599
567,568,569
573,574,575
609,610,611
567,568,569
609,610,611
603,604,605
603,604,605
609,610,611
612,613,614
603,604,605
612,613,614
606,607,608
573,574,575
576,577,578
615,616,617
573,574,575
615,616,617
609,610,611
609,610,611
615,616,617
618,619,620
609,610,611
618,619,620
612,613,614
576,577,578
579,580,581
621,622,623
576,577,578
621,622,623
615,616,617
615,616,617
621,622,623
624,625,626
615,616,617
624,625,626
618,619,620
579,580,581
582,583,584
627,628,629
579,580,581
627,628,629
621,622,623
621,622,623
627,628,629
630,631,632
621,622,623
630,631,632
624,625,626
582,583,584
585,586,587
633,634,635
582,583,584
633,634,635
627,628,629
627,628,629
633,634,635
636,637,638
627,628,629
636,637,638
630,631,632
585,586,587
588,589,590
639,640,641
585,586,587
639,640,641
633,634,635
633,634,635
639,640,641
642,643,644
633,634,635
642,643,644
636,637,638
588,589,590
591,592,593
645,646,647
588,589,590
645,646,647
639,640,641
639,640,641
645,646,647
648,649,650
639,640,641
648,649,650
642,643,644
645,646,647
591,592,593
651,652,653
645,646,647
651,652,653
648,649,650
591,592,593
594,595,596
654,655,656
591,592,593
654,655,656
651,652,653
594,595,596
597,598,599
657,658,659
594,595,596
657,658,659
654,655,656
597,598,599
606,607,608
660,661,662
597,598,599
660,661,662
657,658,659
606,607,608
612,613,614
663,664,665
606,607,608
663,664,665
660,661,662
612,613,614
618,619,620
666,667,668
612,613,614
666,667,668
663,664,665
618,619,620
624,625,626
669,670,671
618,619,620
669,670,671
666,667,668
666,667,668
669,670,671
672,673,674
666,667,668
672,673,674
663,664,665
624,625,626
630,631,632
675,676,677
624,625,626
675,676,677
669,670,671
669,670,671
675,676,677
678,679,680
669,670,671
678,679,680
672,673,674
630,631,632
636,637,638
681,682,683
630,631,632
681,682,683
675,676,677
675,676,677
681,682,683
684,685,686
675,676,677
684,685,686
678,679,680
636,637,638
642,643,644
687,688,689
636,637,638
687,688,689
681,682,683
681,682,683
687,688,689
690,691,692
681,682,683
690,691,692
684,685,686
642,643,644
648,649,650
693,694,695
642,643,644
693,694,695
687,688,689
687,688,689
693,694,695
696,697,698
687,688,689
696,697,698
690,691,692
648,649,650
651,652,653
699,700,701
648,649,650
699,700,701
693,694,695
693,694,695
699,700,701
702,703,704
693,694,695
702,703,704
696,697,698
651,652,653
654,655,656
705,706,707
651,652,653
705,706,707
699,700,701
699,700,701
705,706,707
708,709,710
699,700,701
708,709,710
702,703,704
705,706,707
654,655,656
711,712,713
705,706,707
711,712,713
708,709,710
654,655,656
657,658,659
714,715,716
654,655,656
714,715,716
711,712,713
657,658,659
660,661,662
717,718,719
657,658,659
717,718,719
714,715,716
660,661,662
663,664,665
720,721,722
660,661,662
720,721,722
717,718,719
663,664,665
672,673,674
723,724,725
663,664,665
723,724,725
720,721,722
672,673,674
678,679,680
726,727,728
672,673,674
726,727,728
723,724,725
678,679,680
684,685,686
729,730,731
678,679,680
729,730,731
726,727,728
726,727,728
729,730,731
732,733,734
726,727,728
732,733,734
723,724,725
684,685,686
690,691,692
735,736,737
684,685,686
735,736,737
729,730,731
729,730,731
735,736,737
738,739,740
729,730,731
738,739,740
732,733,734
690,691,692
696,697,698
741,742,743
690,691,692
741,742,743
735,736,737
735,736,737
741,742,743
744,745,746
735,736,737
744,745,746
738,739,740
696,697,698
702,703,704
747,748,749
696,697,698
747,748,749
741,742,743
741,742,743
747,748,749
750,751,752
741,742,743
750,751,752
744,745,746
702,703,704
708,709,710
753,754,755
702,703,704
753,754,755
747,748,749
747,748,749
753,754,755
756,757,758
747,748,749
756,757,758
750,751,752
708,709,710
711,712,713
759,760,761
708,709,710
759,760,761
753,754,755
753,754,755
759,760,761
762,763,764
753,754,755
762,763,764
756,757,758
759,760,761
711,712,713
765,766,767
759,760,761
765,766,767
762,763,764
711,712,713
714,715,716
768,769,770
711,712,713
768,769,770
765,766,767
714,715,716
717,718,719
771,772,773
714,715,716
771,772,773
768,769,770
717,718,719
720,721,722
774,775,776
717,718,719
774,775,776
771,772,773
720,721,722
723,724,725
777,778,779
720,721,722
777,778,779
774,775,776
723,724,725
732,733,734
780,781,782
723,724,725
780,781,782
777,778,779
732,733,734
738,739,740
783,784,785
732,733,734
783,784,785
780,781,782
738,739,740
744,745,746
786,787,788
738,739,740
786,787,788
783,784,785
744,745,746
750,751,752
789,790,791
744,745,746
789,790,791
786,787,788
750,751,752
756,757,758
792,793,794
750,751,752
792,793,794
789,790,791
756,757,758
762,763,764
795,796,797
756,757,758
795,796,797
792,793,794
762,763,764
765,766,767
798,799,800
762,763,764
798,799,800
795,796,797
765,766,767
768,769,770
801,802,803
765,766,767
801,802,803
798,799,800
801,802,803
768,769,770
804,805,806
801,802,803
804,805,806
807,808,809
801,802,803
807,808,809
798,799,800
798,799,800
807,808,809
810,811,812
798,799,800
810,811,812
795,796,797
795,796,797
810,811,812
813,814,815
795,796,797
813,814,815
792,793,794
792,793,794
813,814,815
816,817,818
792,793,794
816,817,818
789,790,791
789,790,791
816,817,818
819,820,821
789,790,791
819,820,821
786,787,788
786,787,788
819,820,821
822,823,824
786,787,788
822,823,824
783,784,785
783,784,785
822,823,824
825,826,827
783,784,785
825,826,827
780,781,782
780,781,782
825,826,827
828,829,830
780,781,782
828,829,830
777,778,779
777,778,779
828,829,830
831,832,833
777,778,779
831,832,833
774,775,776
774,775,776
831,832,833
834,835,836
774,775,776
834,835,836
771,772,773
771,772,773
834,835,836
837,838,839
771,772,773
837,838,839
768,769,770
768,769,770
837,838,839
804,805,806
837,838,839
834,835,836
840,841,842
837,838,839
840,841,842
804,805,806
834,835,836
831,832,833
843,844,845
834,835,836
843,844,845
840,841,842
831,832,833
828,829,830
846,847,848
831,832,833
846,847,848
843,844,845
828,829,830
825,826,827
849,850,851
828,829,830
849,850,851
846,847,848
825,826,827
822,823,824
852,853,854
825,826,827
852,853,854
849,850,851
852,853,854
822,823,824
855,856,857
852,853,854
855,856,857
858,859,860
852,853,854
858,859,860
849,850,851
849,850,851
858,859,860
861,862,863
849,850,851
861,862,863
846,847,848
846,847,848
861,862,863
864,865,866
846,847,848
864,865,866
843,844,845
843,844,845
864,865,866
867,868,869
843,844,845
867,868,869
840,841,842
840,841,842
867,868,869
870,871,872
840,841,842
870,871,872
804,805,806
822,823,824
819,820,821
873,874,875
822,823,824
873,874,875
855,856,857
819,820,821
816,817,818
876,877,878
819,820,821
876,877,878
873,874,875
816,817,818
813,814,815
879,880,881
816,817,818
879,880,881
876,877,878
813,814,815
810,811,812
882,883,884
813,814,815
882,883,884
879,880,881
810,811,812
807,808,809
885,886,887
810,811,812
885,886,887
882,883,884
807,808,809
804,805,806
888,889,890
807,808,809
888,889,890
885,886,887
804,805,806
870,871,872
888,889,890
888,889,890
870,871,872
891,892,893
888,889,890
891,892,893
894,895,896
888,889,890
894,895,896
885,886,887
885,886,887
894,895,896
897,898,899
885,886,887
897,898,899
882,883,884
882,883,884
897,898,899
900,901,902
882,883,884
900,901,902
879,880,881
879,880,881
900,901,902
903,904,905
879,880,881
903,904,905
876,877,878
876,877,878
903,904,905
906,907,908
876,877,878
906,907,908
873,874,875
873,874,875
906,907,908
909,910,911
873,874,875
909,910,911
855,856,857
870,871,872
867,868,869
912,913,914
870,871,872
912,913,914
891,892,893
891,892,893
912,913,914
915,916,917
891,892,893
915,916,917
894,895,896
867,868,869
864,865,866
918,919,920
867,868,869
918,919,920
912,913,914
912,913,914
918,919,920
921,922,923
912,913,914
921,922,923
915,916,917
864,865,866
861,862,863
924,925,926
864,865,866
924,925,926
918,919,920
918,919,920
924,925,926
927,928,929
918,919,920
927,928,929
921,922,923
861,862,863
858,859,860
930,931,932
861,862,863
930,931,932
924,925,926
924,925,926
930,931,932
933,934,935
924,925,926
933,934,935
927,928,929
858,859,860
855,856,857
936,937,938
858,859,860
936,937,938
930,931,932
855,856,857
909,910,911
936,937,938
930,931,932
936,937,938
939,940,941
930,931,932
939,940,941
933,934,935
936,937,938
909,910,911
942,943,944
936,937,938
942,943,944
939,940,941
909,910,911
906,907,908
945,946,947
909,910,911
945,946,947
942,943,944
906,907,908
903,904,905
948,949,950
906,907,908
948,949,950
945,946,947
903,904,905
900,901,902
951,952,953
903,904,905
951,952,953
948,949,950
900,901,902
897,898,899
954,955,956
900,901,902
954,955,956
951,952,953
897,898,899
894,895,896
957,958,959
897,898,899
957,958,959
954,955,956
894,895,896
915,916,917
960,961,962
894,895,896
960,961,962
957,958,959
915,916,917
921,922,923
963,964,965
915,916,917
963,964,965
960,961,962
921,922,923
927,928,929
966,967,968
921,922,923
966,967,968
963,964,965
927,928,929
933,934,935
969,970,971
927,928,929
969,970,971
966,967,968
933,934,935
939,940,941
972,973,974
933,934,935
972,973,974
969,970,971
939,940,941
942,943,944
975,976,977
939,940,941
975,976,977
972,973,974
942,943,944
945,946,947
978,979,980
942,943,944
978,979,980
975,976,977
945,946,947
948,949,950
981,982,983
945,946,947
981,982,983
978,979,980
948,949,950
951,952,953
984,985,986
948,949,950
984,985,986
981,982,983
951,952,953
954,955,956
987,988,989
951,952,953
987,988,989
984,985,986
987,988,989
954,955,956
990,991,992
987,988,989
990,991,992
993,994,995
987,988,989
993,994,995
984,985,986
984,985,986
993,994,995
996,997,998
984,985,986
996,997,998
981,982,983
981,982,983
996,997,998
999,1000,1001
981,982,983
999,1000,1001
978,979,980
978,979,980
999,1000,1001
1002,1003,1004
978,979,980
1002,1003,1004
975,976,977
975,976,977
1002,1003,1004
1005,1006,1007
975,976,977
1005,1006,1007
972,973,974
972,973,974
1005,1006,1007
1008,1009,1010
972,973,974
1008,1009,1010
969,970,971
969,970,971
1008,1009,1010
1011,1012,1013
969,970,971
1011,1012,1013
966,967,968
966,967,968
1011,1012,1013
1014,1015,1016
966,967,968
1014,1015,1016
963,964,965
963,964,965
1014,1015,1016
1017,1018,1019
963,964,965
1017,1018,1019
960,961,962
1014,1015,1016
1011,1012,1013
1020,1021,1022
1014,1015,1016
1020,1021,1022
1017,1018,1019
1011,1012,1013
1008,1009,1010
1023,1024,1025
1011,1012,1013
1023,1024,1025
1020,1021,1022
1008,1009,1010
1005,1006,1007
1026,1027,1028
1008,1009,1010
1026,1027,1028
1023,1024,1025
1005,1006,1007
1002,1003,1004
1029,1030,1031
1005,1006,1007
1029,1030,1031
1026,1027,1028
1002,1003,1004
999,1000,1001
1032,1033,1034
1002,1003,1004
1032,1033,1034
1029,1030,1031
999,1000,1001
996,997,998
1035,1036,1037
999,1000,1001
1035,1036,1037
1032,1033,1034
996,997,998
993,994,995
1038,1039,1040
996,997,998
1038,1039,1040
1035,1036,1037
993,994,995
990,991,992
1041,1042,1043
993,994,995
1041,1042,1043
1038,1039,1040
960,961,962
1017,1018,1019
1044,1045,1046
960,961,962
1044,1045,1046
957,958,959
957,958,959
1044,1045,1046
1047,1048,1049
957,958,959
1047,1048,1049
954,955,956
954,955,956
1047,1048,1049
990,991,992
990,991,992
1047,1048,1049
1050,1051,1052
990,991,992
1050,1051,1052
1041,1042,1043
1047,1048,1049
1044,1045,1046
1053,1054,1055
1047,1048,1049
1053,1054,1055
1050,1051,1052
1044,1045,1046
1017,1018,1019
1056,1057,1058
1044,1045,1046
1056,1057,1058
1053,1054,1055
1017,1018,1019
1020,1021,1022
1059,1060,1061
1017,1018,1019
1059,1060,1061
1056,1057,1058
1020,1021,1022
1023,1024,1025
1062,1063,1064
1020,1021,1022
1062,1063,1064
1059,1060,1061
1023,1024,1025
1026,1027,1028
1065,1066,1067
1023,1024,1025
1065,1066,1067
1062,1063,1064
1026,1027,1028
1029,1030,1031
1068,1069,1070
1026,1027,1028
1068,1069,1070
1065,1066,1067
1029,1030,1031
1032,1033,1034
1071,1072,1073
1029,1030,1031
1071,1072,1073
1068,1069,1070
1032,1033,1034
1035,1036,1037
1074,1075,1076
1032,1033,1034
1074,1075,1076
1071,1072,1073
1035,1036,1037
1038,1039,1040
1077,1078,1079
1035,1036,1037
1077,1078,1079
1074,1075,1076
1038,1039,1040
1041,1042,1043
1080,1081,1082
1038,1039,1040
1080,1081,1082
1077,1078,1079
1041,1042,1043
1050,1051,1052
1083,1084,1085
1041,1042,1043
1083,1084,1085
1080,1081,1082
1050,1051,1052
1053,1054,1055
1086,1087,1088
1050,1051,1052
1086,1087,1088
1083,1084,1085
1086,1087,1088
1053,1054,1055
1089,1090,1091
1086,1087,1088
1089,1090,1091
1092,1093,1094
1086,1087,1088
1092,1093,1094
1083,1084,1085
1083,1084,1085
1092,1093,1094
1095,1096,1097
1083,1084,1085
1095,1096,1097
1080,1081,1082
1080,1081,1082
1095,1096,1097
1098,1099,1100
1080,1081,1082
1098,1099,1100
1077,1078,1079
1077,1078,1079
1098,1099,1100
1101,1102,1103
1077,1078,1079
1101,1102,1103
1074,1075,1076
1074,1075,1076
1101,1102,1103
1104,1105,1106
1074,1075,1076
1104,1105,1106
1071,1072,1073
1071,1072,1073
1104,1105,1106
1107,1108,1109
1071,1072,1073
1107,1108,1109
1068,1069,1070
1068,1069,1070
1107,1108,1109
1110,1111,1112
1068,1069,1070
1110,1111,1112
1065,1066,1067
1065,1066,1067
1110,1111,1112
1113,1114,1115
1065,1066,1067
1113,1114,1115
1062,1063,1064
1062,1063,1064
1113,1114,1115
1116,1117,1118
1062,1063,1064
1116,1117,1118
1059,1060,1061
1059,1060,1061
1116,1117,1118
1119,1120,1121
1059,1060,1061
1119,1120,1121
1056,1057,1058
1056,1057,1058
1119,1120,1121
1122,1123,1124
1056,1057,1058
1122,1123,1124
1053,1054,1055
1053,1054,1055
1122,1123,1124
1089,1090,1091
1119,1120,1121
1116,1117,1118
1125,1126,1127
1119,1120,1121
1125,1126,1127
1128,1129,1130
1119,1120,1121
1128,1129,1130
1122,1123,1124
1116,1117,1118
1113,1114,1115
1131,1132,1133
1116,1117,1118
1131,1132,1133
1125,1126,1127
1125,1126,1127
1131,1132,1133
1134,1135,1136
1125,1126,1127
1134,1135,1136
1128,1129,1130
1131,1132,1133
1113,1114,1115
1137,1138,1139
1131,1132,1133
1137,1138,1139
1134,1135,1136
1137,1138,1139
1113,1114,1115
1140,1141,1142
1137,1138,1139
1140,1141,1142
1134,1135,1136
1113,1114,1115
1110,1111,1112
1140,1141,1142
1140,1141,1142
1110,1111,1112
1143,1144,1145
1140,1141,1142
1143,1144,1145
1134,1135,1136
1143,1144,1145
1110,1111,1112
1146,1147,1148
1143,1144,1145
1146,1147,1148
1134,1135,1136
1110,1111,1112
1107,1108,1109
1146,1147,1148
1146,1147,1148
1107,1108,1109
1149,1150,1151
1146,1147,1148
1149,1150,1151
1134,1135,1136
1107,1108,1109
1104,1105,1106
1149,1150,1151
1149,1150,1151
1104,1105,1106
1152,1153,1154
1149,1150,1151
1152,1153,1154
1134,1135,1136
1104,1105,1106
1101,1102,1103
1152,1153,1154
1152,1153,1154
1101,1102,1103
1155,1156,1157
1152,1153,1154
1155,1156,1157
1134,1135,1136
1155,1156,1157
1101,1102,1103
1158,1159,1160
1155,1156,1157
1158,1159,1160
1134,1135,1136
1101,1102,1103
1098,1099,1100
1158,1159,1160
1158,1159,1160
1098,1099,1100
1161,1162,1163
1158,1159,1160
1161,1162,1163
1134,1135,1136
1161,1162,1163
1098,1099,1100
1164,1165,1166
1161,1162,1163
1164,1165,1166
1134,1135,1136
1098,1099,1100
1095,1096,1097
1164,1165,1166
1164,1165,1166
1095,1096,1097
1167,1168,1169
1164,1165,1166
1167,1168,1169
1134,1135,1136
1095,1096,1097
1092,1093,1094
1167,1168,1169
1167,1168,1169
1092,1093,1094
1170,1171,1172
1167,1168,1169
1170,1171,1172
1134,1135,1136
1092,1093,1094
1089,1090,1091
1170,1171,1172
1170,1171,1172
1089,1090,1091
1173,1174,1175
1170,1171,1172
1173,1174,1175
1134,1135,1136
1173,1174,1175
1089,1090,1091
1176,1177,1178
1173,1174,1175
1176,1177,1178
1134,1135,1136
1089,1090,1091
1122,1123,1124
1176,1177,1178
1176,1177,1178
1122,1123,1124
1179,1180,1181
1176,1177,1178
1179,1180,1181
1134,1135,1136
1134,1135,1136
1179,1180,1181
1128,1129,1130
1179,1180,1181
1122,1123,1124
1128,1129,1130
1182,1183,1184
1185,1186,1187
1188,1189,1190
1185,1186,1187
1182,1183,1184
1191,1192,1193
1185,1186,1187
1191,1192,1193
1194,1195,1196
1185,1186,1187
1194,1195,1196
1197,1198,1199
1185,1186,1187
1197,1198,1199
1200,1201,1202
1185,1186,1187
1200,1201,1202
1188,1189,1190
1200,1201,1202
1197,1198,1199
1203,1204,1205
1200,1201,1202
1203,1204,1205
1206,1207,1208
1200,1201,1202
1206,1207,1208
1209,1210,1211
1200,1201,1202
1209,1210,1211
1188,1189,1190
1206,1207,1208
1203,1204,1205
1212,1213,1214
1206,1207,1208
1212,1213,1214
1215,1216,1217
1206,1207,1208
1215,1216,1217
1209,1210,1211
1203,1204,1205
1197,1198,1199
1218,1219,1220
1203,1204,1205
1218,1219,1220
1212,1213,1214
1218,1219,1220
1197,1198,1199
1221,1222,1223
1218,1219,1220
1221,1222,1223
1212,1213,1214
1197,1198,1199
1194,1195,1196
1224,1225,1226
1197,1198,1199
1224,1225,1226
1221,1222,1223
1221,1222,1223
1224,1225,1226
1227,1228,1229
1221,1222,1223
1227,1228,1229
1212,1213,1214
1227,1228,1229
1224,1225,1226
1230,1231,1232
1227,1228,1229
1230,1231,1232
1212,1213,1214
1230,1231,1232
1224,1225,1226
1233,1234,1235
1230,1231,1232
1233,1234,1235
1236,1237,1238
1230,1231,1232
1236,1237,1238
1212,1213,1214
1224,1225,1226
1194,1195,1196
1239,1240,1241
1224,1225,1226
1239,1240,1241
1233,1234,1235
1194,1195,1196
1191,1192,1193
1242,1243,1244
1194,1195,1196
1242,1243,1244
1239,1240,1241
1239,1240,1241
1242,1243,1244
1245,1246,1247
1239,1240,1241
1245,1246,1247
1248,1249,1250
1239,1240,1241
1248,1249,1250
1233,1234,1235
1233,1234,1235
1248,1249,1250
1251,1252,1253
1233,1234,1235
1251,1252,1253
1236,1237,1238
1236,1237,1238
1251,1252,1253
1254,1255,1256
1236,1237,1238
1254,1255,1256
1212,1213,1214
1254,1255,1256
1251,1252,1253
1257,1258,1259
1254,1255,1256
1257,1258,1259
1260,1261,1262
1254,1255,1256
1260,1261,1262
1212,1213,1214
1260,1261,1262
1257,1258,1259
1263,1264,1265
1260,1261,1262
1263,1264,1265
1212,1213,1214
1251,1252,1253
1248,1249,1250
1266,1267,1268
1251,1252,1253
1266,1267,1268
1257,1258,1259
1248,1249,1250
1245,1246,1247
1269,1270,1271
1248,1249,1250
1269,1270,1271
1266,1267,1268
1266,1267,1268
1269,1270,1271
1272,1273,1274
1266,1267,1268
1272,1273,1274
1275,1276,1277
1266,1267,1268
1275,1276,1277
1257,1258,1259
1257,1258,1259
1275,1276,1277
1278,1279,1280
1257,1258,1259
1278,1279,1280
1263,1264,1265
1263,1264,1265
1278,1279,1280
1281,1282,1283
1263,1264,1265
1281,1282,1283
1212,1213,1214
1281,1282,1283
1278,1279,1280
1284,1285,1286
1281,1282,1283
1284,1285,1286
1212,1213,1214
1284,1285,1286
1278,1279,1280
1287,1288,1289
1284,1285,1286
1287,1288,1289
1290,1291,1292
1284,1285,1286
1290,1291,1292
1212,1213,1214
1278,1279,1280
1275,1276,1277
1293,1294,1295
1278,1279,1280
1293,1294,1295
1287,1288,1289
1290,1291,1292
1287,1288,1289
1296,1297,1298
1290,1291,1292
1296,1297,1298
1299,1300,1301
1290,1291,1292
1299,1300,1301
1212,1213,1214
1287,1288,1289
1293,1294,1295
1302,1303,1304
1287,1288,1289
1302,1303,1304
1296,1297,1298
1299,1300,1301
1296,1297,1298
1305,1306,1307
1299,1300,1301
1305,1306,1307
1308,1309,1310
1299,1300,1301
1308,1309,1310
1212,1213,1214
1308,1309,1310
1305,1306,1307
1311,1312,1313
1308,1309,1310
1311,1312,1313
1212,1213,1214
1296,1297,1298
1302,1303,1304
1314,1315,1316
1296,1297,1298
1314,1315,1316
1305,1306,1307
1212,1213,1214
1311,1312,1313
1317,1318,1319
1212,1213,1214
1317,1318,1319
1215,1216,1217
1317,1318,1319
1311,1312,1313
1320,1321,1322
1317,1318,1319
1320,1321,1322
1215,1216,1217
1311,1312,1313
1305,1306,1307
1320,1321,1322
1215,1216,1217
1320,1321,1322
1209,1210,1211
1305,1306,1307
1314,1315,1316
1323,1324,1325
1305,1306,1307
1323,1324,1325
1320,1321,1322
1320,1321,1322
1323,1324,1325
1326,1327,1328
1320,1321,1322
1326,1327,1328
1209,1210,1211
1209,1210,1211
1326,1327,1328
1188,1189,1190
1326,1327,1328
1323,1324,1325
1329,1330,1331
1326,1327,1328
1329,1330,1331
1188,1189,1190
1323,1324,1325
1314,1315,1316
1332,1333,1334
1323,1324,1325
1332,1333,1334
1329,1330,1331
1314,1315,1316
1302,1303,1304
1335,1336,1337
1314,1315,1316
1335,1336,1337
1332,1333,1334
1302,1303,1304
1293,1294,1295
1338,1339,1340
1302,1303,1304
1338,1339,1340
1335,1336,1337
1293,1294,1295
1275,1276,1277
1341,1342,1343
1293,1294,1295
1341,1342,1343
1338,1339,1340
1275,1276,1277
1272,1273,1274
1344,1345,1346
1275,1276,1277
1344,1345,1346
1341,1342,1343
1341,1342,1343
1344,1345,1346
1347,1348,1349
1341,1342,1343
1347,1348,1349
1338,1339,1340
1338,1339,1340
1347,1348,1349
1350,1351,1352
1338,1339,1340
1350,1351,1352
1335,1336,1337
1335,1336,1337
1350,1351,1352
1353,1354,1355
1335,1336,1337
1353,1354,1355
1332,1333,1334
1332,1333,1334
1353,1354,1355
1356,1357,1358
1332,1333,1334
1356,1357,1358
1329,1330,1331
1329,1330,1331
1356,1357,1358
1359,1360,1361
1329,1330,1331
1359,1360,1361
1188,1189,1190
1188,1189,1190
1359,1360,1361
1182,1183,1184
1359,1360,1361
1356,1357,1358
1362,1363,1364
1359,1360,1361
1362,1363,1364
1365,1366,1367
1359,1360,1361
1365,1366,1367
1182,1183,1184
1356,1357,1358
1353,1354,1355
1368,1369,1370
1356,1357,1358
1368,1369,1370
1362,1363,1364
1353,1354,1355
1350,1351,1352
1371,1372,1373
1353,1354,1355
1371,1372,1373
1368,1369,1370
1368,1369,1370
1371,1372,1373
1374,1375,1376
1368,1369,1370
1374,1375,1376
1362,1363,1364
1362,1363,1364
1374,1375,1376
1377,1378,1379
1362,1363,1364
1377,1378,1379
1365,1366,1367
1350,1351,1352
1347,1348,1349
1380,1381,1382
1350,1351,1352
1380,1381,1382
1371,1372,1373
1371,1372,1373
1380,1381,1382
1383,1384,1385
1371,1372,1373
1383,1384,1385
1374,1375,1376
1374,1375,1376
1383,1384,1385
1386,1387,1388
1374,1375,1376
1386,1387,1388
1377,1378,1379
1347,1348,1349
1344,1345,1346
1389,1390,1391
1347,1348,1349
1389,1390,1391
1380,1381,1382
1380,1381,1382
1389,1390,1391
1392,1393,1394
1380,1381,1382
1392,1393,1394
1383,1384,1385
1383,1384,1385
1392,1393,1394
1395,1396,1397
1383,1384,1385
1395,1396,1397
1386,1387,1388
1344,1345,1346
1272,1273,1274
1398,1399,1400
1344,1345,1346
1398,1399,1400
1389,1390,1391
1389,1390,1391
1398,1399,1400
1401,1402,1403
1389,1390,1391
1401,1402,1403
1392,1393,1394
1392,1393,1394
1401,1402,1403
1404,1405,1406
1392,1393,1394
1404,1405,1406
1395,1396,1397
1272,1273,1274
1269,1270,1271
1407,1408,1409
1272,1273,1274
1407,1408,1409
1398,1399,1400
1398,1399,1400
1407,1408,1409
1410,1411,1412
1398,1399,1400
1410,1411,1412
1401,1402,1403
1401,1402,1403
1410,1411,1412
1413,1414,1415
1401,1402,1403
1413,1414,1415
1404,1405,1406
1410,1411,1412
1407,1408,1409
1416,1417,1418
1410,1411,1412
1416,1417,1418
1413,1414,1415
1269,1270,1271
1245,1246,1247
1419,1420,1421
1269,1270,1271
1419,1420,1421
1407,1408,1409
1407,1408,1409
1419,1420,1421
1422,1423,1424
1407,1408,1409
1422,1423,1424
1416,1417,1418
1245,1246,1247
1242,1243,1244
1425,1426,1427
1245,1246,1247
1425,1426,1427
1419,1420,1421
1419,1420,1421
1425,1426,1427
1428,1429,1430
1419,1420,1421
1428,1429,1430
1422,1423,1424
1242,1243,1244
1191,1192,1193
1431,1432,1433
1242,1243,1244
1431,1432,1433
1425,1426,1427
1425,1426,1427
1431,1432,1433
1434,1435,1436
1425,1426,1427
1434,1435,1436
1428,1429,1430
1191,1192,1193
1182,1183,1184
1437,1438,1439
1191,1192,1193
1437,1438,1439
1431,1432,1433
1182,1183,1184
1365,1366,1367
1437,1438,1439
1431,1432,1433
1437,1438,1439
1440,1441,1442
1431,1432,1433
1440,1441,1442
1434,1435,1436
1437,1438,1439
1365,1366,1367
1443,1444,1445
1437,1438,1439
1443,1444,1445
1440,1441,1442
1365,1366,1367
1377,1378,1379
1446,1447,1448
1365,1366,1367
1446,1447,1448
1443,1444,1445
1377,1378,1379
1386,1387,1388
1449,1450,1451
1377,1378,1379
1449,1450,1451
1446,1447,1448
1386,1387,1388
1395,1396,1397
1452,1453,1454
1386,1387,1388
1452,1453,1454
1449,1450,1451
1395,1396,1397
1404,1405,1406
1455,1456,1457
1395,1396,1397
1455,1456,1457
1452,1453,1454
1404,1405,1406
1413,1414,1415
1458,1459,1460
1404,1405,1406
1458,1459,1460
1455,1456,1457
1413,1414,1415
1416,1417,1418
1461,1462,1463
1413,1414,1415
1461,1462,1463
1458,1459,1460
1416,1417,1418
1422,1423,1424
1464,1465,1466
1416,1417,1418
1464,1465,1466
1461,1462,1463
1422,1423,1424
1428,1429,1430
1467,1468,1469
1422,1423,1424
1467,1468,1469
1464,1465,1466
1467,1468,1469
1428,1429,1430
1470,1471,1472
1467,1468,1469
1470,1471,1472
1473,1474,1475
1467,1468,1469
1473,1474,1475
1464,1465,1466
1464,1465,1466
1473,1474,1475
1476,1477,1478
1464,1465,1466
1476,1477,1478
1461,1462,1463
1461,1462,1463
1476,1477,1478
1479,1480,1481
1461,1462,1463
1479,1480,1481
1458,1459,1460
1458,1459,1460
1479,1480,1481
1482,1483,1484
1458,1459,1460
1482,1483,1484
1455,1456,1457
1455,1456,1457
1482,1483,1484
1485,1486,1487
1455,1456,1457
1485,1486,1487
1452,1453,1454
1452,1453,1454
1485,1486,1487
1488,1489,1490
1452,1453,1454
1488,1489,1490
1449,1450,1451
1449,1450,1451
1488,1489,1490
1491,1492,1493
1449,1450,1451
1491,1492,1493
1446,1447,1448
1446,1447,1448
1491,1492,1493
1494,1495,1496
1446,1447,1448
1494,1495,1496
1443,1444,1445
1443,1444,1445
1494,1495,1496
1497,1498,1499
1443,1444,1445
1497,1498,1499
1440,1441,1442
1440,1441,1442
1497,1498,1499
1500,1501,1502
1440,1441,1442
1500,1501,1502
1434,1435,1436
1434,1435,1436
1500,1501,1502
1503,1504,1505
1434,1435,1436
1503,1504,1505
1428,1429,1430
1428,1429,1430
1503,1504,1505
1470,1471,1472
1503,1504,1505
1500,1501,1502
1506,1507,1508
1503,1504,1505
1506,1507,1508
1509,1510,1511
1503,1504,1505
1509,1510,1511
1470,1471,1472
1500,1501,1502
1497,1498,1499
1512,1513,1514
1500,1501,1502
1512,1513,1514
1506,1507,1508
1506,1507,1508
1512,1513,1514
1515,1516,1517
1506,1507,1508
1515,1516,1517
1509,1510,1511
1497,1498,1499
1494,1495,1496
1518,1519,1520
1497,1498,1499
1518,1519,1520
1512,1513,1514
1512,1513,1514
1518,1519,1520
1521,1522,1523
1512,1513,1514
1521,1522,1523
1515,1516,1517
1494,1495,1496
1491,1492,1493
1524,1525,1526
1494,1495,1496
1524,1525,1526
1518,1519,1520
1518,1519,1520
1524,1525,1526
1527,1528,1529
1518,1519,1520
1527,1528,1529
1521,1522,1523
1491,1492,1493
1488,1489,1490
1530,1531,1532
1491,1492,1493
1530,1531,1532
1524,1525,1526
1524,1525,1526
1530,1531,1532
1533,1534,1535
1524,1525,1526
1533,1534,1535
1527,1528,1529
1488,1489,1490
1485,1486,1487
1536,1537,1538
1488,1489,1490
1536,1537,1538
1530,1531,1532
1530,1531,1532
1536,1537,1538
1539,1540,1541
1530,1531,1532
1539,1540,1541
1533,1534,1535
1485,1486,1487
1482,1483,1484
1542,1543,1544
1485,1486,1487
1542,1543,1544
1536,1537,1538
1482,1483,1484
1479,1480,1481
1545,1546,1547
1482,1483,1484
1545,1546,1547
1542,1543,1544
1479,1480,1481
1476,1477,1478
1548,1549,1550
1479,1480,1481
1548,1549,1550
1545,1546,1547
1476,1477,1478
1473,1474,1475
1551,1552,1553
1476,1477,1478
1551,1552,1553
1548,1549,1550
1473,1474,1475
1470,1471,1472
1554,1555,1556
1473,1474,1475
1554,1555,1556
1551,1552,1553
1470,1471,1472
1509,1510,1511
1554,1555,1556
1554,1555,1556
1509,1510,1511
1557,1558,1559
1554,1555,1556
1557,1558,1559
1560,1561,1562
1554,1555,1556
1560,1561,1562
1551,1552,1553
1551,1552,1553
1560,1561,1562
1563,1564,1565
1551,1552,1553
1563,1564,1565
1548,1549,1550
1548,1549,1550
1563,1564,1565
1566,1567,1568
1548,1549,1550
1566,1567,1568
1545,1546,1547
1545,1546,1547
1566,1567,1568
1569,1570,1571
1545,1546,1547
1569,1570,1571
1542,1543,1544
1542,1543,1544
1569,1570,1571
1572,1573,1574
1542,1543,1544
1572,1573,1574
1536,1537,1538
1536,1537,1538
1572,1573,1574
1575,1576,1577
1536,1537,1538
1575,1576,1577
1539,1540,1541
1539,1540,1541
1575,1576,1577
1578,1579,1580
1539,1540,1541
1578,1579,1580
1533,1534,1535
1533,1534,1535
1578,1579,1580
1581,1582,1583
1533,1534,1535
1581,1582,1583
1527,1528,1529
1527,1528,1529
1581,1582,1583
1584,1585,1586
1527,1528,1529
1584,1585,1586
1521,1522,1523
1521,1522,1523
1584,1585,1586
1587,1588,1589
1521,1522,1523
1587,1588,1589
1515,1516,1517
1515,1516,1517
1587,1588,1589
1590,1591,1592
1515,1516,1517
1590,1591,1592
1509,1510,1511
1509,1510,1511
1590,1591,1592
1557,1558,1559
1587,1588,1589
1584,1585,1586
1593,1594,1595
1587,1588,1589
1593,1594,1595
1590,1591,1592
1584,1585,1586
1581,1582,1583
1596,1597,1598
1584,1585,1586
1596,1597,1598
1593,1594,1595
1581,1582,1583
1578,1579,1580
1599,1600,1601
1581,1582,1583
1599,1600,1601
1596,1597,1598
1578,1579,1580
1575,1576,1577
1602,1603,1604
1578,1579,1580
1602,1603,1604
1599,1600,1601
1575,1576,1577
1572,1573,1574
1605,1606,1607
1575,1576,1577
1605,1606,1607
1602,1603,1604
1605,1606,1607
1572,1573,1574
1608,1609,1610
1605,1606,1607
1608,1609,1610
1611,1612,1613
1605,1606,1607
1611,1612,1613
1602,1603,1604
1602,1603,1604
1611,1612,1613
1614,1615,1616
1602,1603,1604
1614,1615,1616
1599,1600,1601
1599,1600,1601
1614,1615,1616
1617,1618,1619
1599,1600,1601
1617,1618,1619
1596,1597,1598
1596,1597,1598
1617,1618,1619
1620,1621,1622
1596,1597,1598
1620,1621,1622
1593,1594,1595
1593,1594,1595
1620,1621,1622
1623,1624,1625
1593,1594,1595
1623,1624,1625
1590,1591,1592
1590,1591,1592
1623,1624,1625
1626,1627,1628
1590,1591,1592
1626,1627,1628
1557,1558,1559
1572,1573,1574
1569,1570,1571
1629,1630,1631
1572,1573,1574
1629,1630,1631
1608,1609,1610
1569,1570,1571
1566,1567,1568
1632,1633,1634
1569,1570,1571
1632,1633,1634
1629,1630,1631
1566,1567,1568
1563,1564,1565
1635,1636,1637
1566,1567,1568
1635,1636,1637
1632,1633,1634
1563,1564,1565
1560,1561,1562
1638,1639,1640
1563,1564,1565
1638,1639,1640
1635,1636,1637
1560,1561,1562
1557,1558,1559
1641,1642,1643
1560,1561,1562
1641,1642,1643
1638,1639,1640
1557,1558,1559
1626,1627,1628
1641,1642,1643
1641,1642,1643
1626,1627,1628
1644,1645,1646
1641,1642,1643
1644,1645,1646
1647,1648,1649
1641,1642,1643
1647,1648,1649
1638,1639,1640
1638,1639,1640
1647,1648,1649
1650,1651,1652
1638,1639,1640
1650,1651,1652
1635,1636,1637
1635,1636,1637
1650,1651,1652
1653,1654,1655
1635,1636,1637
1653,1654,1655
1632,1633,1634
1632,1633,1634
1653,1654,1655
1656,1657,1658
1632,1633,1634
1656,1657,1658
1629,1630,1631
1629,1630,1631
1656,1657,1658
1659,1660,1661
1629,1630,1631
1659,1660,1661
1608,1609,1610
1626,1627,1628
1623,1624,1625
1662,1663,1664
1626,1627,1628
1662,1663,1664
1644,1645,1646
1623,1624,1625
1620,1621,1622
1665,1666,1667
1623,1624,1625
1665,1666,1667
1662,1663,1664
1620,1621,1622
1617,1618,1619
1668,1669,1670
1620,1621,1622
1668,1669,1670
1665,1666,1667
1617,1618,1619
1614,1615,1616
1671,1672,1673
1617,1618,1619
1671,1672,1673
1668,1669,1670
1668,1669,1670
1671,1672,1673
1674,1675,1676
1668,1669,1670
1674,1675,1676
1665,1666,1667
1614,1615,1616
1611,1612,1613
1677,1678,1679
1614,1615,1616
1677,1678,1679
1671,1672,1673
1671,1672,1673
1677,1678,1679
1680,1681,1682
1671,1672,1673
1680,1681,1682
1674,1675,1676
1611,1612,1613
1608,1609,1610
1683,1684,1685
1611,1612,1613
1683,1684,1685
1677,1678,1679
1608,1609,1610
1659,1660,1661
1683,1684,1685
1677,1678,1679
1683,1684,1685
1686,1687,1688
1677,1678,1679
1686,1687,1688
1680,1681,1682
1683,1684,1685
1659,1660,1661
1689,1690,1691
1683,1684,1685
1689,1690,1691
1686,1687,1688
1659,1660,1661
1656,1657,1658
1692,1693,1694
1659,1660,1661
1692,1693,1694
1689,1690,1691
1692,1693,1694
1656,1657,1658
1695,1696,1697
1692,1693,1694
1695,1696,1697
1698,1699,1700
1692,1693,1694
1698,1699,1700
1689,1690,1691
1689,1690,1691
1698,1699,1700
1701,1702,1703
1689,1690,1691
1701,1702,1703
1686,1687,1688
1686,1687,1688
1701,1702,1703
1704,1705,1706
1686,1687,1688
1704,1705,1706
1680,1681,1682
1680,1681,1682
1704,1705,1706
1707,1708,1709
1680,1681,1682
1707,1708,1709
1674,1675,1676
1674,1675,1676
1707,1708,1709
1710,1711,1712
1674,1675,1676
1710,1711,1712
1665,1666,1667
1665,1666,1667
1710,1711,1712
1713,1714,1715
1665,1666,1667
1713,1714,1715
1662,1663,1664
1662,1663,1664
1713,1714,1715
1716,1717,1718
1662,1663,1664
1716,1717,1718
1644,1645,1646
1656,1657,1658
1653,1654,1655
1719,1720,1721
1656,1657,1658
1719,1720,1721
1695,1696,1697
1653,1654,1655
1650,1651,1652
1722,1723,1724
1653,1654,1655
1722,1723,1724
1719,1720,1721
1650,1651,1652
1647,1648,1649
1725,1726,1727
1650,1651,1652
1725,1726,1727
1722,1723,1724
1647,1648,1649
1644,1645,1646
1728,1729,1730
1647,1648,1649
1728,1729,1730
1725,1726,1727
1644,1645,1646
1716,1717,1718
1728,1729,1730
1728,1729,1730
1716,1717,1718
1731,1732,1733
1728,1729,1730
1731,1732,1733
1734,1735,1736
1728,1729,1730
1734,1735,1736
1725,1726,1727
1725,1726,1727
1734,1735,1736
1737,1738,1739
1725,1726,1727
1737,1738,1739
1722,1723,1724
1722,1723,1724
1737,1738,1739
1740,1741,1742
1722,1723,1724
1740,1741,1742
1719,1720,1721
1719,1720,1721
1740,1741,1742
1743,1744,1745
1719,1720,1721
1743,1744,1745
1695,1696,1697
1716,1717,1718
1713,1714,1715
1746,1747,1748
1716,1717,1718
1746,1747,1748
1731,1732,1733
1713,1714,1715
1710,1711,1712
1749,1750,1751
1713,1714,1715
1749,1750,1751
1746,1747,1748
1710,1711,1712
1707,1708,1709
1752,1753,1754
1710,1711,1712
1752,1753,1754
1749,1750,1751
1707,1708,1709
1704,1705,1706
1755,1756,1757
1707,1708,1709
1755,1756,1757
1752,1753,1754
1704,1705,1706
1701,1702,1703
1758,1759,1760
1704,1705,1706
1758,1759,1760
1755,1756,1757
1701,1702,1703
1698,1699,1700
1761,1762,1763
1701,1702,1703
1761,1762,1763
1758,1759,1760
1698,1699,1700
1695,1696,1697
1764,1765,1766
1698,1699,1700
1764,1765,1766
1761,1762,1763
1695,1696,1697
1743,1744,1745
1764,1765,1766
1764,1765,1766
1743,1744,1745
1767,1768,1769
1764,1765,1766
1767,1768,1769
1770,1771,1772
1764,1765,1766
1770,1771,1772
1761,1762,1763
1761,1762,1763
1770,1771,1772
1773,1774,1775
1761,1762,1763
1773,1774,1775
1758,1759,1760
1758,1759,1760
1773,1774,1775
1776,1777,1778
1758,1759,1760
1776,1777,1778
1755,1756,1757
1755,1756,1757
1776,1777,1778
1779,1780,1781
1755,1756,1757
1779,1780,1781
1752,1753,1754
1752,1753,1754
1779,1780,1781
1782,1783,1784
1752,1753,1754
1782,1783,1784
1749,1750,1751
1749,1750,1751
1782,1783,1784
1785,1786,1787
1749,1750,1751
1785,1786,1787
1746,1747,1748
1746,1747,1748
1785,1786,1787
1788,1789,1790
1746,1747,1748
1788,1789,1790
1731,1732,1733
1743,1744,1745
1740,1741,1742
1791,1792,1793
1743,1744,1745
1791,1792,1793
1767,1768,1769
1740,1741,1742
1737,1738,1739
1794,1795,1796
1740,1741,1742
1794,1795,1796
1791,1792,1793
1737,1738,1739
1734,1735,1736
1797,1798,1799
1737,1738,1739
1797,1798,1799
1794,1795,1796
1734,1735,1736
1731,1732,1733
1800,1801,1802
1734,1735,1736
1800,1801,1802
1797,1798,1799
1731,1732,1733
1788,1789,1790
1800,1801,1802
1800,1801,1802
1788,1789,1790
1803,1804,1805
1800,1801,1802
1803,1804,1805
1806,1807,1808
1800,1801,1802
1806,1807,1808
1797,1798,1799
1797,1798,1799
1806,1807,1808
1809,1810,1811
1797,1798,1799
1809,1810,1811
1794,1795,1796
1794,1795,1796
1809,1810,1811
1812,1813,1814
1794,1795,1796
1812,1813,1814
1791,1792,1793
1791,1792,1793
1812,1813,1814
1815,1816,1817
1791,1792,1793
1815,1816,1817
1767,1768,1769
1788,1789,1790
1785,1786,1787
1818,1819,1820
1788,1789,1790
1818,1819,1820
1803,1804,1805
1785,1786,1787
1782,1783,1784
1821,1822,1823
1785,1786,1787
1821,1822,1823
1818,1819,1820
1782,1783,1784
1779,1780,1781
1824,1825,1826
1782,1783,1784
1824,1825,1826
1821,1822,1823
1779,1780,1781
1776,1777,1778
1827,1828,1829
1779,1780,1781
1827,1828,1829
1824,1825,1826
1776,1777,1778
1773,1774,1775
1830,1831,1832
1776,1777,1778
1830,1831,1832
1827,1828,1829
1773,1774,1775
1770,1771,1772
1833,1834,1835
1773,1774,1775
1833,1834,1835
1830,1831,1832
1830,1831,1832
1833,1834,1835
1836,1837,1838
1830,1831,1832
1836,1837,1838
1827,1828,1829
1770,1771,1772
1767,1768,1769
1839,1840,1841
1770,1771,1772
1839,1840,1841
1833,1834,1835
1767,1768,1769
1815,1816,1817
1839,1840,1841
1833,1834,1835
1839,1840,1841
1842,1843,1844
1833,1834,1835
1842,1843,1844
1836,1837,1838
1839,1840,1841
1815,1816,1817
1845,1846,1847
1839,1840,1841
1845,1846,1847
1842,1843,1844
1815,1816,1817
1812,1813,1814
1848,1849,1850
1815,1816,1817
1848,1849,1850
1845,1846,1847
1812,1813,1814
1809,1810,1811
1851,1852,1853
1812,1813,1814
1851,1852,1853
1848,1849,1850
1851,1852,1853
1809,1810,1811
1854,1855,1856
1851,1852,1853
1854,1855,1856
1857,1858,1859
1851,1852,1853
1857,1858,1859
1848,1849,1850
1848,1849,1850
1857,1858,1859
1860,1861,1862
1848,1849,1850
1860,1861,1862
1845,1846,1847
1845,1846,1847
1860,1861,1862
1863,1864,1865
1845,1846,1847
1863,1864,1865
1842,1843,1844
1842,1843,1844
1863,1864,1865
1866,1867,1868
1842,1843,1844
1866,1867,1868
1836,1837,1838
1836,1837,1838
1866,1867,1868
1869,1870,1871
1836,1837,1838
1869,1870,1871
1827,1828,1829
1827,1828,1829
1869,1870,1871
1872,1873,1874
1827,1828,1829
1872,1873,1874
1824,1825,1826
1824,1825,1826
1872,1873,1874
1875,1876,1877
1824,1825,1826
1875,1876,1877
1821,1822,1823
1821,1822,1823
1875,1876,1877
1878,1879,1880
1821,1822,1823
1878,1879,1880
1818,1819,1820
1818,1819,1820
1878,1879,1880
1881,1882,1883
1818,1819,1820
1881,1882,1883
1803,1804,1805
1809,1810,1811
1806,1807,1808
1884,1885,1886
1809,1810,1811
1884,1885,1886
1854,1855,1856
1806,1807,1808
1803,1804,1805
1887,1888,1889
1806,1807,1808
1887,1888,1889
1884,1885,1886
1803,1804,1805
1881,1882,1883
1887,1888,1889
1887,1888,1889
1881,1882,1883
1890,1891,1892
1887,1888,1889
1890,1891,1892
1893,1894,1895
1887,1888,1889
1893,1894,1895
1884,1885,1886
1884,1885,1886
1893,1894,1895
1896,1897,1898
1884,1885,1886
1896,1897,1898
1854,1855,1856
1881,1882,1883
1878,1879,1880
1899,1900,1901
1881,1882,1883
1899,1900,1901
1890,1891,1892
1878,1879,1880
1875,1876,1877
1902,1903,1904
1878,1879,1880
1902,1903,1904
1899,1900,1901
1875,1876,1877
1872,1873,1874
1905,1906,1907
1875,1876,1877
1905,1906,1907
1902,1903,1904
1872,1873,1874
1869,1870,1871
1908,1909,1910
1872,1873,1874
1908,1909,1910
1905,1906,1907
1869,1870,1871
1866,1867,1868
1911,1912,1913
1869,1870,1871
1911,1912,1913
1908,1909,1910
1866,1867,1868
1863,1864,1865
1914,1915,1916
1866,1867,1868
1914,1915,1916
1911,1912,1913
1863,1864,1865
1860,1861,1862
1917,1918,1919
1863,1864,1865
1917,1918,1919
1914,1915,1916
1914,1915,1916
1917,1918,1919
1920,1921,1922
1914,1915,1916
1920,1921,1922
1911,1912,1913
1860,1861,1862
1857,1858,1859
1923,1924,1925
1860,1861,1862
1923,1924,1925
1917,1918,1919
1917,1918,1919
1923,1924,1925
1926,1927,1928
1917,1918,1919
1926,1927,1928
1920,1921,1922
1857,1858,1859
1854,1855,1856
1929,1930,1931
1857,1858,1859
1929,1930,1931
1923,1924,1925
1854,1855,1856
1896,1897,1898
1929,1930,1931
1923,1924,1925
1929,1930,1931
1932,1933,1934
1923,1924,1925
1932,1933,1934
1926,1927,1928
1929,1930,1931
1896,1897,1898
1935,1936,1937
1929,1930,1931
1935,1936,1937
1932,1933,1934
1896,1897,1898
1893,1894,1895
1938,1939,1940
1896,1897,1898
1938,1939,1940
1935,1936,1937
1938,1939,1940
1893,1894,1895
1941,1942,1943
1938,1939,1940
1941,1942,1943
1944,1945,1946
1938,1939,1940
1944,1945,1946
1935,1936,1937
1935,1936,1937
1944,1945,1946
1947,1948,1949
1935,1936,1937
1947,1948,1949
1932,1933,1934
1932,1933,1934
1947,1948,1949
1950,1951,1952
1932,1933,1934
1950,1951,1952
1926,1927,1928
1926,1927,1928
1950,1951,1952
1953,1954,1955
1926,1927,1928
1953,1954,1955
1920,1921,1922
1920,1921,1922
1953,1954,1955
1956,1957,1958
1920,1921,1922
1956,1957,1958
1911,1912,1913
1911,1912,1913
1956,1957,1958
1959,1960,1961
1911,1912,1913
1959,1960,1961
1908,1909,1910
1908,1909,1910
1959,1960,1961
1962,1963,1964
1908,1909,1910
1962,1963,1964
1905,1906,1907
1905,1906,1907
1962,1963,1964
1965,1966,1967
1905,1906,1907
1965,1966,1967
1902,1903,1904
1902,1903,1904
1965,1966,1967
1968,1969,1970
1902,1903,1904
1968,1969,1970
1899,1900,1901
1899,1900,1901
1968,1969,1970
1971,1972,1973
1899,1900,1901
1971,1972,1973
1890,1891,1892
1893,1894,1895
1890,1891,1892
1974,1975,1976
1893,1894,1895
1974,1975,1976
1941,1942,1943
1890,1891,1892
1971,1972,1973
1974,1975,1976
1974,1975,1976
1971,1972,1973
1977,1978,1979
1974,1975,1976
1977,1978,1979
1980,1981,1982
1974,1975,1976
1980,1981,1982
1941,1942,1943
1941,1942,1943
1980,1981,1982
1983,1984,1985
1941,1942,1943
1983,1984,1985
1944,1945,1946
1980,1981,1982
1977,1978,1979
1986,1987,1988
1980,1981,1982
1986,1987,1988
1983,1984,1985
1983,1984,1985
1986,1987,1988
1989,1990,1991
1983,1984,1985
1989,1990,1991
1944,1945,1946
1989,1990,1991
1986,1987,1988
1992,1993,1994
1989,1990,1991
1992,1993,1994
1944,1945,1946
1944,1945,1946
1992,1993,1994
1947,1948,1949
1992,1993,1994
1986,1987,1988
1995,1996,1997
1992,1993,1994
1995,1996,1997
1947,1948,1949
1995,1996,1997
1986,1987,1988
1998,1999,2000
1995,1996,1997
1998,1999,2000
1947,1948,1949
1947,1948,1949
1998,1999,2000
1950,1951,1952
1998,1999,2000
1986,1987,1988
2001,2002,2003
1998,1999,2000
2001,2002,2003
1950,1951,1952
1950,1951,1952
2001,2002,2003
1953,1954,1955
2001,2002,2003
1986,1987,1988
2004,2005,2006
2001,2002,2003
2004,2005,2006
1953,1954,1955
1953,1954,1955
2004,2005,2006
1956,1957,1958
2004,2005,2006
1986,1987,1988
2007,2008,2009
2004,2005,2006
2007,2008,2009
1956,1957,1958
2007,2008,2009
1986,1987,1988
2010,2011,2012
2007,2008,2009
2010,2011,2012
1956,1957,1958
1956,1957,1958
2010,2011,2012
1959,1960,1961
2010,2011,2012
1986,1987,1988
2013,2014,2015
2010,2011,2012
2013,2014,2015
1959,1960,1961
2013,2014,2015
1986,1987,1988
2016,2017,2018
2013,2014,2015
2016,2017,2018
1959,1960,1961
1959,1960,1961
2016,2017,2018
1962,1963,1964
2016,2017,2018
1986,1987,1988
2019,2020,2021
2016,2017,2018
2019,2020,2021
1962,1963,1964
1962,1963,1964
2019,2020,2021
1965,1966,1967
2019,2020,2021
1986,1987,1988
2022,2023,2024
2019,2020,2021
2022,2023,2024
1965,1966,1967
1965,1966,1967
2022,2023,2024
1968,1969,1970
2022,2023,2024
1986,1987,1988
2025,2026,2027
2022,2023,2024
2025,2026,2027
1968,1969,1970
2025,2026,2027
1986,1987,1988
2028,2029,2030
2025,2026,2027
2028,2029,2030
1968,1969,1970
1968,1969,1970
2028,2029,2030
1971,1972,1973
2028,2029,2030
1986,1987,1988
2031,2032,2033
2028,2029,2030
2031,2032,2033
1971,1972,1973
1986,1987,1988
1977,1978,1979
2031,2032,2033
2031,2032,2033
1977,1978,1979
1971,1972,1973
