0,1,2
3,4,5
6,7,8
3,4,5
0,1,2
9,10,11
3,4,5
33,34,35
6,7,8
33,34,35
30,31,32
36,37,38
33,34,35
36,37,38
6,7,8
30,31,32
27,28,29
39,40,41
30,31,32
39,40,41
36,37,38
36,37,38
39,40,41
42,43,44
36,37,38
42,43,44
6,7,8
6,7,8
42,43,44
0,1,2
39,40,41
27,28,29
45,46,47
39,40,41
45,46,47
42,43,44
27,28,29
24,25,26
45,46,47
45,46,47
24,25,26
48,49,50
45,46,47
48,49,50
42,43,44
24,25,26
21,22,23
48,49,50
48,49,50
21,22,23
51,52,53
48,49,50
51,52,53
42,43,44
21,22,23
18,19,20
51,52,53
51,52,53
18,19,20
54,55,56
51,52,53
54,55,56
42,43,44
18,19,20
15,16,17
54,55,56
54,55,56
15,16,17
57,58,59
54,55,56
57,58,59
42,43,44
15,16,17
12,13,14
57,58,59
12,13,14
9,10,11
57,58,59
57,58,59
9,10,11
60,61,62
57,58,59
60,61,62
42,43,44
42,43,44
60,61,62
0,1,2
60,61,62
9,10,11
0,1,2
63,64,65
66,67,68
69,70,71
63,64,65
90,91,92
66,67,68
90,91,92
87,88,89
93,94,95
90,91,92
93,94,95
66,67,68
69,70,71
66,67,68
96,97,98
69,70,71
96,97,98
72,73,74
87,88,89
84,85,86
99,100,101
87,88,89
99,100,101
102,103,104
87,88,89
102,103,104
93,94,95
102,103,104
99,100,101
105,106,107
102,103,104
105,106,107
93,94,95
99,100,101
84,85,86
108,109,110
99,100,101
108,109,110
111,112,113
99,100,101
111,112,113
105,106,107
84,85,86
81,82,83
114,115,116
84,85,86
114,115,116
108,109,110
108,109,110
114,115,116
117,118,119
108,109,110
117,118,119
111,112,113
114,115,116
81,82,83
120,121,122
114,115,116
120,121,122
123,124,125
114,115,116
123,124,125
117,118,119
81,82,83
78,79,80
126,127,128
81,82,83
126,127,128
120,121,122
120,121,122
126,127,128
129,130,131
120,121,122
129,130,131
123,124,125
78,79,80
75,76,77
132,133,134
78,79,80
132,133,134
126,127,128
126,127,128
132,133,134
135,136,137
126,127,128
135,136,137
129,130,131
132,133,134
75,76,77
138,139,140
132,133,134
138,139,140
141,142,143
132,133,134
141,142,143
135,136,137
75,76,77
72,73,74
144,145,146
75,76,77
144,145,146
138,139,140
138,139,140
144,145,146
147,148,149
138,139,140
147,148,149
141,142,143
72,73,74
96,97,98
150,151,152
72,73,74
150,151,152
144,145,146
144,145,146
150,151,152
153,154,155
144,145,146
153,154,155
147,148,149
147,148,149
153,154,155
156,157,158
147,148,149
156,157,158
159,160,161
147,148,149
159,160,161
141,142,143
141,142,143
159,160,161
162,163,164
141,142,143
162,163,164
135,136,137
135,136,137
162,163,164
165,166,167
135,136,137
165,166,167
129,130,131
129,130,131
165,166,167
168,169,170
129,130,131
168,169,170
123,124,125
123,124,125
168,169,170
171,172,173
123,124,125
171,172,173
117,118,119
117,118,119
171,172,173
174,175,176
117,118,119
174,175,176
111,112,113
171,172,173
168,169,170
177,178,179
171,172,173
177,178,179
174,175,176
111,112,113
174,175,176
180,181,182
111,112,113
180,181,182
105,106,107
105,106,107
180,181,182
183,184,185
105,106,107
183,184,185
93,94,95
168,169,170
165,166,167
186,187,188
168,169,170
186,187,188
189,190,191
168,169,170
189,190,191
177,178,179
189,190,191
186,187,188
192,193,194
189,190,191
192,193,194
177,178,179
186,187,188
165,166,167
195,196,197
186,187,188
195,196,197
192,193,194
165,166,167
162,163,164
195,196,197
195,196,197
162,163,164
198,199,200
195,196,197
198,199,200
201,202,203
195,196,197
201,202,203
192,193,194
198,199,200
162,163,164
204,205,206
198,199,200
204,205,206
201,202,203
162,163,164
159,160,161
204,205,206
204,205,206
159,160,161
207,208,209
204,205,206
207,208,209
201,202,203
159,160,161
156,157,158
207,208,209
207,208,209
156,157,158
210,211,212
207,208,209
210,211,212
201,202,203
201,202,203
210,211,212
213,214,215
225,226,227
222,223,224
228,229,230
228,229,230
222,223,224
231,232,233
222,223,224
219,220,221
231,232,233
192,193,194
234,235,236
177,178,179
210,211,212
156,157,158
237,238,239
210,211,212
237,238,239
213,214,215
213,214,215
237,238,239
240,241,242
213,214,215
240,241,242
216,217,218
237,238,239
156,157,158
243,244,245
237,238,239
243,244,245
240,241,242
156,157,158
153,154,155
243,244,245
177,178,179
234,235,236
246,247,248
177,178,179
246,247,248
174,175,176
246,247,248
234,235,236
249,250,251
246,247,248
249,250,251
174,175,176
249,250,251
234,235,236
252,253,254
249,250,251
252,253,254
174,175,176
234,235,236
231,232,233
252,253,254
174,175,176
252,253,254
180,181,182
252,253,254
231,232,233
255,256,257
252,253,254
255,256,257
180,181,182
153,154,155
150,151,152
258,259,260
153,154,155
258,259,260
243,244,245
243,244,245
258,259,260
261,262,263
243,244,245
261,262,263
240,241,242
240,241,242
261,262,263
264,265,266
240,241,242
264,265,266
216,217,218
264,265,266
261,262,263
267,268,269
264,265,266
267,268,269
216,217,218
261,262,263
258,259,260
270,271,272
261,262,263
270,271,272
273,274,275
261,262,263
273,274,275
267,268,269
273,274,275
270,271,272
276,277,278
273,274,275
276,277,278
279,280,281
273,274,275
279,280,281
267,268,269
276,277,278
270,271,272
282,283,284
276,277,278
282,283,284
285,286,287
276,277,278
285,286,287
279,280,281
270,271,272
258,259,260
288,289,290
270,271,272
288,289,290
282,283,284
282,283,284
288,289,290
291,292,293
282,283,284
291,292,293
285,286,287
288,289,290
258,259,260
294,295,296
288,289,290
294,295,296
291,292,293
258,259,260
150,151,152
294,295,296
294,295,296
150,151,152
297,298,299
294,295,296
297,298,299
291,292,293
150,151,152
96,97,98
297,298,299
297,298,299
96,97,98
300,301,302
297,298,299
300,301,302
291,292,293
291,292,293
300,301,302
285,286,287
96,97,98
66,67,68
300,301,302
300,301,302
66,67,68
303,304,305
300,301,302
303,304,305
285,286,287
279,280,281
285,286,287
306,307,308
279,280,281
306,307,308
309,310,311
279,280,281
309,310,311
267,268,269
267,268,269
309,310,311
312,313,314
267,268,269
312,313,314
216,217,218
309,310,311
306,307,308
315,316,317
309,310,311
315,316,317
312,313,314
306,307,308
285,286,287
318,319,320
306,307,308
318,319,320
321,322,323
306,307,308
321,322,323
315,316,317
285,286,287
303,304,305
324,325,326
285,286,287
324,325,326
318,319,320
324,325,326
303,304,305
327,328,329
324,325,326
327,328,329
330,331,332
324,325,326
330,331,332
318,319,320
303,304,305
66,67,68
333,334,335
303,304,305
333,334,335
327,328,329
327,328,329
333,334,335
336,337,338
327,328,329
336,337,338
330,331,332
66,67,68
93,94,95
339,340,341
66,67,68
339,340,341
333,334,335
339,340,341
93,94,95
342,343,344
339,340,341
342,343,344
345,346,347
339,340,341
345,346,347
333,334,335
333,334,335
345,346,347
348,349,350
333,334,335
348,349,350
336,337,338
336,337,338
348,349,350
351,352,353
336,337,338
351,352,353
330,331,332
330,331,332
351,352,353
354,355,356
330,331,332
354,355,356
318,319,320
351,352,353
348,349,350
357,358,359
351,352,353
357,358,359
354,355,356
354,355,356
357,358,359
360,361,362
354,355,356
360,361,362
318,319,320
348,349,350
345,346,347
363,364,365
348,349,350
363,364,365
357,358,359
357,358,359
363,364,365
366,367,368
357,358,359
366,367,368
360,361,362
360,361,362
366,367,368
369,370,371
360,361,362
369,370,371
318,319,320
93,94,95
183,184,185
372,373,374
93,94,95
372,373,374
342,343,344
372,373,374
183,184,185
375,376,377
372,373,374
375,376,377
342,343,344
345,346,347
342,343,344
378,379,380
345,346,347
378,379,380
381,382,383
345,346,347
381,382,383
363,364,365
342,343,344
375,376,377
384,385,386
342,343,344
384,385,386
378,379,380
378,379,380
384,385,386
387,388,389
378,379,380
387,388,389
381,382,383
381,382,383
387,388,389
390,391,392
381,382,383
390,391,392
393,394,395
381,382,383
393,394,395
363,364,365
363,364,365
393,394,395
396,397,398
363,364,365
396,397,398
366,367,368
396,397,398
393,394,395
399,400,401
396,397,398
399,400,401
402,403,404
396,397,398
402,403,404
366,367,368
366,367,368
402,403,404
405,406,407
366,367,368
405,406,407
369,370,371
405,406,407
402,403,404
408,409,410
405,406,407
408,409,410
411,412,413
405,406,407
411,412,413
369,370,371
402,403,404
399,400,401
414,415,416
402,403,404
414,415,416
408,409,410
408,409,410
414,415,416
417,418,419
408,409,410
417,418,419
411,412,413
414,415,416
399,400,401
420,421,422
414,415,416
420,421,422
417,418,419
399,400,401
393,394,395
420,421,422
393,394,395
390,391,392
423,424,425
393,394,395
423,424,425
426,427,428
393,394,395
426,427,428
420,421,422
426,427,428
423,424,425
429,430,431
426,427,428
429,430,431
432,433,434
426,427,428
432,433,434
420,421,422
423,424,425
390,391,392
435,436,437
423,424,425
435,436,437
429,430,431
435,436,437
390,391,392
438,439,440
435,436,437
438,439,440
441,442,443
435,436,437
441,442,443
429,430,431
429,430,431
441,442,443
444,445,446
429,430,431
444,445,446
432,433,434
441,442,443
438,439,440
447,448,449
441,442,443
447,448,449
444,445,446
432,433,434
444,445,446
450,451,452
432,433,434
450,451,452
420,421,422
444,445,446
447,448,449
453,454,455
444,445,446
453,454,455
450,451,452
420,421,422
450,451,452
456,457,458
420,421,422
456,457,458
417,418,419
390,391,392
387,388,389
459,460,461
390,391,392
459,460,461
438,439,440
459,460,461
387,388,389
462,463,464
459,460,461
462,463,464
438,439,440
387,388,389
384,385,386
462,463,464
438,439,440
462,463,464
465,466,467
438,439,440
465,466,467
447,448,449
465,466,467
462,463,464
447,448,449
462,463,464
384,385,386
468,469,470
462,463,464
468,469,470
447,448,449
447,448,449
468,469,470
453,454,455
453,454,455
468,469,470
471,472,473
453,454,455
471,472,473
474,475,476
453,454,455
474,475,476
450,451,452
471,472,473
468,469,470
477,478,479
471,472,473
477,478,479
474,475,476
468,469,470
384,385,386
480,481,482
468,469,470
480,481,482
477,478,479
477,478,479
480,481,482
483,484,485
477,478,479
483,484,485
474,475,476
450,451,452
474,475,476
486,487,488
450,451,452
486,487,488
456,457,458
384,385,386
375,376,377
489,490,491
384,385,386
489,490,491
480,481,482
489,490,491
375,376,377
492,493,494
489,490,491
492,493,494
495,496,497
489,490,491
495,496,497
480,481,482
480,481,482
495,496,497
498,499,500
480,481,482
498,499,500
483,484,485
495,496,497
492,493,494
501,502,503
495,496,497
501,502,503
498,499,500
492,493,494
375,376,377
504,505,506
492,493,494
504,505,506
501,502,503
375,376,377
183,184,185
504,505,506
504,505,506
183,184,185
507,508,509
504,505,506
507,508,509
501,502,503
507,508,509
183,184,185
510,511,512
507,508,509
510,511,512
501,502,503
501,502,503
510,511,512
513,514,515
501,502,503
513,514,515
498,499,500
483,484,485
498,499,500
516,517,518
483,484,485
516,517,518
474,475,476
498,499,500
513,514,515
519,520,521
498,499,500
519,520,521
516,517,518
474,475,476
516,517,518
522,523,524
474,475,476
522,523,524
486,487,488
486,487,488
522,523,524
525,526,527
486,487,488
525,526,527
528,529,530
486,487,488
528,529,530
456,457,458
456,457,458
528,529,530
531,532,533
456,457,458
531,532,533
417,418,419
417,418,419
531,532,533
534,535,536
417,418,419
534,535,536
411,412,413
534,535,536
531,532,533
537,538,539
534,535,536
537,538,539
411,412,413
531,532,533
528,529,530
540,541,542
531,532,533
540,541,542
537,538,539
528,529,530
525,526,527
543,544,545
528,529,530
543,544,545
540,541,542
540,541,542
543,544,545
546,547,548
540,541,542
546,547,548
537,538,539
543,544,545
525,526,527
549,550,551
543,544,545
549,550,551
546,547,548
525,526,527
522,523,524
549,550,551
522,523,524
516,517,518
552,553,554
522,523,524
552,553,554
549,550,551
552,553,554
516,517,518
555,556,557
552,553,554
555,556,557
558,559,560
552,553,554
558,559,560
549,550,551
549,550,551
558,559,560
561,562,563
549,550,551
561,562,563
546,547,548
558,559,560
555,556,557
564,565,566
558,559,560
564,565,566
561,562,563
564,565,566
555,556,557
567,568,569
564,565,566
567,568,569
570,571,572
564,565,566
570,571,572
561,562,563
561,562,563
570,571,572
573,574,575
561,562,563
573,574,575
546,547,548
546,547,548
573,574,575
576,577,578
546,547,548
576,577,578
537,538,539
537,538,539
576,577,578
579,580,581
537,538,539
579,580,581
411,412,413
411,412,413
579,580,581
582,583,584
411,412,413
582,583,584
369,370,371
579,580,581
576,577,578
585,586,587
579,580,581
585,586,587
582,583,584
582,583,584
585,586,587
588,589,590
582,583,584
588,589,590
369,370,371
369,370,371
588,589,590
318,319,320
588,589,590
585,586,587
591,592,593
588,589,590
591,592,593
318,319,320
318,319,320
591,592,593
321,322,323
585,586,587
576,577,578
594,595,596
585,586,587
594,595,596
591,592,593
576,577,578
573,574,575
594,595,596
594,595,596
573,574,575
597,598,599
594,595,596
597,598,599
591,592,593
591,592,593
597,598,599
321,322,323
321,322,323
597,598,599
315,316,317
183,184,185
180,181,182
510,511,512
597,598,599
573,574,575
600,601,602
597,598,599
600,601,602
315,316,317
315,316,317
600,601,602
312,313,314
600,601,602
573,574,575
603,604,605
600,601,602
603,604,605
312,313,314
312,313,314
603,604,605
606,607,608
312,313,314
606,607,608
216,217,218
603,604,605
573,574,575
609,610,611
603,604,605
609,610,611
612,613,614
603,604,605
612,613,614
606,607,608
573,574,575
570,571,572
615,616,617
573,574,575
615,616,617
609,610,611
615,616,617
570,571,572
618,619,620
615,616,617
618,619,620
609,610,611
609,610,611
618,619,620
612,613,614
570,571,572
567,568,569
618,619,620
618,619,620
567,568,569
621,622,623
618,619,620
621,622,623
624,625,626
618,619,620
624,625,626
612,613,614
612,613,614
624,625,626
627,628,629
612,613,614
627,628,629
606,607,608
606,607,608
627,628,629
630,631,632
606,607,608
630,631,632
216,217,218
567,568,569
555,556,557
633,634,635
567,568,569
633,634,635
621,622,623
555,556,557
516,517,518
636,637,638
555,556,557
636,637,638
633,634,635
216,217,218
630,631,632
639,640,641
216,217,218
639,640,641
219,220,221
630,631,632
627,628,629
642,643,644
630,631,632
642,643,644
639,640,641
639,640,641
642,643,644
645,646,647
639,640,641
645,646,647
219,220,221
219,220,221
645,646,647
231,232,233
645,646,647
642,643,644
648,649,650
645,646,647
648,649,650
651,652,653
645,646,647
651,652,653
231,232,233
648,649,650
642,643,644
654,655,656
648,649,650
654,655,656
657,658,659
648,649,650
657,658,659
651,652,653
657,658,659
654,655,656
660,661,662
657,658,659
660,661,662
663,664,665
657,658,659
663,664,665
651,652,653
651,652,653
663,664,665
666,667,668
651,652,653
666,667,668
231,232,233
663,664,665
660,661,662
669,670,671
663,664,665
669,670,671
666,667,668
669,670,671
660,661,662
666,667,668
660,661,662
654,655,656
672,673,674
660,661,662
672,673,674
666,667,668
672,673,674
654,655,656
666,667,668
666,667,668
654,655,656
231,232,233
636,637,638
516,517,518
675,676,677
636,637,638
687,688,689
633,634,635
675,676,677
516,517,518
678,679,680
687,688,689
684,685,686
690,691,692
687,688,689
690,691,692
633,634,635
633,634,635
690,691,692
621,622,623
684,685,686
681,682,683
693,694,695
684,685,686
693,694,695
690,691,692
690,691,692
693,694,695
696,697,698
690,691,692
696,697,698
621,622,623
621,622,623
696,697,698
624,625,626
681,682,683
678,679,680
699,700,701
681,682,683
699,700,701
693,694,695
693,694,695
699,700,701
702,703,704
693,694,695
702,703,704
696,697,698
696,697,698
702,703,704
705,706,707
696,697,698
705,706,707
624,625,626
624,625,626
705,706,707
627,628,629
705,706,707
702,703,704
708,709,710
705,706,707
708,709,710
711,712,713
705,706,707
711,712,713
627,628,629
702,703,704
699,700,701
714,715,716
702,703,704
714,715,716
708,709,710
708,709,710
714,715,716
717,718,719
708,709,710
717,718,719
711,712,713
711,712,713
717,718,719
720,721,722
711,712,713
720,721,722
627,628,629
627,628,629
720,721,722
642,643,644
699,700,701
678,679,680
723,724,725
699,700,701
723,724,725
714,715,716
714,715,716
723,724,725
726,727,728
714,715,716
726,727,728
717,718,719
717,718,719
726,727,728
729,730,731
717,718,719
729,730,731
720,721,722
720,721,722
729,730,731
732,733,734
720,721,722
732,733,734
642,643,644
729,730,731
726,727,728
735,736,737
729,730,731
735,736,737
732,733,734
726,727,728
723,724,725
738,739,740
726,727,728
738,739,740
735,736,737
723,724,725
678,679,680
741,742,743
723,724,725
741,742,743
738,739,740
678,679,680
516,517,518
744,745,746
678,679,680
744,745,746
741,742,743
744,745,746
516,517,518
747,748,749
744,745,746
747,748,749
741,742,743
516,517,518
519,520,521
747,748,749
747,748,749
519,520,521
750,751,752
747,748,749
750,751,752
741,742,743
741,742,743
750,751,752
738,739,740
738,739,740
750,751,752
753,754,755
738,739,740
753,754,755
735,736,737
750,751,752
519,520,521
756,757,758
750,751,752
756,757,758
753,754,755
519,520,521
513,514,515
756,757,758
735,736,737
753,754,755
759,760,761
735,736,737
759,760,761
732,733,734
753,754,755
756,757,758
762,763,764
753,754,755
762,763,764
759,760,761
756,757,758
513,514,515
765,766,767
756,757,758
765,766,767
762,763,764
732,733,734
759,760,761
768,769,770
732,733,734
768,769,770
642,643,644
759,760,761
762,763,764
771,772,773
759,760,761
771,772,773
768,769,770
768,769,770
771,772,773
774,775,776
768,769,770
774,775,776
642,643,644
642,643,644
774,775,776
654,655,656
774,775,776
771,772,773
654,655,656
762,763,764
765,766,767
777,778,779
762,763,764
777,778,779
771,772,773
777,778,779
765,766,767
780,781,782
777,778,779
780,781,782
771,772,773
771,772,773
780,781,782
654,655,656
765,766,767
513,514,515
780,781,782
780,781,782
513,514,515
654,655,656
654,655,656
513,514,515
231,232,233
513,514,515
510,511,512
231,232,233
231,232,233
510,511,512
255,256,257
255,256,257
510,511,512
783,784,785
255,256,257
783,784,785
180,181,182
783,784,785
510,511,512
786,787,788
783,784,785
786,787,788
180,181,182
786,787,788
510,511,512
180,181,182
