0,1,2
3,4,5
6,7,8
6,7,8
3,4,5
9,10,11
6,7,8
9,10,11
12,13,14
6,7,8
12,13,14
15,16,17
6,7,8
15,16,17
0,1,2
3,4,5
0,1,2
18,19,20
3,4,5
39,40,41
9,10,11
39,40,41
36,37,38
42,43,44
39,40,41
42,43,44
45,46,47
39,40,41
45,46,47
9,10,11
9,10,11
45,46,47
48,49,50
9,10,11
48,49,50
12,13,14
45,46,47
42,43,44
51,52,53
45,46,47
51,52,53
48,49,50
48,49,50
51,52,53
54,55,56
48,49,50
54,55,56
57,58,59
48,49,50
57,58,59
12,13,14
12,13,14
57,58,59
60,61,62
12,13,14
60,61,62
15,16,17
57,58,59
54,55,56
63,64,65
57,58,59
63,64,65
66,67,68
57,58,59
66,67,68
60,61,62
60,61,62
66,67,68
69,70,71
60,61,62
69,70,71
72,73,74
60,61,62
72,73,74
15,16,17
15,16,17
72,73,74
75,76,77
15,16,17
75,76,77
0,1,2
0,1,2
75,76,77
78,79,80
0,1,2
78,79,80
18,19,20
18,19,20
78,79,80
81,82,83
18,19,20
81,82,83
21,22,23
78,79,80
75,76,77
84,85,86
78,79,80
84,85,86
81,82,83
75,76,77
72,73,74
87,88,89
75,76,77
87,88,89
84,85,86
72,73,74
69,70,71
90,91,92
72,73,74
90,91,92
87,88,89
21,22,23
81,82,83
93,94,95
21,22,23
93,94,95
24,25,26
81,82,83
84,85,86
96,97,98
81,82,83
96,97,98
93,94,95
84,85,86
87,88,89
99,100,101
84,85,86
99,100,101
96,97,98
87,88,89
90,91,92
102,103,104
87,88,89
102,103,104
99,100,101
99,100,101
102,103,104
105,106,107
99,100,101
105,106,107
108,109,110
99,100,101
108,109,110
96,97,98
96,97,98
108,109,110
111,112,113
96,97,98
111,112,113
93,94,95
93,94,95
111,112,113
114,115,116
93,94,95
114,115,116
24,25,26
114,115,116
111,112,113
117,118,119
114,115,116
117,118,119
120,121,122
114,115,116
120,121,122
24,25,26
111,112,113
108,109,110
123,124,125
111,112,113
123,124,125
117,118,119
108,109,110
105,106,107
126,127,128
108,109,110
126,127,128
123,124,125
123,124,125
126,127,128
129,130,131
123,124,125
129,130,131
132,133,134
123,124,125
132,133,134
117,118,119
117,118,119
132,133,134
135,136,137
117,118,119
135,136,137
120,121,122
120,121,122
135,136,137
138,139,140
120,121,122
138,139,140
24,25,26
135,136,137
132,133,134
141,142,143
135,136,137
141,142,143
144,145,146
135,136,137
144,145,146
138,139,140
132,133,134
129,130,131
147,148,149
132,133,134
147,148,149
141,142,143
141,142,143
147,148,149
150,151,152
141,142,143
150,151,152
153,154,155
141,142,143
153,154,155
144,145,146
147,148,149
129,130,131
156,157,158
147,148,149
156,157,158
159,160,161
147,148,149
159,160,161
150,151,152
129,130,131
126,127,128
162,163,164
129,130,131
162,163,164
156,157,158
126,127,128
105,106,107
165,166,167
126,127,128
165,166,167
162,163,164
105,106,107
102,103,104
168,169,170
105,106,107
168,169,170
165,166,167
102,103,104
90,91,92
171,172,173
102,103,104
171,172,173
168,169,170
90,91,92
69,70,71
174,175,176
90,91,92
174,175,176
171,172,173
69,70,71
66,67,68
177,178,179
69,70,71
177,178,179
174,175,176
66,67,68
63,64,65
180,181,182
66,67,68
180,181,182
177,178,179
177,178,179
180,181,182
183,184,185
177,178,179
183,184,185
186,187,188
177,178,179
186,187,188
174,175,176
174,175,176
186,187,188
189,190,191
174,175,176
189,190,191
171,172,173
171,172,173
189,190,191
192,193,194
171,172,173
192,193,194
168,169,170
168,169,170
192,193,194
195,196,197
168,169,170
195,196,197
165,166,167
165,166,167
195,196,197
198,199,200
165,166,167
198,199,200
162,163,164
162,163,164
198,199,200
201,202,203
162,163,164
201,202,203
156,157,158
156,157,158
201,202,203
204,205,206
156,157,158
204,205,206
159,160,161
201,202,203
198,199,200
207,208,209
201,202,203
207,208,209
210,211,212
201,202,203
210,211,212
204,205,206
198,199,200
195,196,197
213,214,215
198,199,200
213,214,215
207,208,209
195,196,197
192,193,194
216,217,218
195,196,197
216,217,218
213,214,215
192,193,194
189,190,191
219,220,221
192,193,194
219,220,221
216,217,218
189,190,191
186,187,188
222,223,224
189,190,191
222,223,224
219,220,221
186,187,188
183,184,185
225,226,227
186,187,188
225,226,227
222,223,224
222,223,224
225,226,227
228,229,230
222,223,224
228,229,230
231,232,233
222,223,224
231,232,233
219,220,221
219,220,221
231,232,233
234,235,236
219,220,221
234,235,236
216,217,218
231,232,233
228,229,230
237,238,239
231,232,233
237,238,239
234,235,236
234,235,236
237,238,239
240,241,242
234,235,236
240,241,242
216,217,218
216,217,218
240,241,242
213,214,215
240,241,242
237,238,239
243,244,245
240,241,242
243,244,245
213,214,215
213,214,215
243,244,245
207,208,209
243,244,245
237,238,239
246,247,248
243,244,245
246,247,248
207,208,209
207,208,209
246,247,248
210,211,212
246,247,248
237,238,239
249,250,251
246,247,248
249,250,251
210,211,212
228,229,230
225,226,227
252,253,254
228,229,230
252,253,254
237,238,239
225,226,227
183,184,185
255,256,257
225,226,227
255,256,257
252,253,254
252,253,254
255,256,257
258,259,260
252,253,254
258,259,260
237,238,239
210,211,212
249,250,251
261,262,263
210,211,212
261,262,263
204,205,206
249,250,251
237,238,239
264,265,266
249,250,251
264,265,266
261,262,263
204,205,206
261,262,263
267,268,269
204,205,206
267,268,269
159,160,161
261,262,263
264,265,266
270,271,272
261,262,263
270,271,272
267,268,269
264,265,266
237,238,239
273,274,275
264,265,266
273,274,275
270,271,272
183,184,185
180,181,182
276,277,278
183,184,185
276,277,278
255,256,257
255,256,257
276,277,278
279,280,281
255,256,257
279,280,281
258,259,260
258,259,260
279,280,281
282,283,284
258,259,260
282,283,284
237,238,239
180,181,182
63,64,65
285,286,287
180,181,182
285,286,287
276,277,278
276,277,278
285,286,287
288,289,290
276,277,278
288,289,290
279,280,281
279,280,281
288,289,290
291,292,293
279,280,281
291,292,293
282,283,284
282,283,284
291,292,293
294,295,296
282,283,284
294,295,296
237,238,239
159,160,161
267,268,269
297,298,299
159,160,161
297,298,299
150,151,152
267,268,269
270,271,272
300,301,302
267,268,269
300,301,302
297,298,299
270,271,272
273,274,275
303,304,305
270,271,272
303,304,305
300,301,302
273,274,275
237,238,239
306,307,308
273,274,275
306,307,308
303,304,305
150,151,152
297,298,299
309,310,311
150,151,152
309,310,311
153,154,155
297,298,299
300,301,302
312,313,314
297,298,299
312,313,314
309,310,311
300,301,302
303,304,305
315,316,317
300,301,302
315,316,317
312,313,314
303,304,305
306,307,308
318,319,320
303,304,305
318,319,320
315,316,317
306,307,308
237,238,239
321,322,323
306,307,308
321,322,323
318,319,320
63,64,65
54,55,56
324,325,326
63,64,65
324,325,326
285,286,287
285,286,287
324,325,326
327,328,329
285,286,287
327,328,329
288,289,290
288,289,290
327,328,329
330,331,332
288,289,290
330,331,332
291,292,293
291,292,293
330,331,332
333,334,335
291,292,293
333,334,335
294,295,296
294,295,296
333,334,335
336,337,338
294,295,296
336,337,338
237,238,239
54,55,56
51,52,53
339,340,341
54,55,56
339,340,341
324,325,326
324,325,326
339,340,341
342,343,344
324,325,326
342,343,344
327,328,329
327,328,329
342,343,344
345,346,347
327,328,329
345,346,347
330,331,332
330,331,332
345,346,347
348,349,350
330,331,332
348,349,350
333,334,335
333,334,335
348,349,350
351,352,353
333,334,335
351,352,353
336,337,338
336,337,338
351,352,353
354,355,356
336,337,338
354,355,356
237,238,239
237,238,239
354,355,356
357,358,359
237,238,239
357,358,359
321,322,323
354,355,356
351,352,353
360,361,362
354,355,356
360,361,362
357,358,359
357,358,359
360,361,362
363,364,365
357,358,359
363,364,365
321,322,323
321,322,323
363,364,365
318,319,320
351,352,353
348,349,350
366,367,368
351,352,353
366,367,368
360,361,362
360,361,362
366,367,368
369,370,371
360,361,362
369,370,371
363,364,365
363,364,365
369,370,371
372,373,374
363,364,365
372,373,374
318,319,320
318,319,320
372,373,374
315,316,317
348,349,350
345,346,347
375,376,377
348,349,350
375,376,377
366,367,368
366,367,368
375,376,377
378,379,380
366,367,368
378,379,380
369,370,371
369,370,371
378,379,380
381,382,383
369,370,371
381,382,383
372,373,374
372,373,374
381,382,383
384,385,386
372,373,374
384,385,386
315,316,317
315,316,317
384,385,386
312,313,314
345,346,347
342,343,344
387,388,389
345,346,347
387,388,389
375,376,377
375,376,377
387,388,389
390,391,392
375,376,377
390,391,392
378,379,380
378,379,380
390,391,392
393,394,395
378,379,380
393,394,395
381,382,383
381,382,383
393,394,395
396,397,398
381,382,383
396,397,398
384,385,386
384,385,386
396,397,398
399,400,401
384,385,386
399,400,401
312,313,314
312,313,314
399,400,401
309,310,311
342,343,344
339,340,341
402,403,404
342,343,344
402,403,404
387,388,389
387,388,389
402,403,404
405,406,407
387,388,389
405,406,407
390,391,392
390,391,392
405,406,407
408,409,410
390,391,392
408,409,410
393,394,395
393,394,395
408,409,410
411,412,413
393,394,395
411,412,413
396,397,398
396,397,398
411,412,413
414,415,416
396,397,398
414,415,416
399,400,401
399,400,401
414,415,416
417,418,419
399,400,401
417,418,419
309,310,311
309,310,311
417,418,419
153,154,155
339,340,341
51,52,53
420,421,422
339,340,341
420,421,422
402,403,404
51,52,53
42,43,44
420,421,422
24,25,26
138,139,140
27,28,29
402,403,404
420,421,422
423,424,425
402,403,404
423,424,425
405,406,407
420,421,422
42,43,44
426,427,428
420,421,422
426,427,428
423,424,425
42,43,44
36,37,38
426,427,428
426,427,428
36,37,38
429,430,431
426,427,428
429,430,431
423,424,425
423,424,425
429,430,431
432,433,434
423,424,425
432,433,434
405,406,407
405,406,407
432,433,434
408,409,410
429,430,431
36,37,38
435,436,437
429,430,431
435,436,437
432,433,434
36,37,38
33,34,35
435,436,437
432,433,434
435,436,437
438,439,440
432,433,434
438,439,440
408,409,410
408,409,410
438,439,440
411,412,413
435,436,437
33,34,35
441,442,443
435,436,437
441,442,443
438,439,440
438,439,440
441,442,443
444,445,446
438,439,440
444,445,446
411,412,413
411,412,413
444,445,446
414,415,416
441,442,443
33,34,35
447,448,449
441,442,443
447,448,449
444,445,446
33,34,35
30,31,32
447,448,449
444,445,446
447,448,449
450,451,452
444,445,446
450,451,452
414,415,416
414,415,416
450,451,452
417,418,419
447,448,449
30,31,32
453,454,455
447,448,449
453,454,455
450,451,452
450,451,452
453,454,455
456,457,458
450,451,452
456,457,458
417,418,419
417,418,419
456,457,458
153,154,155
153,154,155
456,457,458
144,145,146
456,457,458
453,454,455
459,460,461
456,457,458
459,460,461
144,145,146
453,454,455
30,31,32
459,460,461
144,145,146
459,460,461
138,139,140
138,139,140
459,460,461
27,28,29
459,460,461
30,31,32
27,28,29
462,463,464
465,466,467
468,469,470
465,466,467
462,463,464
471,472,473
465,466,467
471,472,473
474,475,476
465,466,467
474,475,476
477,478,479
465,466,467
477,478,479
468,469,470
477,478,479
474,475,476
480,481,482
477,478,479
480,481,482
483,484,485
477,478,479
483,484,485
486,487,488
477,478,479
486,487,488
468,469,470
474,475,476
471,472,473
489,490,491
474,475,476
489,490,491
492,493,494
474,475,476
492,493,494
480,481,482
480,481,482
492,493,494
495,496,497
480,481,482
495,496,497
498,499,500
480,481,482
498,499,500
483,484,485
492,493,494
489,490,491
501,502,503
492,493,494
501,502,503
504,505,506
492,493,494
504,505,506
495,496,497
495,496,497
504,505,506
507,508,509
495,496,497
507,508,509
510,511,512
495,496,497
510,511,512
498,499,500
504,505,506
501,502,503
513,514,515
504,505,506
513,514,515
516,517,518
504,505,506
516,517,518
507,508,509
507,508,509
516,517,518
519,520,521
507,508,509
519,520,521
522,523,524
507,508,509
522,523,524
510,511,512
516,517,518
513,514,515
525,526,527
516,517,518
525,526,527
528,529,530
516,517,518
528,529,530
519,520,521
519,520,521
528,529,530
531,532,533
519,520,521
531,532,533
534,535,536
519,520,521
534,535,536
522,523,524
528,529,530
525,526,527
537,538,539
528,529,530
537,538,539
540,541,542
528,529,530
540,541,542
531,532,533
531,532,533
540,541,542
543,544,545
531,532,533
543,544,545
546,547,548
531,532,533
546,547,548
534,535,536
546,547,548
543,544,545
549,550,551
546,547,548
549,550,551
552,553,554
546,547,548
552,553,554
534,535,536
543,544,545
540,541,542
555,556,557
543,544,545
555,556,557
549,550,551
540,541,542
537,538,539
558,559,560
540,541,542
558,559,560
555,556,557
555,556,557
558,559,560
561,562,563
555,556,557
561,562,563
549,550,551
534,535,536
552,553,554
564,565,566
534,535,536
564,565,566
522,523,524
552,553,554
549,550,551
567,568,569
552,553,554
567,568,569
564,565,566
522,523,524
564,565,566
570,571,572
522,523,524
570,571,572
510,511,512
564,565,566
567,568,569
573,574,575
564,565,566
573,574,575
570,571,572
567,568,569
549,550,551
576,577,578
567,568,569
576,577,578
573,574,575
510,511,512
570,571,572
579,580,581
510,511,512
579,580,581
498,499,500
570,571,572
573,574,575
582,583,584
570,571,572
582,583,584
579,580,581
573,574,575
576,577,578
585,586,587
573,574,575
585,586,587
582,583,584
576,577,578
549,550,551
588,589,590
576,577,578
588,589,590
585,586,587
498,499,500
579,580,581
591,592,593
498,499,500
591,592,593
483,484,485
579,580,581
582,583,584
594,595,596
579,580,581
594,595,596
591,592,593
582,583,584
585,586,587
597,598,599
582,583,584
597,598,599
594,595,596
585,586,587
588,589,590
600,601,602
585,586,587
600,601,602
597,598,599
588,589,590
549,550,551
603,604,605
588,589,590
603,604,605
600,601,602
483,484,485
591,592,593
606,607,608
483,484,485
606,607,608
486,487,488
591,592,593
594,595,596
609,610,611
591,592,593
609,610,611
606,607,608
594,595,596
597,598,599
612,613,614
594,595,596
612,613,614
609,610,611
597,598,599
600,601,602
615,616,617
597,598,599
615,616,617
612,613,614
600,601,602
603,604,605
618,619,620
600,601,602
618,619,620
615,616,617
603,604,605
549,550,551
621,622,623
603,604,605
621,622,623
618,619,620
621,622,623
549,550,551
624,625,626
621,622,623
624,625,626
627,628,629
621,622,623
627,628,629
618,619,620
618,619,620
627,628,629
630,631,632
618,619,620
630,631,632
615,616,617
615,616,617
630,631,632
633,634,635
615,616,617
633,634,635
612,613,614
612,613,614
633,634,635
636,637,638
612,613,614
636,637,638
609,610,611
609,610,611
636,637,638
639,640,641
609,610,611
639,640,641
606,607,608
606,607,608
639,640,641
642,643,644
606,607,608
642,643,644
486,487,488
486,487,488
642,643,644
645,646,647
486,487,488
645,646,647
468,469,470
642,643,644
639,640,641
648,649,650
642,643,644
648,649,650
651,652,653
642,643,644
651,652,653
645,646,647
639,640,641
636,637,638
654,655,656
639,640,641
654,655,656
648,649,650
636,637,638
633,634,635
657,658,659
636,637,638
657,658,659
654,655,656
633,634,635
630,631,632
660,661,662
633,634,635
660,661,662
657,658,659
630,631,632
627,628,629
663,664,665
630,631,632
663,664,665
660,661,662
627,628,629
624,625,626
666,667,668
627,628,629
666,667,668
663,664,665
624,625,626
549,550,551
669,670,671
624,625,626
669,670,671
666,667,668
669,670,671
549,550,551
672,673,674
669,670,671
672,673,674
675,676,677
669,670,671
675,676,677
666,667,668
666,667,668
675,676,677
678,679,680
666,667,668
678,679,680
663,664,665
663,664,665
678,679,680
681,682,683
663,664,665
681,682,683
660,661,662
660,661,662
681,682,683
684,685,686
660,661,662
684,685,686
657,658,659
657,658,659
684,685,686
687,688,689
657,658,659
687,688,689
654,655,656
654,655,656
687,688,689
690,691,692
654,655,656
690,691,692
648,649,650
648,649,650
690,691,692
693,694,695
648,649,650
693,694,695
651,652,653
651,652,653
693,694,695
696,697,698
651,652,653
696,697,698
645,646,647
645,646,647
696,697,698
699,700,701
645,646,647
699,700,701
468,469,470
693,694,695
690,691,692
702,703,704
693,694,695
702,703,704
705,706,707
693,694,695
705,706,707
696,697,698
690,691,692
687,688,689
708,709,710
690,691,692
708,709,710
702,703,704
702,703,704
708,709,710
711,712,713
702,703,704
711,712,713
705,706,707
687,688,689
684,685,686
714,715,716
687,688,689
714,715,716
708,709,710
708,709,710
714,715,716
717,718,719
708,709,710
717,718,719
711,712,713
684,685,686
681,682,683
720,721,722
684,685,686
720,721,722
714,715,716
714,715,716
720,721,722
723,724,725
714,715,716
723,724,725
717,718,719
681,682,683
678,679,680
726,727,728
681,682,683
726,727,728
720,721,722
720,721,722
726,727,728
729,730,731
720,721,722
729,730,731
723,724,725
678,679,680
675,676,677
732,733,734
678,679,680
732,733,734
726,727,728
726,727,728
732,733,734
735,736,737
726,727,728
735,736,737
729,730,731
675,676,677
672,673,674
738,739,740
675,676,677
738,739,740
732,733,734
732,733,734
738,739,740
741,742,743
732,733,734
741,742,743
735,736,737
672,673,674
549,550,551
744,745,746
672,673,674
744,745,746
738,739,740
738,739,740
744,745,746
747,748,749
738,739,740
747,748,749
741,742,743
744,745,746
549,550,551
750,751,752
744,745,746
750,751,752
747,748,749
750,751,752
549,550,551
753,754,755
750,751,752
753,754,755
756,757,758
750,751,752
756,757,758
747,748,749
747,748,749
756,757,758
759,760,761
747,748,749
759,760,761
741,742,743
741,742,743
759,760,761
762,763,764
741,742,743
762,763,764
735,736,737
735,736,737
762,763,764
765,766,767
735,736,737
765,766,767
729,730,731
729,730,731
765,766,767
768,769,770
729,730,731
768,769,770
723,724,725
723,724,725
768,769,770
771,772,773
723,724,725
771,772,773
717,718,719
717,718,719
771,772,773
774,775,776
717,718,719
774,775,776
711,712,713
711,712,713
774,775,776
777,778,779
711,712,713
777,778,779
705,706,707
774,775,776
771,772,773
780,781,782
774,775,776
780,781,782
777,778,779
771,772,773
768,769,770
783,784,785
771,772,773
783,784,785
780,781,782
768,769,770
765,766,767
786,787,788
768,769,770
786,787,788
783,784,785
765,766,767
762,763,764
789,790,791
765,766,767
789,790,791
786,787,788
762,763,764
759,760,761
792,793,794
762,763,764
792,793,794
789,790,791
759,760,761
756,757,758
795,796,797
759,760,761
795,796,797
792,793,794
756,757,758
753,754,755
798,799,800
756,757,758
798,799,800
795,796,797
753,754,755
549,550,551
801,802,803
753,754,755
801,802,803
798,799,800
549,550,551
561,562,563
804,805,806
549,550,551
804,805,806
801,802,803
801,802,803
804,805,806
807,808,809
801,802,803
807,808,809
798,799,800
804,805,806
561,562,563
810,811,812
804,805,806
810,811,812
807,808,809
561,562,563
558,559,560
810,811,812
798,799,800
807,808,809
813,814,815
798,799,800
813,814,815
795,796,797
807,808,809
810,811,812
816,817,818
807,808,809
816,817,818
813,814,815
810,811,812
558,559,560
819,820,821
810,811,812
819,820,821
816,817,818
558,559,560
537,538,539
819,820,821
795,796,797
813,814,815
822,823,824
795,796,797
822,823,824
792,793,794
813,814,815
816,817,818
825,826,827
813,814,815
825,826,827
822,823,824
816,817,818
819,820,821
828,829,830
816,817,818
828,829,830
825,826,827
819,820,821
537,538,539
831,832,833
819,820,821
831,832,833
828,829,830
537,538,539
525,526,527
831,832,833
792,793,794
822,823,824
834,835,836
792,793,794
834,835,836
789,790,791
822,823,824
825,826,827
837,838,839
822,823,824
837,838,839
834,835,836
825,826,827
828,829,830
840,841,842
825,826,827
840,841,842
837,838,839
828,829,830
831,832,833
843,844,845
828,829,830
843,844,845
840,841,842
831,832,833
525,526,527
846,847,848
831,832,833
846,847,848
843,844,845
525,526,527
513,514,515
846,847,848
789,790,791
834,835,836
849,850,851
789,790,791
849,850,851
786,787,788
834,835,836
837,838,839
852,853,854
834,835,836
852,853,854
849,850,851
837,838,839
840,841,842
855,856,857
837,838,839
855,856,857
852,853,854
840,841,842
843,844,845
858,859,860
840,841,842
858,859,860
855,856,857
843,844,845
846,847,848
861,862,863
843,844,845
861,862,863
858,859,860
846,847,848
513,514,515
864,865,866
846,847,848
864,865,866
861,862,863
513,514,515
501,502,503
864,865,866
786,787,788
849,850,851
867,868,869
786,787,788
867,868,869
783,784,785
849,850,851
852,853,854
870,871,872
849,850,851
870,871,872
867,868,869
852,853,854
855,856,857
873,874,875
852,853,854
873,874,875
870,871,872
855,856,857
858,859,860
876,877,878
855,856,857
876,877,878
873,874,875
858,859,860
861,862,863
879,880,881
858,859,860
879,880,881
876,877,878
861,862,863
864,865,866
882,883,884
861,862,863
882,883,884
879,880,881
864,865,866
501,502,503
885,886,887
864,865,866
885,886,887
882,883,884
501,502,503
489,490,491
885,886,887
468,469,470
699,700,701
462,463,464
783,784,785
867,868,869
888,889,890
783,784,785
888,889,890
780,781,782
867,868,869
870,871,872
891,892,893
867,868,869
891,892,893
888,889,890
888,889,890
891,892,893
894,895,896
888,889,890
894,895,896
780,781,782
780,781,782
894,895,896
777,778,779
891,892,893
870,871,872
897,898,899
891,892,893
897,898,899
894,895,896
870,871,872
873,874,875
897,898,899
873,874,875
876,877,878
900,901,902
873,874,875
900,901,902
897,898,899
897,898,899
900,901,902
903,904,905
897,898,899
903,904,905
894,895,896
900,901,902
876,877,878
906,907,908
900,901,902
906,907,908
903,904,905
876,877,878
879,880,881
906,907,908
879,880,881
882,883,884
909,910,911
879,880,881
909,910,911
906,907,908
906,907,908
909,910,911
912,913,914
906,907,908
912,913,914
903,904,905
909,910,911
882,883,884
915,916,917
909,910,911
915,916,917
912,913,914
882,883,884
885,886,887
915,916,917
885,886,887
489,490,491
918,919,920
885,886,887
918,919,920
915,916,917
489,490,491
471,472,473
918,919,920
918,919,920
471,472,473
921,922,923
918,919,920
921,922,923
915,916,917
915,916,917
921,922,923
912,913,914
471,472,473
462,463,464
921,922,923
921,922,923
462,463,464
924,925,926
921,922,923
924,925,926
927,928,929
921,922,923
927,928,929
912,913,914
927,928,929
951,952,953
912,913,914
924,925,926
462,463,464
930,931,932
912,913,914
951,952,953
903,904,905
951,952,953
948,949,950
903,904,905
903,904,905
948,949,950
894,895,896
948,949,950
945,946,947
894,895,896
894,895,896
945,946,947
777,778,779
945,946,947
942,943,944
777,778,779
777,778,779
942,943,944
705,706,707
942,943,944
939,940,941
705,706,707
939,940,941
936,937,938
705,706,707
705,706,707
936,937,938
696,697,698
936,937,938
933,934,935
696,697,698
696,697,698
933,934,935
699,700,701
933,934,935
930,931,932
699,700,701
930,931,932
462,463,464
699,700,701
