0,1,2
3,4,5
6,7,8
6,7,8
3,4,5
9,10,11
6,7,8
9,10,11
12,13,14
6,7,8
12,13,14
15,16,17
6,7,8
15,16,17
18,19,20
6,7,8
18,19,20
0,1,2
18,19,20
15,16,17
21,22,23
18,19,20
21,22,23
0,1,2
21,22,23
15,16,17
24,25,26
21,22,23
24,25,26
27,28,29
21,22,23
27,28,29
0,1,2
24,25,26
15,16,17
30,31,32
24,25,26
30,31,32
33,34,35
24,25,26
33,34,35
27,28,29
33,34,35
30,31,32
36,37,38
33,34,35
36,37,38
27,28,29
9,10,11
3,4,5
39,40,41
9,10,11
39,40,41
42,43,44
9,10,11
42,43,44
12,13,14
39,40,41
3,4,5
45,46,47
39,40,41
45,46,47
48,49,50
39,40,41
48,49,50
42,43,44
48,49,50
45,46,47
51,52,53
48,49,50
51,52,53
54,55,56
48,49,50
54,55,56
42,43,44
51,52,53
45,46,47
57,58,59
51,52,53
57,58,59
60,61,62
51,52,53
60,61,62
54,55,56
60,61,62
57,58,59
63,64,65
60,61,62
63,64,65
66,67,68
60,61,62
66,67,68
54,55,56
63,64,65
57,58,59
69,70,71
63,64,65
69,70,71
72,73,74
63,64,65
72,73,74
66,67,68
69,70,71
57,58,59
75,76,77
69,70,71
75,76,77
78,79,80
69,70,71
78,79,80
72,73,74
78,79,80
75,76,77
81,82,83
78,79,80
81,82,83
84,85,86
78,79,80
84,85,86
72,73,74
81,82,83
75,76,77
87,88,89
81,82,83
87,88,89
90,91,92
81,82,83
90,91,92
84,85,86
90,91,92
87,88,89
93,94,95
90,91,92
93,94,95
96,97,98
90,91,92
96,97,98
84,85,86
93,94,95
87,88,89
99,100,101
93,94,95
99,100,101
102,103,104
93,94,95
102,103,104
96,97,98
102,103,104
99,100,101
105,106,107
102,103,104
105,106,107
108,109,110
102,103,104
108,109,110
96,97,98
105,106,107
99,100,101
111,112,113
105,106,107
111,112,113
114,115,116
105,106,107
114,115,116
108,109,110
114,115,116
111,112,113
117,118,119
114,115,116
117,118,119
120,121,122
114,115,116
120,121,122
108,109,110
87,88,89
75,76,77
123,124,125
87,88,89
123,124,125
126,127,128
87,88,89
126,127,128
99,100,101
126,127,128
123,124,125
129,130,131
126,127,128
129,130,131
132,133,134
126,127,128
132,133,134
99,100,101
99,100,101
132,133,134
135,136,137
99,100,101
135,136,137
111,112,113
132,133,134
129,130,131
138,139,140
132,133,134
138,139,140
141,142,143
132,133,134
141,142,143
135,136,137
141,142,143
138,139,140
144,145,146
141,142,143
144,145,146
147,148,149
141,142,143
147,148,149
135,136,137
138,139,140
129,130,131
150,151,152
138,139,140
150,151,152
144,145,146
135,136,137
147,148,149
153,154,155
135,136,137
153,154,155
111,112,113
111,112,113
153,154,155
156,157,158
111,112,113
156,157,158
117,118,119
147,148,149
144,145,146
159,160,161
147,148,149
159,160,161
162,163,164
147,148,149
162,163,164
153,154,155
159,160,161
144,145,146
165,166,167
159,160,161
165,166,167
162,163,164
162,163,164
165,166,167
168,169,170
162,163,164
168,169,170
153,154,155
153,154,155
168,169,170
171,172,173
153,154,155
171,172,173
156,157,158
144,145,146
150,151,152
174,175,176
144,145,146
174,175,176
165,166,167
165,166,167
174,175,176
177,178,179
165,166,167
177,178,179
180,181,182
165,166,167
180,181,182
168,169,170
180,181,182
177,178,179
183,184,185
180,181,182
183,184,185
168,169,170
168,169,170
183,184,185
186,187,188
168,169,170
186,187,188
171,172,173
171,172,173
186,187,188
189,190,191
171,172,173
189,190,191
192,193,194
171,172,173
192,193,194
156,157,158
186,187,188
183,184,185
195,196,197
186,187,188
195,196,197
198,199,200
186,187,188
198,199,200
189,190,191
198,199,200
195,196,197
201,202,203
198,199,200
201,202,203
204,205,206
198,199,200
204,205,206
189,190,191
195,196,197
183,184,185
207,208,209
195,196,197
207,208,209
201,202,203
183,184,185
177,178,179
210,211,212
183,184,185
210,211,212
207,208,209
201,202,203
207,208,209
213,214,215
201,202,203
213,214,215
216,217,218
201,202,203
216,217,218
204,205,206
204,205,206
216,217,218
219,220,221
204,205,206
219,220,221
222,223,224
204,205,206
222,223,224
189,190,191
219,220,221
216,217,218
225,226,227
219,220,221
225,226,227
222,223,224
225,226,227
216,217,218
228,229,230
225,226,227
228,229,230
222,223,224
216,217,218
213,214,215
231,232,233
216,217,218
231,232,233
228,229,230
189,190,191
222,223,224
234,235,236
189,190,191
234,235,236
192,193,194
222,223,224
228,229,230
237,238,239
222,223,224
237,238,239
234,235,236
228,229,230
231,232,233
240,241,242
228,229,230
240,241,242
237,238,239
240,241,242
231,232,233
243,244,245
240,241,242
243,244,245
246,247,248
240,241,242
246,247,248
237,238,239
237,238,239
246,247,248
249,250,251
237,238,239
249,250,251
234,235,236
246,247,248
243,244,245
252,253,254
246,247,248
252,253,254
249,250,251
234,235,236
249,250,251
255,256,257
234,235,236
255,256,257
192,193,194
249,250,251
252,253,254
258,259,260
249,250,251
258,259,260
261,262,263
249,250,251
261,262,263
255,256,257
258,259,260
252,253,254
264,265,266
258,259,260
264,265,266
267,268,269
258,259,260
267,268,269
261,262,263
252,253,254
243,244,245
270,271,272
252,253,254
270,271,272
273,274,275
252,253,254
273,274,275
264,265,266
243,244,245
231,232,233
276,277,278
243,244,245
276,277,278
270,271,272
273,274,275
270,271,272
279,280,281
273,274,275
279,280,281
282,283,284
273,274,275
282,283,284
264,265,266
270,271,272
276,277,278
285,286,287
270,271,272
285,286,287
279,280,281
276,277,278
231,232,233
288,289,290
276,277,278
288,289,290
291,292,293
276,277,278
291,292,293
285,286,287
231,232,233
213,214,215
294,295,296
231,232,233
294,295,296
288,289,290
285,286,287
291,292,293
297,298,299
285,286,287
297,298,299
300,301,302
285,286,287
300,301,302
279,280,281
279,280,281
300,301,302
303,304,305
279,280,281
303,304,305
306,307,308
279,280,281
306,307,308
282,283,284
306,307,308
303,304,305
309,310,311
306,307,308
309,310,311
282,283,284
303,304,305
300,301,302
309,310,311
282,283,284
309,310,311
312,313,314
282,283,284
312,313,314
264,265,266
309,310,311
300,301,302
315,316,317
309,310,311
315,316,317
312,313,314
300,301,302
297,298,299
318,319,320
300,301,302
318,319,320
315,316,317
318,319,320
297,298,299
321,322,323
318,319,320
321,322,323
315,316,317
264,265,266
312,313,314
324,325,326
264,265,266
324,325,326
267,268,269
312,313,314
315,316,317
327,328,329
312,313,314
327,328,329
324,325,326
315,316,317
321,322,323
330,331,332
315,316,317
330,331,332
327,328,329
327,328,329
330,331,332
333,334,335
327,328,329
333,334,335
336,337,338
327,328,329
336,337,338
324,325,326
330,331,332
321,322,323
339,340,341
330,331,332
339,340,341
342,343,344
330,331,332
342,343,344
333,334,335
342,343,344
339,340,341
345,346,347
342,343,344
345,346,347
348,349,350
342,343,344
348,349,350
333,334,335
339,340,341
321,322,323
351,352,353
339,340,341
351,352,353
345,346,347
321,322,323
297,298,299
354,355,356
321,322,323
354,355,356
351,352,353
297,298,299
291,292,293
357,358,359
297,298,299
357,358,359
354,355,356
354,355,356
357,358,359
360,361,362
354,355,356
360,361,362
351,352,353
351,352,353
360,361,362
363,364,365
351,352,353
363,364,365
366,367,368
351,352,353
366,367,368
345,346,347
345,346,347
366,367,368
369,370,371
345,346,347
369,370,371
348,349,350
366,367,368
363,364,365
372,373,374
366,367,368
372,373,374
375,376,377
366,367,368
375,376,377
369,370,371
348,349,350
369,370,371
378,379,380
348,349,350
378,379,380
381,382,383
348,349,350
381,382,383
333,334,335
378,379,380
369,370,371
384,385,386
378,379,380
384,385,386
381,382,383
384,385,386
369,370,371
387,388,389
384,385,386
387,388,389
381,382,383
369,370,371
375,376,377
387,388,389
387,388,389
375,376,377
390,391,392
387,388,389
390,391,392
393,394,395
387,388,389
393,394,395
381,382,383
381,382,383
393,394,395
396,397,398
381,382,383
396,397,398
333,334,335
333,334,335
396,397,398
399,400,401
333,334,335
399,400,401
336,337,338
393,394,395
390,391,392
402,403,404
393,394,395
402,403,404
405,406,407
393,394,395
405,406,407
396,397,398
390,391,392
375,376,377
408,409,410
390,391,392
408,409,410
402,403,404
402,403,404
408,409,410
411,412,413
402,403,404
411,412,413
405,406,407
408,409,410
375,376,377
414,415,416
408,409,410
414,415,416
417,418,419
408,409,410
417,418,419
411,412,413
396,397,398
405,406,407
27,28,29
396,397,398
27,28,29
420,421,422
396,397,398
420,421,422
399,400,401
405,406,407
411,412,413
423,424,425
405,406,407
423,424,425
0,1,2
405,406,407
0,1,2
27,28,29
423,424,425
411,412,413
426,427,428
423,424,425
426,427,428
0,1,2
411,412,413
417,418,419
429,430,431
411,412,413
429,430,431
426,427,428
429,430,431
417,418,419
432,433,434
429,430,431
432,433,434
435,436,437
429,430,431
435,436,437
426,427,428
417,418,419
414,415,416
438,439,440
417,418,419
438,439,440
432,433,434
426,427,428
435,436,437
441,442,443
426,427,428
441,442,443
3,4,5
426,427,428
3,4,5
0,1,2
435,436,437
432,433,434
444,445,446
435,436,437
444,445,446
447,448,449
435,436,437
447,448,449
441,442,443
444,445,446
432,433,434
450,451,452
444,445,446
450,451,452
447,448,449
450,451,452
432,433,434
453,454,455
450,451,452
453,454,455
447,448,449
432,433,434
438,439,440
453,454,455
447,448,449
453,454,455
456,457,458
447,448,449
456,457,458
441,442,443
453,454,455
438,439,440
459,460,461
453,454,455
459,460,461
462,463,464
453,454,455
462,463,464
456,457,458
462,463,464
459,460,461
465,466,467
462,463,464
465,466,467
456,457,458
456,457,458
465,466,467
468,469,470
456,457,458
468,469,470
471,472,473
456,457,458
471,472,473
441,442,443
441,442,443
471,472,473
45,46,47
441,442,443
45,46,47
3,4,5
471,472,473
468,469,470
474,475,476
471,472,473
474,475,476
57,58,59
471,472,473
57,58,59
45,46,47
468,469,470
465,466,467
477,478,479
468,469,470
477,478,479
480,481,482
468,469,470
480,481,482
474,475,476
480,481,482
477,478,479
483,484,485
480,481,482
483,484,485
486,487,488
480,481,482
486,487,488
474,475,476
477,478,479
465,466,467
489,490,491
477,478,479
489,490,491
483,484,485
465,466,467
459,460,461
492,493,494
465,466,467
492,493,494
489,490,491
483,484,485
489,490,491
495,496,497
483,484,485
495,496,497
498,499,500
483,484,485
498,499,500
486,487,488
486,487,488
498,499,500
501,502,503
486,487,488
501,502,503
504,505,506
486,487,488
504,505,506
474,475,476
501,502,503
498,499,500
507,508,509
501,502,503
507,508,509
504,505,506
507,508,509
498,499,500
510,511,512
507,508,509
510,511,512
504,505,506
498,499,500
495,496,497
513,514,515
498,499,500
513,514,515
510,511,512
510,511,512
513,514,515
516,517,518
510,511,512
516,517,518
519,520,521
510,511,512
519,520,521
504,505,506
504,505,506
519,520,521
522,523,524
504,505,506
522,523,524
474,475,476
474,475,476
522,523,524
75,76,77
474,475,476
75,76,77
57,58,59
522,523,524
519,520,521
123,124,125
522,523,524
123,124,125
75,76,77
519,520,521
516,517,518
525,526,527
519,520,521
525,526,527
123,124,125
516,517,518
513,514,515
528,529,530
516,517,518
528,529,530
525,526,527
525,526,527
528,529,530
129,130,131
525,526,527
129,130,131
123,124,125
528,529,530
513,514,515
531,532,533
528,529,530
531,532,533
150,151,152
528,529,530
150,151,152
129,130,131
420,421,422
27,28,29
36,37,38
420,421,422
36,37,38
534,535,536
420,421,422
534,535,536
537,538,539
420,421,422
537,538,539
399,400,401
534,535,536
36,37,38
540,541,542
534,535,536
540,541,542
543,544,545
534,535,536
543,544,545
546,547,548
534,535,536
546,547,548
537,538,539
546,547,548
543,544,545
549,550,551
546,547,548
549,550,551
552,553,554
546,547,548
552,553,554
537,538,539
552,553,554
549,550,551
555,556,557
552,553,554
555,556,557
558,559,560
552,553,554
558,559,560
537,538,539
537,538,539
558,559,560
561,562,563
537,538,539
561,562,563
399,400,401
549,550,551
543,544,545
564,565,566
549,550,551
564,565,566
567,568,569
549,550,551
567,568,569
555,556,557
567,568,569
564,565,566
570,571,572
567,568,569
570,571,572
573,574,575
567,568,569
573,574,575
555,556,557
555,556,557
573,574,575
576,577,578
555,556,557
576,577,578
558,559,560
573,574,575
570,571,572
579,580,581
573,574,575
579,580,581
576,577,578
570,571,572
564,565,566
582,583,584
570,571,572
582,583,584
585,586,587
570,571,572
585,586,587
579,580,581
585,586,587
582,583,584
588,589,590
585,586,587
588,589,590
591,592,593
585,586,587
591,592,593
579,580,581
579,580,581
591,592,593
594,595,596
579,580,581
594,595,596
576,577,578
591,592,593
588,589,590
597,598,599
591,592,593
597,598,599
600,601,602
591,592,593
600,601,602
594,595,596
597,598,599
588,589,590
603,604,605
597,598,599
603,604,605
606,607,608
597,598,599
606,607,608
600,601,602
588,589,590
582,583,584
609,610,611
588,589,590
609,610,611
603,604,605
603,604,605
609,610,611
612,613,614
603,604,605
612,613,614
606,607,608
606,607,608
612,613,614
615,616,617
606,607,608
615,616,617
618,619,620
606,607,608
618,619,620
600,601,602
615,616,617
612,613,614
621,622,623
615,616,617
621,622,623
624,625,626
615,616,617
624,625,626
618,619,620
612,613,614
609,610,611
627,628,629
612,613,614
627,628,629
621,622,623
624,625,626
621,622,623
630,631,632
624,625,626
630,631,632
633,634,635
624,625,626
633,634,635
618,619,620
630,631,632
621,622,623
636,637,638
630,631,632
636,637,638
639,640,641
630,631,632
639,640,641
633,634,635
621,622,623
627,628,629
642,643,644
621,622,623
642,643,644
636,637,638
636,637,638
642,643,644
645,646,647
636,637,638
645,646,647
639,640,641
645,646,647
642,643,644
648,649,650
645,646,647
648,649,650
651,652,653
645,646,647
651,652,653
639,640,641
651,652,653
648,649,650
654,655,656
651,652,653
654,655,656
657,658,659
651,652,653
657,658,659
639,640,641
639,640,641
657,658,659
660,661,662
639,640,641
660,661,662
633,634,635
657,658,659
654,655,656
663,664,665
657,658,659
663,664,665
660,661,662
654,655,656
648,649,650
666,667,668
654,655,656
666,667,668
669,670,671
654,655,656
669,670,671
663,664,665
663,664,665
669,670,671
672,673,674
663,664,665
672,673,674
675,676,677
663,664,665
675,676,677
660,661,662
672,673,674
669,670,671
678,679,680
672,673,674
678,679,680
681,682,683
672,673,674
681,682,683
675,676,677
669,670,671
666,667,668
684,685,686
669,670,671
684,685,686
678,679,680
678,679,680
684,685,686
687,688,689
678,679,680
687,688,689
681,682,683
687,688,689
684,685,686
690,691,692
687,688,689
690,691,692
693,694,695
687,688,689
693,694,695
681,682,683
681,682,683
693,694,695
696,697,698
681,682,683
696,697,698
675,676,677
693,694,695
690,691,692
699,700,701
693,694,695
699,700,701
702,703,704
693,694,695
702,703,704
696,697,698
699,700,701
690,691,692
705,706,707
699,700,701
705,706,707
708,709,710
699,700,701
708,709,710
702,703,704
690,691,692
684,685,686
711,712,713
690,691,692
711,712,713
705,706,707
705,706,707
711,712,713
714,715,716
705,706,707
714,715,716
708,709,710
708,709,710
714,715,716
717,718,719
708,709,710
717,718,719
702,703,704
714,715,716
711,712,713
720,721,722
714,715,716
720,721,722
723,724,725
714,715,716
723,724,725
717,718,719
717,718,719
723,724,725
726,727,728
717,718,719
726,727,728
729,730,731
717,718,719
729,730,731
702,703,704
723,724,725
720,721,722
732,733,734
723,724,725
732,733,734
735,736,737
723,724,725
735,736,737
726,727,728
735,736,737
732,733,734
738,739,740
735,736,737
738,739,740
741,742,743
735,736,737
741,742,743
726,727,728
726,727,728
741,742,743
744,745,746
726,727,728
744,745,746
729,730,731
741,742,743
738,739,740
747,748,749
741,742,743
747,748,749
744,745,746
738,739,740
732,733,734
750,751,752
738,739,740
750,751,752
753,754,755
738,739,740
753,754,755
747,748,749
753,754,755
750,751,752
756,757,758
753,754,755
756,757,758
759,760,761
753,754,755
759,760,761
747,748,749
747,748,749
759,760,761
762,763,764
747,748,749
762,763,764
744,745,746
759,760,761
756,757,758
765,766,767
759,760,761
765,766,767
762,763,764
756,757,758
750,751,752
768,769,770
756,757,758
768,769,770
771,772,773
756,757,758
771,772,773
765,766,767
771,772,773
768,769,770
774,775,776
771,772,773
774,775,776
777,778,779
771,772,773
777,778,779
765,766,767
765,766,767
777,778,779
780,781,782
765,766,767
780,781,782
762,763,764
777,778,779
774,775,776
783,784,785
777,778,779
783,784,785
786,787,788
777,778,779
786,787,788
780,781,782
783,784,785
774,775,776
789,790,791
783,784,785
789,790,791
792,793,794
783,784,785
792,793,794
786,787,788
774,775,776
768,769,770
795,796,797
774,775,776
795,796,797
789,790,791
789,790,791
795,796,797
798,799,800
789,790,791
798,799,800
792,793,794
792,793,794
798,799,800
801,802,803
792,793,794
801,802,803
804,805,806
792,793,794
804,805,806
786,787,788
801,802,803
798,799,800
807,808,809
801,802,803
807,808,809
810,811,812
801,802,803
810,811,812
804,805,806
798,799,800
795,796,797
813,814,815
798,799,800
813,814,815
807,808,809
810,811,812
807,808,809
816,817,818
810,811,812
816,817,818
819,820,821
810,811,812
819,820,821
804,805,806
807,808,809
813,814,815
822,823,824
807,808,809
822,823,824
816,817,818
816,817,818
822,823,824
825,826,827
816,817,818
825,826,827
819,820,821
819,820,821
825,826,827
828,829,830
819,820,821
828,829,830
831,832,833
819,820,821
831,832,833
804,805,806
825,826,827
822,823,824
834,835,836
825,826,827
834,835,836
837,838,839
825,826,827
837,838,839
828,829,830
837,838,839
834,835,836
840,841,842
837,838,839
840,841,842
843,844,845
837,838,839
843,844,845
828,829,830
828,829,830
843,844,845
846,847,848
828,829,830
846,847,848
831,832,833
843,844,845
840,841,842
849,850,851
843,844,845
849,850,851
846,847,848
840,841,842
834,835,836
852,853,854
840,841,842
852,853,854
855,856,857
840,841,842
855,856,857
849,850,851
849,850,851
855,856,857
858,859,860
849,850,851
858,859,860
861,862,863
849,850,851
861,862,863
846,847,848
858,859,860
855,856,857
864,865,866
858,859,860
864,865,866
867,868,869
858,859,860
867,868,869
861,862,863
855,856,857
852,853,854
870,871,872
855,856,857
870,871,872
864,865,866
864,865,866
870,871,872
873,874,875
864,865,866
873,874,875
867,868,869
873,874,875
870,871,872
876,877,878
873,874,875
876,877,878
879,880,881
873,874,875
879,880,881
867,868,869
867,868,869
879,880,881
882,883,884
867,868,869
882,883,884
861,862,863
879,880,881
876,877,878
885,886,887
879,880,881
885,886,887
888,889,890
879,880,881
888,889,890
882,883,884
885,886,887
876,877,878
891,892,893
885,886,887
891,892,893
894,895,896
885,886,887
894,895,896
888,889,890
876,877,878
870,871,872
897,898,899
876,877,878
897,898,899
891,892,893
894,895,896
891,892,893
900,901,902
894,895,896
900,901,902
903,904,905
894,895,896
903,904,905
888,889,890
891,892,893
897,898,899
906,907,908
891,892,893
906,907,908
900,901,902
900,901,902
906,907,908
909,910,911
900,901,902
909,910,911
903,904,905
903,904,905
909,910,911
912,913,914
903,904,905
912,913,914
915,916,917
903,904,905
915,916,917
888,889,890
909,910,911
906,907,908
918,919,920
909,910,911
918,919,920
921,922,923
909,910,911
921,922,923
912,913,914
921,922,923
918,919,920
924,925,926
921,922,923
924,925,926
927,928,929
921,922,923
927,928,929
912,913,914
912,913,914
927,928,929
930,931,932
912,913,914
930,931,932
915,916,917
927,928,929
924,925,926
933,934,935
927,928,929
933,934,935
930,931,932
924,925,926
918,919,920
936,937,938
924,925,926
936,937,938
939,940,941
924,925,926
939,940,941
933,934,935
939,940,941
936,937,938
942,943,944
939,940,941
942,943,944
945,946,947
939,940,941
945,946,947
933,934,935
933,934,935
945,946,947
948,949,950
933,934,935
948,949,950
930,931,932
945,946,947
942,943,944
951,952,953
945,946,947
951,952,953
948,949,950
942,943,944
936,937,938
954,955,956
942,943,944
954,955,956
957,958,959
942,943,944
957,958,959
951,952,953
957,958,959
954,955,956
960,961,962
957,958,959
960,961,962
963,964,965
957,958,959
963,964,965
951,952,953
951,952,953
963,964,965
966,967,968
951,952,953
966,967,968
948,949,950
963,964,965
960,961,962
969,970,971
963,964,965
969,970,971
972,973,974
963,964,965
972,973,974
966,967,968
969,970,971
960,961,962
975,976,977
969,970,971
975,976,977
978,979,980
969,970,971
978,979,980
972,973,974
960,961,962
954,955,956
981,982,983
960,961,962
981,982,983
975,976,977
975,976,977
981,982,983
984,985,986
975,976,977
984,985,986
978,979,980
978,979,980
984,985,986
987,988,989
978,979,980
987,988,989
990,991,992
978,979,980
990,991,992
972,973,974
987,988,989
984,985,986
993,994,995
987,988,989
993,994,995
996,997,998
987,988,989
996,997,998
990,991,992
984,985,986
981,982,983
999,1000,1001
984,985,986
999,1000,1001
993,994,995
996,997,998
993,994,995
1002,1003,1004
996,997,998
1002,1003,1004
1005,1006,1007
996,997,998
1005,1006,1007
990,991,992
993,994,995
999,1000,1001
1008,1009,1010
993,994,995
1008,1009,1010
1002,1003,1004
1002,1003,1004
1008,1009,1010
1011,1012,1013
1002,1003,1004
1011,1012,1013
1005,1006,1007
1005,1006,1007
1011,1012,1013
1014,1015,1016
1005,1006,1007
1014,1015,1016
1017,1018,1019
1005,1006,1007
1017,1018,1019
990,991,992
1011,1012,1013
1008,1009,1010
1020,1021,1022
1011,1012,1013
1020,1021,1022
1023,1024,1025
1011,1012,1013
1023,1024,1025
1014,1015,1016
1023,1024,1025
1020,1021,1022
1026,1027,1028
1023,1024,1025
1026,1027,1028
1029,1030,1031
1023,1024,1025
1029,1030,1031
1014,1015,1016
1014,1015,1016
1029,1030,1031
1032,1033,1034
1014,1015,1016
1032,1033,1034
1017,1018,1019
1029,1030,1031
1026,1027,1028
1035,1036,1037
1029,1030,1031
1035,1036,1037
1032,1033,1034
1026,1027,1028
1020,1021,1022
1038,1039,1040
1026,1027,1028
1038,1039,1040
1041,1042,1043
1026,1027,1028
1041,1042,1043
1035,1036,1037
1035,1036,1037
1041,1042,1043
1044,1045,1046
1035,1036,1037
1044,1045,1046
1047,1048,1049
1035,1036,1037
1047,1048,1049
1032,1033,1034
1044,1045,1046
1041,1042,1043
1050,1051,1052
1044,1045,1046
1050,1051,1052
1053,1054,1055
1044,1045,1046
1053,1054,1055
1047,1048,1049
1041,1042,1043
1038,1039,1040
1056,1057,1058
1041,1042,1043
1056,1057,1058
1050,1051,1052
1050,1051,1052
1056,1057,1058
1059,1060,1061
1050,1051,1052
1059,1060,1061
1053,1054,1055
1059,1060,1061
1056,1057,1058
1062,1063,1064
1059,1060,1061
1062,1063,1064
1065,1066,1067
1059,1060,1061
1065,1066,1067
1053,1054,1055
1053,1054,1055
1065,1066,1067
1068,1069,1070
1053,1054,1055
1068,1069,1070
1047,1048,1049
1065,1066,1067
1062,1063,1064
1071,1072,1073
1065,1066,1067
1071,1072,1073
1074,1075,1076
1065,1066,1067
1074,1075,1076
1068,1069,1070
1071,1072,1073
1062,1063,1064
1077,1078,1079
1071,1072,1073
1077,1078,1079
1080,1081,1082
1071,1072,1073
1080,1081,1082
1074,1075,1076
1062,1063,1064
1056,1057,1058
1083,1084,1085
1062,1063,1064
1083,1084,1085
1077,1078,1079
1077,1078,1079
1083,1084,1085
1086,1087,1088
1077,1078,1079
1086,1087,1088
1089,1090,1091
1077,1078,1079
1089,1090,1091
1080,1081,1082
1089,1090,1091
1086,1087,1088
1092,1093,1094
1089,1090,1091
1092,1093,1094
1095,1096,1097
1089,1090,1091
1095,1096,1097
1080,1081,1082
1080,1081,1082
1095,1096,1097
1098,1099,1100
1080,1081,1082
1098,1099,1100
1074,1075,1076
1095,1096,1097
1092,1093,1094
1101,1102,1103
1095,1096,1097
1101,1102,1103
1098,1099,1100
1092,1093,1094
1086,1087,1088
1104,1105,1106
1092,1093,1094
1104,1105,1106
1107,1108,1109
1092,1093,1094
1107,1108,1109
1101,1102,1103
1107,1108,1109
1104,1105,1106
1110,1111,1112
1107,1108,1109
1110,1111,1112
1113,1114,1115
1107,1108,1109
1113,1114,1115
1101,1102,1103
1101,1102,1103
1113,1114,1115
1116,1117,1118
1101,1102,1103
1116,1117,1118
1098,1099,1100
1113,1114,1115
1110,1111,1112
1119,1120,1121
1113,1114,1115
1119,1120,1121
1116,1117,1118
1110,1111,1112
1104,1105,1106
1122,1123,1124
1110,1111,1112
1122,1123,1124
1125,1126,1127
1110,1111,1112
1125,1126,1127
1119,1120,1121
1125,1126,1127
1122,1123,1124
1128,1129,1130
1125,1126,1127
1128,1129,1130
1131,1132,1133
1125,1126,1127
1131,1132,1133
1119,1120,1121
1119,1120,1121
1131,1132,1133
1134,1135,1136
1119,1120,1121
1134,1135,1136
1116,1117,1118
1131,1132,1133
1128,1129,1130
1137,1138,1139
1131,1132,1133
1137,1138,1139
1134,1135,1136
1128,1129,1130
1122,1123,1124
1140,1141,1142
1128,1129,1130
1140,1141,1142
1143,1144,1145
1128,1129,1130
1143,1144,1145
1137,1138,1139
1143,1144,1145
1140,1141,1142
1146,1147,1148
1143,1144,1145
1146,1147,1148
1149,1150,1151
1143,1144,1145
1149,1150,1151
1137,1138,1139
1137,1138,1139
1149,1150,1151
1152,1153,1154
1137,1138,1139
1152,1153,1154
1134,1135,1136
1149,1150,1151
1146,1147,1148
1155,1156,1157
1149,1150,1151
1155,1156,1157
1152,1153,1154
1146,1147,1148
1140,1141,1142
1158,1159,1160
1146,1147,1148
1158,1159,1160
1161,1162,1163
1146,1147,1148
1161,1162,1163
1155,1156,1157
1161,1162,1163
1158,1159,1160
1164,1165,1166
1161,1162,1163
1164,1165,1166
1167,1168,1169
1161,1162,1163
1167,1168,1169
1155,1156,1157
1155,1156,1157
1167,1168,1169
1170,1171,1172
1155,1156,1157
1170,1171,1172
1152,1153,1154
1167,1168,1169
1164,1165,1166
1173,1174,1175
1167,1168,1169
1173,1174,1175
1176,1177,1178
1167,1168,1169
1176,1177,1178
1170,1171,1172
1173,1174,1175
1164,1165,1166
1179,1180,1181
1173,1174,1175
1179,1180,1181
1182,1183,1184
1173,1174,1175
1182,1183,1184
1176,1177,1178
1164,1165,1166
1158,1159,1160
1185,1186,1187
1164,1165,1166
1185,1186,1187
1179,1180,1181
1182,1183,1184
1179,1180,1181
1188,1189,1190
1182,1183,1184
1188,1189,1190
1191,1192,1193
1182,1183,1184
1191,1192,1193
1176,1177,1178
1179,1180,1181
1185,1186,1187
1194,1195,1196
1179,1180,1181
1194,1195,1196
1188,1189,1190
1188,1189,1190
1194,1195,1196
1197,1198,1199
1188,1189,1190
1197,1198,1199
1191,1192,1193
1191,1192,1193
1197,1198,1199
1200,1201,1202
1191,1192,1193
1200,1201,1202
1203,1204,1205
1191,1192,1193
1203,1204,1205
1176,1177,1178
1197,1198,1199
1194,1195,1196
1206,1207,1208
1197,1198,1199
1206,1207,1208
1209,1210,1211
1197,1198,1199
1209,1210,1211
1200,1201,1202
1209,1210,1211
1206,1207,1208
1212,1213,1214
1209,1210,1211
1212,1213,1214
1215,1216,1217
1209,1210,1211
1215,1216,1217
1200,1201,1202
1200,1201,1202
1215,1216,1217
1218,1219,1220
1200,1201,1202
1218,1219,1220
1203,1204,1205
1215,1216,1217
1212,1213,1214
1221,1222,1223
1215,1216,1217
1221,1222,1223
1218,1219,1220
1212,1213,1214
1206,1207,1208
1224,1225,1226
1212,1213,1214
1224,1225,1226
1227,1228,1229
1212,1213,1214
1227,1228,1229
1221,1222,1223
1221,1222,1223
1227,1228,1229
1230,1231,1232
1221,1222,1223
1230,1231,1232
1233,1234,1235
1221,1222,1223
1233,1234,1235
1218,1219,1220
1230,1231,1232
1227,1228,1229
1236,1237,1238
1230,1231,1232
1236,1237,1238
1239,1240,1241
1230,1231,1232
1239,1240,1241
1233,1234,1235
1227,1228,1229
1224,1225,1226
1242,1243,1244
1227,1228,1229
1242,1243,1244
1236,1237,1238
1236,1237,1238
1242,1243,1244
1245,1246,1247
1236,1237,1238
1245,1246,1247
1239,1240,1241
1245,1246,1247
1242,1243,1244
1248,1249,1250
1245,1246,1247
1248,1249,1250
1251,1252,1253
1245,1246,1247
1251,1252,1253
1239,1240,1241
1239,1240,1241
1251,1252,1253
1254,1255,1256
1239,1240,1241
1254,1255,1256
1233,1234,1235
1251,1252,1253
1248,1249,1250
1257,1258,1259
1251,1252,1253
1257,1258,1259
1260,1261,1262
1251,1252,1253
1260,1261,1262
1254,1255,1256
1257,1258,1259
1248,1249,1250
1263,1264,1265
1257,1258,1259
1263,1264,1265
1266,1267,1268
1257,1258,1259
1266,1267,1268
1260,1261,1262
1248,1249,1250
1242,1243,1244
1269,1270,1271
1248,1249,1250
1269,1270,1271
1263,1264,1265
1263,1264,1265
1269,1270,1271
1272,1273,1274
1263,1264,1265
1272,1273,1274
1275,1276,1277
1263,1264,1265
1275,1276,1277
1266,1267,1268
1275,1276,1277
1272,1273,1274
1278,1279,1280
1275,1276,1277
1278,1279,1280
1281,1282,1283
1275,1276,1277
1281,1282,1283
1266,1267,1268
1266,1267,1268
1281,1282,1283
1284,1285,1286
1266,1267,1268
1284,1285,1286
1260,1261,1262
1281,1282,1283
1278,1279,1280
1287,1288,1289
1281,1282,1283
1287,1288,1289
1284,1285,1286
1278,1279,1280
1272,1273,1274
1290,1291,1292
1278,1279,1280
1290,1291,1292
1293,1294,1295
1278,1279,1280
1293,1294,1295
1287,1288,1289
1293,1294,1295
1290,1291,1292
1296,1297,1298
1293,1294,1295
1296,1297,1298
1299,1300,1301
1293,1294,1295
1299,1300,1301
1287,1288,1289
1287,1288,1289
1299,1300,1301
1302,1303,1304
1287,1288,1289
1302,1303,1304
1284,1285,1286
1299,1300,1301
1296,1297,1298
1305,1306,1307
1299,1300,1301
1305,1306,1307
1302,1303,1304
1296,1297,1298
1290,1291,1292
1308,1309,1310
1296,1297,1298
1308,1309,1310
1311,1312,1313
1296,1297,1298
1311,1312,1313
1305,1306,1307
1311,1312,1313
1308,1309,1310
1314,1315,1316
1311,1312,1313
1314,1315,1316
1317,1318,1319
1311,1312,1313
1317,1318,1319
1305,1306,1307
1305,1306,1307
1317,1318,1319
1320,1321,1322
1305,1306,1307
1320,1321,1322
1302,1303,1304
1317,1318,1319
1314,1315,1316
1323,1324,1325
1317,1318,1319
1323,1324,1325
1320,1321,1322
1314,1315,1316
1308,1309,1310
1326,1327,1328
1314,1315,1316
1326,1327,1328
1329,1330,1331
1314,1315,1316
1329,1330,1331
1323,1324,1325
1329,1330,1331
1326,1327,1328
1332,1333,1334
1329,1330,1331
1332,1333,1334
1335,1336,1337
1329,1330,1331
1335,1336,1337
1323,1324,1325
1323,1324,1325
1335,1336,1337
1338,1339,1340
1323,1324,1325
1338,1339,1340
1320,1321,1322
1335,1336,1337
1332,1333,1334
1341,1342,1343
1335,1336,1337
1341,1342,1343
1338,1339,1340
1332,1333,1334
1326,1327,1328
1344,1345,1346
1332,1333,1334
1344,1345,1346
1347,1348,1349
1332,1333,1334
1347,1348,1349
1341,1342,1343
1347,1348,1349
1344,1345,1346
1350,1351,1352
1347,1348,1349
1350,1351,1352
1353,1354,1355
1347,1348,1349
1353,1354,1355
1341,1342,1343
1341,1342,1343
1353,1354,1355
1356,1357,1358
1341,1342,1343
1356,1357,1358
1338,1339,1340
1353,1354,1355
1350,1351,1352
1359,1360,1361
1353,1354,1355
1359,1360,1361
1362,1363,1364
1353,1354,1355
1362,1363,1364
1356,1357,1358
1359,1360,1361
1350,1351,1352
1365,1366,1367
1359,1360,1361
1365,1366,1367
1368,1369,1370
1359,1360,1361
1368,1369,1370
1362,1363,1364
1350,1351,1352
1344,1345,1346
1371,1372,1373
1350,1351,1352
1371,1372,1373
1365,1366,1367
1368,1369,1370
1365,1366,1367
1374,1375,1376
1368,1369,1370
1374,1375,1376
1377,1378,1379
1368,1369,1370
1377,1378,1379
1362,1363,1364
1365,1366,1367
1371,1372,1373
1380,1381,1382
1365,1366,1367
1380,1381,1382
1374,1375,1376
1374,1375,1376
1380,1381,1382
1383,1384,1385
1374,1375,1376
1383,1384,1385
1377,1378,1379
1377,1378,1379
1383,1384,1385
1386,1387,1388
1377,1378,1379
1386,1387,1388
1389,1390,1391
1377,1378,1379
1389,1390,1391
1362,1363,1364
1383,1384,1385
1380,1381,1382
1392,1393,1394
1383,1384,1385
1392,1393,1394
1395,1396,1397
1383,1384,1385
1395,1396,1397
1386,1387,1388
1395,1396,1397
1392,1393,1394
1398,1399,1400
1395,1396,1397
1398,1399,1400
1401,1402,1403
1395,1396,1397
1401,1402,1403
1386,1387,1388
1386,1387,1388
1401,1402,1403
1404,1405,1406
1386,1387,1388
1404,1405,1406
1389,1390,1391
1401,1402,1403
1398,1399,1400
1407,1408,1409
1401,1402,1403
1407,1408,1409
1404,1405,1406
1398,1399,1400
1392,1393,1394
1410,1411,1412
1398,1399,1400
1410,1411,1412
1413,1414,1415
1398,1399,1400
1413,1414,1415
1407,1408,1409
1407,1408,1409
1413,1414,1415
1416,1417,1418
1407,1408,1409
1416,1417,1418
1419,1420,1421
1407,1408,1409
1419,1420,1421
1404,1405,1406
1416,1417,1418
1413,1414,1415
1422,1423,1424
1416,1417,1418
1422,1423,1424
1425,1426,1427
1416,1417,1418
1425,1426,1427
1419,1420,1421
1413,1414,1415
1410,1411,1412
1428,1429,1430
1413,1414,1415
1428,1429,1430
1422,1423,1424
1422,1423,1424
1428,1429,1430
1431,1432,1433
1422,1423,1424
1431,1432,1433
1425,1426,1427
1431,1432,1433
1428,1429,1430
1434,1435,1436
1431,1432,1433
1434,1435,1436
1437,1438,1439
1431,1432,1433
1437,1438,1439
1425,1426,1427
1425,1426,1427
1437,1438,1439
1440,1441,1442
1425,1426,1427
1440,1441,1442
1419,1420,1421
1437,1438,1439
1434,1435,1436
1443,1444,1445
1437,1438,1439
1443,1444,1445
1446,1447,1448
1437,1438,1439
1446,1447,1448
1440,1441,1442
1443,1444,1445
1434,1435,1436
1449,1450,1451
1443,1444,1445
1449,1450,1451
1452,1453,1454
1443,1444,1445
1452,1453,1454
1446,1447,1448
1434,1435,1436
1428,1429,1430
1455,1456,1457
1434,1435,1436
1455,1456,1457
1449,1450,1451
1449,1450,1451
1455,1456,1457
1458,1459,1460
1449,1450,1451
1458,1459,1460
1461,1462,1463
1449,1450,1451
1461,1462,1463
1452,1453,1454
1461,1462,1463
1458,1459,1460
1464,1465,1466
1461,1462,1463
1464,1465,1466
1467,1468,1469
1461,1462,1463
1467,1468,1469
1452,1453,1454
1452,1453,1454
1467,1468,1469
1470,1471,1472
1452,1453,1454
1470,1471,1472
1446,1447,1448
1467,1468,1469
1464,1465,1466
1473,1474,1475
1467,1468,1469
1473,1474,1475
1470,1471,1472
1464,1465,1466
1458,1459,1460
1476,1477,1478
1464,1465,1466
1476,1477,1478
1479,1480,1481
1464,1465,1466
1479,1480,1481
1473,1474,1475
1479,1480,1481
1476,1477,1478
1482,1483,1484
1479,1480,1481
1482,1483,1484
1485,1486,1487
1479,1480,1481
1485,1486,1487
1473,1474,1475
1473,1474,1475
1485,1486,1487
1488,1489,1490
1473,1474,1475
1488,1489,1490
1470,1471,1472
1485,1486,1487
1482,1483,1484
1491,1492,1493
1485,1486,1487
1491,1492,1493
1488,1489,1490
1482,1483,1484
1476,1477,1478
1494,1495,1496
1482,1483,1484
1494,1495,1496
1497,1498,1499
1482,1483,1484
1497,1498,1499
1491,1492,1493
1491,1492,1493
1497,1498,1499
1500,1501,1502
1491,1492,1493
1500,1501,1502
1503,1504,1505
1491,1492,1493
1503,1504,1505
1488,1489,1490
1500,1501,1502
1497,1498,1499
1506,1507,1508
1500,1501,1502
1506,1507,1508
1509,1510,1511
1500,1501,1502
1509,1510,1511
1503,1504,1505
1497,1498,1499
1494,1495,1496
1512,1513,1514
1497,1498,1499
1512,1513,1514
1506,1507,1508
1506,1507,1508
1512,1513,1514
1515,1516,1517
1506,1507,1508
1515,1516,1517
1509,1510,1511
1515,1516,1517
1512,1513,1514
1518,1519,1520
1515,1516,1517
1518,1519,1520
1521,1522,1523
1515,1516,1517
1521,1522,1523
1509,1510,1511
1509,1510,1511
1521,1522,1523
1524,1525,1526
1509,1510,1511
1524,1525,1526
1503,1504,1505
1521,1522,1523
1518,1519,1520
1527,1528,1529
1521,1522,1523
1527,1528,1529
1524,1525,1526
1518,1519,1520
1512,1513,1514
1530,1531,1532
1518,1519,1520
1530,1531,1532
1533,1534,1535
1518,1519,1520
1533,1534,1535
1527,1528,1529
1533,1534,1535
1530,1531,1532
1536,1537,1538
1533,1534,1535
1536,1537,1538
1539,1540,1541
1533,1534,1535
1539,1540,1541
1527,1528,1529
1527,1528,1529
1539,1540,1541
1542,1543,1544
1527,1528,1529
1542,1543,1544
1524,1525,1526
1539,1540,1541
1536,1537,1538
1545,1546,1547
1539,1540,1541
1545,1546,1547
1548,1549,1550
1539,1540,1541
1548,1549,1550
1542,1543,1544
1545,1546,1547
1536,1537,1538
1551,1552,1553
1545,1546,1547
1551,1552,1553
1554,1555,1556
1545,1546,1547
1554,1555,1556
1548,1549,1550
1536,1537,1538
1530,1531,1532
1557,1558,1559
1536,1537,1538
1557,1558,1559
1551,1552,1553
1551,1552,1553
1557,1558,1559
1560,1561,1562
1551,1552,1553
1560,1561,1562
1563,1564,1565
1551,1552,1553
1563,1564,1565
1554,1555,1556
1563,1564,1565
1560,1561,1562
1566,1567,1568
1563,1564,1565
1566,1567,1568
1569,1570,1571
1563,1564,1565
1569,1570,1571
1554,1555,1556
1554,1555,1556
1569,1570,1571
1572,1573,1574
1554,1555,1556
1572,1573,1574
1548,1549,1550
1569,1570,1571
1566,1567,1568
1575,1576,1577
1569,1570,1571
1575,1576,1577
1572,1573,1574
1566,1567,1568
1560,1561,1562
1578,1579,1580
1566,1567,1568
1578,1579,1580
1581,1582,1583
1566,1567,1568
1581,1582,1583
1575,1576,1577
1581,1582,1583
1578,1579,1580
1584,1585,1586
1581,1582,1583
1584,1585,1586
1587,1588,1589
1581,1582,1583
1587,1588,1589
1575,1576,1577
1575,1576,1577
1587,1588,1589
1590,1591,1592
1575,1576,1577
1590,1591,1592
1572,1573,1574
1587,1588,1589
1584,1585,1586
1593,1594,1595
1587,1588,1589
1593,1594,1595
1590,1591,1592
1584,1585,1586
1578,1579,1580
1596,1597,1598
1584,1585,1586
1596,1597,1598
1599,1600,1601
1584,1585,1586
1599,1600,1601
1593,1594,1595
1593,1594,1595
1599,1600,1601
1602,1603,1604
1593,1594,1595
1602,1603,1604
1605,1606,1607
1593,1594,1595
1605,1606,1607
1590,1591,1592
1602,1603,1604
1599,1600,1601
1608,1609,1610
1602,1603,1604
1608,1609,1610
1611,1612,1613
1602,1603,1604
1611,1612,1613
1605,1606,1607
1599,1600,1601
1596,1597,1598
1614,1615,1616
1599,1600,1601
1614,1615,1616
1608,1609,1610
1608,1609,1610
1614,1615,1616
1617,1618,1619
1608,1609,1610
1617,1618,1619
1611,1612,1613
1617,1618,1619
1614,1615,1616
1620,1621,1622
1617,1618,1619
1620,1621,1622
1623,1624,1625
1617,1618,1619
1623,1624,1625
1611,1612,1613
1611,1612,1613
1623,1624,1625
1626,1627,1628
1611,1612,1613
1626,1627,1628
1605,1606,1607
1623,1624,1625
1620,1621,1622
1629,1630,1631
1623,1624,1625
1629,1630,1631
1632,1633,1634
1623,1624,1625
1632,1633,1634
1626,1627,1628
1629,1630,1631
1620,1621,1622
1635,1636,1637
1629,1630,1631
1635,1636,1637
1638,1639,1640
1629,1630,1631
1638,1639,1640
1632,1633,1634
1620,1621,1622
1614,1615,1616
1641,1642,1643
1620,1621,1622
1641,1642,1643
1635,1636,1637
1635,1636,1637
1641,1642,1643
1644,1645,1646
1635,1636,1637
1644,1645,1646
1647,1648,1649
1635,1636,1637
1647,1648,1649
1638,1639,1640
1647,1648,1649
1644,1645,1646
1650,1651,1652
1647,1648,1649
1650,1651,1652
1653,1654,1655
1647,1648,1649
1653,1654,1655
1638,1639,1640
1638,1639,1640
1653,1654,1655
1656,1657,1658
1638,1639,1640
1656,1657,1658
1632,1633,1634
1653,1654,1655
1650,1651,1652
1659,1660,1661
1653,1654,1655
1659,1660,1661
1656,1657,1658
1659,1660,1661
1650,1651,1652
1662,1663,1664
1659,1660,1661
1662,1663,1664
1665,1666,1667
1659,1660,1661
1665,1666,1667
1656,1657,1658
1650,1651,1652
1644,1645,1646
1668,1669,1670
1650,1651,1652
1668,1669,1670
1662,1663,1664
1662,1663,1664
1668,1669,1670
1671,1672,1673
1662,1663,1664
1671,1672,1673
1665,1666,1667
1671,1672,1673
1668,1669,1670
1674,1675,1676
1671,1672,1673
1674,1675,1676
1677,1678,1679
1671,1672,1673
1677,1678,1679
1665,1666,1667
1665,1666,1667
1677,1678,1679
1680,1681,1682
1665,1666,1667
1680,1681,1682
1683,1684,1685
1665,1666,1667
1683,1684,1685
1656,1657,1658
1680,1681,1682
1677,1678,1679
1686,1687,1688
1680,1681,1682
1686,1687,1688
1689,1690,1691
1680,1681,1682
1689,1690,1691
1683,1684,1685
1686,1687,1688
1677,1678,1679
1692,1693,1694
1686,1687,1688
1692,1693,1694
1695,1696,1697
1686,1687,1688
1695,1696,1697
1689,1690,1691
1677,1678,1679
1674,1675,1676
1698,1699,1700
1677,1678,1679
1698,1699,1700
1692,1693,1694
1692,1693,1694
1698,1699,1700
1701,1702,1703
1692,1693,1694
1701,1702,1703
1695,1696,1697
1701,1702,1703
1698,1699,1700
1704,1705,1706
1701,1702,1703
1704,1705,1706
1707,1708,1709
1701,1702,1703
1707,1708,1709
1695,1696,1697
1695,1696,1697
1707,1708,1709
1710,1711,1712
1695,1696,1697
1710,1711,1712
1689,1690,1691
1707,1708,1709
1704,1705,1706
1713,1714,1715
1707,1708,1709
1713,1714,1715
1710,1711,1712
1704,1705,1706
1698,1699,1700
1716,1717,1718
1704,1705,1706
1716,1717,1718
1719,1720,1721
1704,1705,1706
1719,1720,1721
1713,1714,1715
1719,1720,1721
1716,1717,1718
1722,1723,1724
1719,1720,1721
1722,1723,1724
1725,1726,1727
1719,1720,1721
1725,1726,1727
1713,1714,1715
1713,1714,1715
1725,1726,1727
1728,1729,1730
1713,1714,1715
1728,1729,1730
1710,1711,1712
1725,1726,1727
1722,1723,1724
1731,1732,1733
1725,1726,1727
1731,1732,1733
1734,1735,1736
1725,1726,1727
1734,1735,1736
1728,1729,1730
1731,1732,1733
1722,1723,1724
1737,1738,1739
1731,1732,1733
1737,1738,1739
1740,1741,1742
1731,1732,1733
1740,1741,1742
1734,1735,1736
1722,1723,1724
1716,1717,1718
1743,1744,1745
1722,1723,1724
1743,1744,1745
1737,1738,1739
1737,1738,1739
1743,1744,1745
1746,1747,1748
1737,1738,1739
1746,1747,1748
1749,1750,1751
1737,1738,1739
1749,1750,1751
1740,1741,1742
1749,1750,1751
1746,1747,1748
1752,1753,1754
1749,1750,1751
1752,1753,1754
1755,1756,1757
1749,1750,1751
1755,1756,1757
1740,1741,1742
1740,1741,1742
1755,1756,1757
1758,1759,1760
1740,1741,1742
1758,1759,1760
1734,1735,1736
1755,1756,1757
1752,1753,1754
1761,1762,1763
1755,1756,1757
1761,1762,1763
1758,1759,1760
1752,1753,1754
1746,1747,1748
1764,1765,1766
1752,1753,1754
1764,1765,1766
1767,1768,1769
1752,1753,1754
1767,1768,1769
1761,1762,1763
1767,1768,1769
1764,1765,1766
1770,1771,1772
1767,1768,1769
1770,1771,1772
1773,1774,1775
1767,1768,1769
1773,1774,1775
1761,1762,1763
1761,1762,1763
1773,1774,1775
1776,1777,1778
1761,1762,1763
1776,1777,1778
1758,1759,1760
1773,1774,1775
1770,1771,1772
1779,1780,1781
1773,1774,1775
1779,1780,1781
1776,1777,1778
1770,1771,1772
1764,1765,1766
1782,1783,1784
1770,1771,1772
1782,1783,1784
1785,1786,1787
1770,1771,1772
1785,1786,1787
1779,1780,1781
1785,1786,1787
1782,1783,1784
1788,1789,1790
1785,1786,1787
1788,1789,1790
1791,1792,1793
1785,1786,1787
1791,1792,1793
1779,1780,1781
1779,1780,1781
1791,1792,1793
1794,1795,1796
1779,1780,1781
1794,1795,1796
1776,1777,1778
1791,1792,1793
1788,1789,1790
1797,1798,1799
1791,1792,1793
1797,1798,1799
1794,1795,1796
1788,1789,1790
1782,1783,1784
1800,1801,1802
1788,1789,1790
1800,1801,1802
1803,1804,1805
1788,1789,1790
1803,1804,1805
1797,1798,1799
1803,1804,1805
1800,1801,1802
1806,1807,1808
1803,1804,1805
1806,1807,1808
1809,1810,1811
1803,1804,1805
1809,1810,1811
1797,1798,1799
1797,1798,1799
1809,1810,1811
1812,1813,1814
1797,1798,1799
1812,1813,1814
1794,1795,1796
1809,1810,1811
1806,1807,1808
1815,1816,1817
1809,1810,1811
1815,1816,1817
1818,1819,1820
1809,1810,1811
1818,1819,1820
1812,1813,1814
1815,1816,1817
1806,1807,1808
1821,1822,1823
1815,1816,1817
1821,1822,1823
1824,1825,1826
1815,1816,1817
1824,1825,1826
1818,1819,1820
1806,1807,1808
1800,1801,1802
1827,1828,1829
1806,1807,1808
1827,1828,1829
1821,1822,1823
1821,1822,1823
1827,1828,1829
1830,1831,1832
1821,1822,1823
1830,1831,1832
1833,1834,1835
1821,1822,1823
1833,1834,1835
1824,1825,1826
1833,1834,1835
1830,1831,1832
1836,1837,1838
1833,1834,1835
1836,1837,1838
1839,1840,1841
1833,1834,1835
1839,1840,1841
1824,1825,1826
1824,1825,1826
1839,1840,1841
1842,1843,1844
1824,1825,1826
1842,1843,1844
1818,1819,1820
1839,1840,1841
1836,1837,1838
1845,1846,1847
1839,1840,1841
1845,1846,1847
1842,1843,1844
1845,1846,1847
1836,1837,1838
1848,1849,1850
1845,1846,1847
1848,1849,1850
1851,1852,1853
1845,1846,1847
1851,1852,1853
1842,1843,1844
1836,1837,1838
1830,1831,1832
1854,1855,1856
1836,1837,1838
1854,1855,1856
1848,1849,1850
1848,1849,1850
1854,1855,1856
1857,1858,1859
1848,1849,1850
1857,1858,1859
1851,1852,1853
1857,1858,1859
1854,1855,1856
1860,1861,1862
1857,1858,1859
1860,1861,1862
1863,1864,1865
1857,1858,1859
1863,1864,1865
1851,1852,1853
1851,1852,1853
1863,1864,1865
1866,1867,1868
1851,1852,1853
1866,1867,1868
1869,1870,1871
1851,1852,1853
1869,1870,1871
1842,1843,1844
1866,1867,1868
1863,1864,1865
1872,1873,1874
1866,1867,1868
1872,1873,1874
1875,1876,1877
1866,1867,1868
1875,1876,1877
1869,1870,1871
1872,1873,1874
1863,1864,1865
1878,1879,1880
1872,1873,1874
1878,1879,1880
1881,1882,1883
1872,1873,1874
1881,1882,1883
1875,1876,1877
1863,1864,1865
1860,1861,1862
1884,1885,1886
1863,1864,1865
1884,1885,1886
1878,1879,1880
1878,1879,1880
1884,1885,1886
1887,1888,1889
1878,1879,1880
1887,1888,1889
1881,1882,1883
1887,1888,1889
1884,1885,1886
1890,1891,1892
1887,1888,1889
1890,1891,1892
1893,1894,1895
1887,1888,1889
1893,1894,1895
1881,1882,1883
1881,1882,1883
1893,1894,1895
1896,1897,1898
1881,1882,1883
1896,1897,1898
1875,1876,1877
1893,1894,1895
1890,1891,1892
1899,1900,1901
1893,1894,1895
1899,1900,1901
1896,1897,1898
1899,1900,1901
1890,1891,1892
1902,1903,1904
1899,1900,1901
1902,1903,1904
1905,1906,1907
1899,1900,1901
1905,1906,1907
1908,1909,1910
1899,1900,1901
1908,1909,1910
1896,1897,1898
1890,1891,1892
1884,1885,1886
1911,1912,1913
1890,1891,1892
1911,1912,1913
1914,1915,1916
1890,1891,1892
1914,1915,1916
1902,1903,1904
1914,1915,1916
1911,1912,1913
438,439,440
1914,1915,1916
438,439,440
1917,1918,1919
1914,1915,1916
1917,1918,1919
1902,1903,1904
1917,1918,1919
438,439,440
1920,1921,1922
1917,1918,1919
1920,1921,1922
1902,1903,1904
1902,1903,1904
1920,1921,1922
1923,1924,1925
1902,1903,1904
1923,1924,1925
1905,1906,1907
1920,1921,1922
438,439,440
1926,1927,1928
1920,1921,1922
1926,1927,1928
1923,1924,1925
1926,1927,1928
438,439,440
414,415,416
1926,1927,1928
414,415,416
1929,1930,1931
1926,1927,1928
1929,1930,1931
1923,1924,1925
1929,1930,1931
414,415,416
1932,1933,1934
1929,1930,1931
1932,1933,1934
1935,1936,1937
1929,1930,1931
1935,1936,1937
1923,1924,1925
1923,1924,1925
1935,1936,1937
1938,1939,1940
1923,1924,1925
1938,1939,1940
1905,1906,1907
1905,1906,1907
1938,1939,1940
1941,1942,1943
1905,1906,1907
1941,1942,1943
1908,1909,1910
1938,1939,1940
1935,1936,1937
1944,1945,1946
1938,1939,1940
1944,1945,1946
1941,1942,1943
1935,1936,1937
1932,1933,1934
1947,1948,1949
1935,1936,1937
1947,1948,1949
1944,1945,1946
1944,1945,1946
1947,1948,1949
1950,1951,1952
1944,1945,1946
1950,1951,1952
1953,1954,1955
1944,1945,1946
1953,1954,1955
1941,1942,1943
1950,1951,1952
1947,1948,1949
1956,1957,1958
1950,1951,1952
1956,1957,1958
1959,1960,1961
1950,1951,1952
1959,1960,1961
1953,1954,1955
1956,1957,1958
1947,1948,1949
1962,1963,1964
1956,1957,1958
1962,1963,1964
372,373,374
1956,1957,1958
372,373,374
1959,1960,1961
1947,1948,1949
1932,1933,1934
1965,1966,1967
1947,1948,1949
1965,1966,1967
1962,1963,1964
1965,1966,1967
1932,1933,1934
375,376,377
1965,1966,1967
375,376,377
1962,1963,1964
1962,1963,1964
375,376,377
372,373,374
1932,1933,1934
414,415,416
375,376,377
1959,1960,1961
372,373,374
1968,1969,1970
1959,1960,1961
1968,1969,1970
1971,1972,1973
1959,1960,1961
1971,1972,1973
1953,1954,1955
1968,1969,1970
372,373,374
363,364,365
1968,1969,1970
363,364,365
1974,1975,1976
1968,1969,1970
1974,1975,1976
1971,1972,1973
1974,1975,1976
363,364,365
1977,1978,1979
1974,1975,1976
1977,1978,1979
1980,1981,1982
1974,1975,1976
1980,1981,1982
1971,1972,1973
1977,1978,1979
363,364,365
360,361,362
1977,1978,1979
360,361,362
1983,1984,1985
1977,1978,1979
1983,1984,1985
1980,1981,1982
1983,1984,1985
360,361,362
1986,1987,1988
1983,1984,1985
1986,1987,1988
1989,1990,1991
1983,1984,1985
1989,1990,1991
1980,1981,1982
1986,1987,1988
360,361,362
357,358,359
1986,1987,1988
357,358,359
1992,1993,1994
1986,1987,1988
1992,1993,1994
1989,1990,1991
1992,1993,1994
357,358,359
1995,1996,1997
1992,1993,1994
1995,1996,1997
1998,1999,2000
1992,1993,1994
1998,1999,2000
1989,1990,1991
1995,1996,1997
357,358,359
2001,2002,2003
1995,1996,1997
2001,2002,2003
2004,2005,2006
1995,1996,1997
2004,2005,2006
1998,1999,2000
2001,2002,2003
357,358,359
291,292,293
2001,2002,2003
291,292,293
2007,2008,2009
2001,2002,2003
2007,2008,2009
2004,2005,2006
2007,2008,2009
291,292,293
2010,2011,2012
2007,2008,2009
2010,2011,2012
2004,2005,2006
1911,1912,1913
1884,1885,1886
2013,2014,2015
1911,1912,1913
2013,2014,2015
459,460,461
1911,1912,1913
459,460,461
438,439,440
2013,2014,2015
1884,1885,1886
2016,2017,2018
2013,2014,2015
2016,2017,2018
459,460,461
2016,2017,2018
1884,1885,1886
2019,2020,2021
2016,2017,2018
2019,2020,2021
459,460,461
1884,1885,1886
1860,1861,1862
2022,2023,2024
1884,1885,1886
2022,2023,2024
2019,2020,2021
2019,2020,2021
2022,2023,2024
492,493,494
2019,2020,2021
492,493,494
459,460,461
2022,2023,2024
1860,1861,1862
2025,2026,2027
2022,2023,2024
2025,2026,2027
492,493,494
2025,2026,2027
1860,1861,1862
2028,2029,2030
2025,2026,2027
2028,2029,2030
492,493,494
1860,1861,1862
1854,1855,1856
2031,2032,2033
1860,1861,1862
2031,2032,2033
2028,2029,2030
2028,2029,2030
2031,2032,2033
489,490,491
2028,2029,2030
489,490,491
492,493,494
2031,2032,2033
1854,1855,1856
2034,2035,2036
2031,2032,2033
2034,2035,2036
489,490,491
2034,2035,2036
1854,1855,1856
2037,2038,2039
2034,2035,2036
2037,2038,2039
489,490,491
2037,2038,2039
1854,1855,1856
2040,2041,2042
2037,2038,2039
2040,2041,2042
495,496,497
2037,2038,2039
495,496,497
489,490,491
1854,1855,1856
1830,1831,1832
2043,2044,2045
1854,1855,1856
2043,2044,2045
2040,2041,2042
2040,2041,2042
2043,2044,2045
2046,2047,2048
2040,2041,2042
2046,2047,2048
495,496,497
2046,2047,2048
2043,2044,2045
2049,2050,2051
2046,2047,2048
2049,2050,2051
495,496,497
2043,2044,2045
1830,1831,1832
2052,2053,2054
2043,2044,2045
2052,2053,2054
2049,2050,2051
1830,1831,1832
1827,1828,1829
2055,2056,2057
1830,1831,1832
2055,2056,2057
2052,2053,2054
2052,2053,2054
2055,2056,2057
2058,2059,2060
2052,2053,2054
2058,2059,2060
2049,2050,2051
2049,2050,2051
2058,2059,2060
513,514,515
2049,2050,2051
513,514,515
495,496,497
2058,2059,2060
2055,2056,2057
2061,2062,2063
2058,2059,2060
2061,2062,2063
513,514,515
2061,2062,2063
2055,2056,2057
2064,2065,2066
2061,2062,2063
2064,2065,2066
513,514,515
2055,2056,2057
1827,1828,1829
2067,2068,2069
2055,2056,2057
2067,2068,2069
2064,2065,2066
1827,1828,1829
1800,1801,1802
2070,2071,2072
1827,1828,1829
2070,2071,2072
2067,2068,2069
2067,2068,2069
2070,2071,2072
2073,2074,2075
2067,2068,2069
2073,2074,2075
2064,2065,2066
2064,2065,2066
2073,2074,2075
531,532,533
2064,2065,2066
531,532,533
513,514,515
2073,2074,2075
2070,2071,2072
2076,2077,2078
2073,2074,2075
2076,2077,2078
531,532,533
2076,2077,2078
2070,2071,2072
2079,2080,2081
2076,2077,2078
2079,2080,2081
174,175,176
2076,2077,2078
174,175,176
531,532,533
2070,2071,2072
1800,1801,1802
2082,2083,2084
2070,2071,2072
2082,2083,2084
2079,2080,2081
2079,2080,2081
2082,2083,2084
2085,2086,2087
2079,2080,2081
2085,2086,2087
174,175,176
2082,2083,2084
1800,1801,1802
2088,2089,2090
2082,2083,2084
2088,2089,2090
2085,2086,2087
2085,2086,2087
2088,2089,2090
2091,2092,2093
2085,2086,2087
2091,2092,2093
2094,2095,2096
2085,2086,2087
2094,2095,2096
174,175,176
2094,2095,2096
2091,2092,2093
2097,2098,2099
2094,2095,2096
2097,2098,2099
174,175,176
2091,2092,2093
2088,2089,2090
2100,2101,2102
2091,2092,2093
2100,2101,2102
2097,2098,2099
2100,2101,2102
2088,2089,2090
2103,2104,2105
2100,2101,2102
2103,2104,2105
2097,2098,2099
2103,2104,2105
2088,2089,2090
2106,2107,2108
2103,2104,2105
2106,2107,2108
2097,2098,2099
2106,2107,2108
2088,2089,2090
2109,2110,2111
2106,2107,2108
2109,2110,2111
2097,2098,2099
2109,2110,2111
2088,2089,2090
2112,2113,2114
2109,2110,2111
2112,2113,2114
2097,2098,2099
2097,2098,2099
2112,2113,2114
2115,2116,2117
2097,2098,2099
2115,2116,2117
177,178,179
2097,2098,2099
177,178,179
174,175,176
2115,2116,2117
2112,2113,2114
2118,2119,2120
2115,2116,2117
2118,2119,2120
2121,2122,2123
2115,2116,2117
2121,2122,2123
177,178,179
2121,2122,2123
2118,2119,2120
2124,2125,2126
2121,2122,2123
2124,2125,2126
177,178,179
2112,2113,2114
2088,2089,2090
2127,2128,2129
2112,2113,2114
2127,2128,2129
2118,2119,2120
2088,2089,2090
1800,1801,1802
1782,1783,1784
2088,2089,2090
1782,1783,1784
2127,2128,2129
2127,2128,2129
1782,1783,1784
2130,2131,2132
2127,2128,2129
2130,2131,2132
2118,2119,2120
2130,2131,2132
1782,1783,1784
1764,1765,1766
2130,2131,2132
1764,1765,1766
2133,2134,2135
2130,2131,2132
2133,2134,2135
2118,2119,2120
2133,2134,2135
1764,1765,1766
2136,2137,2138
2133,2134,2135
2136,2137,2138
2139,2140,2141
2133,2134,2135
2139,2140,2141
2118,2119,2120
2118,2119,2120
2139,2140,2141
2142,2143,2144
2118,2119,2120
2142,2143,2144
2124,2125,2126
2124,2125,2126
2142,2143,2144
210,211,212
2124,2125,2126
210,211,212
177,178,179
2142,2143,2144
2139,2140,2141
2145,2146,2147
2142,2143,2144
2145,2146,2147
210,211,212
2145,2146,2147
2139,2140,2141
2148,2149,2150
2145,2146,2147
2148,2149,2150
207,208,209
2145,2146,2147
207,208,209
210,211,212
2148,2149,2150
2139,2140,2141
2151,2152,2153
2148,2149,2150
2151,2152,2153
207,208,209
2151,2152,2153
2139,2140,2141
2154,2155,2156
2151,2152,2153
2154,2155,2156
2157,2158,2159
2151,2152,2153
2157,2158,2159
207,208,209
2139,2140,2141
2136,2137,2138
2160,2161,2162
2139,2140,2141
2160,2161,2162
2154,2155,2156
2136,2137,2138
1764,1765,1766
1746,1747,1748
2136,2137,2138
1746,1747,1748
2160,2161,2162
2160,2161,2162
1746,1747,1748
2163,2164,2165
2160,2161,2162
2163,2164,2165
2154,2155,2156
2163,2164,2165
1746,1747,1748
1743,1744,1745
2163,2164,2165
1743,1744,1745
2166,2167,2168
2163,2164,2165
2166,2167,2168
2154,2155,2156
2166,2167,2168
1743,1744,1745
2169,2170,2171
2166,2167,2168
2169,2170,2171
2172,2173,2174
2166,2167,2168
2172,2173,2174
2154,2155,2156
2169,2170,2171
1743,1744,1745
1716,1717,1718
2169,2170,2171
1716,1717,1718
2175,2176,2177
2169,2170,2171
2175,2176,2177
2172,2173,2174
2175,2176,2177
1716,1717,1718
2178,2179,2180
2175,2176,2177
2178,2179,2180
2181,2182,2183
2175,2176,2177
2181,2182,2183
2172,2173,2174
2178,2179,2180
1716,1717,1718
1698,1699,1700
2178,2179,2180
1698,1699,1700
2184,2185,2186
2178,2179,2180
2184,2185,2186
2181,2182,2183
2184,2185,2186
1698,1699,1700
2187,2188,2189
2184,2185,2186
2187,2188,2189
2004,2005,2006
2184,2185,2186
2004,2005,2006
2181,2182,2183
2187,2188,2189
1698,1699,1700
1674,1675,1676
2187,2188,2189
1674,1675,1676
2190,2191,2192
2187,2188,2189
2190,2191,2192
2004,2005,2006
2004,2005,2006
2010,2011,2012
2181,2182,2183
2004,2005,2006
2190,2191,2192
1998,1999,2000
2190,2191,2192
1674,1675,1676
2193,2194,2195
2190,2191,2192
2193,2194,2195
1998,1999,2000
2181,2182,2183
2010,2011,2012
2196,2197,2198
2181,2182,2183
2196,2197,2198
2172,2173,2174
2010,2011,2012
291,292,293
288,289,290
2010,2011,2012
288,289,290
2196,2197,2198
2196,2197,2198
288,289,290
2199,2200,2201
2196,2197,2198
2199,2200,2201
2172,2173,2174
2172,2173,2174
2199,2200,2201
2202,2203,2204
2172,2173,2174
2202,2203,2204
2154,2155,2156
2199,2200,2201
288,289,290
294,295,296
2199,2200,2201
294,295,296
2202,2203,2204
2202,2203,2204
294,295,296
2205,2206,2207
2202,2203,2204
2205,2206,2207
2154,2155,2156
2154,2155,2156
2205,2206,2207
2157,2158,2159
2205,2206,2207
294,295,296
213,214,215
2205,2206,2207
213,214,215
2157,2158,2159
2157,2158,2159
213,214,215
207,208,209
1998,1999,2000
2193,2194,2195
2208,2209,2210
1998,1999,2000
2208,2209,2210
1989,1990,1991
2193,2194,2195
1674,1675,1676
1668,1669,1670
2193,2194,2195
1668,1669,1670
2208,2209,2210
2208,2209,2210
1668,1669,1670
2211,2212,2213
2208,2209,2210
2211,2212,2213
1989,1990,1991
1989,1990,1991
2211,2212,2213
2214,2215,2216
1989,1990,1991
2214,2215,2216
1980,1981,1982
2211,2212,2213
1668,1669,1670
1644,1645,1646
2211,2212,2213
1644,1645,1646
2214,2215,2216
2214,2215,2216
1644,1645,1646
2217,2218,2219
2214,2215,2216
2217,2218,2219
1980,1981,1982
1980,1981,1982
2217,2218,2219
2220,2221,2222
1980,1981,1982
2220,2221,2222
1971,1972,1973
2217,2218,2219
1644,1645,1646
1641,1642,1643
2217,2218,2219
1641,1642,1643
2220,2221,2222
2220,2221,2222
1641,1642,1643
2223,2224,2225
2220,2221,2222
2223,2224,2225
1971,1972,1973
1971,1972,1973
2223,2224,2225
2226,2227,2228
1971,1972,1973
2226,2227,2228
1953,1954,1955
2223,2224,2225
1641,1642,1643
1614,1615,1616
2223,2224,2225
1614,1615,1616
2226,2227,2228
2226,2227,2228
1614,1615,1616
2229,2230,2231
2226,2227,2228
2229,2230,2231
1953,1954,1955
1953,1954,1955
2229,2230,2231
2232,2233,2234
1953,1954,1955
2232,2233,2234
1941,1942,1943
2229,2230,2231
1614,1615,1616
1596,1597,1598
2229,2230,2231
1596,1597,1598
2232,2233,2234
2232,2233,2234
1596,1597,1598
2235,2236,2237
2232,2233,2234
2235,2236,2237
1941,1942,1943
1941,1942,1943
2235,2236,2237
2238,2239,2240
1941,1942,1943
2238,2239,2240
1908,1909,1910
2235,2236,2237
1596,1597,1598
1578,1579,1580
2235,2236,2237
1578,1579,1580
2238,2239,2240
2238,2239,2240
1578,1579,1580
2241,2242,2243
2238,2239,2240
2241,2242,2243
1908,1909,1910
1908,1909,1910
2241,2242,2243
2244,2245,2246
1908,1909,1910
2244,2245,2246
1896,1897,1898
2241,2242,2243
1578,1579,1580
1560,1561,1562
2241,2242,2243
1560,1561,1562
2244,2245,2246
2244,2245,2246
1560,1561,1562
2247,2248,2249
2244,2245,2246
2247,2248,2249
1896,1897,1898
1896,1897,1898
2247,2248,2249
2250,2251,2252
1896,1897,1898
2250,2251,2252
1875,1876,1877
2247,2248,2249
1560,1561,1562
1557,1558,1559
2247,2248,2249
1557,1558,1559
2250,2251,2252
2250,2251,2252
1557,1558,1559
2253,2254,2255
2250,2251,2252
2253,2254,2255
1875,1876,1877
1875,1876,1877
2253,2254,2255
2256,2257,2258
1875,1876,1877
2256,2257,2258
1869,1870,1871
2253,2254,2255
1557,1558,1559
1530,1531,1532
2253,2254,2255
1530,1531,1532
2256,2257,2258
2256,2257,2258
1530,1531,1532
2259,2260,2261
2256,2257,2258
2259,2260,2261
1869,1870,1871
1869,1870,1871
2259,2260,2261
2262,2263,2264
1869,1870,1871
2262,2263,2264
1842,1843,1844
2259,2260,2261
1530,1531,1532
1512,1513,1514
2259,2260,2261
1512,1513,1514
2262,2263,2264
2262,2263,2264
1512,1513,1514
2265,2266,2267
2262,2263,2264
2265,2266,2267
1842,1843,1844
1842,1843,1844
2265,2266,2267
2268,2269,2270
1842,1843,1844
2268,2269,2270
1818,1819,1820
2265,2266,2267
1512,1513,1514
1494,1495,1496
2265,2266,2267
1494,1495,1496
2268,2269,2270
2268,2269,2270
1494,1495,1496
2271,2272,2273
2268,2269,2270
2271,2272,2273
1818,1819,1820
1818,1819,1820
2271,2272,2273
2274,2275,2276
1818,1819,1820
2274,2275,2276
1812,1813,1814
2271,2272,2273
1494,1495,1496
1476,1477,1478
2271,2272,2273
1476,1477,1478
2274,2275,2276
2274,2275,2276
1476,1477,1478
2277,2278,2279
2274,2275,2276
2277,2278,2279
1812,1813,1814
1812,1813,1814
2277,2278,2279
2280,2281,2282
1812,1813,1814
2280,2281,2282
1794,1795,1796
2277,2278,2279
1476,1477,1478
1458,1459,1460
2277,2278,2279
1458,1459,1460
2280,2281,2282
2280,2281,2282
1458,1459,1460
2283,2284,2285
2280,2281,2282
2283,2284,2285
1794,1795,1796
1794,1795,1796
2283,2284,2285
2286,2287,2288
1794,1795,1796
2286,2287,2288
1776,1777,1778
2283,2284,2285
1458,1459,1460
1455,1456,1457
2283,2284,2285
1455,1456,1457
2286,2287,2288
2286,2287,2288
1455,1456,1457
2289,2290,2291
2286,2287,2288
2289,2290,2291
1776,1777,1778
1776,1777,1778
2289,2290,2291
2292,2293,2294
1776,1777,1778
2292,2293,2294
1758,1759,1760
2289,2290,2291
1455,1456,1457
1428,1429,1430
2289,2290,2291
1428,1429,1430
2292,2293,2294
2292,2293,2294
1428,1429,1430
2295,2296,2297
2292,2293,2294
2295,2296,2297
1758,1759,1760
1758,1759,1760
2295,2296,2297
2298,2299,2300
1758,1759,1760
2298,2299,2300
1734,1735,1736
2295,2296,2297
1428,1429,1430
1410,1411,1412
2295,2296,2297
1410,1411,1412
2298,2299,2300
2298,2299,2300
1410,1411,1412
2301,2302,2303
2298,2299,2300
2301,2302,2303
1734,1735,1736
1734,1735,1736
2301,2302,2303
2304,2305,2306
1734,1735,1736
2304,2305,2306
1728,1729,1730
2301,2302,2303
1410,1411,1412
1392,1393,1394
2301,2302,2303
1392,1393,1394
2304,2305,2306
2304,2305,2306
1392,1393,1394
2307,2308,2309
2304,2305,2306
2307,2308,2309
1728,1729,1730
1728,1729,1730
2307,2308,2309
2310,2311,2312
1728,1729,1730
2310,2311,2312
1710,1711,1712
2307,2308,2309
1392,1393,1394
1380,1381,1382
2307,2308,2309
1380,1381,1382
2310,2311,2312
2310,2311,2312
1380,1381,1382
2313,2314,2315
2310,2311,2312
2313,2314,2315
1710,1711,1712
1710,1711,1712
2313,2314,2315
2316,2317,2318
1710,1711,1712
2316,2317,2318
1689,1690,1691
2313,2314,2315
1380,1381,1382
1371,1372,1373
2313,2314,2315
1371,1372,1373
2316,2317,2318
2316,2317,2318
1371,1372,1373
2319,2320,2321
2316,2317,2318
2319,2320,2321
1689,1690,1691
1689,1690,1691
2319,2320,2321
2322,2323,2324
1689,1690,1691
2322,2323,2324
1683,1684,1685
2319,2320,2321
1371,1372,1373
1344,1345,1346
2319,2320,2321
1344,1345,1346
2322,2323,2324
2322,2323,2324
1344,1345,1346
2325,2326,2327
2322,2323,2324
2325,2326,2327
1683,1684,1685
1683,1684,1685
2325,2326,2327
2328,2329,2330
1683,1684,1685
2328,2329,2330
1656,1657,1658
2325,2326,2327
1344,1345,1346
1326,1327,1328
2325,2326,2327
1326,1327,1328
2328,2329,2330
2328,2329,2330
1326,1327,1328
2331,2332,2333
2328,2329,2330
2331,2332,2333
1656,1657,1658
1656,1657,1658
2331,2332,2333
2334,2335,2336
1656,1657,1658
2334,2335,2336
1632,1633,1634
2331,2332,2333
1326,1327,1328
1308,1309,1310
2331,2332,2333
1308,1309,1310
2334,2335,2336
2334,2335,2336
1308,1309,1310
2337,2338,2339
2334,2335,2336
2337,2338,2339
1632,1633,1634
1632,1633,1634
2337,2338,2339
2340,2341,2342
1632,1633,1634
2340,2341,2342
1626,1627,1628
2337,2338,2339
1308,1309,1310
1290,1291,1292
2337,2338,2339
1290,1291,1292
2340,2341,2342
2340,2341,2342
1290,1291,1292
2343,2344,2345
2340,2341,2342
2343,2344,2345
1626,1627,1628
1626,1627,1628
2343,2344,2345
2346,2347,2348
1626,1627,1628
2346,2347,2348
1605,1606,1607
2343,2344,2345
1290,1291,1292
1272,1273,1274
2343,2344,2345
1272,1273,1274
2346,2347,2348
2346,2347,2348
1272,1273,1274
2349,2350,2351
2346,2347,2348
2349,2350,2351
1605,1606,1607
1605,1606,1607
2349,2350,2351
2352,2353,2354
1605,1606,1607
2352,2353,2354
1590,1591,1592
2349,2350,2351
1272,1273,1274
1269,1270,1271
2349,2350,2351
1269,1270,1271
2352,2353,2354
2352,2353,2354
1269,1270,1271
2355,2356,2357
2352,2353,2354
2355,2356,2357
1590,1591,1592
1590,1591,1592
2355,2356,2357
2358,2359,2360
1590,1591,1592
2358,2359,2360
1572,1573,1574
2355,2356,2357
1269,1270,1271
1242,1243,1244
2355,2356,2357
1242,1243,1244
2358,2359,2360
2358,2359,2360
1242,1243,1244
2361,2362,2363
2358,2359,2360
2361,2362,2363
1572,1573,1574
1572,1573,1574
2361,2362,2363
2364,2365,2366
1572,1573,1574
2364,2365,2366
1548,1549,1550
2361,2362,2363
1242,1243,1244
1224,1225,1226
2361,2362,2363
1224,1225,1226
2364,2365,2366
2364,2365,2366
1224,1225,1226
2367,2368,2369
2364,2365,2366
2367,2368,2369
1548,1549,1550
1548,1549,1550
2367,2368,2369
2370,2371,2372
1548,1549,1550
2370,2371,2372
1542,1543,1544
2367,2368,2369
1224,1225,1226
1206,1207,1208
2367,2368,2369
1206,1207,1208
2370,2371,2372
2370,2371,2372
1206,1207,1208
2373,2374,2375
2370,2371,2372
2373,2374,2375
1542,1543,1544
1542,1543,1544
2373,2374,2375
2376,2377,2378
1542,1543,1544
2376,2377,2378
1524,1525,1526
2373,2374,2375
1206,1207,1208
1194,1195,1196
2373,2374,2375
1194,1195,1196
2376,2377,2378
2376,2377,2378
1194,1195,1196
2379,2380,2381
2376,2377,2378
2379,2380,2381
1524,1525,1526
1524,1525,1526
2379,2380,2381
2382,2383,2384
1524,1525,1526
2382,2383,2384
1503,1504,1505
2379,2380,2381
1194,1195,1196
1185,1186,1187
2379,2380,2381
1185,1186,1187
2382,2383,2384
2382,2383,2384
1185,1186,1187
2385,2386,2387
2382,2383,2384
2385,2386,2387
1503,1504,1505
1503,1504,1505
2385,2386,2387
2388,2389,2390
1503,1504,1505
2388,2389,2390
1488,1489,1490
2385,2386,2387
1185,1186,1187
1158,1159,1160
2385,2386,2387
1158,1159,1160
2388,2389,2390
2388,2389,2390
1158,1159,1160
2391,2392,2393
2388,2389,2390
2391,2392,2393
1488,1489,1490
1488,1489,1490
2391,2392,2393
2394,2395,2396
1488,1489,1490
2394,2395,2396
1470,1471,1472
2391,2392,2393
1158,1159,1160
1140,1141,1142
2391,2392,2393
1140,1141,1142
2394,2395,2396
2394,2395,2396
1140,1141,1142
2397,2398,2399
2394,2395,2396
2397,2398,2399
1470,1471,1472
1470,1471,1472
2397,2398,2399
2400,2401,2402
1470,1471,1472
2400,2401,2402
1446,1447,1448
2397,2398,2399
1140,1141,1142
1122,1123,1124
2397,2398,2399
1122,1123,1124
2400,2401,2402
2400,2401,2402
1122,1123,1124
2403,2404,2405
2400,2401,2402
2403,2404,2405
1446,1447,1448
1446,1447,1448
2403,2404,2405
2406,2407,2408
1446,1447,1448
2406,2407,2408
1440,1441,1442
2403,2404,2405
1122,1123,1124
1104,1105,1106
2403,2404,2405
1104,1105,1106
2406,2407,2408
2406,2407,2408
1104,1105,1106
2409,2410,2411
2406,2407,2408
2409,2410,2411
1440,1441,1442
1440,1441,1442
2409,2410,2411
2412,2413,2414
1440,1441,1442
2412,2413,2414
1419,1420,1421
2409,2410,2411
1104,1105,1106
1086,1087,1088
2409,2410,2411
1086,1087,1088
2412,2413,2414
2412,2413,2414
1086,1087,1088
2415,2416,2417
2412,2413,2414
2415,2416,2417
1419,1420,1421
1419,1420,1421
2415,2416,2417
2418,2419,2420
1419,1420,1421
2418,2419,2420
1404,1405,1406
2415,2416,2417
1086,1087,1088
1083,1084,1085
2415,2416,2417
1083,1084,1085
2418,2419,2420
2418,2419,2420
1083,1084,1085
2421,2422,2423
2418,2419,2420
2421,2422,2423
1404,1405,1406
1404,1405,1406
2421,2422,2423
2424,2425,2426
1404,1405,1406
2424,2425,2426
1389,1390,1391
2421,2422,2423
1083,1084,1085
1056,1057,1058
2421,2422,2423
1056,1057,1058
2424,2425,2426
2424,2425,2426
1056,1057,1058
2427,2428,2429
2424,2425,2426
2427,2428,2429
1389,1390,1391
1389,1390,1391
2427,2428,2429
2430,2431,2432
1389,1390,1391
2430,2431,2432
1362,1363,1364
2427,2428,2429
1056,1057,1058
1038,1039,1040
2427,2428,2429
1038,1039,1040
2430,2431,2432
2430,2431,2432
1038,1039,1040
2433,2434,2435
2430,2431,2432
2433,2434,2435
1362,1363,1364
1362,1363,1364
2433,2434,2435
2436,2437,2438
1362,1363,1364
2436,2437,2438
1356,1357,1358
2433,2434,2435
1038,1039,1040
1020,1021,1022
2433,2434,2435
1020,1021,1022
2436,2437,2438
2436,2437,2438
1020,1021,1022
2439,2440,2441
2436,2437,2438
2439,2440,2441
1356,1357,1358
1356,1357,1358
2439,2440,2441
2442,2443,2444
1356,1357,1358
2442,2443,2444
1338,1339,1340
2439,2440,2441
1020,1021,1022
1008,1009,1010
2439,2440,2441
1008,1009,1010
2442,2443,2444
2442,2443,2444
1008,1009,1010
2445,2446,2447
2442,2443,2444
2445,2446,2447
1338,1339,1340
1338,1339,1340
2445,2446,2447
2448,2449,2450
1338,1339,1340
2448,2449,2450
1320,1321,1322
2445,2446,2447
1008,1009,1010
999,1000,1001
2445,2446,2447
999,1000,1001
2448,2449,2450
2448,2449,2450
999,1000,1001
2451,2452,2453
2448,2449,2450
2451,2452,2453
1320,1321,1322
1320,1321,1322
2451,2452,2453
2454,2455,2456
1320,1321,1322
2454,2455,2456
1302,1303,1304
2451,2452,2453
999,1000,1001
981,982,983
2451,2452,2453
981,982,983
2454,2455,2456
2454,2455,2456
981,982,983
2457,2458,2459
2454,2455,2456
2457,2458,2459
1302,1303,1304
1302,1303,1304
2457,2458,2459
2460,2461,2462
1302,1303,1304
2460,2461,2462
1284,1285,1286
2457,2458,2459
981,982,983
954,955,956
2457,2458,2459
954,955,956
2460,2461,2462
2460,2461,2462
954,955,956
2463,2464,2465
2460,2461,2462
2463,2464,2465
1284,1285,1286
1284,1285,1286
2463,2464,2465
2466,2467,2468
1284,1285,1286
2466,2467,2468
1260,1261,1262
2463,2464,2465
954,955,956
936,937,938
2463,2464,2465
936,937,938
2466,2467,2468
2466,2467,2468
936,937,938
2469,2470,2471
2466,2467,2468
2469,2470,2471
1260,1261,1262
1260,1261,1262
2469,2470,2471
2472,2473,2474
1260,1261,1262
2472,2473,2474
1254,1255,1256
2469,2470,2471
936,937,938
918,919,920
2469,2470,2471
918,919,920
2472,2473,2474
2472,2473,2474
918,919,920
2475,2476,2477
2472,2473,2474
2475,2476,2477
1254,1255,1256
1254,1255,1256
2475,2476,2477
2478,2479,2480
1254,1255,1256
2478,2479,2480
1233,1234,1235
2475,2476,2477
918,919,920
906,907,908
2475,2476,2477
906,907,908
2478,2479,2480
2478,2479,2480
906,907,908
2481,2482,2483
2478,2479,2480
2481,2482,2483
1233,1234,1235
1233,1234,1235
2481,2482,2483
2484,2485,2486
1233,1234,1235
2484,2485,2486
1218,1219,1220
2481,2482,2483
906,907,908
897,898,899
2481,2482,2483
897,898,899
2484,2485,2486
2484,2485,2486
897,898,899
2487,2488,2489
2484,2485,2486
2487,2488,2489
1218,1219,1220
1218,1219,1220
2487,2488,2489
2490,2491,2492
1218,1219,1220
2490,2491,2492
1203,1204,1205
2487,2488,2489
897,898,899
870,871,872
2487,2488,2489
870,871,872
2490,2491,2492
2490,2491,2492
870,871,872
2493,2494,2495
2490,2491,2492
2493,2494,2495
1203,1204,1205
1203,1204,1205
2493,2494,2495
2496,2497,2498
1203,1204,1205
2496,2497,2498
1176,1177,1178
2493,2494,2495
870,871,872
852,853,854
2493,2494,2495
852,853,854
2496,2497,2498
2496,2497,2498
852,853,854
2499,2500,2501
2496,2497,2498
2499,2500,2501
1176,1177,1178
1176,1177,1178
2499,2500,2501
2502,2503,2504
1176,1177,1178
2502,2503,2504
1170,1171,1172
2499,2500,2501
852,853,854
834,835,836
2499,2500,2501
834,835,836
2502,2503,2504
2502,2503,2504
834,835,836
2505,2506,2507
2502,2503,2504
2505,2506,2507
1170,1171,1172
1170,1171,1172
2505,2506,2507
2508,2509,2510
1170,1171,1172
2508,2509,2510
1152,1153,1154
2505,2506,2507
834,835,836
822,823,824
2505,2506,2507
822,823,824
2508,2509,2510
2508,2509,2510
822,823,824
2511,2512,2513
2508,2509,2510
2511,2512,2513
1152,1153,1154
1152,1153,1154
2511,2512,2513
2514,2515,2516
1152,1153,1154
2514,2515,2516
1134,1135,1136
2511,2512,2513
822,823,824
813,814,815
2511,2512,2513
813,814,815
2514,2515,2516
2514,2515,2516
813,814,815
2517,2518,2519
2514,2515,2516
2517,2518,2519
1134,1135,1136
1134,1135,1136
2517,2518,2519
2520,2521,2522
1134,1135,1136
2520,2521,2522
1116,1117,1118
2517,2518,2519
813,814,815
795,796,797
2517,2518,2519
795,796,797
2520,2521,2522
2520,2521,2522
795,796,797
2523,2524,2525
2520,2521,2522
2523,2524,2525
1116,1117,1118
1116,1117,1118
2523,2524,2525
2526,2527,2528
1116,1117,1118
2526,2527,2528
1098,1099,1100
2523,2524,2525
795,796,797
768,769,770
2523,2524,2525
768,769,770
2526,2527,2528
2526,2527,2528
768,769,770
2529,2530,2531
2526,2527,2528
2529,2530,2531
1098,1099,1100
1098,1099,1100
2529,2530,2531
2532,2533,2534
1098,1099,1100
2532,2533,2534
1074,1075,1076
2529,2530,2531
768,769,770
750,751,752
2529,2530,2531
750,751,752
2532,2533,2534
2532,2533,2534
750,751,752
2535,2536,2537
2532,2533,2534
2535,2536,2537
1074,1075,1076
1074,1075,1076
2535,2536,2537
2538,2539,2540
1074,1075,1076
2538,2539,2540
1068,1069,1070
2535,2536,2537
750,751,752
732,733,734
2535,2536,2537
732,733,734
2538,2539,2540
2538,2539,2540
732,733,734
2541,2542,2543
2538,2539,2540
2541,2542,2543
1068,1069,1070
1068,1069,1070
2541,2542,2543
2544,2545,2546
1068,1069,1070
2544,2545,2546
1047,1048,1049
2541,2542,2543
732,733,734
720,721,722
2541,2542,2543
720,721,722
2544,2545,2546
2544,2545,2546
720,721,722
2547,2548,2549
2544,2545,2546
2547,2548,2549
1047,1048,1049
1047,1048,1049
2547,2548,2549
2550,2551,2552
1047,1048,1049
2550,2551,2552
1032,1033,1034
2547,2548,2549
720,721,722
711,712,713
2547,2548,2549
711,712,713
2550,2551,2552
2550,2551,2552
711,712,713
2553,2554,2555
2550,2551,2552
2553,2554,2555
1032,1033,1034
1032,1033,1034
2553,2554,2555
2556,2557,2558
1032,1033,1034
2556,2557,2558
1017,1018,1019
2553,2554,2555
711,712,713
684,685,686
2553,2554,2555
684,685,686
2556,2557,2558
2556,2557,2558
684,685,686
2559,2560,2561
2556,2557,2558
2559,2560,2561
1017,1018,1019
1017,1018,1019
2559,2560,2561
2562,2563,2564
1017,1018,1019
2562,2563,2564
990,991,992
2559,2560,2561
684,685,686
666,667,668
2559,2560,2561
666,667,668
2562,2563,2564
2562,2563,2564
666,667,668
2565,2566,2567
2562,2563,2564
2565,2566,2567
990,991,992
990,991,992
2565,2566,2567
2568,2569,2570
990,991,992
2568,2569,2570
972,973,974
2565,2566,2567
666,667,668
648,649,650
2565,2566,2567
648,649,650
2568,2569,2570
2568,2569,2570
648,649,650
2571,2572,2573
2568,2569,2570
2571,2572,2573
972,973,974
972,973,974
2571,2572,2573
2574,2575,2576
972,973,974
2574,2575,2576
966,967,968
2571,2572,2573
648,649,650
642,643,644
2571,2572,2573
642,643,644
2574,2575,2576
2574,2575,2576
642,643,644
2577,2578,2579
2574,2575,2576
2577,2578,2579
966,967,968
966,967,968
2577,2578,2579
2580,2581,2582
966,967,968
2580,2581,2582
948,949,950
2577,2578,2579
642,643,644
627,628,629
2577,2578,2579
627,628,629
2580,2581,2582
2580,2581,2582
627,628,629
2583,2584,2585
2580,2581,2582
2583,2584,2585
948,949,950
948,949,950
2583,2584,2585
2586,2587,2588
948,949,950
2586,2587,2588
930,931,932
2583,2584,2585
627,628,629
609,610,611
2583,2584,2585
609,610,611
2586,2587,2588
2586,2587,2588
609,610,611
2589,2590,2591
2586,2587,2588
2589,2590,2591
930,931,932
930,931,932
2589,2590,2591
2592,2593,2594
930,931,932
2592,2593,2594
915,916,917
2589,2590,2591
609,610,611
582,583,584
2589,2590,2591
582,583,584
2592,2593,2594
2592,2593,2594
582,583,584
2595,2596,2597
2592,2593,2594
2595,2596,2597
915,916,917
915,916,917
2595,2596,2597
2598,2599,2600
915,916,917
2598,2599,2600
888,889,890
2595,2596,2597
582,583,584
564,565,566
2595,2596,2597
564,565,566
2598,2599,2600
2598,2599,2600
564,565,566
2601,2602,2603
2598,2599,2600
2601,2602,2603
888,889,890
888,889,890
2601,2602,2603
2604,2605,2606
888,889,890
2604,2605,2606
882,883,884
2601,2602,2603
564,565,566
543,544,545
2601,2602,2603
543,544,545
2604,2605,2606
2604,2605,2606
543,544,545
2607,2608,2609
2604,2605,2606
2607,2608,2609
882,883,884
882,883,884
2607,2608,2609
2610,2611,2612
882,883,884
2610,2611,2612
861,862,863
2607,2608,2609
543,544,545
540,541,542
2607,2608,2609
540,541,542
2610,2611,2612
2610,2611,2612
540,541,542
2613,2614,2615
2610,2611,2612
2613,2614,2615
861,862,863
861,862,863
2613,2614,2615
2616,2617,2618
861,862,863
2616,2617,2618
846,847,848
2613,2614,2615
540,541,542
30,31,32
2613,2614,2615
30,31,32
2616,2617,2618
2616,2617,2618
30,31,32
2619,2620,2621
2616,2617,2618
2619,2620,2621
846,847,848
846,847,848
2619,2620,2621
2622,2623,2624
846,847,848
2622,2623,2624
831,832,833
2619,2620,2621
30,31,32
15,16,17
2619,2620,2621
15,16,17
2622,2623,2624
2622,2623,2624
15,16,17
2625,2626,2627
2622,2623,2624
2625,2626,2627
831,832,833
831,832,833
2625,2626,2627
2628,2629,2630
831,832,833
2628,2629,2630
804,805,806
2625,2626,2627
15,16,17
12,13,14
2625,2626,2627
12,13,14
2628,2629,2630
2628,2629,2630
12,13,14
2631,2632,2633
2628,2629,2630
2631,2632,2633
804,805,806
804,805,806
2631,2632,2633
2634,2635,2636
804,805,806
2634,2635,2636
786,787,788
2631,2632,2633
12,13,14
42,43,44
2631,2632,2633
42,43,44
2634,2635,2636
2634,2635,2636
42,43,44
2637,2638,2639
2634,2635,2636
2637,2638,2639
786,787,788
786,787,788
2637,2638,2639
2640,2641,2642
786,787,788
2640,2641,2642
780,781,782
2637,2638,2639
42,43,44
54,55,56
2637,2638,2639
54,55,56
2640,2641,2642
2640,2641,2642
54,55,56
2643,2644,2645
2640,2641,2642
2643,2644,2645
780,781,782
780,781,782
2643,2644,2645
2646,2647,2648
780,781,782
2646,2647,2648
762,763,764
2643,2644,2645
54,55,56
66,67,68
2643,2644,2645
66,67,68
2646,2647,2648
540,541,542
36,37,38
30,31,32
531,532,533
174,175,176
150,151,152
2646,2647,2648
66,67,68
2649,2650,2651
2646,2647,2648
2649,2650,2651
762,763,764
762,763,764
2649,2650,2651
2652,2653,2654
762,763,764
2652,2653,2654
744,745,746
2649,2650,2651
66,67,68
72,73,74
2649,2650,2651
72,73,74
2652,2653,2654
2652,2653,2654
72,73,74
2655,2656,2657
2652,2653,2654
2655,2656,2657
744,745,746
744,745,746
2655,2656,2657
2658,2659,2660
744,745,746
2658,2659,2660
729,730,731
2655,2656,2657
72,73,74
84,85,86
2655,2656,2657
84,85,86
2658,2659,2660
2658,2659,2660
84,85,86
2661,2662,2663
2658,2659,2660
2661,2662,2663
729,730,731
729,730,731
2661,2662,2663
2664,2665,2666
729,730,731
2664,2665,2666
702,703,704
2661,2662,2663
84,85,86
96,97,98
2661,2662,2663
96,97,98
2664,2665,2666
2664,2665,2666
96,97,98
2667,2668,2669
2664,2665,2666
2667,2668,2669
702,703,704
702,703,704
2667,2668,2669
2670,2671,2672
702,703,704
2670,2671,2672
696,697,698
2667,2668,2669
96,97,98
108,109,110
2667,2668,2669
108,109,110
2670,2671,2672
2670,2671,2672
108,109,110
2673,2674,2675
2670,2671,2672
2673,2674,2675
696,697,698
696,697,698
2673,2674,2675
2676,2677,2678
696,697,698
2676,2677,2678
675,676,677
2673,2674,2675
108,109,110
120,121,122
2673,2674,2675
120,121,122
2676,2677,2678
2676,2677,2678
120,121,122
2679,2680,2681
2676,2677,2678
2679,2680,2681
675,676,677
675,676,677
2679,2680,2681
2682,2683,2684
675,676,677
2682,2683,2684
660,661,662
2679,2680,2681
120,121,122
2685,2686,2687
2679,2680,2681
2685,2686,2687
2682,2683,2684
2682,2683,2684
2685,2686,2687
2688,2689,2690
2682,2683,2684
2688,2689,2690
660,661,662
660,661,662
2688,2689,2690
633,634,635
633,634,635
2688,2689,2690
2691,2692,2693
633,634,635
2691,2692,2693
618,619,620
2688,2689,2690
2685,2686,2687
2694,2695,2696
2688,2689,2690
2694,2695,2696
2691,2692,2693
618,619,620
2691,2692,2693
2697,2698,2699
618,619,620
2697,2698,2699
600,601,602
2691,2692,2693
2694,2695,2696
2700,2701,2702
2691,2692,2693
2700,2701,2702
2697,2698,2699
600,601,602
2697,2698,2699
2703,2704,2705
600,601,602
2703,2704,2705
594,595,596
2697,2698,2699
2700,2701,2702
2706,2707,2708
2697,2698,2699
2706,2707,2708
2703,2704,2705
594,595,596
2703,2704,2705
2709,2710,2711
594,595,596
2709,2710,2711
576,577,578
2703,2704,2705
2706,2707,2708
2712,2713,2714
2703,2704,2705
2712,2713,2714
2709,2710,2711
576,577,578
2709,2710,2711
2715,2716,2717
576,577,578
2715,2716,2717
558,559,560
2709,2710,2711
2712,2713,2714
2718,2719,2720
2709,2710,2711
2718,2719,2720
2715,2716,2717
2715,2716,2717
2718,2719,2720
2721,2722,2723
2715,2716,2717
2721,2722,2723
2724,2725,2726
2715,2716,2717
2724,2725,2726
558,559,560
558,559,560
2724,2725,2726
2727,2728,2729
558,559,560
2727,2728,2729
561,562,563
2724,2725,2726
2721,2722,2723
2730,2731,2732
2724,2725,2726
2730,2731,2732
2727,2728,2729
2727,2728,2729
2730,2731,2732
2733,2734,2735
2727,2728,2729
2733,2734,2735
561,562,563
2733,2734,2735
2730,2731,2732
2736,2737,2738
2733,2734,2735
2736,2737,2738
561,562,563
561,562,563
2736,2737,2738
399,400,401
2736,2737,2738
2730,2731,2732
2739,2740,2741
2736,2737,2738
2739,2740,2741
399,400,401
399,400,401
2739,2740,2741
336,337,338
2739,2740,2741
2730,2731,2732
2742,2743,2744
2739,2740,2741
2742,2743,2744
336,337,338
2742,2743,2744
2730,2731,2732
2745,2746,2747
2742,2743,2744
2745,2746,2747
336,337,338
2730,2731,2732
2721,2722,2723
2745,2746,2747
336,337,338
2745,2746,2747
324,325,326
120,121,122
117,118,119
2685,2686,2687
2745,2746,2747
2721,2722,2723
2748,2749,2750
2745,2746,2747
2748,2749,2750
324,325,326
2748,2749,2750
2721,2722,2723
2751,2752,2753
2748,2749,2750
2751,2752,2753
324,325,326
2721,2722,2723
2718,2719,2720
2751,2752,2753
324,325,326
2751,2752,2753
267,268,269
2751,2752,2753
2718,2719,2720
2754,2755,2756
2751,2752,2753
2754,2755,2756
267,268,269
2718,2719,2720
2712,2713,2714
2754,2755,2756
2754,2755,2756
2712,2713,2714
2757,2758,2759
2754,2755,2756
2757,2758,2759
267,268,269
267,268,269
2757,2758,2759
261,262,263
2757,2758,2759
2712,2713,2714
2760,2761,2762
2757,2758,2759
2760,2761,2762
261,262,263
2712,2713,2714
2706,2707,2708
2760,2761,2762
2760,2761,2762
2706,2707,2708
2763,2764,2765
2760,2761,2762
2763,2764,2765
261,262,263
261,262,263
2763,2764,2765
255,256,257
2763,2764,2765
2706,2707,2708
2766,2767,2768
2763,2764,2765
2766,2767,2768
255,256,257
2706,2707,2708
2700,2701,2702
2766,2767,2768
2766,2767,2768
2700,2701,2702
2769,2770,2771
2766,2767,2768
2769,2770,2771
255,256,257
2700,2701,2702
2694,2695,2696
2769,2770,2771
255,256,257
2769,2770,2771
192,193,194
2769,2770,2771
2694,2695,2696
2772,2773,2774
2769,2770,2771
2772,2773,2774
192,193,194
2772,2773,2774
2694,2695,2696
2775,2776,2777
2772,2773,2774
2775,2776,2777
192,193,194
192,193,194
2775,2776,2777
156,157,158
2775,2776,2777
2694,2695,2696
2778,2779,2780
2775,2776,2777
2778,2779,2780
156,157,158
2694,2695,2696
2685,2686,2687
2778,2779,2780
2778,2779,2780
2685,2686,2687
2781,2782,2783
2778,2779,2780
2781,2782,2783
156,157,158
2685,2686,2687
117,118,119
2781,2782,2783
2781,2782,2783
117,118,119
156,157,158
