0,1,2
3,4,5
6,7,8
3,4,5
0,1,2
9,10,11
3,4,5
9,10,11
12,13,14
3,4,5
12,13,14
15,16,17
3,4,5
15,16,17
6,7,8
9,10,11
0,1,2
18,19,20
9,10,11
18,19,20
21,22,23
9,10,11
21,22,23
24,25,26
9,10,11
24,25,26
12,13,14
24,25,26
21,22,23
27,28,29
24,25,26
27,28,29
30,31,32
24,25,26
30,31,32
33,34,35
24,25,26
33,34,35
12,13,14
21,22,23
18,19,20
36,37,38
21,22,23
36,37,38
39,40,41
21,22,23
39,40,41
27,28,29
27,28,29
39,40,41
42,43,44
27,28,29
42,43,44
45,46,47
27,28,29
45,46,47
30,31,32
42,43,44
39,40,41
48,49,50
42,43,44
48,49,50
51,52,53
42,43,44
51,52,53
45,46,47
48,49,50
39,40,41
54,55,56
48,49,50
54,55,56
57,58,59
48,49,50
57,58,59
51,52,53
39,40,41
36,37,38
60,61,62
39,40,41
60,61,62
54,55,56
54,55,56
60,61,62
63,64,65
54,55,56
63,64,65
66,67,68
54,55,56
66,67,68
57,58,59
60,61,62
36,37,38
69,70,71
60,61,62
69,70,71
72,73,74
60,61,62
72,73,74
63,64,65
36,37,38
18,19,20
75,76,77
36,37,38
75,76,77
69,70,71
18,19,20
0,1,2
78,79,80
18,19,20
78,79,80
75,76,77
78,79,80
0,1,2
81,82,83
78,79,80
81,82,83
84,85,86
78,79,80
84,85,86
75,76,77
75,76,77
84,85,86
87,88,89
75,76,77
87,88,89
69,70,71
84,85,86
81,82,83
90,91,92
84,85,86
90,91,92
87,88,89
90,91,92
81,82,83
93,94,95
90,91,92
93,94,95
87,88,89
87,88,89
93,94,95
96,97,98
87,88,89
96,97,98
69,70,71
69,70,71
96,97,98
72,73,74
72,73,74
96,97,98
99,100,101
72,73,74
99,100,101
63,64,65
96,97,98
93,94,95
102,103,104
96,97,98
102,103,104
99,100,101
93,94,95
81,82,83
105,106,107
93,94,95
105,106,107
102,103,104
81,82,83
0,1,2
108,109,110
81,82,83
108,109,110
105,106,107
0,1,2
6,7,8
111,112,113
0,1,2
111,112,113
108,109,110
108,109,110
111,112,113
114,115,116
108,109,110
114,115,116
105,106,107
105,106,107
114,115,116
117,118,119
105,106,107
117,118,119
102,103,104
102,103,104
117,118,119
120,121,122
102,103,104
120,121,122
99,100,101
99,100,101
120,121,122
123,124,125
99,100,101
123,124,125
63,64,65
63,64,65
123,124,125
126,127,128
63,64,65
126,127,128
66,67,68
123,124,125
120,121,122
129,130,131
123,124,125
129,130,131
132,133,134
123,124,125
132,133,134
126,127,128
120,121,122
117,118,119
135,136,137
120,121,122
135,136,137
129,130,131
117,118,119
114,115,116
138,139,140
117,118,119
138,139,140
135,136,137
114,115,116
111,112,113
141,142,143
114,115,116
141,142,143
138,139,140
138,139,140
141,142,143
144,145,146
138,139,140
144,145,146
147,148,149
138,139,140
147,148,149
135,136,137
141,142,143
111,112,113
150,151,152
141,142,143
150,151,152
153,154,155
141,142,143
153,154,155
144,145,146
111,112,113
6,7,8
156,157,158
111,112,113
156,157,158
150,151,152
156,157,158
6,7,8
159,160,161
156,157,158
159,160,161
150,151,152
150,151,152
159,160,161
162,163,164
150,151,152
162,163,164
153,154,155
153,154,155
162,163,164
165,166,167
153,154,155
165,166,167
168,169,170
153,154,155
168,169,170
144,145,146
144,145,146
168,169,170
171,172,173
144,145,146
171,172,173
147,148,149
171,172,173
168,169,170
174,175,176
171,172,173
174,175,176
177,178,179
171,172,173
177,178,179
147,148,149
147,148,149
177,178,179
180,181,182
147,148,149
180,181,182
135,136,137
135,136,137
180,181,182
183,184,185
135,136,137
183,184,185
129,130,131
129,130,131
183,184,185
186,187,188
129,130,131
186,187,188
132,133,134
183,184,185
180,181,182
189,190,191
183,184,185
189,190,191
186,187,188
180,181,182
177,178,179
192,193,194
180,181,182
192,193,194
189,190,191
189,190,191
192,193,194
195,196,197
189,190,191
195,196,197
198,199,200
189,190,191
198,199,200
186,187,188
186,187,188
198,199,200
201,202,203
186,187,188
201,202,203
132,133,134
132,133,134
201,202,203
204,205,206
132,133,134
204,205,206
126,127,128
126,127,128
204,205,206
207,208,209
126,127,128
207,208,209
66,67,68
66,67,68
207,208,209
210,211,212
66,67,68
210,211,212
57,58,59
57,58,59
210,211,212
213,214,215
57,58,59
213,214,215
51,52,53
210,211,212
207,208,209
216,217,218
210,211,212
216,217,218
219,220,221
210,211,212
219,220,221
213,214,215
207,208,209
204,205,206
222,223,224
207,208,209
222,223,224
216,217,218
204,205,206
201,202,203
225,226,227
204,205,206
225,226,227
222,223,224
201,202,203
198,199,200
228,229,230
201,202,203
228,229,230
225,226,227
228,229,230
198,199,200
231,232,233
228,229,230
231,232,233
225,226,227
198,199,200
195,196,197
231,232,233
231,232,233
195,196,197
234,235,236
231,232,233
234,235,236
225,226,227
225,226,227
234,235,236
222,223,224
222,223,224
234,235,236
237,238,239
222,223,224
237,238,239
216,217,218
234,235,236
195,196,197
240,241,242
234,235,236
240,241,242
237,238,239
195,196,197
192,193,194
240,241,242
192,193,194
177,178,179
243,244,245
192,193,194
243,244,245
240,241,242
240,241,242
243,244,245
246,247,248
240,241,242
246,247,248
237,238,239
177,178,179
174,175,176
249,250,251
177,178,179
249,250,251
243,244,245
243,244,245
249,250,251
252,253,254
243,244,245
252,253,254
246,247,248
174,175,176
168,169,170
255,256,257
174,175,176
255,256,257
249,250,251
249,250,251
255,256,257
258,259,260
249,250,251
258,259,260
252,253,254
168,169,170
165,166,167
261,262,263
168,169,170
261,262,263
255,256,257
255,256,257
261,262,263
264,265,266
255,256,257
264,265,266
258,259,260
261,262,263
165,166,167
267,268,269
261,262,263
267,268,269
270,271,272
261,262,263
270,271,272
264,265,266
165,166,167
162,163,164
273,274,275
165,166,167
273,274,275
267,268,269
162,163,164
159,160,161
276,277,278
162,163,164
276,277,278
273,274,275
276,277,278
159,160,161
279,280,281
276,277,278
279,280,281
282,283,284
276,277,278
282,283,284
273,274,275
273,274,275
282,283,284
285,286,287
273,274,275
285,286,287
267,268,269
282,283,284
279,280,281
288,289,290
282,283,284
288,289,290
285,286,287
288,289,290
279,280,281
291,292,293
288,289,290
291,292,293
285,286,287
285,286,287
291,292,293
294,295,296
285,286,287
294,295,296
267,268,269
267,268,269
294,295,296
270,271,272
270,271,272
294,295,296
297,298,299
270,271,272
297,298,299
264,265,266
294,295,296
291,292,293
300,301,302
294,295,296
300,301,302
297,298,299
291,292,293
279,280,281
303,304,305
291,292,293
303,304,305
300,301,302
279,280,281
159,160,161
306,307,308
279,280,281
306,307,308
303,304,305
159,160,161
6,7,8
309,310,311
159,160,161
309,310,311
306,307,308
306,307,308
309,310,311
312,313,314
306,307,308
312,313,314
303,304,305
303,304,305
312,313,314
315,316,317
303,304,305
315,316,317
300,301,302
300,301,302
315,316,317
318,319,320
300,301,302
318,319,320
297,298,299
297,298,299
318,319,320
321,322,323
297,298,299
321,322,323
264,265,266
264,265,266
321,322,323
324,325,326
264,265,266
324,325,326
258,259,260
258,259,260
324,325,326
327,328,329
258,259,260
327,328,329
252,253,254
252,253,254
327,328,329
330,331,332
252,253,254
330,331,332
246,247,248
246,247,248
330,331,332
333,334,335
246,247,248
333,334,335
237,238,239
333,334,335
330,331,332
336,337,338
333,334,335
336,337,338
237,238,239
237,238,239
336,337,338
216,217,218
216,217,218
336,337,338
339,340,341
216,217,218
339,340,341
219,220,221
339,340,341
336,337,338
342,343,344
339,340,341
342,343,344
345,346,347
339,340,341
345,346,347
219,220,221
219,220,221
345,346,347
348,349,350
219,220,221
348,349,350
213,214,215
213,214,215
348,349,350
351,352,353
213,214,215
351,352,353
51,52,53
51,52,53
351,352,353
354,355,356
51,52,53
354,355,356
45,46,47
45,46,47
354,355,356
357,358,359
45,46,47
357,358,359
30,31,32
354,355,356
351,352,353
360,361,362
354,355,356
360,361,362
363,364,365
354,355,356
363,364,365
357,358,359
351,352,353
348,349,350
366,367,368
351,352,353
366,367,368
360,361,362
348,349,350
345,346,347
369,370,371
348,349,350
369,370,371
366,367,368
369,370,371
345,346,347
372,373,374
369,370,371
372,373,374
375,376,377
369,370,371
375,376,377
366,367,368
366,367,368
375,376,377
378,379,380
366,367,368
378,379,380
360,361,362
375,376,377
372,373,374
381,382,383
375,376,377
381,382,383
378,379,380
360,361,362
378,379,380
384,385,386
360,361,362
384,385,386
363,364,365
378,379,380
381,382,383
387,388,389
378,379,380
387,388,389
384,385,386
381,382,383
372,373,374
390,391,392
381,382,383
390,391,392
387,388,389
363,364,365
384,385,386
393,394,395
363,364,365
393,394,395
357,358,359
384,385,386
387,388,389
396,397,398
384,385,386
396,397,398
393,394,395
387,388,389
390,391,392
399,400,401
387,388,389
399,400,401
396,397,398
345,346,347
342,343,344
402,403,404
345,346,347
402,403,404
372,373,374
372,373,374
402,403,404
405,406,407
372,373,374
405,406,407
390,391,392
402,403,404
342,343,344
408,409,410
402,403,404
408,409,410
405,406,407
390,391,392
405,406,407
411,412,413
390,391,392
411,412,413
399,400,401
411,412,413
405,406,407
414,415,416
411,412,413
414,415,416
417,418,419
411,412,413
417,418,419
399,400,401
414,415,416
405,406,407
420,421,422
414,415,416
420,421,422
417,418,419
405,406,407
408,409,410
423,424,425
405,406,407
423,424,425
420,421,422
399,400,401
417,418,419
426,427,428
399,400,401
426,427,428
396,397,398
420,421,422
423,424,425
429,430,431
420,421,422
429,430,431
432,433,434
420,421,422
432,433,434
417,418,419
429,430,431
423,424,425
435,436,437
429,430,431
435,436,437
432,433,434
417,418,419
432,433,434
438,439,440
417,418,419
438,439,440
426,427,428
435,436,437
423,424,425
441,442,443
435,436,437
441,442,443
444,445,446
435,436,437
444,445,446
432,433,434
432,433,434
444,445,446
447,448,449
432,433,434
447,448,449
438,439,440
444,445,446
441,442,443
450,451,452
444,445,446
450,451,452
447,448,449
423,424,425
408,409,410
453,454,455
423,424,425
453,454,455
441,442,443
408,409,410
342,343,344
456,457,458
408,409,410
456,457,458
453,454,455
453,454,455
456,457,458
459,460,461
453,454,455
459,460,461
462,463,464
453,454,455
462,463,464
441,442,443
456,457,458
342,343,344
465,466,467
456,457,458
465,466,467
468,469,470
456,457,458
468,469,470
459,460,461
342,343,344
336,337,338
471,472,473
342,343,344
471,472,473
465,466,467
471,472,473
336,337,338
474,475,476
471,472,473
474,475,476
477,478,479
471,472,473
477,478,479
465,466,467
465,466,467
477,478,479
480,481,482
465,466,467
480,481,482
468,469,470
477,478,479
474,475,476
483,484,485
477,478,479
483,484,485
486,487,488
477,478,479
486,487,488
480,481,482
480,481,482
486,487,488
489,490,491
480,481,482
489,490,491
492,493,494
480,481,482
492,493,494
468,469,470
468,469,470
492,493,494
495,496,497
468,469,470
495,496,497
459,460,461
492,493,494
489,490,491
498,499,500
492,493,494
498,499,500
495,496,497
459,460,461
495,496,497
501,502,503
459,460,461
501,502,503
462,463,464
501,502,503
495,496,497
504,505,506
501,502,503
504,505,506
507,508,509
501,502,503
507,508,509
462,463,464
495,496,497
498,499,500
510,511,512
495,496,497
510,511,512
504,505,506
498,499,500
489,490,491
513,514,515
498,499,500
513,514,515
510,511,512
510,511,512
513,514,515
516,517,518
510,511,512
516,517,518
504,505,506
489,490,491
486,487,488
519,520,521
489,490,491
519,520,521
513,514,515
513,514,515
519,520,521
522,523,524
513,514,515
522,523,524
516,517,518
486,487,488
483,484,485
525,526,527
486,487,488
525,526,527
519,520,521
519,520,521
525,526,527
528,529,530
519,520,521
528,529,530
522,523,524
462,463,464
507,508,509
531,532,533
462,463,464
531,532,533
441,442,443
525,526,527
483,484,485
534,535,536
525,526,527
534,535,536
537,538,539
525,526,527
537,538,539
528,529,530
483,484,485
474,475,476
540,541,542
483,484,485
540,541,542
534,535,536
474,475,476
336,337,338
543,544,545
474,475,476
543,544,545
540,541,542
540,541,542
543,544,545
546,547,548
540,541,542
546,547,548
549,550,551
540,541,542
549,550,551
534,535,536
534,535,536
549,550,551
552,553,554
534,535,536
552,553,554
537,538,539
549,550,551
546,547,548
555,556,557
549,550,551
555,556,557
558,559,560
549,550,551
558,559,560
552,553,554
546,547,548
543,544,545
561,562,563
546,547,548
561,562,563
555,556,557
543,544,545
336,337,338
564,565,566
543,544,545
564,565,566
561,562,563
561,562,563
564,565,566
567,568,569
561,562,563
567,568,569
555,556,557
567,568,569
564,565,566
570,571,572
567,568,569
570,571,572
573,574,575
567,568,569
573,574,575
555,556,557
564,565,566
336,337,338
576,577,578
564,565,566
576,577,578
570,571,572
555,556,557
573,574,575
579,580,581
555,556,557
579,580,581
558,559,560
558,559,560
579,580,581
582,583,584
558,559,560
582,583,584
552,553,554
552,553,554
582,583,584
585,586,587
552,553,554
585,586,587
537,538,539
582,583,584
579,580,581
588,589,590
582,583,584
588,589,590
585,586,587
537,538,539
585,586,587
591,592,593
537,538,539
591,592,593
528,529,530
585,586,587
588,589,590
594,595,596
585,586,587
594,595,596
591,592,593
588,589,590
579,580,581
597,598,599
588,589,590
597,598,599
594,595,596
528,529,530
591,592,593
600,601,602
528,529,530
600,601,602
522,523,524
591,592,593
594,595,596
603,604,605
591,592,593
603,604,605
600,601,602
594,595,596
597,598,599
606,607,608
594,595,596
606,607,608
603,604,605
522,523,524
600,601,602
609,610,611
522,523,524
609,610,611
516,517,518
600,601,602
603,604,605
612,613,614
600,601,602
612,613,614
609,610,611
603,604,605
606,607,608
15,16,17
603,604,605
15,16,17
612,613,614
516,517,518
609,610,611
615,616,617
516,517,518
615,616,617
504,505,506
609,610,611
612,613,614
618,619,620
609,610,611
618,619,620
615,616,617
615,616,617
618,619,620
621,622,623
615,616,617
621,622,623
504,505,506
612,613,614
15,16,17
624,625,626
612,613,614
624,625,626
618,619,620
618,619,620
624,625,626
627,628,629
618,619,620
627,628,629
621,622,623
621,622,623
627,628,629
630,631,632
621,622,623
630,631,632
504,505,506
504,505,506
630,631,632
507,508,509
630,631,632
627,628,629
633,634,635
630,631,632
633,634,635
507,508,509
627,628,629
624,625,626
636,637,638
627,628,629
636,637,638
633,634,635
624,625,626
15,16,17
639,640,641
624,625,626
639,640,641
636,637,638
507,508,509
633,634,635
642,643,644
507,508,509
642,643,644
531,532,533
633,634,635
636,637,638
645,646,647
633,634,635
645,646,647
642,643,644
636,637,638
639,640,641
648,649,650
636,637,638
648,649,650
645,646,647
648,649,650
639,640,641
651,652,653
648,649,650
651,652,653
654,655,656
648,649,650
654,655,656
645,646,647
645,646,647
654,655,656
657,658,659
645,646,647
657,658,659
642,643,644
642,643,644
657,658,659
660,661,662
642,643,644
660,661,662
531,532,533
639,640,641
15,16,17
12,13,14
639,640,641
12,13,14
651,652,653
531,532,533
660,661,662
663,664,665
531,532,533
663,664,665
441,442,443
441,442,443
663,664,665
666,667,668
441,442,443
666,667,668
450,451,452
450,451,452
666,667,668
669,670,671
450,451,452
669,670,671
447,448,449
666,667,668
663,664,665
672,673,674
666,667,668
672,673,674
669,670,671
669,670,671
672,673,674
675,676,677
669,670,671
675,676,677
447,448,449
447,448,449
675,676,677
438,439,440
675,676,677
672,673,674
678,679,680
675,676,677
678,679,680
438,439,440
438,439,440
678,679,680
426,427,428
678,679,680
672,673,674
681,682,683
678,679,680
681,682,683
426,427,428
426,427,428
681,682,683
396,397,398
396,397,398
681,682,683
684,685,686
396,397,398
684,685,686
393,394,395
393,394,395
684,685,686
687,688,689
393,394,395
687,688,689
357,358,359
684,685,686
681,682,683
690,691,692
684,685,686
690,691,692
687,688,689
357,358,359
687,688,689
693,694,695
357,358,359
693,694,695
30,31,32
687,688,689
690,691,692
696,697,698
687,688,689
696,697,698
693,694,695
693,694,695
696,697,698
699,700,701
693,694,695
699,700,701
33,34,35
693,694,695
33,34,35
30,31,32
696,697,698
690,691,692
702,703,704
696,697,698
702,703,704
705,706,707
696,697,698
705,706,707
699,700,701
702,703,704
690,691,692
708,709,710
702,703,704
708,709,710
711,712,713
702,703,704
711,712,713
705,706,707
690,691,692
681,682,683
714,715,716
690,691,692
714,715,716
708,709,710
714,715,716
681,682,683
717,718,719
714,715,716
717,718,719
708,709,710
717,718,719
681,682,683
720,721,722
717,718,719
720,721,722
708,709,710
681,682,683
672,673,674
723,724,725
681,682,683
723,724,725
720,721,722
720,721,722
723,724,725
726,727,728
720,721,722
726,727,728
708,709,710
723,724,725
672,673,674
729,730,731
723,724,725
729,730,731
726,727,728
708,709,710
726,727,728
732,733,734
708,709,710
732,733,734
711,712,713
726,727,728
729,730,731
735,736,737
726,727,728
735,736,737
732,733,734
672,673,674
663,664,665
738,739,740
672,673,674
738,739,740
729,730,731
729,730,731
738,739,740
741,742,743
729,730,731
741,742,743
735,736,737
738,739,740
663,664,665
744,745,746
738,739,740
744,745,746
741,742,743
741,742,743
744,745,746
747,748,749
741,742,743
747,748,749
735,736,737
744,745,746
663,664,665
750,751,752
744,745,746
750,751,752
747,748,749
663,664,665
660,661,662
750,751,752
750,751,752
660,661,662
747,748,749
747,748,749
660,661,662
753,754,755
747,748,749
753,754,755
735,736,737
753,754,755
660,661,662
756,757,758
753,754,755
756,757,758
735,736,737
660,661,662
657,658,659
756,757,758
756,757,758
657,658,659
759,760,761
756,757,758
759,760,761
735,736,737
735,736,737
759,760,761
732,733,734
759,760,761
657,658,659
762,763,764
759,760,761
762,763,764
732,733,734
657,658,659
654,655,656
762,763,764
762,763,764
654,655,656
765,766,767
762,763,764
765,766,767
732,733,734
732,733,734
765,766,767
711,712,713
711,712,713
765,766,767
768,769,770
711,712,713
768,769,770
705,706,707
768,769,770
765,766,767
771,772,773
768,769,770
771,772,773
705,706,707
765,766,767
654,655,656
771,772,773
705,706,707
771,772,773
699,700,701
654,655,656
651,652,653
771,772,773
771,772,773
651,652,653
699,700,701
699,700,701
651,652,653
33,34,35
651,652,653
12,13,14
33,34,35
15,16,17
606,607,608
6,7,8
606,607,608
597,598,599
774,775,776
606,607,608
774,775,776
6,7,8
597,598,599
579,580,581
777,778,779
597,598,599
777,778,779
774,775,776
579,580,581
573,574,575
780,781,782
579,580,581
780,781,782
777,778,779
777,778,779
780,781,782
783,784,785
777,778,779
783,784,785
774,775,776
774,775,776
783,784,785
786,787,788
774,775,776
786,787,788
6,7,8
783,784,785
780,781,782
789,790,791
783,784,785
789,790,791
786,787,788
789,790,791
780,781,782
792,793,794
789,790,791
792,793,794
795,796,797
789,790,791
795,796,797
786,787,788
786,787,788
795,796,797
798,799,800
786,787,788
798,799,800
6,7,8
780,781,782
573,574,575
801,802,803
780,781,782
801,802,803
792,793,794
801,802,803
573,574,575
804,805,806
801,802,803
804,805,806
807,808,809
801,802,803
807,808,809
792,793,794
792,793,794
807,808,809
810,811,812
792,793,794
810,811,812
795,796,797
795,796,797
810,811,812
813,814,815
795,796,797
813,814,815
798,799,800
573,574,575
570,571,572
816,817,818
573,574,575
816,817,818
804,805,806
804,805,806
816,817,818
819,820,821
804,805,806
819,820,821
807,808,809
816,817,818
570,571,572
822,823,824
816,817,818
822,823,824
819,820,821
570,571,572
576,577,578
822,823,824
807,808,809
819,820,821
825,826,827
807,808,809
825,826,827
810,811,812
819,820,821
822,823,824
828,829,830
819,820,821
828,829,830
825,826,827
822,823,824
576,577,578
831,832,833
822,823,824
831,832,833
828,829,830
810,811,812
825,826,827
834,835,836
810,811,812
834,835,836
813,814,815
834,835,836
825,826,827
837,838,839
834,835,836
837,838,839
813,814,815
576,577,578
336,337,338
840,841,842
576,577,578
840,841,842
831,832,833
837,838,839
825,826,827
843,844,845
837,838,839
843,844,845
846,847,848
837,838,839
846,847,848
813,814,815
843,844,845
825,826,827
849,850,851
843,844,845
849,850,851
846,847,848
825,826,827
828,829,830
849,850,851
849,850,851
828,829,830
852,853,854
849,850,851
852,853,854
846,847,848
846,847,848
852,853,854
855,856,857
846,847,848
855,856,857
813,814,815
855,856,857
852,853,854
858,859,860
855,856,857
858,859,860
813,814,815
813,814,815
858,859,860
798,799,800
858,859,860
852,853,854
861,862,863
858,859,860
861,862,863
798,799,800
852,853,854
828,829,830
864,865,866
852,853,854
864,865,866
861,862,863
828,829,830
831,832,833
864,865,866
861,862,863
864,865,866
867,868,869
861,862,863
867,868,869
798,799,800
867,868,869
864,865,866
870,871,872
867,868,869
870,871,872
873,874,875
867,868,869
873,874,875
798,799,800
870,871,872
864,865,866
876,877,878
870,871,872
876,877,878
873,874,875
798,799,800
873,874,875
879,880,881
798,799,800
879,880,881
6,7,8
873,874,875
876,877,878
882,883,884
873,874,875
882,883,884
879,880,881
879,880,881
882,883,884
885,886,887
879,880,881
885,886,887
6,7,8
885,886,887
882,883,884
888,889,890
885,886,887
888,889,890
6,7,8
888,889,890
882,883,884
891,892,893
888,889,890
891,892,893
894,895,896
888,889,890
894,895,896
6,7,8
882,883,884
876,877,878
897,898,899
882,883,884
897,898,899
900,901,902
882,883,884
900,901,902
891,892,893
876,877,878
864,865,866
903,904,905
876,877,878
903,904,905
897,898,899
864,865,866
831,832,833
906,907,908
864,865,866
906,907,908
903,904,905
906,907,908
831,832,833
909,910,911
906,907,908
909,910,911
903,904,905
897,898,899
903,904,905
912,913,914
897,898,899
912,913,914
915,916,917
897,898,899
915,916,917
900,901,902
900,901,902
915,916,917
918,919,920
900,901,902
918,919,920
921,922,923
900,901,902
921,922,923
891,892,893
891,892,893
921,922,923
924,925,926
891,892,893
924,925,926
894,895,896
921,922,923
918,919,920
927,928,929
921,922,923
927,928,929
930,931,932
921,922,923
930,931,932
924,925,926
924,925,926
930,931,932
933,934,935
924,925,926
933,934,935
936,937,938
924,925,926
936,937,938
894,895,896
894,895,896
936,937,938
939,940,941
894,895,896
939,940,941
6,7,8
930,931,932
927,928,929
942,943,944
930,931,932
942,943,944
945,946,947
930,931,932
945,946,947
933,934,935
933,934,935
945,946,947
948,949,950
933,934,935
948,949,950
951,952,953
933,934,935
951,952,953
936,937,938
951,952,953
948,949,950
954,955,956
951,952,953
954,955,956
936,937,938
936,937,938
954,955,956
957,958,959
936,937,938
957,958,959
939,940,941
954,955,956
948,949,950
960,961,962
954,955,956
960,961,962
957,958,959
957,958,959
960,961,962
963,964,965
957,958,959
963,964,965
939,940,941
948,949,950
945,946,947
966,967,968
948,949,950
966,967,968
960,961,962
960,961,962
966,967,968
969,970,971
960,961,962
969,970,971
963,964,965
945,946,947
942,943,944
972,973,974
945,946,947
972,973,974
966,967,968
966,967,968
972,973,974
975,976,977
966,967,968
975,976,977
969,970,971
972,973,974
942,943,944
978,979,980
972,973,974
978,979,980
975,976,977
942,943,944
927,928,929
981,982,983
942,943,944
981,982,983
978,979,980
927,928,929
918,919,920
984,985,986
927,928,929
984,985,986
981,982,983
981,982,983
984,985,986
987,988,989
981,982,983
987,988,989
990,991,992
981,982,983
990,991,992
978,979,980
984,985,986
918,919,920
993,994,995
984,985,986
993,994,995
996,997,998
984,985,986
996,997,998
987,988,989
918,919,920
915,916,917
999,1000,1001
918,919,920
999,1000,1001
993,994,995
993,994,995
999,1000,1001
1002,1003,1004
993,994,995
1002,1003,1004
996,997,998
915,916,917
912,913,914
1005,1006,1007
915,916,917
1005,1006,1007
999,1000,1001
999,1000,1001
1005,1006,1007
1008,1009,1010
999,1000,1001
1008,1009,1010
1002,1003,1004
1005,1006,1007
912,913,914
1011,1012,1013
1005,1006,1007
1011,1012,1013
1014,1015,1016
1005,1006,1007
1014,1015,1016
1008,1009,1010
912,913,914
903,904,905
1017,1018,1019
912,913,914
1017,1018,1019
1011,1012,1013
1017,1018,1019
903,904,905
1011,1012,1013
1011,1012,1013
903,904,905
1020,1021,1022
1011,1012,1013
1020,1021,1022
1014,1015,1016
1020,1021,1022
903,904,905
1023,1024,1025
1020,1021,1022
1023,1024,1025
1014,1015,1016
903,904,905
909,910,911
1026,1027,1028
903,904,905
1026,1027,1028
1023,1024,1025
1026,1027,1028
909,910,911
1029,1030,1031
1026,1027,1028
1029,1030,1031
1023,1024,1025
1023,1024,1025
1029,1030,1031
1014,1015,1016
909,910,911
831,832,833
1032,1033,1034
909,910,911
1032,1033,1034
1029,1030,1031
1029,1030,1031
1032,1033,1034
1035,1036,1037
1029,1030,1031
1035,1036,1037
1014,1015,1016
1014,1015,1016
1035,1036,1037
1038,1039,1040
1014,1015,1016
1038,1039,1040
1008,1009,1010
1008,1009,1010
1038,1039,1040
1041,1042,1043
1008,1009,1010
1041,1042,1043
1002,1003,1004
1002,1003,1004
1041,1042,1043
1044,1045,1046
1002,1003,1004
1044,1045,1046
996,997,998
996,997,998
1044,1045,1046
1047,1048,1049
996,997,998
1047,1048,1049
987,988,989
987,988,989
1047,1048,1049
1050,1051,1052
987,988,989
1050,1051,1052
990,991,992
831,832,833
840,841,842
1053,1054,1055
831,832,833
1053,1054,1055
1032,1033,1034
1053,1054,1055
840,841,842
1056,1057,1058
1053,1054,1055
1056,1057,1058
1032,1033,1034
1032,1033,1034
1056,1057,1058
1035,1036,1037
1056,1057,1058
840,841,842
1059,1060,1061
1056,1057,1058
1059,1060,1061
1035,1036,1037
1035,1036,1037
1059,1060,1061
1038,1039,1040
1038,1039,1040
1059,1060,1061
1062,1063,1064
1038,1039,1040
1062,1063,1064
1041,1042,1043
1059,1060,1061
840,841,842
1065,1066,1067
1059,1060,1061
1065,1066,1067
1062,1063,1064
1041,1042,1043
1062,1063,1064
1068,1069,1070
1041,1042,1043
1068,1069,1070
1044,1045,1046
1062,1063,1064
1065,1066,1067
1071,1072,1073
1062,1063,1064
1071,1072,1073
1068,1069,1070
1068,1069,1070
1071,1072,1073
1074,1075,1076
1068,1069,1070
1074,1075,1076
1044,1045,1046
1044,1045,1046
1074,1075,1076
1047,1048,1049
1074,1075,1076
1071,1072,1073
1047,1048,1049
1047,1048,1049
1071,1072,1073
1050,1051,1052
1071,1072,1073
1065,1066,1067
1050,1051,1052
1050,1051,1052
1065,1066,1067
1077,1078,1079
1050,1051,1052
1077,1078,1079
990,991,992
1065,1066,1067
840,841,842
1080,1081,1082
1065,1066,1067
1080,1081,1082
1077,1078,1079
990,991,992
1077,1078,1079
1083,1084,1085
990,991,992
1083,1084,1085
978,979,980
1077,1078,1079
1080,1081,1082
1086,1087,1088
1077,1078,1079
1086,1087,1088
1083,1084,1085
978,979,980
1083,1084,1085
1089,1090,1091
978,979,980
1089,1090,1091
975,976,977
1083,1084,1085
1086,1087,1088
1092,1093,1094
1083,1084,1085
1092,1093,1094
1089,1090,1091
975,976,977
1089,1090,1091
1095,1096,1097
975,976,977
1095,1096,1097
969,970,971
1089,1090,1091
1092,1093,1094
1098,1099,1100
1089,1090,1091
1098,1099,1100
1095,1096,1097
969,970,971
1095,1096,1097
1101,1102,1103
969,970,971
1101,1102,1103
963,964,965
963,964,965
1101,1102,1103
1104,1105,1106
963,964,965
1104,1105,1106
939,940,941
939,940,941
1104,1105,1106
1107,1108,1109
939,940,941
1107,1108,1109
6,7,8
1107,1108,1109
1104,1105,1106
1110,1111,1112
1107,1108,1109
1110,1111,1112
6,7,8
1104,1105,1106
1101,1102,1103
1113,1114,1115
1104,1105,1106
1113,1114,1115
1110,1111,1112
1101,1102,1103
1095,1096,1097
1116,1117,1118
1101,1102,1103
1116,1117,1118
1113,1114,1115
1095,1096,1097
1098,1099,1100
1119,1120,1121
1095,1096,1097
1119,1120,1121
1116,1117,1118
1098,1099,1100
1092,1093,1094
1122,1123,1124
1098,1099,1100
1122,1123,1124
1119,1120,1121
1119,1120,1121
1122,1123,1124
1125,1126,1127
1119,1120,1121
1125,1126,1127
1116,1117,1118
1116,1117,1118
1125,1126,1127
1128,1129,1130
1116,1117,1118
1128,1129,1130
1113,1114,1115
1113,1114,1115
1128,1129,1130
1131,1132,1133
1113,1114,1115
1131,1132,1133
1110,1111,1112
1092,1093,1094
1086,1087,1088
1134,1135,1136
1092,1093,1094
1134,1135,1136
1122,1123,1124
1086,1087,1088
1080,1081,1082
1137,1138,1139
1086,1087,1088
1137,1138,1139
1134,1135,1136
1080,1081,1082
840,841,842
1140,1141,1142
1080,1081,1082
1140,1141,1142
1137,1138,1139
1140,1141,1142
840,841,842
1143,1144,1145
1140,1141,1142
1143,1144,1145
1146,1147,1148
1140,1141,1142
1146,1147,1148
1137,1138,1139
1137,1138,1139
1146,1147,1148
1149,1150,1151
1137,1138,1139
1149,1150,1151
1134,1135,1136
1146,1147,1148
1143,1144,1145
1152,1153,1154
1146,1147,1148
1152,1153,1154
1149,1150,1151
1134,1135,1136
1149,1150,1151
1155,1156,1157
1134,1135,1136
1155,1156,1157
1122,1123,1124
1149,1150,1151
1152,1153,1154
1158,1159,1160
1149,1150,1151
1158,1159,1160
1155,1156,1157
1122,1123,1124
1155,1156,1157
1161,1162,1163
1122,1123,1124
1161,1162,1163
1125,1126,1127
1155,1156,1157
1158,1159,1160
1164,1165,1166
1155,1156,1157
1164,1165,1166
1161,1162,1163
1125,1126,1127
1161,1162,1163
1167,1168,1169
1125,1126,1127
1167,1168,1169
1128,1129,1130
1161,1162,1163
1164,1165,1166
1170,1171,1172
1161,1162,1163
1170,1171,1172
1167,1168,1169
1128,1129,1130
1167,1168,1169
1173,1174,1175
1128,1129,1130
1173,1174,1175
1131,1132,1133
1170,1171,1172
1164,1165,1166
1176,1177,1178
1170,1171,1172
1176,1177,1178
1179,1180,1181
1170,1171,1172
1179,1180,1181
1167,1168,1169
1167,1168,1169
1179,1180,1181
1182,1183,1184
1167,1168,1169
1182,1183,1184
1173,1174,1175
1164,1165,1166
1158,1159,1160
1185,1186,1187
1164,1165,1166
1185,1186,1187
1176,1177,1178
1158,1159,1160
1152,1153,1154
1188,1189,1190
1158,1159,1160
1188,1189,1190
1185,1186,1187
1152,1153,1154
1143,1144,1145
1191,1192,1193
1152,1153,1154
1191,1192,1193
1188,1189,1190
1188,1189,1190
1191,1192,1193
1194,1195,1196
1188,1189,1190
1194,1195,1196
1185,1186,1187
1194,1195,1196
1191,1192,1193
1197,1198,1199
1194,1195,1196
1197,1198,1199
1185,1186,1187
1185,1186,1187
1197,1198,1199
1176,1177,1178
1191,1192,1193
1143,1144,1145
1200,1201,1202
1191,1192,1193
1200,1201,1202
1197,1198,1199
1197,1198,1199
1200,1201,1202
1203,1204,1205
1197,1198,1199
1203,1204,1205
1176,1177,1178
1176,1177,1178
1203,1204,1205
1179,1180,1181
1179,1180,1181
1203,1204,1205
1206,1207,1208
1179,1180,1181
1206,1207,1208
1182,1183,1184
1203,1204,1205
1200,1201,1202
1209,1210,1211
1203,1204,1205
1209,1210,1211
1206,1207,1208
1200,1201,1202
1143,1144,1145
1212,1213,1214
1200,1201,1202
1212,1213,1214
1209,1210,1211
1143,1144,1145
840,841,842
1215,1216,1217
1143,1144,1145
1215,1216,1217
1212,1213,1214
840,841,842
336,337,338
1218,1219,1220
840,841,842
1218,1219,1220
1215,1216,1217
336,337,338
330,331,332
1221,1222,1223
336,337,338
1221,1222,1223
1218,1219,1220
1218,1219,1220
1221,1222,1223
1224,1225,1226
1218,1219,1220
1224,1225,1226
1215,1216,1217
1215,1216,1217
1224,1225,1226
1227,1228,1229
1215,1216,1217
1227,1228,1229
1212,1213,1214
1212,1213,1214
1227,1228,1229
1230,1231,1232
1212,1213,1214
1230,1231,1232
1209,1210,1211
1209,1210,1211
1230,1231,1232
1233,1234,1235
1209,1210,1211
1233,1234,1235
1206,1207,1208
1206,1207,1208
1233,1234,1235
1236,1237,1238
1206,1207,1208
1236,1237,1238
1182,1183,1184
1182,1183,1184
1236,1237,1238
1239,1240,1241
1182,1183,1184
1239,1240,1241
1173,1174,1175
1173,1174,1175
1239,1240,1241
1242,1243,1244
1173,1174,1175
1242,1243,1244
1131,1132,1133
1131,1132,1133
1242,1243,1244
1245,1246,1247
1131,1132,1133
1245,1246,1247
1110,1111,1112
1110,1111,1112
1245,1246,1247
1248,1249,1250
1110,1111,1112
1248,1249,1250
6,7,8
1245,1246,1247
1242,1243,1244
1251,1252,1253
1245,1246,1247
1251,1252,1253
1248,1249,1250
1242,1243,1244
1239,1240,1241
1254,1255,1256
1242,1243,1244
1254,1255,1256
1251,1252,1253
1239,1240,1241
1236,1237,1238
1257,1258,1259
1239,1240,1241
1257,1258,1259
1254,1255,1256
1236,1237,1238
1233,1234,1235
1260,1261,1262
1236,1237,1238
1260,1261,1262
1257,1258,1259
330,331,332
327,328,329
1263,1264,1265
330,331,332
1263,1264,1265
1221,1222,1223
327,328,329
324,325,326
1266,1267,1268
327,328,329
1266,1267,1268
1263,1264,1265
324,325,326
321,322,323
1269,1270,1271
324,325,326
1269,1270,1271
1266,1267,1268
321,322,323
318,319,320
1272,1273,1274
321,322,323
1272,1273,1274
1269,1270,1271
318,319,320
315,316,317
1275,1276,1277
318,319,320
1275,1276,1277
1272,1273,1274
315,316,317
312,313,314
1278,1279,1280
315,316,317
1278,1279,1280
1275,1276,1277
1272,1273,1274
1275,1276,1277
1281,1282,1283
1272,1273,1274
1281,1282,1283
1284,1285,1286
1272,1273,1274
1284,1285,1286
1269,1270,1271
1269,1270,1271
1284,1285,1286
1287,1288,1289
1269,1270,1271
1287,1288,1289
1266,1267,1268
1266,1267,1268
1287,1288,1289
1290,1291,1292
1266,1267,1268
1290,1291,1292
1263,1264,1265
1263,1264,1265
1290,1291,1292
1293,1294,1295
1263,1264,1265
1293,1294,1295
1221,1222,1223
1290,1291,1292
1287,1288,1289
1296,1297,1298
1290,1291,1292
1296,1297,1298
1299,1300,1301
1290,1291,1292
1299,1300,1301
1293,1294,1295
1296,1297,1298
1287,1288,1289
1302,1303,1304
1296,1297,1298
1302,1303,1304
1299,1300,1301
1287,1288,1289
1284,1285,1286
1302,1303,1304
1299,1300,1301
1302,1303,1304
1305,1306,1307
1299,1300,1301
1305,1306,1307
1293,1294,1295
1302,1303,1304
1284,1285,1286
1308,1309,1310
1302,1303,1304
1308,1309,1310
1305,1306,1307
1284,1285,1286
1281,1282,1283
1308,1309,1310
1293,1294,1295
1305,1306,1307
1311,1312,1313
1293,1294,1295
1311,1312,1313
1221,1222,1223
1221,1222,1223
1311,1312,1313
1224,1225,1226
1305,1306,1307
1308,1309,1310
1314,1315,1316
1305,1306,1307
1314,1315,1316
1311,1312,1313
1311,1312,1313
1314,1315,1316
1317,1318,1319
1311,1312,1313
1317,1318,1319
1224,1225,1226
1224,1225,1226
1317,1318,1319
1227,1228,1229
1308,1309,1310
1281,1282,1283
1320,1321,1322
1308,1309,1310
1320,1321,1322
1314,1315,1316
1281,1282,1283
1275,1276,1277
1320,1321,1322
1314,1315,1316
1320,1321,1322
1323,1324,1325
1314,1315,1316
1323,1324,1325
1317,1318,1319
1320,1321,1322
1275,1276,1277
1326,1327,1328
1320,1321,1322
1326,1327,1328
1323,1324,1325
1275,1276,1277
1278,1279,1280
1326,1327,1328
1317,1318,1319
1323,1324,1325
1329,1330,1331
1317,1318,1319
1329,1330,1331
1227,1228,1229
1227,1228,1229
1329,1330,1331
1230,1231,1232
1230,1231,1232
1329,1330,1331
1332,1333,1334
1230,1231,1232
1332,1333,1334
1233,1234,1235
1329,1330,1331
1323,1324,1325
1335,1336,1337
1329,1330,1331
1335,1336,1337
1332,1333,1334
1323,1324,1325
1326,1327,1328
1338,1339,1340
1323,1324,1325
1338,1339,1340
1335,1336,1337
1335,1336,1337
1338,1339,1340
1341,1342,1343
1335,1336,1337
1341,1342,1343
1332,1333,1334
1338,1339,1340
1326,1327,1328
1344,1345,1346
1338,1339,1340
1344,1345,1346
1341,1342,1343
1326,1327,1328
1278,1279,1280
1344,1345,1346
1332,1333,1334
1341,1342,1343
1347,1348,1349
1332,1333,1334
1347,1348,1349
1233,1234,1235
1233,1234,1235
1347,1348,1349
1260,1261,1262
1278,1279,1280
312,313,314
1350,1351,1352
1278,1279,1280
1350,1351,1352
1344,1345,1346
312,313,314
309,310,311
1350,1351,1352
1344,1345,1346
1350,1351,1352
1353,1354,1355
1344,1345,1346
1353,1354,1355
1341,1342,1343
1350,1351,1352
309,310,311
1356,1357,1358
1350,1351,1352
1356,1357,1358
1353,1354,1355
1341,1342,1343
1353,1354,1355
1359,1360,1361
1341,1342,1343
1359,1360,1361
1347,1348,1349
1353,1354,1355
1356,1357,1358
1362,1363,1364
1353,1354,1355
1362,1363,1364
1359,1360,1361
1347,1348,1349
1359,1360,1361
1365,1366,1367
1347,1348,1349
1365,1366,1367
1260,1261,1262
1260,1261,1262
1365,1366,1367
1257,1258,1259
1359,1360,1361
1362,1363,1364
1368,1369,1370
1359,1360,1361
1368,1369,1370
1365,1366,1367
1365,1366,1367
1368,1369,1370
1371,1372,1373
1365,1366,1367
1371,1372,1373
1257,1258,1259
1257,1258,1259
1371,1372,1373
1254,1255,1256
1254,1255,1256
1371,1372,1373
1374,1375,1376
1254,1255,1256
1374,1375,1376
1251,1252,1253
1374,1375,1376
1371,1372,1373
1377,1378,1379
1374,1375,1376
1377,1378,1379
1251,1252,1253
1371,1372,1373
1368,1369,1370
1377,1378,1379
1377,1378,1379
1368,1369,1370
1380,1381,1382
1377,1378,1379
1380,1381,1382
1251,1252,1253
1368,1369,1370
1362,1363,1364
1380,1381,1382
1251,1252,1253
1380,1381,1382
1248,1249,1250
1380,1381,1382
1362,1363,1364
1248,1249,1250
1362,1363,1364
1356,1357,1358
1248,1249,1250
1356,1357,1358
309,310,311
1383,1384,1385
1356,1357,1358
1383,1384,1385
1248,1249,1250
1248,1249,1250
1383,1384,1385
6,7,8
1383,1384,1385
309,310,311
6,7,8
