0,1,2
3,4,5
6,7,8
6,7,8
3,4,5
9,10,11
6,7,8
57,58,59
0,1,2
57,58,59
54,55,56
0,1,2
54,55,56
51,52,53
60,61,62
54,55,56
60,61,62
0,1,2
51,52,53
48,49,50
63,64,65
51,52,53
63,64,65
60,61,62
60,61,62
63,64,65
66,67,68
60,61,62
66,67,68
0,1,2
63,64,65
48,49,50
69,70,71
63,64,65
69,70,71
66,67,68
48,49,50
45,46,47
69,70,71
69,70,71
45,46,47
72,73,74
69,70,71
72,73,74
66,67,68
45,46,47
42,43,44
72,73,74
0,1,2
66,67,68
3,4,5
72,73,74
42,43,44
75,76,77
72,73,74
75,76,77
66,67,68
42,43,44
39,40,41
75,76,77
75,76,77
39,40,41
78,79,80
75,76,77
78,79,80
66,67,68
39,40,41
36,37,38
78,79,80
78,79,80
36,37,38
81,82,83
78,79,80
81,82,83
66,67,68
36,37,38
33,34,35
81,82,83
81,82,83
33,34,35
84,85,86
81,82,83
84,85,86
66,67,68
33,34,35
30,31,32
84,85,86
84,85,86
30,31,32
87,88,89
84,85,86
87,88,89
66,67,68
30,31,32
27,28,29
87,88,89
87,88,89
27,28,29
90,91,92
87,88,89
90,91,92
66,67,68
27,28,29
24,25,26
90,91,92
90,91,92
24,25,26
93,94,95
90,91,92
93,94,95
66,67,68
24,25,26
21,22,23
93,94,95
93,94,95
21,22,23
96,97,98
93,94,95
96,97,98
66,67,68
21,22,23
18,19,20
96,97,98
96,97,98
18,19,20
99,100,101
96,97,98
99,100,101
66,67,68
18,19,20
15,16,17
99,100,101
99,100,101
15,16,17
102,103,104
99,100,101
102,103,104
66,67,68
15,16,17
12,13,14
102,103,104
102,103,104
12,13,14
105,106,107
102,103,104
105,106,107
66,67,68
12,13,14
9,10,11
105,106,107
105,106,107
9,10,11
108,109,110
105,106,107
108,109,110
66,67,68
66,67,68
108,109,110
3,4,5
108,109,110
9,10,11
3,4,5
111,112,113
114,115,116
117,118,119
117,118,119
114,115,116
120,121,122
117,118,119
120,121,122
123,124,125
117,118,119
123,124,125
126,127,128
117,118,119
126,127,128
129,130,131
117,118,119
129,130,131
111,112,113
126,127,128
123,124,125
132,133,134
126,127,128
132,133,134
135,136,137
126,127,128
135,136,137
138,139,140
126,127,128
138,139,140
129,130,131
123,124,125
120,121,122
141,142,143
123,124,125
141,142,143
144,145,146
123,124,125
144,145,146
132,133,134
132,133,134
144,145,146
147,148,149
132,133,134
147,148,149
150,151,152
132,133,134
150,151,152
135,136,137
144,145,146
141,142,143
153,154,155
144,145,146
153,154,155
156,157,158
144,145,146
156,157,158
147,148,149
147,148,149
156,157,158
159,160,161
147,148,149
159,160,161
162,163,164
147,148,149
162,163,164
150,151,152
150,151,152
162,163,164
165,166,167
150,151,152
165,166,167
168,169,170
150,151,152
168,169,170
135,136,137
135,136,137
168,169,170
171,172,173
135,136,137
171,172,173
138,139,140
168,169,170
165,166,167
174,175,176
168,169,170
174,175,176
177,178,179
168,169,170
177,178,179
171,172,173
165,166,167
162,163,164
180,181,182
165,166,167
180,181,182
183,184,185
165,166,167
183,184,185
174,175,176
162,163,164
159,160,161
186,187,188
162,163,164
186,187,188
180,181,182
180,181,182
186,187,188
189,190,191
180,181,182
189,190,191
192,193,194
180,181,182
192,193,194
183,184,185
183,184,185
192,193,194
120,121,122
183,184,185
120,121,122
114,115,116
183,184,185
114,115,116
174,175,176
120,121,122
192,193,194
141,142,143
192,193,194
189,190,191
195,196,197
192,193,194
195,196,197
141,142,143
141,142,143
195,196,197
153,154,155
174,175,176
114,115,116
198,199,200
174,175,176
198,199,200
177,178,179
114,115,116
111,112,113
198,199,200
195,196,197
189,190,191
201,202,203
195,196,197
201,202,203
204,205,206
195,196,197
204,205,206
207,208,209
195,196,197
207,208,209
153,154,155
207,208,209
237,238,239
153,154,155
237,238,239
234,235,236
153,154,155
201,202,203
189,190,191
210,211,212
210,211,212
189,190,191
213,214,215
189,190,191
186,187,188
213,214,215
213,214,215
186,187,188
216,217,218
216,217,218
186,187,188
219,220,221
186,187,188
159,160,161
219,220,221
219,220,221
159,160,161
222,223,224
222,223,224
159,160,161
225,226,227
225,226,227
159,160,161
228,229,230
159,160,161
156,157,158
228,229,230
228,229,230
156,157,158
231,232,233
231,232,233
156,157,158
234,235,236
234,235,236
156,157,158
153,154,155
177,178,179
198,199,200
240,241,242
177,178,179
240,241,242
243,244,245
177,178,179
243,244,245
246,247,248
177,178,179
246,247,248
171,172,173
171,172,173
246,247,248
249,250,251
171,172,173
249,250,251
252,253,254
171,172,173
252,253,254
138,139,140
249,250,251
246,247,248
255,256,257
249,250,251
255,256,257
258,259,260
249,250,251
258,259,260
261,262,263
249,250,251
261,262,263
252,253,254
258,259,260
255,256,257
264,265,266
258,259,260
264,265,266
267,268,269
258,259,260
267,268,269
261,262,263
264,265,266
255,256,257
270,271,272
264,265,266
270,271,272
273,274,275
264,265,266
273,274,275
267,268,269
270,271,272
255,256,257
276,277,278
270,271,272
276,277,278
273,274,275
276,277,278
255,256,257
279,280,281
276,277,278
279,280,281
282,283,284
276,277,278
282,283,284
273,274,275
255,256,257
246,247,248
285,286,287
255,256,257
285,286,287
279,280,281
285,286,287
246,247,248
288,289,290
285,286,287
288,289,290
279,280,281
246,247,248
243,244,245
288,289,290
279,280,281
288,289,290
291,292,293
279,280,281
291,292,293
282,283,284
291,292,293
288,289,290
294,295,296
291,292,293
294,295,296
282,283,284
288,289,290
243,244,245
297,298,299
288,289,290
297,298,299
300,301,302
288,289,290
300,301,302
294,295,296
243,244,245
240,241,242
303,304,305
243,244,245
303,304,305
297,298,299
297,298,299
303,304,305
306,307,308
297,298,299
306,307,308
300,301,302
303,304,305
240,241,242
309,310,311
303,304,305
309,310,311
306,307,308
240,241,242
198,199,200
312,313,314
240,241,242
312,313,314
309,310,311
312,313,314
198,199,200
315,316,317
312,313,314
315,316,317
318,319,320
312,313,314
318,319,320
309,310,311
309,310,311
318,319,320
321,322,323
309,310,311
321,322,323
306,307,308
306,307,308
321,322,323
324,325,326
306,307,308
324,325,326
300,301,302
198,199,200
111,112,113
327,328,329
198,199,200
327,328,329
315,316,317
315,316,317
327,328,329
330,331,332
315,316,317
330,331,332
333,334,335
315,316,317
333,334,335
318,319,320
333,334,335
330,331,332
336,337,338
333,334,335
336,337,338
339,340,341
333,334,335
339,340,341
318,319,320
318,319,320
339,340,341
342,343,344
318,319,320
342,343,344
321,322,323
342,343,344
339,340,341
345,346,347
342,343,344
345,346,347
348,349,350
342,343,344
348,349,350
321,322,323
339,340,341
336,337,338
351,352,353
339,340,341
351,352,353
345,346,347
336,337,338
330,331,332
354,355,356
336,337,338
354,355,356
351,352,353
354,355,356
330,331,332
357,358,359
354,355,356
357,358,359
351,352,353
321,322,323
348,349,350
360,361,362
321,322,323
360,361,362
324,325,326
348,349,350
345,346,347
363,364,365
348,349,350
363,364,365
360,361,362
363,364,365
345,346,347
366,367,368
363,364,365
366,367,368
369,370,371
363,364,365
369,370,371
360,361,362
369,370,371
366,367,368
372,373,374
369,370,371
372,373,374
360,361,362
372,373,374
366,367,368
375,376,377
372,373,374
375,376,377
360,361,362
360,361,362
375,376,377
378,379,380
360,361,362
378,379,380
324,325,326
345,346,347
351,352,353
381,382,383
345,346,347
381,382,383
366,367,368
366,367,368
381,382,383
384,385,386
366,367,368
384,385,386
375,376,377
375,376,377
384,385,386
387,388,389
375,376,377
387,388,389
378,379,380
384,385,386
381,382,383
390,391,392
384,385,386
390,391,392
387,388,389
378,379,380
387,388,389
393,394,395
378,379,380
393,394,395
324,325,326
387,388,389
390,391,392
396,397,398
387,388,389
396,397,398
393,394,395
390,391,392
381,382,383
399,400,401
390,391,392
399,400,401
396,397,398
396,397,398
399,400,401
402,403,404
396,397,398
402,403,404
393,394,395
402,403,404
399,400,401
405,406,407
402,403,404
405,406,407
393,394,395
399,400,401
381,382,383
408,409,410
399,400,401
408,409,410
405,406,407
393,394,395
405,406,407
411,412,413
393,394,395
411,412,413
324,325,326
405,406,407
408,409,410
414,415,416
405,406,407
414,415,416
411,412,413
414,415,416
408,409,410
417,418,419
414,415,416
417,418,419
411,412,413
351,352,353
357,358,359
420,421,422
351,352,353
420,421,422
381,382,383
357,358,359
330,331,332
423,424,425
357,358,359
423,424,425
420,421,422
330,331,332
327,328,329
426,427,428
330,331,332
426,427,428
423,424,425
423,424,425
426,427,428
429,430,431
423,424,425
429,430,431
420,421,422
426,427,428
327,328,329
432,433,434
426,427,428
432,433,434
429,430,431
420,421,422
429,430,431
435,436,437
420,421,422
435,436,437
381,382,383
429,430,431
432,433,434
438,439,440
429,430,431
438,439,440
435,436,437
381,382,383
435,436,437
441,442,443
381,382,383
441,442,443
408,409,410
408,409,410
441,442,443
444,445,446
408,409,410
444,445,446
417,418,419
441,442,443
435,436,437
447,448,449
441,442,443
447,448,449
444,445,446
435,436,437
438,439,440
450,451,452
435,436,437
450,451,452
447,448,449
447,448,449
450,451,452
453,454,455
447,448,449
453,454,455
444,445,446
450,451,452
438,439,440
456,457,458
450,451,452
456,457,458
453,454,455
438,439,440
432,433,434
456,457,458
456,457,458
432,433,434
459,460,461
456,457,458
459,460,461
453,454,455
432,433,434
327,328,329
459,460,461
327,328,329
111,112,113
459,460,461
459,460,461
111,112,113
462,463,464
459,460,461
462,463,464
453,454,455
111,112,113
129,130,131
462,463,464
453,454,455
462,463,464
465,466,467
453,454,455
465,466,467
444,445,446
465,466,467
462,463,464
468,469,470
465,466,467
468,469,470
444,445,446
444,445,446
468,469,470
417,418,419
417,418,419
468,469,470
411,412,413
462,463,464
129,130,131
471,472,473
462,463,464
471,472,473
468,469,470
468,469,470
471,472,473
474,475,476
468,469,470
474,475,476
411,412,413
411,412,413
474,475,476
477,478,479
411,412,413
477,478,479
324,325,326
474,475,476
471,472,473
480,481,482
474,475,476
480,481,482
477,478,479
471,472,473
129,130,131
483,484,485
471,472,473
483,484,485
480,481,482
129,130,131
138,139,140
483,484,485
480,481,482
483,484,485
486,487,488
480,481,482
486,487,488
477,478,479
483,484,485
138,139,140
489,490,491
483,484,485
489,490,491
486,487,488
477,478,479
486,487,488
492,493,494
477,478,479
492,493,494
324,325,326
486,487,488
489,490,491
495,496,497
486,487,488
495,496,497
492,493,494
489,490,491
138,139,140
498,499,500
489,490,491
498,499,500
495,496,497
138,139,140
252,253,254
498,499,500
498,499,500
252,253,254
501,502,503
498,499,500
501,502,503
504,505,506
498,499,500
504,505,506
495,496,497
252,253,254
261,262,263
507,508,509
252,253,254
507,508,509
501,502,503
261,262,263
267,268,269
510,511,512
261,262,263
510,511,512
507,508,509
507,508,509
510,511,512
513,514,515
507,508,509
513,514,515
501,502,503
267,268,269
273,274,275
516,517,518
267,268,269
516,517,518
510,511,512
510,511,512
516,517,518
519,520,521
510,511,512
519,520,521
513,514,515
516,517,518
273,274,275
522,523,524
516,517,518
522,523,524
519,520,521
273,274,275
282,283,284
522,523,524
513,514,515
519,520,521
525,526,527
513,514,515
525,526,527
501,502,503
525,526,527
519,520,521
528,529,530
525,526,527
528,529,530
501,502,503
501,502,503
528,529,530
504,505,506
519,520,521
522,523,524
531,532,533
519,520,521
531,532,533
528,529,530
528,529,530
531,532,533
534,535,536
528,529,530
534,535,536
504,505,506
504,505,506
534,535,536
495,496,497
534,535,536
531,532,533
537,538,539
534,535,536
537,538,539
495,496,497
495,496,497
537,538,539
492,493,494
537,538,539
531,532,533
540,541,542
537,538,539
540,541,542
492,493,494
531,532,533
522,523,524
543,544,545
531,532,533
543,544,545
540,541,542
492,493,494
540,541,542
546,547,548
492,493,494
546,547,548
324,325,326
540,541,542
543,544,545
549,550,551
540,541,542
549,550,551
546,547,548
543,544,545
522,523,524
552,553,554
543,544,545
552,553,554
549,550,551
549,550,551
552,553,554
555,556,557
549,550,551
555,556,557
546,547,548
555,556,557
552,553,554
558,559,560
555,556,557
558,559,560
546,547,548
552,553,554
522,523,524
561,562,563
552,553,554
561,562,563
558,559,560
546,547,548
558,559,560
564,565,566
546,547,548
564,565,566
324,325,326
558,559,560
561,562,563
567,568,569
558,559,560
567,568,569
564,565,566
564,565,566
567,568,569
570,571,572
564,565,566
570,571,572
324,325,326
324,325,326
570,571,572
300,301,302
567,568,569
561,562,563
573,574,575
567,568,569
573,574,575
570,571,572
561,562,563
522,523,524
576,577,578
561,562,563
576,577,578
573,574,575
573,574,575
576,577,578
579,580,581
573,574,575
579,580,581
570,571,572
576,577,578
522,523,524
582,583,584
576,577,578
582,583,584
579,580,581
522,523,524
282,283,284
582,583,584
282,283,284
294,295,296
582,583,584
579,580,581
582,583,584
585,586,587
579,580,581
585,586,587
570,571,572
585,586,587
582,583,584
588,589,590
585,586,587
588,589,590
570,571,572
582,583,584
294,295,296
588,589,590
570,571,572
588,589,590
300,301,302
588,589,590
294,295,296
300,301,302
