0,1,2
3,4,5
6,7,8
6,7,8
3,4,5
9,10,11
6,7,8
9,10,11
12,13,14
6,7,8
12,13,14
15,16,17
6,7,8
15,16,17
0,1,2
15,16,17
12,13,14
18,19,20
15,16,17
18,19,20
21,22,23
15,16,17
21,22,23
0,1,2
0,1,2
21,22,23
24,25,26
0,1,2
24,25,26
3,4,5
21,22,23
18,19,20
27,28,29
21,22,23
27,28,29
24,25,26
27,28,29
18,19,20
30,31,32
27,28,29
30,31,32
33,34,35
27,28,29
33,34,35
24,25,26
24,25,26
33,34,35
36,37,38
24,25,26
36,37,38
3,4,5
33,34,35
30,31,32
39,40,41
33,34,35
39,40,41
36,37,38
30,31,32
18,19,20
42,43,44
30,31,32
42,43,44
45,46,47
30,31,32
45,46,47
39,40,41
45,46,47
42,43,44
48,49,50
45,46,47
48,49,50
51,52,53
45,46,47
51,52,53
39,40,41
48,49,50
42,43,44
54,55,56
48,49,50
54,55,56
57,58,59
48,49,50
57,58,59
51,52,53
57,58,59
54,55,56
60,61,62
57,58,59
60,61,62
63,64,65
57,58,59
63,64,65
51,52,53
51,52,53
63,64,65
66,67,68
51,52,53
66,67,68
39,40,41
54,55,56
42,43,44
69,70,71
54,55,56
69,70,71
72,73,74
54,55,56
72,73,74
60,61,62
60,61,62
72,73,74
9,10,11
60,61,62
9,10,11
75,76,77
60,61,62
75,76,77
63,64,65
9,10,11
3,4,5
75,76,77
9,10,11
72,73,74
12,13,14
72,73,74
69,70,71
78,79,80
72,73,74
78,79,80
12,13,14
12,13,14
78,79,80
18,19,20
18,19,20
96,97,98
99,100,101
18,19,20
99,100,101
42,43,44
3,4,5
36,37,38
102,103,104
3,4,5
102,103,104
105,106,107
3,4,5
105,106,107
75,76,77
105,106,107
111,112,113
75,76,77
102,103,104
36,37,38
108,109,110
111,112,113
108,109,110
114,115,116
111,112,113
114,115,116
75,76,77
108,109,110
36,37,38
114,115,116
75,76,77
114,115,116
117,118,119
75,76,77
117,118,119
120,121,122
75,76,77
120,121,122
123,124,125
75,76,77
123,124,125
63,64,65
123,124,125
120,121,122
126,127,128
123,124,125
126,127,128
129,130,131
123,124,125
129,130,131
63,64,65
120,121,122
117,118,119
132,133,134
120,121,122
132,133,134
126,127,128
126,127,128
132,133,134
81,82,83
126,127,128
81,82,83
129,130,131
129,130,131
81,82,83
135,136,137
129,130,131
135,136,137
63,64,65
63,64,65
135,136,137
66,67,68
135,136,137
81,82,83
78,79,80
135,136,137
78,79,80
138,139,140
135,136,137
138,139,140
66,67,68
81,82,83
132,133,134
141,142,143
81,82,83
141,142,143
84,85,86
132,133,134
117,118,119
144,145,146
132,133,134
144,145,146
141,142,143
66,67,68
138,139,140
147,148,149
66,67,68
147,148,149
39,40,41
138,139,140
78,79,80
150,151,152
138,139,140
150,151,152
147,148,149
147,148,149
150,151,152
153,154,155
147,148,149
153,154,155
39,40,41
150,151,152
78,79,80
156,157,158
150,151,152
156,157,158
153,154,155
78,79,80
69,70,71
156,157,158
156,157,158
69,70,71
159,160,161
156,157,158
159,160,161
162,163,164
156,157,158
162,163,164
153,154,155
144,145,146
117,118,119
165,166,167
144,145,146
165,166,167
159,160,161
144,145,146
159,160,161
141,142,143
159,160,161
69,70,71
141,142,143
159,160,161
165,166,167
162,163,164
117,118,119
114,115,116
168,169,170
117,118,119
168,169,170
165,166,167
165,166,167
168,169,170
171,172,173
165,166,167
171,172,173
162,163,164
162,163,164
171,172,173
174,175,176
162,163,164
174,175,176
153,154,155
171,172,173
168,169,170
177,178,179
171,172,173
177,178,179
180,181,182
171,172,173
180,181,182
174,175,176
180,181,182
177,178,179
84,85,86
180,181,182
84,85,86
183,184,185
180,181,182
183,184,185
174,175,176
177,178,179
168,169,170
186,187,188
177,178,179
186,187,188
87,88,89
177,178,179
87,88,89
84,85,86
168,169,170
114,115,116
189,190,191
168,169,170
189,190,191
186,187,188
186,187,188
189,190,191
192,193,194
186,187,188
192,193,194
87,88,89
189,190,191
114,115,116
195,196,197
189,190,191
195,196,197
192,193,194
192,193,194
195,196,197
198,199,200
192,193,194
198,199,200
87,88,89
87,88,89
198,199,200
90,91,92
195,196,197
114,115,116
201,202,203
195,196,197
201,202,203
198,199,200
114,115,116
36,37,38
201,202,203
198,199,200
201,202,203
204,205,206
198,199,200
204,205,206
90,91,92
201,202,203
36,37,38
207,208,209
201,202,203
207,208,209
204,205,206
204,205,206
207,208,209
210,211,212
204,205,206
210,211,212
90,91,92
207,208,209
36,37,38
213,214,215
207,208,209
213,214,215
216,217,218
207,208,209
216,217,218
210,211,212
210,211,212
216,217,218
219,220,221
210,211,212
219,220,221
222,223,224
210,211,212
222,223,224
90,91,92
219,220,221
216,217,218
225,226,227
219,220,221
225,226,227
183,184,185
219,220,221
183,184,185
222,223,224
183,184,185
84,85,86
222,223,224
183,184,185
225,226,227
174,175,176
174,175,176
225,226,227
228,229,230
174,175,176
228,229,230
153,154,155
225,226,227
216,217,218
231,232,233
225,226,227
231,232,233
228,229,230
216,217,218
213,214,215
234,235,236
216,217,218
234,235,236
231,232,233
84,85,86
141,142,143
237,238,239
84,85,86
237,238,239
222,223,224
234,235,236
213,214,215
240,241,242
234,235,236
240,241,242
243,244,245
234,235,236
243,244,245
231,232,233
231,232,233
243,244,245
246,247,248
231,232,233
246,247,248
228,229,230
246,247,248
243,244,245
90,91,92
246,247,248
90,91,92
249,250,251
246,247,248
249,250,251
228,229,230
243,244,245
240,241,242
93,94,95
243,244,245
93,94,95
90,91,92
90,91,92
222,223,224
249,250,251
240,241,242
213,214,215
252,253,254
240,241,242
252,253,254
93,94,95
228,229,230
249,250,251
255,256,257
228,229,230
255,256,257
153,154,155
249,250,251
222,223,224
258,259,260
249,250,251
258,259,260
255,256,257
255,256,257
258,259,260
261,262,263
255,256,257
261,262,263
153,154,155
213,214,215
36,37,38
264,265,266
213,214,215
264,265,266
252,253,254
252,253,254
264,265,266
267,268,269
252,253,254
267,268,269
93,94,95
93,94,95
267,268,269
96,97,98
264,265,266
36,37,38
270,271,272
264,265,266
270,271,272
267,268,269
36,37,38
39,40,41
270,271,272
267,268,269
270,271,272
273,274,275
267,268,269
273,274,275
96,97,98
270,271,272
39,40,41
276,277,278
270,271,272
276,277,278
273,274,275
39,40,41
153,154,155
276,277,278
153,154,155
261,262,263
276,277,278
276,277,278
261,262,263
279,280,281
276,277,278
279,280,281
273,274,275
273,274,275
279,280,281
96,97,98
261,262,263
258,259,260
279,280,281
279,280,281
258,259,260
96,97,98
258,259,260
222,223,224
96,97,98
222,223,224
237,238,239
282,283,284
222,223,224
282,283,284
96,97,98
96,97,98
282,283,284
99,100,101
282,283,284
237,238,239
285,286,287
282,283,284
285,286,287
288,289,290
282,283,284
288,289,290
99,100,101
69,70,71
42,43,44
291,292,293
69,70,71
291,292,293
294,295,296
69,70,71
294,295,296
141,142,143
99,100,101
288,289,290
297,298,299
99,100,101
297,298,299
300,301,302
99,100,101
300,301,302
303,304,305
99,100,101
303,304,305
42,43,44
303,304,305
300,301,302
306,307,308
303,304,305
306,307,308
309,310,311
303,304,305
309,310,311
312,313,314
303,304,305
312,313,314
42,43,44
42,43,44
312,313,314
315,316,317
42,43,44
315,316,317
318,319,320
42,43,44
318,319,320
291,292,293
315,316,317
312,313,314
321,322,323
315,316,317
321,322,323
324,325,326
315,316,317
324,325,326
318,319,320
324,325,326
321,322,323
327,328,329
324,325,326
327,328,329
330,331,332
324,325,326
330,331,332
318,319,320
318,319,320
330,331,332
333,334,335
318,319,320
333,334,335
291,292,293
330,331,332
327,328,329
336,337,338
330,331,332
336,337,338
339,340,341
330,331,332
339,340,341
333,334,335
327,328,329
321,322,323
342,343,344
327,328,329
342,343,344
345,346,347
327,328,329
345,346,347
336,337,338
336,337,338
345,346,347
348,349,350
336,337,338
348,349,350
351,352,353
336,337,338
351,352,353
339,340,341
348,349,350
345,346,347
354,355,356
348,349,350
354,355,356
357,358,359
348,349,350
357,358,359
351,352,353
345,346,347
342,343,344
360,361,362
345,346,347
360,361,362
354,355,356
354,355,356
360,361,362
363,364,365
354,355,356
363,364,365
366,367,368
354,355,356
366,367,368
357,358,359
360,361,362
342,343,344
339,340,341
360,361,362
339,340,341
351,352,353
360,361,362
351,352,353
363,364,365
339,340,341
342,343,344
333,334,335
342,343,344
321,322,323
333,334,335
351,352,353
357,358,359
369,370,371
351,352,353
369,370,371
363,364,365
363,364,365
369,370,371
372,373,374
363,364,365
372,373,374
366,367,368
357,358,359
366,367,368
375,376,377
357,358,359
375,376,377
369,370,371
369,370,371
375,376,377
378,379,380
369,370,371
378,379,380
372,373,374
366,367,368
372,373,374
381,382,383
366,367,368
381,382,383
375,376,377
375,376,377
381,382,383
384,385,386
375,376,377
384,385,386
378,379,380
381,382,383
372,373,374
387,388,389
381,382,383
387,388,389
384,385,386
372,373,374
378,379,380
390,391,392
372,373,374
390,391,392
387,388,389
378,379,380
384,385,386
393,394,395
378,379,380
393,394,395
390,391,392
384,385,386
387,388,389
396,397,398
384,385,386
396,397,398
393,394,395
387,388,389
390,391,392
399,400,401
387,388,389
399,400,401
396,397,398
390,391,392
393,394,395
300,301,302
390,391,392
300,301,302
399,400,401
393,394,395
396,397,398
306,307,308
393,394,395
306,307,308
300,301,302
300,301,302
297,298,299
399,400,401
399,400,401
297,298,299
402,403,404
399,400,401
402,403,404
396,397,398
396,397,398
402,403,404
306,307,308
402,403,404
297,298,299
405,406,407
402,403,404
405,406,407
306,307,308
306,307,308
405,406,407
309,310,311
297,298,299
288,289,290
405,406,407
405,406,407
288,289,290
309,310,311
333,334,335
321,322,323
408,409,410
333,334,335
408,409,410
291,292,293
321,322,323
312,313,314
408,409,410
312,313,314
309,310,311
411,412,413
312,313,314
411,412,413
408,409,410
309,310,311
288,289,290
411,412,413
411,412,413
288,289,290
408,409,410
408,409,410
288,289,290
291,292,293
288,289,290
285,286,287
291,292,293
291,292,293
285,286,287
294,295,296
285,286,287
237,238,239
414,415,416
285,286,287
414,415,416
417,418,419
285,286,287
417,418,419
420,421,422
285,286,287
420,421,422
294,295,296
420,421,422
417,418,419
423,424,425
420,421,422
423,424,425
426,427,428
420,421,422
426,427,428
429,430,431
420,421,422
429,430,431
294,295,296
294,295,296
429,430,431
432,433,434
294,295,296
432,433,434
435,436,437
294,295,296
435,436,437
141,142,143
432,433,434
429,430,431
438,439,440
432,433,434
438,439,440
441,442,443
432,433,434
441,442,443
435,436,437
441,442,443
438,439,440
444,445,446
441,442,443
444,445,446
447,448,449
441,442,443
447,448,449
435,436,437
435,436,437
447,448,449
450,451,452
435,436,437
450,451,452
141,142,143
447,448,449
444,445,446
453,454,455
447,448,449
453,454,455
456,457,458
447,448,449
456,457,458
450,451,452
444,445,446
438,439,440
459,460,461
444,445,446
459,460,461
462,463,464
444,445,446
462,463,464
453,454,455
453,454,455
462,463,464
465,466,467
453,454,455
465,466,467
468,469,470
453,454,455
468,469,470
456,457,458
465,466,467
462,463,464
471,472,473
465,466,467
471,472,473
474,475,476
465,466,467
474,475,476
468,469,470
462,463,464
459,460,461
477,478,479
462,463,464
477,478,479
471,472,473
471,472,473
477,478,479
480,481,482
471,472,473
480,481,482
483,484,485
471,472,473
483,484,485
474,475,476
477,478,479
459,460,461
456,457,458
477,478,479
456,457,458
468,469,470
477,478,479
468,469,470
480,481,482
456,457,458
459,460,461
450,451,452
459,460,461
438,439,440
450,451,452
468,469,470
474,475,476
486,487,488
468,469,470
486,487,488
480,481,482
480,481,482
486,487,488
489,490,491
480,481,482
489,490,491
483,484,485
474,475,476
483,484,485
492,493,494
474,475,476
492,493,494
486,487,488
486,487,488
492,493,494
495,496,497
486,487,488
495,496,497
489,490,491
483,484,485
489,490,491
498,499,500
483,484,485
498,499,500
492,493,494
492,493,494
498,499,500
501,502,503
492,493,494
501,502,503
495,496,497
498,499,500
489,490,491
504,505,506
498,499,500
504,505,506
501,502,503
489,490,491
495,496,497
507,508,509
489,490,491
507,508,509
504,505,506
495,496,497
501,502,503
510,511,512
495,496,497
510,511,512
507,508,509
501,502,503
504,505,506
513,514,515
501,502,503
513,514,515
510,511,512
504,505,506
507,508,509
516,517,518
504,505,506
516,517,518
513,514,515
507,508,509
510,511,512
417,418,419
507,508,509
417,418,419
516,517,518
510,511,512
513,514,515
423,424,425
510,511,512
423,424,425
417,418,419
417,418,419
414,415,416
516,517,518
516,517,518
414,415,416
519,520,521
516,517,518
519,520,521
513,514,515
513,514,515
519,520,521
423,424,425
519,520,521
414,415,416
522,523,524
519,520,521
522,523,524
423,424,425
423,424,425
522,523,524
426,427,428
414,415,416
237,238,239
522,523,524
522,523,524
237,238,239
426,427,428
450,451,452
438,439,440
525,526,527
450,451,452
525,526,527
141,142,143
438,439,440
429,430,431
525,526,527
525,526,527
429,430,431
528,529,530
525,526,527
528,529,530
141,142,143
429,430,431
426,427,428
528,529,530
426,427,428
237,238,239
528,529,530
528,529,530
237,238,239
141,142,143
0,1,2
3,4,5
6,7,8
6,7,8
3,4,5
9,10,11
6,7,8
9,10,11
12,13,14
6,7,8
12,13,14
15,16,17
6,7,8
15,16,17
0,1,2
15,16,17
12,13,14
18,19,20
15,16,17
18,19,20
21,22,23
15,16,17
21,22,23
0,1,2
0,1,2
21,22,23
24,25,26
0,1,2
24,25,26
3,4,5
21,22,23
18,19,20
27,28,29
21,22,23
27,28,29
24,25,26
27,28,29
18,19,20
30,31,32
27,28,29
30,31,32
33,34,35
27,28,29
33,34,35
24,25,26
24,25,26
33,34,35
36,37,38
24,25,26
36,37,38
3,4,5
33,34,35
30,31,32
39,40,41
33,34,35
39,40,41
36,37,38
30,31,32
18,19,20
42,43,44
30,31,32
42,43,44
45,46,47
30,31,32
45,46,47
39,40,41
45,46,47
42,43,44
48,49,50
45,46,47
48,49,50
51,52,53
45,46,47
51,52,53
39,40,41
48,49,50
42,43,44
54,55,56
48,49,50
54,55,56
57,58,59
48,49,50
57,58,59
51,52,53
57,58,59
54,55,56
60,61,62
57,58,59
60,61,62
63,64,65
57,58,59
63,64,65
51,52,53
51,52,53
63,64,65
66,67,68
51,52,53
66,67,68
39,40,41
54,55,56
42,43,44
69,70,71
54,55,56
69,70,71
72,73,74
54,55,56
72,73,74
60,61,62
60,61,62
72,73,74
9,10,11
60,61,62
9,10,11
75,76,77
60,61,62
75,76,77
63,64,65
9,10,11
3,4,5
75,76,77
9,10,11
72,73,74
12,13,14
72,73,74
69,70,71
78,79,80
72,73,74
78,79,80
12,13,14
12,13,14
78,79,80
18,19,20
18,19,20
96,97,98
99,100,101
18,19,20
99,100,101
42,43,44
3,4,5
36,37,38
102,103,104
3,4,5
102,103,104
105,106,107
3,4,5
105,106,107
75,76,77
105,106,107
111,112,113
75,76,77
102,103,104
36,37,38
108,109,110
111,112,113
108,109,110
114,115,116
111,112,113
114,115,116
75,76,77
108,109,110
36,37,38
114,115,116
75,76,77
114,115,116
117,118,119
75,76,77
117,118,119
120,121,122
75,76,77
120,121,122
123,124,125
75,76,77
123,124,125
63,64,65
123,124,125
120,121,122
126,127,128
123,124,125
126,127,128
129,130,131
123,124,125
129,130,131
63,64,65
120,121,122
117,118,119
132,133,134
120,121,122
132,133,134
126,127,128
126,127,128
132,133,134
81,82,83
126,127,128
81,82,83
129,130,131
129,130,131
81,82,83
135,136,137
129,130,131
135,136,137
63,64,65
63,64,65
135,136,137
66,67,68
135,136,137
81,82,83
78,79,80
135,136,137
78,79,80
138,139,140
135,136,137
138,139,140
66,67,68
81,82,83
132,133,134
141,142,143
81,82,83
141,142,143
84,85,86
132,133,134
117,118,119
144,145,146
132,133,134
144,145,146
141,142,143
66,67,68
138,139,140
147,148,149
66,67,68
147,148,149
39,40,41
138,139,140
78,79,80
150,151,152
138,139,140
150,151,152
147,148,149
147,148,149
150,151,152
153,154,155
147,148,149
153,154,155
39,40,41
150,151,152
78,79,80
156,157,158
150,151,152
156,157,158
153,154,155
78,79,80
69,70,71
156,157,158
156,157,158
69,70,71
159,160,161
156,157,158
159,160,161
162,163,164
156,157,158
162,163,164
153,154,155
144,145,146
117,118,119
165,166,167
144,145,146
165,166,167
159,160,161
144,145,146
159,160,161
141,142,143
159,160,161
69,70,71
141,142,143
159,160,161
165,166,167
162,163,164
117,118,119
114,115,116
168,169,170
117,118,119
168,169,170
165,166,167
165,166,167
168,169,170
171,172,173
165,166,167
171,172,173
162,163,164
162,163,164
171,172,173
174,175,176
162,163,164
174,175,176
153,154,155
171,172,173
168,169,170
177,178,179
171,172,173
177,178,179
180,181,182
171,172,173
180,181,182
174,175,176
180,181,182
177,178,179
84,85,86
180,181,182
84,85,86
183,184,185
180,181,182
183,184,185
174,175,176
177,178,179
168,169,170
186,187,188
177,178,179
186,187,188
87,88,89
177,178,179
87,88,89
84,85,86
168,169,170
114,115,116
189,190,191
168,169,170
189,190,191
186,187,188
186,187,188
189,190,191
192,193,194
186,187,188
192,193,194
87,88,89
189,190,191
114,115,116
195,196,197
189,190,191
195,196,197
192,193,194
192,193,194
195,196,197
198,199,200
192,193,194
198,199,200
87,88,89
87,88,89
198,199,200
90,91,92
195,196,197
114,115,116
201,202,203
195,196,197
201,202,203
198,199,200
114,115,116
36,37,38
201,202,203
198,199,200
201,202,203
204,205,206
198,199,200
204,205,206
90,91,92
201,202,203
36,37,38
207,208,209
201,202,203
207,208,209
204,205,206
204,205,206
207,208,209
210,211,212
204,205,206
210,211,212
90,91,92
207,208,209
36,37,38
213,214,215
207,208,209
213,214,215
216,217,218
207,208,209
216,217,218
210,211,212
210,211,212
216,217,218
219,220,221
210,211,212
219,220,221
222,223,224
210,211,212
222,223,224
90,91,92
219,220,221
216,217,218
225,226,227
219,220,221
225,226,227
183,184,185
219,220,221
183,184,185
222,223,224
183,184,185
84,85,86
222,223,224
183,184,185
225,226,227
174,175,176
174,175,176
225,226,227
228,229,230
174,175,176
228,229,230
153,154,155
225,226,227
216,217,218
231,232,233
225,226,227
231,232,233
228,229,230
216,217,218
213,214,215
234,235,236
216,217,218
234,235,236
231,232,233
84,85,86
141,142,143
237,238,239
84,85,86
237,238,239
222,223,224
234,235,236
213,214,215
240,241,242
234,235,236
240,241,242
243,244,245
234,235,236
243,244,245
231,232,233
231,232,233
243,244,245
246,247,248
231,232,233
246,247,248
228,229,230
246,247,248
243,244,245
90,91,92
246,247,248
90,91,92
249,250,251
246,247,248
249,250,251
228,229,230
243,244,245
240,241,242
93,94,95
243,244,245
93,94,95
90,91,92
90,91,92
222,223,224
249,250,251
240,241,242
213,214,215
252,253,254
240,241,242
252,253,254
93,94,95
228,229,230
249,250,251
255,256,257
228,229,230
255,256,257
153,154,155
249,250,251
222,223,224
258,259,260
249,250,251
258,259,260
255,256,257
255,256,257
258,259,260
261,262,263
255,256,257
261,262,263
153,154,155
213,214,215
36,37,38
264,265,266
213,214,215
264,265,266
252,253,254
252,253,254
264,265,266
267,268,269
252,253,254
267,268,269
93,94,95
93,94,95
267,268,269
96,97,98
264,265,266
36,37,38
270,271,272
264,265,266
270,271,272
267,268,269
36,37,38
39,40,41
270,271,272
267,268,269
270,271,272
273,274,275
267,268,269
273,274,275
96,97,98
270,271,272
39,40,41
276,277,278
270,271,272
276,277,278
273,274,275
39,40,41
153,154,155
276,277,278
153,154,155
261,262,263
276,277,278
276,277,278
261,262,263
279,280,281
276,277,278
279,280,281
273,274,275
273,274,275
279,280,281
96,97,98
261,262,263
258,259,260
279,280,281
279,280,281
258,259,260
96,97,98
258,259,260
222,223,224
96,97,98
222,223,224
237,238,239
282,283,284
222,223,224
282,283,284
96,97,98
96,97,98
282,283,284
99,100,101
282,283,284
237,238,239
285,286,287
282,283,284
285,286,287
288,289,290
282,283,284
288,289,290
99,100,101
69,70,71
42,43,44
291,292,293
69,70,71
291,292,293
294,295,296
69,70,71
294,295,296
141,142,143
99,100,101
288,289,290
297,298,299
99,100,101
297,298,299
300,301,302
99,100,101
300,301,302
303,304,305
99,100,101
303,304,305
42,43,44
303,304,305
300,301,302
306,307,308
303,304,305
306,307,308
309,310,311
303,304,305
309,310,311
312,313,314
303,304,305
312,313,314
42,43,44
42,43,44
312,313,314
315,316,317
42,43,44
315,316,317
318,319,320
42,43,44
318,319,320
291,292,293
315,316,317
312,313,314
321,322,323
315,316,317
321,322,323
324,325,326
315,316,317
324,325,326
318,319,320
324,325,326
321,322,323
327,328,329
324,325,326
327,328,329
330,331,332
324,325,326
330,331,332
318,319,320
318,319,320
330,331,332
333,334,335
318,319,320
333,334,335
291,292,293
330,331,332
327,328,329
336,337,338
330,331,332
336,337,338
339,340,341
330,331,332
339,340,341
333,334,335
327,328,329
321,322,323
342,343,344
327,328,329
342,343,344
345,346,347
327,328,329
345,346,347
336,337,338
336,337,338
345,346,347
348,349,350
336,337,338
348,349,350
351,352,353
336,337,338
351,352,353
339,340,341
348,349,350
345,346,347
354,355,356
348,349,350
354,355,356
357,358,359
348,349,350
357,358,359
351,352,353
345,346,347
342,343,344
360,361,362
345,346,347
360,361,362
354,355,356
354,355,356
360,361,362
363,364,365
354,355,356
363,364,365
366,367,368
354,355,356
366,367,368
357,358,359
360,361,362
342,343,344
339,340,341
360,361,362
339,340,341
351,352,353
360,361,362
351,352,353
363,364,365
339,340,341
342,343,344
333,334,335
342,343,344
321,322,323
333,334,335
351,352,353
357,358,359
369,370,371
351,352,353
369,370,371
363,364,365
363,364,365
369,370,371
372,373,374
363,364,365
372,373,374
366,367,368
357,358,359
366,367,368
375,376,377
357,358,359
375,376,377
369,370,371
369,370,371
375,376,377
378,379,380
369,370,371
378,379,380
372,373,374
366,367,368
372,373,374
381,382,383
366,367,368
381,382,383
375,376,377
375,376,377
381,382,383
384,385,386
375,376,377
384,385,386
378,379,380
381,382,383
372,373,374
387,388,389
381,382,383
387,388,389
384,385,386
372,373,374
378,379,380
390,391,392
372,373,374
390,391,392
387,388,389
378,379,380
384,385,386
393,394,395
378,379,380
393,394,395
390,391,392
384,385,386
387,388,389
396,397,398
384,385,386
396,397,398
393,394,395
387,388,389
390,391,392
399,400,401
387,388,389
399,400,401
396,397,398
390,391,392
393,394,395
300,301,302
390,391,392
300,301,302
399,400,401
393,394,395
396,397,398
306,307,308
393,394,395
306,307,308
300,301,302
300,301,302
297,298,299
399,400,401
399,400,401
297,298,299
402,403,404
399,400,401
402,403,404
396,397,398
396,397,398
402,403,404
306,307,308
402,403,404
297,298,299
405,406,407
402,403,404
405,406,407
306,307,308
306,307,308
405,406,407
309,310,311
297,298,299
288,289,290
405,406,407
405,406,407
288,289,290
309,310,311
333,334,335
321,322,323
408,409,410
333,334,335
408,409,410
291,292,293
321,322,323
312,313,314
408,409,410
312,313,314
309,310,311
411,412,413
312,313,314
411,412,413
408,409,410
309,310,311
288,289,290
411,412,413
411,412,413
288,289,290
408,409,410
408,409,410
288,289,290
291,292,293
288,289,290
285,286,287
291,292,293
291,292,293
285,286,287
294,295,296
285,286,287
237,238,239
414,415,416
285,286,287
414,415,416
417,418,419
285,286,287
417,418,419
420,421,422
285,286,287
420,421,422
294,295,296
420,421,422
417,418,419
423,424,425
420,421,422
423,424,425
426,427,428
420,421,422
426,427,428
429,430,431
420,421,422
429,430,431
294,295,296
294,295,296
429,430,431
432,433,434
294,295,296
432,433,434
435,436,437
294,295,296
435,436,437
141,142,143
432,433,434
429,430,431
438,439,440
432,433,434
438,439,440
441,442,443
432,433,434
441,442,443
435,436,437
441,442,443
438,439,440
444,445,446
441,442,443
444,445,446
447,448,449
441,442,443
447,448,449
435,436,437
435,436,437
447,448,449
450,451,452
435,436,437
450,451,452
141,142,143
447,448,449
444,445,446
453,454,455
447,448,449
453,454,455
456,457,458
447,448,449
456,457,458
450,451,452
444,445,446
438,439,440
459,460,461
444,445,446
459,460,461
462,463,464
444,445,446
462,463,464
453,454,455
453,454,455
462,463,464
465,466,467
453,454,455
465,466,467
468,469,470
453,454,455
468,469,470
456,457,458
465,466,467
462,463,464
471,472,473
465,466,467
471,472,473
474,475,476
465,466,467
474,475,476
468,469,470
462,463,464
459,460,461
477,478,479
462,463,464
477,478,479
471,472,473
471,472,473
477,478,479
480,481,482
471,472,473
480,481,482
483,484,485
471,472,473
483,484,485
474,475,476
477,478,479
459,460,461
456,457,458
477,478,479
456,457,458
468,469,470
477,478,479
468,469,470
480,481,482
456,457,458
459,460,461
450,451,452
459,460,461
438,439,440
450,451,452
468,469,470
474,475,476
486,487,488
468,469,470
486,487,488
480,481,482
480,481,482
486,487,488
489,490,491
480,481,482
489,490,491
483,484,485
474,475,476
483,484,485
492,493,494
474,475,476
492,493,494
486,487,488
486,487,488
492,493,494
495,496,497
486,487,488
495,496,497
489,490,491
483,484,485
489,490,491
498,499,500
483,484,485
498,499,500
492,493,494
492,493,494
498,499,500
501,502,503
492,493,494
501,502,503
495,496,497
498,499,500
489,490,491
504,505,506
498,499,500
504,505,506
501,502,503
489,490,491
495,496,497
507,508,509
489,490,491
507,508,509
504,505,506
495,496,497
501,502,503
510,511,512
495,496,497
510,511,512
507,508,509
501,502,503
504,505,506
513,514,515
501,502,503
513,514,515
510,511,512
504,505,506
507,508,509
516,517,518
504,505,506
516,517,518
513,514,515
507,508,509
510,511,512
417,418,419
507,508,509
417,418,419
516,517,518
510,511,512
513,514,515
423,424,425
510,511,512
423,424,425
417,418,419
417,418,419
414,415,416
516,517,518
516,517,518
414,415,416
519,520,521
516,517,518
519,520,521
513,514,515
513,514,515
519,520,521
423,424,425
519,520,521
414,415,416
522,523,524
519,520,521
522,523,524
423,424,425
423,424,425
522,523,524
426,427,428
414,415,416
237,238,239
522,523,524
522,523,524
237,238,239
426,427,428
450,451,452
438,439,440
525,526,527
450,451,452
525,526,527
141,142,143
438,439,440
429,430,431
525,526,527
525,526,527
429,430,431
528,529,530
525,526,527
528,529,530
141,142,143
429,430,431
426,427,428
528,529,530
426,427,428
237,238,239
528,529,530
528,529,530
237,238,239
141,142,143
0,1,2
3,4,5
6,7,8
6,7,8
3,4,5
9,10,11
6,7,8
9,10,11
12,13,14
6,7,8
12,13,14
15,16,17
6,7,8
15,16,17
0,1,2
15,16,17
12,13,14
18,19,20
15,16,17
18,19,20
21,22,23
15,16,17
21,22,23
0,1,2
0,1,2
21,22,23
24,25,26
0,1,2
24,25,26
3,4,5
21,22,23
18,19,20
27,28,29
21,22,23
27,28,29
24,25,26
27,28,29
18,19,20
30,31,32
27,28,29
30,31,32
33,34,35
27,28,29
33,34,35
24,25,26
24,25,26
33,34,35
36,37,38
24,25,26
36,37,38
3,4,5
33,34,35
30,31,32
39,40,41
33,34,35
39,40,41
36,37,38
30,31,32
18,19,20
42,43,44
30,31,32
42,43,44
45,46,47
30,31,32
45,46,47
39,40,41
45,46,47
42,43,44
48,49,50
45,46,47
48,49,50
51,52,53
45,46,47
51,52,53
39,40,41
48,49,50
42,43,44
54,55,56
48,49,50
54,55,56
57,58,59
48,49,50
57,58,59
51,52,53
57,58,59
54,55,56
60,61,62
57,58,59
60,61,62
63,64,65
57,58,59
63,64,65
51,52,53
51,52,53
63,64,65
66,67,68
51,52,53
66,67,68
39,40,41
54,55,56
42,43,44
69,70,71
54,55,56
69,70,71
72,73,74
54,55,56
72,73,74
60,61,62
60,61,62
72,73,74
9,10,11
60,61,62
9,10,11
75,76,77
60,61,62
75,76,77
63,64,65
9,10,11
3,4,5
75,76,77
9,10,11
72,73,74
12,13,14
72,73,74
69,70,71
78,79,80
72,73,74
78,79,80
12,13,14
12,13,14
78,79,80
18,19,20
18,19,20
96,97,98
99,100,101
18,19,20
99,100,101
42,43,44
3,4,5
36,37,38
102,103,104
3,4,5
102,103,104
105,106,107
3,4,5
105,106,107
75,76,77
105,106,107
111,112,113
75,76,77
102,103,104
36,37,38
108,109,110
111,112,113
108,109,110
114,115,116
111,112,113
114,115,116
75,76,77
108,109,110
36,37,38
114,115,116
75,76,77
114,115,116
117,118,119
75,76,77
117,118,119
120,121,122
75,76,77
120,121,122
123,124,125
75,76,77
123,124,125
63,64,65
123,124,125
120,121,122
126,127,128
123,124,125
126,127,128
129,130,131
123,124,125
129,130,131
63,64,65
120,121,122
117,118,119
132,133,134
120,121,122
132,133,134
126,127,128
126,127,128
132,133,134
81,82,83
126,127,128
81,82,83
129,130,131
129,130,131
81,82,83
135,136,137
129,130,131
135,136,137
63,64,65
63,64,65
135,136,137
66,67,68
135,136,137
81,82,83
78,79,80
135,136,137
78,79,80
138,139,140
135,136,137
138,139,140
66,67,68
81,82,83
132,133,134
141,142,143
81,82,83
141,142,143
84,85,86
132,133,134
117,118,119
144,145,146
132,133,134
144,145,146
141,142,143
66,67,68
138,139,140
147,148,149
66,67,68
147,148,149
39,40,41
138,139,140
78,79,80
150,151,152
138,139,140
150,151,152
147,148,149
147,148,149
150,151,152
153,154,155
147,148,149
153,154,155
39,40,41
150,151,152
78,79,80
156,157,158
150,151,152
156,157,158
153,154,155
78,79,80
69,70,71
156,157,158
156,157,158
69,70,71
159,160,161
156,157,158
159,160,161
162,163,164
156,157,158
162,163,164
153,154,155
144,145,146
117,118,119
165,166,167
144,145,146
165,166,167
159,160,161
144,145,146
159,160,161
141,142,143
159,160,161
69,70,71
141,142,143
159,160,161
165,166,167
162,163,164
117,118,119
114,115,116
168,169,170
117,118,119
168,169,170
165,166,167
165,166,167
168,169,170
171,172,173
165,166,167
171,172,173
162,163,164
162,163,164
171,172,173
174,175,176
162,163,164
174,175,176
153,154,155
171,172,173
168,169,170
177,178,179
171,172,173
177,178,179
180,181,182
171,172,173
180,181,182
174,175,176
180,181,182
177,178,179
84,85,86
180,181,182
84,85,86
183,184,185
180,181,182
183,184,185
174,175,176
177,178,179
168,169,170
186,187,188
177,178,179
186,187,188
87,88,89
177,178,179
87,88,89
84,85,86
168,169,170
114,115,116
189,190,191
168,169,170
189,190,191
186,187,188
186,187,188
189,190,191
192,193,194
186,187,188
192,193,194
87,88,89
189,190,191
114,115,116
195,196,197
189,190,191
195,196,197
192,193,194
192,193,194
195,196,197
198,199,200
192,193,194
198,199,200
87,88,89
87,88,89
198,199,200
90,91,92
195,196,197
114,115,116
201,202,203
195,196,197
201,202,203
198,199,200
114,115,116
36,37,38
201,202,203
198,199,200
201,202,203
204,205,206
198,199,200
204,205,206
90,91,92
201,202,203
36,37,38
207,208,209
201,202,203
207,208,209
204,205,206
204,205,206
207,208,209
210,211,212
204,205,206
210,211,212
90,91,92
207,208,209
36,37,38
213,214,215
207,208,209
213,214,215
216,217,218
207,208,209
216,217,218
210,211,212
210,211,212
216,217,218
219,220,221
210,211,212
219,220,221
222,223,224
210,211,212
222,223,224
90,91,92
219,220,221
216,217,218
225,226,227
219,220,221
225,226,227
183,184,185
219,220,221
183,184,185
222,223,224
183,184,185
84,85,86
222,223,224
183,184,185
225,226,227
174,175,176
174,175,176
225,226,227
228,229,230
174,175,176
228,229,230
153,154,155
225,226,227
216,217,218
231,232,233
225,226,227
231,232,233
228,229,230
216,217,218
213,214,215
234,235,236
216,217,218
234,235,236
231,232,233
84,85,86
141,142,143
237,238,239
84,85,86
237,238,239
222,223,224
234,235,236
213,214,215
240,241,242
234,235,236
240,241,242
243,244,245
234,235,236
243,244,245
231,232,233
231,232,233
243,244,245
246,247,248
231,232,233
246,247,248
228,229,230
246,247,248
243,244,245
90,91,92
246,247,248
90,91,92
249,250,251
246,247,248
249,250,251
228,229,230
243,244,245
240,241,242
93,94,95
243,244,245
93,94,95
90,91,92
90,91,92
222,223,224
249,250,251
240,241,242
213,214,215
252,253,254
240,241,242
252,253,254
93,94,95
228,229,230
249,250,251
255,256,257
228,229,230
255,256,257
153,154,155
249,250,251
222,223,224
258,259,260
249,250,251
258,259,260
255,256,257
255,256,257
258,259,260
261,262,263
255,256,257
261,262,263
153,154,155
213,214,215
36,37,38
264,265,266
213,214,215
264,265,266
252,253,254
252,253,254
264,265,266
267,268,269
252,253,254
267,268,269
93,94,95
93,94,95
267,268,269
96,97,98
264,265,266
36,37,38
270,271,272
264,265,266
270,271,272
267,268,269
36,37,38
39,40,41
270,271,272
267,268,269
270,271,272
273,274,275
267,268,269
273,274,275
96,97,98
270,271,272
39,40,41
276,277,278
270,271,272
276,277,278
273,274,275
39,40,41
153,154,155
276,277,278
153,154,155
261,262,263
276,277,278
276,277,278
261,262,263
279,280,281
276,277,278
279,280,281
273,274,275
273,274,275
279,280,281
96,97,98
261,262,263
258,259,260
279,280,281
279,280,281
258,259,260
96,97,98
258,259,260
222,223,224
96,97,98
222,223,224
237,238,239
282,283,284
222,223,224
282,283,284
96,97,98
96,97,98
282,283,284
99,100,101
282,283,284
237,238,239
285,286,287
282,283,284
285,286,287
288,289,290
282,283,284
288,289,290
99,100,101
69,70,71
42,43,44
291,292,293
69,70,71
291,292,293
294,295,296
69,70,71
294,295,296
141,142,143
99,100,101
288,289,290
297,298,299
99,100,101
297,298,299
300,301,302
99,100,101
300,301,302
303,304,305
99,100,101
303,304,305
42,43,44
303,304,305
300,301,302
306,307,308
303,304,305
306,307,308
309,310,311
303,304,305
309,310,311
312,313,314
303,304,305
312,313,314
42,43,44
42,43,44
312,313,314
315,316,317
42,43,44
315,316,317
318,319,320
42,43,44
318,319,320
291,292,293
315,316,317
312,313,314
321,322,323
315,316,317
321,322,323
324,325,326
315,316,317
324,325,326
318,319,320
324,325,326
321,322,323
327,328,329
324,325,326
327,328,329
330,331,332
324,325,326
330,331,332
318,319,320
318,319,320
330,331,332
333,334,335
318,319,320
333,334,335
291,292,293
330,331,332
327,328,329
336,337,338
330,331,332
336,337,338
339,340,341
330,331,332
339,340,341
333,334,335
327,328,329
321,322,323
342,343,344
327,328,329
342,343,344
345,346,347
327,328,329
345,346,347
336,337,338
336,337,338
345,346,347
348,349,350
336,337,338
348,349,350
351,352,353
336,337,338
351,352,353
339,340,341
348,349,350
345,346,347
354,355,356
348,349,350
354,355,356
357,358,359
348,349,350
357,358,359
351,352,353
345,346,347
342,343,344
360,361,362
345,346,347
360,361,362
354,355,356
354,355,356
360,361,362
363,364,365
354,355,356
363,364,365
366,367,368
354,355,356
366,367,368
357,358,359
360,361,362
342,343,344
339,340,341
360,361,362
339,340,341
351,352,353
360,361,362
351,352,353
363,364,365
339,340,341
342,343,344
333,334,335
342,343,344
321,322,323
333,334,335
351,352,353
357,358,359
369,370,371
351,352,353
369,370,371
363,364,365
363,364,365
369,370,371
372,373,374
363,364,365
372,373,374
366,367,368
357,358,359
366,367,368
375,376,377
357,358,359
375,376,377
369,370,371
369,370,371
375,376,377
378,379,380
369,370,371
378,379,380
372,373,374
366,367,368
372,373,374
381,382,383
366,367,368
381,382,383
375,376,377
375,376,377
381,382,383
384,385,386
375,376,377
384,385,386
378,379,380
381,382,383
372,373,374
387,388,389
381,382,383
387,388,389
384,385,386
372,373,374
378,379,380
390,391,392
372,373,374
390,391,392
387,388,389
378,379,380
384,385,386
393,394,395
378,379,380
393,394,395
390,391,392
384,385,386
387,388,389
396,397,398
384,385,386
396,397,398
393,394,395
387,388,389
390,391,392
399,400,401
387,388,389
399,400,401
396,397,398
390,391,392
393,394,395
300,301,302
390,391,392
300,301,302
399,400,401
393,394,395
396,397,398
306,307,308
393,394,395
306,307,308
300,301,302
300,301,302
297,298,299
399,400,401
399,400,401
297,298,299
402,403,404
399,400,401
402,403,404
396,397,398
396,397,398
402,403,404
306,307,308
402,403,404
297,298,299
405,406,407
402,403,404
405,406,407
306,307,308
306,307,308
405,406,407
309,310,311
297,298,299
288,289,290
405,406,407
405,406,407
288,289,290
309,310,311
333,334,335
321,322,323
408,409,410
333,334,335
408,409,410
291,292,293
321,322,323
312,313,314
408,409,410
312,313,314
309,310,311
411,412,413
312,313,314
411,412,413
408,409,410
309,310,311
288,289,290
411,412,413
411,412,413
288,289,290
408,409,410
408,409,410
288,289,290
291,292,293
288,289,290
285,286,287
291,292,293
291,292,293
285,286,287
294,295,296
285,286,287
237,238,239
414,415,416
285,286,287
414,415,416
417,418,419
285,286,287
417,418,419
420,421,422
285,286,287
420,421,422
294,295,296
420,421,422
417,418,419
423,424,425
420,421,422
423,424,425
426,427,428
420,421,422
426,427,428
429,430,431
420,421,422
429,430,431
294,295,296
294,295,296
429,430,431
432,433,434
294,295,296
432,433,434
435,436,437
294,295,296
435,436,437
141,142,143
432,433,434
429,430,431
438,439,440
432,433,434
438,439,440
441,442,443
432,433,434
441,442,443
435,436,437
441,442,443
438,439,440
444,445,446
441,442,443
444,445,446
447,448,449
441,442,443
447,448,449
435,436,437
435,436,437
447,448,449
450,451,452
435,436,437
450,451,452
141,142,143
447,448,449
444,445,446
453,454,455
447,448,449
453,454,455
456,457,458
447,448,449
456,457,458
450,451,452
444,445,446
438,439,440
459,460,461
444,445,446
459,460,461
462,463,464
444,445,446
462,463,464
453,454,455
453,454,455
462,463,464
465,466,467
453,454,455
465,466,467
468,469,470
453,454,455
468,469,470
456,457,458
465,466,467
462,463,464
471,472,473
465,466,467
471,472,473
474,475,476
465,466,467
474,475,476
468,469,470
462,463,464
459,460,461
477,478,479
462,463,464
477,478,479
471,472,473
471,472,473
477,478,479
480,481,482
471,472,473
480,481,482
483,484,485
471,472,473
483,484,485
474,475,476
477,478,479
459,460,461
456,457,458
477,478,479
456,457,458
468,469,470
477,478,479
468,469,470
480,481,482
456,457,458
459,460,461
450,451,452
459,460,461
438,439,440
450,451,452
468,469,470
474,475,476
486,487,488
468,469,470
486,487,488
480,481,482
480,481,482
486,487,488
489,490,491
480,481,482
489,490,491
483,484,485
474,475,476
483,484,485
492,493,494
474,475,476
492,493,494
486,487,488
486,487,488
492,493,494
495,496,497
486,487,488
495,496,497
489,490,491
483,484,485
489,490,491
498,499,500
483,484,485
498,499,500
492,493,494
492,493,494
498,499,500
501,502,503
492,493,494
501,502,503
495,496,497
498,499,500
489,490,491
504,505,506
498,499,500
504,505,506
501,502,503
489,490,491
495,496,497
507,508,509
489,490,491
507,508,509
504,505,506
495,496,497
501,502,503
510,511,512
495,496,497
510,511,512
507,508,509
501,502,503
504,505,506
513,514,515
501,502,503
513,514,515
510,511,512
504,505,506
507,508,509
516,517,518
504,505,506
516,517,518
513,514,515
507,508,509
510,511,512
417,418,419
507,508,509
417,418,419
516,517,518
510,511,512
513,514,515
423,424,425
510,511,512
423,424,425
417,418,419
417,418,419
414,415,416
516,517,518
516,517,518
414,415,416
519,520,521
516,517,518
519,520,521
513,514,515
513,514,515
519,520,521
423,424,425
519,520,521
414,415,416
522,523,524
519,520,521
522,523,524
423,424,425
423,424,425
522,523,524
426,427,428
414,415,416
237,238,239
522,523,524
522,523,524
237,238,239
426,427,428
450,451,452
438,439,440
525,526,527
450,451,452
525,526,527
141,142,143
438,439,440
429,430,431
525,526,527
525,526,527
429,430,431
528,529,530
525,526,527
528,529,530
141,142,143
429,430,431
426,427,428
528,529,530
426,427,428
237,238,239
528,529,530
528,529,530
237,238,239
141,142,143
0,1,2
3,4,5
6,7,8
6,7,8
3,4,5
9,10,11
6,7,8
9,10,11
12,13,14
6,7,8
12,13,14
15,16,17
6,7,8
15,16,17
0,1,2
15,16,17
12,13,14
18,19,20
15,16,17
18,19,20
21,22,23
15,16,17
21,22,23
0,1,2
0,1,2
21,22,23
24,25,26
0,1,2
24,25,26
3,4,5
21,22,23
18,19,20
27,28,29
21,22,23
27,28,29
24,25,26
27,28,29
18,19,20
30,31,32
27,28,29
30,31,32
33,34,35
27,28,29
33,34,35
24,25,26
24,25,26
33,34,35
36,37,38
24,25,26
36,37,38
3,4,5
33,34,35
30,31,32
39,40,41
33,34,35
39,40,41
36,37,38
30,31,32
18,19,20
42,43,44
30,31,32
42,43,44
45,46,47
30,31,32
45,46,47
39,40,41
45,46,47
42,43,44
48,49,50
45,46,47
48,49,50
51,52,53
45,46,47
51,52,53
39,40,41
48,49,50
42,43,44
54,55,56
48,49,50
54,55,56
57,58,59
48,49,50
57,58,59
51,52,53
57,58,59
54,55,56
60,61,62
57,58,59
60,61,62
63,64,65
57,58,59
63,64,65
51,52,53
51,52,53
63,64,65
66,67,68
51,52,53
66,67,68
39,40,41
54,55,56
42,43,44
69,70,71
54,55,56
69,70,71
72,73,74
54,55,56
72,73,74
60,61,62
60,61,62
72,73,74
9,10,11
60,61,62
9,10,11
75,76,77
60,61,62
75,76,77
63,64,65
9,10,11
3,4,5
75,76,77
9,10,11
72,73,74
12,13,14
72,73,74
69,70,71
78,79,80
72,73,74
78,79,80
12,13,14
12,13,14
78,79,80
18,19,20
18,19,20
96,97,98
99,100,101
18,19,20
99,100,101
42,43,44
3,4,5
36,37,38
102,103,104
3,4,5
102,103,104
105,106,107
3,4,5
105,106,107
75,76,77
105,106,107
111,112,113
75,76,77
102,103,104
36,37,38
108,109,110
111,112,113
108,109,110
114,115,116
111,112,113
114,115,116
75,76,77
108,109,110
36,37,38
114,115,116
75,76,77
114,115,116
117,118,119
75,76,77
117,118,119
120,121,122
75,76,77
120,121,122
123,124,125
75,76,77
123,124,125
63,64,65
123,124,125
120,121,122
126,127,128
123,124,125
126,127,128
129,130,131
123,124,125
129,130,131
63,64,65
120,121,122
117,118,119
132,133,134
120,121,122
132,133,134
126,127,128
126,127,128
132,133,134
81,82,83
126,127,128
81,82,83
129,130,131
129,130,131
81,82,83
135,136,137
129,130,131
135,136,137
63,64,65
63,64,65
135,136,137
66,67,68
135,136,137
81,82,83
78,79,80
135,136,137
78,79,80
138,139,140
135,136,137
138,139,140
66,67,68
81,82,83
132,133,134
141,142,143
81,82,83
141,142,143
84,85,86
132,133,134
117,118,119
144,145,146
132,133,134
144,145,146
141,142,143
66,67,68
138,139,140
147,148,149
66,67,68
147,148,149
39,40,41
138,139,140
78,79,80
150,151,152
138,139,140
150,151,152
147,148,149
147,148,149
150,151,152
153,154,155
147,148,149
153,154,155
39,40,41
150,151,152
78,79,80
156,157,158
150,151,152
156,157,158
153,154,155
78,79,80
69,70,71
156,157,158
156,157,158
69,70,71
159,160,161
156,157,158
159,160,161
162,163,164
156,157,158
162,163,164
153,154,155
144,145,146
117,118,119
165,166,167
144,145,146
165,166,167
159,160,161
144,145,146
159,160,161
141,142,143
159,160,161
69,70,71
141,142,143
159,160,161
165,166,167
162,163,164
117,118,119
114,115,116
168,169,170
117,118,119
168,169,170
165,166,167
165,166,167
168,169,170
171,172,173
165,166,167
171,172,173
162,163,164
162,163,164
171,172,173
174,175,176
162,163,164
174,175,176
153,154,155
171,172,173
168,169,170
177,178,179
171,172,173
177,178,179
180,181,182
171,172,173
180,181,182
174,175,176
180,181,182
177,178,179
84,85,86
180,181,182
84,85,86
183,184,185
180,181,182
183,184,185
174,175,176
177,178,179
168,169,170
186,187,188
177,178,179
186,187,188
87,88,89
177,178,179
87,88,89
84,85,86
168,169,170
114,115,116
189,190,191
168,169,170
189,190,191
186,187,188
186,187,188
189,190,191
192,193,194
186,187,188
192,193,194
87,88,89
189,190,191
114,115,116
195,196,197
189,190,191
195,196,197
192,193,194
192,193,194
195,196,197
198,199,200
192,193,194
198,199,200
87,88,89
87,88,89
198,199,200
90,91,92
195,196,197
114,115,116
201,202,203
195,196,197
201,202,203
198,199,200
114,115,116
36,37,38
201,202,203
198,199,200
201,202,203
204,205,206
198,199,200
204,205,206
90,91,92
201,202,203
36,37,38
207,208,209
201,202,203
207,208,209
204,205,206
204,205,206
207,208,209
210,211,212
204,205,206
210,211,212
90,91,92
207,208,209
36,37,38
213,214,215
207,208,209
213,214,215
216,217,218
207,208,209
216,217,218
210,211,212
210,211,212
216,217,218
219,220,221
210,211,212
219,220,221
222,223,224
210,211,212
222,223,224
90,91,92
219,220,221
216,217,218
225,226,227
219,220,221
225,226,227
183,184,185
219,220,221
183,184,185
222,223,224
183,184,185
84,85,86
222,223,224
183,184,185
225,226,227
174,175,176
174,175,176
225,226,227
228,229,230
174,175,176
228,229,230
153,154,155
225,226,227
216,217,218
231,232,233
225,226,227
231,232,233
228,229,230
216,217,218
213,214,215
234,235,236
216,217,218
234,235,236
231,232,233
84,85,86
141,142,143
237,238,239
84,85,86
237,238,239
222,223,224
234,235,236
213,214,215
240,241,242
234,235,236
240,241,242
243,244,245
234,235,236
243,244,245
231,232,233
231,232,233
243,244,245
246,247,248
231,232,233
246,247,248
228,229,230
246,247,248
243,244,245
90,91,92
246,247,248
90,91,92
249,250,251
246,247,248
249,250,251
228,229,230
243,244,245
240,241,242
93,94,95
243,244,245
93,94,95
90,91,92
90,91,92
222,223,224
249,250,251
240,241,242
213,214,215
252,253,254
240,241,242
252,253,254
93,94,95
228,229,230
249,250,251
255,256,257
228,229,230
255,256,257
153,154,155
249,250,251
222,223,224
258,259,260
249,250,251
258,259,260
255,256,257
255,256,257
258,259,260
261,262,263
255,256,257
261,262,263
153,154,155
213,214,215
36,37,38
264,265,266
213,214,215
264,265,266
252,253,254
252,253,254
264,265,266
267,268,269
252,253,254
267,268,269
93,94,95
93,94,95
267,268,269
96,97,98
264,265,266
36,37,38
270,271,272
264,265,266
270,271,272
267,268,269
36,37,38
39,40,41
270,271,272
267,268,269
270,271,272
273,274,275
267,268,269
273,274,275
96,97,98
270,271,272
39,40,41
276,277,278
270,271,272
276,277,278
273,274,275
39,40,41
153,154,155
276,277,278
153,154,155
261,262,263
276,277,278
276,277,278
261,262,263
279,280,281
276,277,278
279,280,281
273,274,275
273,274,275
279,280,281
96,97,98
261,262,263
258,259,260
279,280,281
279,280,281
258,259,260
96,97,98
258,259,260
222,223,224
96,97,98
222,223,224
237,238,239
282,283,284
222,223,224
282,283,284
96,97,98
96,97,98
282,283,284
99,100,101
282,283,284
237,238,239
285,286,287
282,283,284
285,286,287
288,289,290
282,283,284
288,289,290
99,100,101
69,70,71
42,43,44
291,292,293
69,70,71
291,292,293
294,295,296
69,70,71
294,295,296
141,142,143
99,100,101
288,289,290
297,298,299
99,100,101
297,298,299
300,301,302
99,100,101
300,301,302
303,304,305
99,100,101
303,304,305
42,43,44
303,304,305
300,301,302
306,307,308
303,304,305
306,307,308
309,310,311
303,304,305
309,310,311
312,313,314
303,304,305
312,313,314
42,43,44
42,43,44
312,313,314
315,316,317
42,43,44
315,316,317
318,319,320
42,43,44
318,319,320
291,292,293
315,316,317
312,313,314
321,322,323
315,316,317
321,322,323
324,325,326
315,316,317
324,325,326
318,319,320
324,325,326
321,322,323
327,328,329
324,325,326
327,328,329
330,331,332
324,325,326
330,331,332
318,319,320
318,319,320
330,331,332
333,334,335
318,319,320
333,334,335
291,292,293
330,331,332
327,328,329
336,337,338
330,331,332
336,337,338
339,340,341
330,331,332
339,340,341
333,334,335
327,328,329
321,322,323
342,343,344
327,328,329
342,343,344
345,346,347
327,328,329
345,346,347
336,337,338
336,337,338
345,346,347
348,349,350
336,337,338
348,349,350
351,352,353
336,337,338
351,352,353
339,340,341
348,349,350
345,346,347
354,355,356
348,349,350
354,355,356
357,358,359
348,349,350
357,358,359
351,352,353
345,346,347
342,343,344
360,361,362
345,346,347
360,361,362
354,355,356
354,355,356
360,361,362
363,364,365
354,355,356
363,364,365
366,367,368
354,355,356
366,367,368
357,358,359
360,361,362
342,343,344
339,340,341
360,361,362
339,340,341
351,352,353
360,361,362
351,352,353
363,364,365
339,340,341
342,343,344
333,334,335
342,343,344
321,322,323
333,334,335
351,352,353
357,358,359
369,370,371
351,352,353
369,370,371
363,364,365
363,364,365
369,370,371
372,373,374
363,364,365
372,373,374
366,367,368
357,358,359
366,367,368
375,376,377
357,358,359
375,376,377
369,370,371
369,370,371
375,376,377
378,379,380
369,370,371
378,379,380
372,373,374
366,367,368
372,373,374
381,382,383
366,367,368
381,382,383
375,376,377
375,376,377
381,382,383
384,385,386
375,376,377
384,385,386
378,379,380
381,382,383
372,373,374
387,388,389
381,382,383
387,388,389
384,385,386
372,373,374
378,379,380
390,391,392
372,373,374
390,391,392
387,388,389
378,379,380
384,385,386
393,394,395
378,379,380
393,394,395
390,391,392
384,385,386
387,388,389
396,397,398
384,385,386
396,397,398
393,394,395
387,388,389
390,391,392
399,400,401
387,388,389
399,400,401
396,397,398
390,391,392
393,394,395
300,301,302
390,391,392
300,301,302
399,400,401
393,394,395
396,397,398
306,307,308
393,394,395
306,307,308
300,301,302
300,301,302
297,298,299
399,400,401
399,400,401
297,298,299
402,403,404
399,400,401
402,403,404
396,397,398
396,397,398
402,403,404
306,307,308
402,403,404
297,298,299
405,406,407
402,403,404
405,406,407
306,307,308
306,307,308
405,406,407
309,310,311
297,298,299
288,289,290
405,406,407
405,406,407
288,289,290
309,310,311
333,334,335
321,322,323
408,409,410
333,334,335
408,409,410
291,292,293
321,322,323
312,313,314
408,409,410
312,313,314
309,310,311
411,412,413
312,313,314
411,412,413
408,409,410
309,310,311
288,289,290
411,412,413
411,412,413
288,289,290
408,409,410
408,409,410
288,289,290
291,292,293
288,289,290
285,286,287
291,292,293
291,292,293
285,286,287
294,295,296
285,286,287
237,238,239
414,415,416
285,286,287
414,415,416
417,418,419
285,286,287
417,418,419
420,421,422
285,286,287
420,421,422
294,295,296
420,421,422
417,418,419
423,424,425
420,421,422
423,424,425
426,427,428
420,421,422
426,427,428
429,430,431
420,421,422
429,430,431
294,295,296
294,295,296
429,430,431
432,433,434
294,295,296
432,433,434
435,436,437
294,295,296
435,436,437
141,142,143
432,433,434
429,430,431
438,439,440
432,433,434
438,439,440
441,442,443
432,433,434
441,442,443
435,436,437
441,442,443
438,439,440
444,445,446
441,442,443
444,445,446
447,448,449
441,442,443
447,448,449
435,436,437
435,436,437
447,448,449
450,451,452
435,436,437
450,451,452
141,142,143
447,448,449
444,445,446
453,454,455
447,448,449
453,454,455
456,457,458
447,448,449
456,457,458
450,451,452
444,445,446
438,439,440
459,460,461
444,445,446
459,460,461
462,463,464
444,445,446
462,463,464
453,454,455
453,454,455
462,463,464
465,466,467
453,454,455
465,466,467
468,469,470
453,454,455
468,469,470
456,457,458
465,466,467
462,463,464
471,472,473
465,466,467
471,472,473
474,475,476
465,466,467
474,475,476
468,469,470
462,463,464
459,460,461
477,478,479
462,463,464
477,478,479
471,472,473
471,472,473
477,478,479
480,481,482
471,472,473
480,481,482
483,484,485
471,472,473
483,484,485
474,475,476
477,478,479
459,460,461
456,457,458
477,478,479
456,457,458
468,469,470
477,478,479
468,469,470
480,481,482
456,457,458
459,460,461
450,451,452
459,460,461
438,439,440
450,451,452
468,469,470
474,475,476
486,487,488
468,469,470
486,487,488
480,481,482
480,481,482
486,487,488
489,490,491
480,481,482
489,490,491
483,484,485
474,475,476
483,484,485
492,493,494
474,475,476
492,493,494
486,487,488
486,487,488
492,493,494
495,496,497
486,487,488
495,496,497
489,490,491
483,484,485
489,490,491
498,499,500
483,484,485
498,499,500
492,493,494
492,493,494
498,499,500
501,502,503
492,493,494
501,502,503
495,496,497
498,499,500
489,490,491
504,505,506
498,499,500
504,505,506
501,502,503
489,490,491
495,496,497
507,508,509
489,490,491
507,508,509
504,505,506
495,496,497
501,502,503
510,511,512
495,496,497
510,511,512
507,508,509
501,502,503
504,505,506
513,514,515
501,502,503
513,514,515
510,511,512
504,505,506
507,508,509
516,517,518
504,505,506
516,517,518
513,514,515
507,508,509
510,511,512
417,418,419
507,508,509
417,418,419
516,517,518
510,511,512
513,514,515
423,424,425
510,511,512
423,424,425
417,418,419
417,418,419
414,415,416
516,517,518
516,517,518
414,415,416
519,520,521
516,517,518
519,520,521
513,514,515
513,514,515
519,520,521
423,424,425
519,520,521
414,415,416
522,523,524
519,520,521
522,523,524
423,424,425
423,424,425
522,523,524
426,427,428
414,415,416
237,238,239
522,523,524
522,523,524
237,238,239
426,427,428
450,451,452
438,439,440
525,526,527
450,451,452
525,526,527
141,142,143
438,439,440
429,430,431
525,526,527
525,526,527
429,430,431
528,529,530
525,526,527
528,529,530
141,142,143
429,430,431
426,427,428
528,529,530
426,427,428
237,238,239
528,529,530
528,529,530
237,238,239
141,142,143
