0,1,2
3,4,5
6,7,8
3,4,5
0,1,2
9,10,11
3,4,5
9,10,11
12,13,14
3,4,5
12,13,14
15,16,17
3,4,5
15,16,17
18,19,20
3,4,5
18,19,20
21,22,23
3,4,5
21,22,23
6,7,8
12,13,14
9,10,11
24,25,26
12,13,14
24,25,26
27,28,29
12,13,14
27,28,29
15,16,17
24,25,26
9,10,11
30,31,32
24,25,26
30,31,32
6,7,8
24,25,26
6,7,8
27,28,29
9,10,11
0,1,2
33,34,35
9,10,11
33,34,35
30,31,32
30,31,32
33,34,35
36,37,38
30,31,32
36,37,38
6,7,8
33,34,35
0,1,2
39,40,41
33,34,35
39,40,41
36,37,38
36,37,38
39,40,41
42,43,44
36,37,38
42,43,44
6,7,8
39,40,41
0,1,2
45,46,47
39,40,41
45,46,47
42,43,44
45,46,47
0,1,2
48,49,50
45,46,47
48,49,50
51,52,53
45,46,47
51,52,53
42,43,44
42,43,44
51,52,53
54,55,56
42,43,44
54,55,56
6,7,8
51,52,53
48,49,50
57,58,59
51,52,53
57,58,59
54,55,56
6,7,8
21,22,23
27,28,29
6,7,8
54,55,56
0,1,2
27,28,29
21,22,23
60,61,62
27,28,29
60,61,62
15,16,17
15,16,17
60,61,62
63,64,65
15,16,17
63,64,65
18,19,20
60,61,62
21,22,23
66,67,68
60,61,62
66,67,68
63,64,65
21,22,23
18,19,20
69,70,71
21,22,23
69,70,71
66,67,68
18,19,20
63,64,65
72,73,74
18,19,20
72,73,74
69,70,71
63,64,65
66,67,68
75,76,77
63,64,65
75,76,77
72,73,74
66,67,68
69,70,71
78,79,80
66,67,68
78,79,80
75,76,77
75,76,77
78,79,80
81,82,83
75,76,77
81,82,83
72,73,74
69,70,71
72,73,74
54,55,56
69,70,71
54,55,56
78,79,80
78,79,80
54,55,56
57,58,59
78,79,80
57,58,59
81,82,83
57,58,59
48,49,50
81,82,83
81,82,83
48,49,50
72,73,74
54,55,56
72,73,74
0,1,2
72,73,74
48,49,50
0,1,2
