0,1,2
3,4,5
6,7,8
3,4,5
0,1,2
9,10,11
3,4,5
9,10,11
12,13,14
3,4,5
12,13,14
15,16,17
3,4,5
15,16,17
6,7,8
15,16,17
12,13,14
18,19,20
15,16,17
18,19,20
21,22,23
15,16,17
21,22,23
24,25,26
15,16,17
24,25,26
6,7,8
6,7,8
24,25,26
27,28,29
6,7,8
27,28,29
30,31,32
6,7,8
30,31,32
0,1,2
24,25,26
21,22,23
33,34,35
24,25,26
33,34,35
36,37,38
24,25,26
36,37,38
27,28,29
27,28,29
36,37,38
39,40,41
27,28,29
39,40,41
42,43,44
27,28,29
42,43,44
30,31,32
36,37,38
33,34,35
45,46,47
36,37,38
45,46,47
48,49,50
36,37,38
48,49,50
39,40,41
39,40,41
48,49,50
51,52,53
39,40,41
51,52,53
54,55,56
39,40,41
54,55,56
42,43,44
48,49,50
45,46,47
57,58,59
48,49,50
57,58,59
60,61,62
48,49,50
60,61,62
51,52,53
45,46,47
33,34,35
63,64,65
45,46,47
63,64,65
66,67,68
45,46,47
66,67,68
57,58,59
33,34,35
21,22,23
69,70,71
33,34,35
69,70,71
63,64,65
21,22,23
18,19,20
72,73,74
21,22,23
72,73,74
69,70,71
69,70,71
72,73,74
75,76,77
69,70,71
75,76,77
78,79,80
69,70,71
78,79,80
63,64,65
63,64,65
78,79,80
81,82,83
63,64,65
81,82,83
66,67,68
78,79,80
75,76,77
84,85,86
78,79,80
84,85,86
87,88,89
78,79,80
87,88,89
81,82,83
81,82,83
87,88,89
90,91,92
81,82,83
90,91,92
93,94,95
81,82,83
93,94,95
66,67,68
66,67,68
93,94,95
96,97,98
66,67,68
96,97,98
57,58,59
57,58,59
96,97,98
99,100,101
57,58,59
99,100,101
60,61,62
96,97,98
93,94,95
102,103,104
96,97,98
102,103,104
105,106,107
96,97,98
105,106,107
99,100,101
93,94,95
90,91,92
108,109,110
93,94,95
108,109,110
102,103,104
102,103,104
108,109,110
111,112,113
102,103,104
111,112,113
105,106,107
108,109,110
90,91,92
114,115,116
108,109,110
114,115,116
117,118,119
108,109,110
117,118,119
111,112,113
90,91,92
87,88,89
120,121,122
90,91,92
120,121,122
114,115,116
114,115,116
120,121,122
123,124,125
114,115,116
123,124,125
117,118,119
87,88,89
84,85,86
126,127,128
87,88,89
126,127,128
120,121,122
120,121,122
126,127,128
129,130,131
120,121,122
129,130,131
123,124,125
123,124,125
129,130,131
132,133,134
123,124,125
132,133,134
117,118,119
42,43,44
54,55,56
135,136,137
42,43,44
135,136,137
138,139,140
42,43,44
138,139,140
30,31,32
30,31,32
138,139,140
141,142,143
30,31,32
141,142,143
0,1,2
141,142,143
138,139,140
144,145,146
141,142,143
144,145,146
147,148,149
141,142,143
147,148,149
0,1,2
138,139,140
135,136,137
150,151,152
138,139,140
150,151,152
144,145,146
144,145,146
150,151,152
153,154,155
144,145,146
153,154,155
147,148,149
153,154,155
150,151,152
156,157,158
153,154,155
156,157,158
159,160,161
153,154,155
159,160,161
162,163,164
153,154,155
162,163,164
147,148,149
159,160,161
156,157,158
165,166,167
159,160,161
165,166,167
162,163,164
156,157,158
150,151,152
168,169,170
156,157,158
168,169,170
171,172,173
156,157,158
171,172,173
165,166,167
168,169,170
150,151,152
174,175,176
168,169,170
174,175,176
177,178,179
168,169,170
177,178,179
171,172,173
174,175,176
150,151,152
180,181,182
174,175,176
180,181,182
177,178,179
150,151,152
135,136,137
180,181,182
180,181,182
135,136,137
183,184,185
180,181,182
183,184,185
186,187,188
180,181,182
186,187,188
177,178,179
177,178,179
186,187,188
189,190,191
177,178,179
189,190,191
171,172,173
189,190,191
186,187,188
192,193,194
189,190,191
192,193,194
195,196,197
189,190,191
195,196,197
171,172,173
171,172,173
195,196,197
198,199,200
171,172,173
198,199,200
165,166,167
165,166,167
198,199,200
201,202,203
165,166,167
201,202,203
162,163,164
198,199,200
195,196,197
204,205,206
198,199,200
204,205,206
207,208,209
198,199,200
207,208,209
201,202,203
195,196,197
192,193,194
210,211,212
195,196,197
210,211,212
204,205,206
192,193,194
186,187,188
213,214,215
192,193,194
213,214,215
210,211,212
210,211,212
213,214,215
216,217,218
210,211,212
216,217,218
219,220,221
210,211,212
219,220,221
204,205,206
213,214,215
186,187,188
222,223,224
213,214,215
222,223,224
225,226,227
213,214,215
225,226,227
216,217,218
222,223,224
186,187,188
228,229,230
222,223,224
228,229,230
231,232,233
222,223,224
231,232,233
225,226,227
228,229,230
186,187,188
234,235,236
228,229,230
234,235,236
231,232,233
186,187,188
183,184,185
237,238,239
186,187,188
237,238,239
234,235,236
183,184,185
135,136,137
240,241,242
183,184,185
240,241,242
237,238,239
240,241,242
135,136,137
243,244,245
240,241,242
243,244,245
237,238,239
135,136,137
54,55,56
243,244,245
243,244,245
54,55,56
246,247,248
243,244,245
246,247,248
237,238,239
237,238,239
246,247,248
234,235,236
246,247,248
54,55,56
249,250,251
246,247,248
249,250,251
234,235,236
234,235,236
249,250,251
231,232,233
225,226,227
231,232,233
252,253,254
225,226,227
252,253,254
255,256,257
225,226,227
255,256,257
216,217,218
216,217,218
255,256,257
258,259,260
216,217,218
258,259,260
219,220,221
255,256,257
252,253,254
261,262,263
255,256,257
261,262,263
258,259,260
261,262,263
252,253,254
264,265,266
261,262,263
264,265,266
267,268,269
261,262,263
267,268,269
258,259,260
264,265,266
252,253,254
270,271,272
264,265,266
270,271,272
273,274,275
264,265,266
273,274,275
267,268,269
273,274,275
270,271,272
99,100,101
273,274,275
99,100,101
276,277,278
273,274,275
276,277,278
267,268,269
276,277,278
99,100,101
279,280,281
276,277,278
279,280,281
267,268,269
270,271,272
252,253,254
282,283,284
270,271,272
282,283,284
99,100,101
267,268,269
279,280,281
285,286,287
267,268,269
285,286,287
258,259,260
258,259,260
285,286,287
288,289,290
258,259,260
288,289,290
219,220,221
219,220,221
288,289,290
291,292,293
219,220,221
291,292,293
204,205,206
291,292,293
288,289,290
294,295,296
291,292,293
294,295,296
297,298,299
291,292,293
297,298,299
204,205,206
288,289,290
285,286,287
300,301,302
288,289,290
300,301,302
294,295,296
285,286,287
279,280,281
303,304,305
285,286,287
303,304,305
300,301,302
279,280,281
99,100,101
105,106,107
279,280,281
105,106,107
303,304,305
204,205,206
297,298,299
306,307,308
204,205,206
306,307,308
207,208,209
297,298,299
294,295,296
309,310,311
297,298,299
309,310,311
306,307,308
306,307,308
309,310,311
312,313,314
306,307,308
312,313,314
207,208,209
294,295,296
300,301,302
315,316,317
294,295,296
315,316,317
309,310,311
300,301,302
303,304,305
318,319,320
300,301,302
318,319,320
315,316,317
207,208,209
312,313,314
321,322,323
207,208,209
321,322,323
201,202,203
312,313,314
309,310,311
324,325,326
312,313,314
324,325,326
321,322,323
201,202,203
321,322,323
327,328,329
201,202,203
327,328,329
162,163,164
321,322,323
324,325,326
330,331,332
321,322,323
330,331,332
327,328,329
162,163,164
327,328,329
333,334,335
162,163,164
333,334,335
147,148,149
327,328,329
330,331,332
336,337,338
327,328,329
336,337,338
333,334,335
333,334,335
336,337,338
339,340,341
333,334,335
339,340,341
342,343,344
333,334,335
342,343,344
147,148,149
339,340,341
336,337,338
345,346,347
339,340,341
345,346,347
342,343,344
345,346,347
336,337,338
348,349,350
345,346,347
348,349,350
351,352,353
345,346,347
351,352,353
342,343,344
336,337,338
330,331,332
354,355,356
336,337,338
354,355,356
348,349,350
348,349,350
354,355,356
357,358,359
348,349,350
357,358,359
351,352,353
354,355,356
330,331,332
360,361,362
354,355,356
360,361,362
357,358,359
351,352,353
357,358,359
363,364,365
351,352,353
363,364,365
342,343,344
330,331,332
324,325,326
366,367,368
330,331,332
366,367,368
360,361,362
360,361,362
366,367,368
369,370,371
360,361,362
369,370,371
357,358,359
324,325,326
309,310,311
372,373,374
324,325,326
372,373,374
366,367,368
366,367,368
372,373,374
375,376,377
366,367,368
375,376,377
369,370,371
309,310,311
315,316,317
378,379,380
309,310,311
378,379,380
372,373,374
372,373,374
378,379,380
381,382,383
372,373,374
381,382,383
375,376,377
315,316,317
318,319,320
384,385,386
315,316,317
384,385,386
378,379,380
378,379,380
384,385,386
387,388,389
378,379,380
387,388,389
381,382,383
381,382,383
387,388,389
390,391,392
381,382,383
390,391,392
375,376,377
387,388,389
384,385,386
393,394,395
387,388,389
393,394,395
390,391,392
375,376,377
390,391,392
396,397,398
375,376,377
396,397,398
369,370,371
369,370,371
396,397,398
399,400,401
369,370,371
399,400,401
357,358,359
396,397,398
390,391,392
402,403,404
396,397,398
402,403,404
399,400,401
399,400,401
402,403,404
405,406,407
399,400,401
405,406,407
408,409,410
399,400,401
408,409,410
357,358,359
405,406,407
402,403,404
411,412,413
405,406,407
411,412,413
408,409,410
402,403,404
390,391,392
414,415,416
402,403,404
414,415,416
411,412,413
408,409,410
411,412,413
417,418,419
408,409,410
417,418,419
420,421,422
408,409,410
420,421,422
357,358,359
357,358,359
420,421,422
423,424,425
357,358,359
423,424,425
363,364,365
423,424,425
420,421,422
426,427,428
423,424,425
426,427,428
363,364,365
363,364,365
426,427,428
342,343,344
420,421,422
417,418,419
429,430,431
420,421,422
429,430,431
432,433,434
420,421,422
432,433,434
426,427,428
429,430,431
417,418,419
435,436,437
429,430,431
435,436,437
432,433,434
417,418,419
411,412,413
435,436,437
411,412,413
414,415,416
438,439,440
411,412,413
438,439,440
435,436,437
435,436,437
438,439,440
441,442,443
435,436,437
441,442,443
432,433,434
438,439,440
414,415,416
444,445,446
438,439,440
444,445,446
441,442,443
414,415,416
390,391,392
447,448,449
414,415,416
447,448,449
444,445,446
444,445,446
447,448,449
450,451,452
444,445,446
450,451,452
441,442,443
450,451,452
447,448,449
453,454,455
450,451,452
453,454,455
456,457,458
450,451,452
456,457,458
441,442,443
453,454,455
447,448,449
459,460,461
453,454,455
459,460,461
456,457,458
447,448,449
390,391,392
459,460,461
459,460,461
390,391,392
462,463,464
459,460,461
462,463,464
456,457,458
390,391,392
393,394,395
462,463,464
462,463,464
393,394,395
465,466,467
462,463,464
465,466,467
468,469,470
462,463,464
468,469,470
456,457,458
465,466,467
393,394,395
471,472,473
465,466,467
471,472,473
468,469,470
393,394,395
384,385,386
471,472,473
471,472,473
384,385,386
474,475,476
471,472,473
474,475,476
468,469,470
384,385,386
318,319,320
474,475,476
318,319,320
303,304,305
477,478,479
318,319,320
477,478,479
474,475,476
477,478,479
303,304,305
480,481,482
477,478,479
480,481,482
474,475,476
474,475,476
480,481,482
468,469,470
303,304,305
105,106,107
480,481,482
480,481,482
105,106,107
483,484,485
480,481,482
483,484,485
468,469,470
468,469,470
483,484,485
486,487,488
468,469,470
486,487,488
456,457,458
483,484,485
105,106,107
489,490,491
483,484,485
489,490,491
486,487,488
456,457,458
486,487,488
492,493,494
456,457,458
492,493,494
441,442,443
486,487,488
489,490,491
495,496,497
486,487,488
495,496,497
492,493,494
441,442,443
492,493,494
498,499,500
441,442,443
498,499,500
432,433,434
492,493,494
495,496,497
501,502,503
492,493,494
501,502,503
498,499,500
432,433,434
498,499,500
504,505,506
432,433,434
504,505,506
426,427,428
498,499,500
501,502,503
507,508,509
498,499,500
507,508,509
504,505,506
426,427,428
504,505,506
510,511,512
426,427,428
510,511,512
342,343,344
504,505,506
507,508,509
513,514,515
504,505,506
513,514,515
510,511,512
342,343,344
510,511,512
516,517,518
342,343,344
516,517,518
147,148,149
510,511,512
513,514,515
519,520,521
510,511,512
519,520,521
516,517,518
516,517,518
519,520,521
522,523,524
516,517,518
522,523,524
525,526,527
516,517,518
525,526,527
147,148,149
147,148,149
525,526,527
9,10,11
147,148,149
9,10,11
0,1,2
525,526,527
522,523,524
528,529,530
525,526,527
528,529,530
9,10,11
522,523,524
519,520,521
531,532,533
522,523,524
531,532,533
534,535,536
522,523,524
534,535,536
528,529,530
519,520,521
513,514,515
537,538,539
519,520,521
537,538,539
531,532,533
513,514,515
507,508,509
540,541,542
513,514,515
540,541,542
537,538,539
507,508,509
501,502,503
543,544,545
507,508,509
543,544,545
540,541,542
501,502,503
495,496,497
546,547,548
501,502,503
546,547,548
543,544,545
495,496,497
489,490,491
549,550,551
495,496,497
549,550,551
546,547,548
489,490,491
105,106,107
111,112,113
489,490,491
111,112,113
549,550,551
549,550,551
111,112,113
552,553,554
549,550,551
552,553,554
546,547,548
546,547,548
552,553,554
555,556,557
546,547,548
555,556,557
543,544,545
552,553,554
111,112,113
558,559,560
552,553,554
558,559,560
555,556,557
543,544,545
555,556,557
561,562,563
543,544,545
561,562,563
540,541,542
555,556,557
558,559,560
564,565,566
555,556,557
564,565,566
561,562,563
540,541,542
561,562,563
567,568,569
540,541,542
567,568,569
537,538,539
561,562,563
564,565,566
570,571,572
561,562,563
570,571,572
567,568,569
537,538,539
567,568,569
573,574,575
537,538,539
573,574,575
531,532,533
567,568,569
570,571,572
576,577,578
567,568,569
576,577,578
573,574,575
531,532,533
573,574,575
579,580,581
531,532,533
579,580,581
534,535,536
573,574,575
576,577,578
582,583,584
573,574,575
582,583,584
579,580,581
579,580,581
582,583,584
585,586,587
579,580,581
585,586,587
588,589,590
579,580,581
588,589,590
534,535,536
534,535,536
588,589,590
591,592,593
534,535,536
591,592,593
528,529,530
591,592,593
588,589,590
594,595,596
591,592,593
594,595,596
597,598,599
591,592,593
597,598,599
528,529,530
588,589,590
585,586,587
600,601,602
588,589,590
600,601,602
594,595,596
594,595,596
600,601,602
603,604,605
594,595,596
603,604,605
597,598,599
528,529,530
597,598,599
606,607,608
528,529,530
606,607,608
609,610,611
528,529,530
609,610,611
9,10,11
282,283,284
252,253,254
612,613,614
282,283,284
612,613,614
60,61,62
282,283,284
60,61,62
99,100,101
612,613,614
252,253,254
615,616,617
612,613,614
615,616,617
60,61,62
252,253,254
231,232,233
618,619,620
252,253,254
618,619,620
615,616,617
231,232,233
249,250,251
621,622,623
231,232,233
621,622,623
618,619,620
621,622,623
249,250,251
624,625,626
621,622,623
624,625,626
618,619,620
618,619,620
624,625,626
627,628,629
618,619,620
627,628,629
615,616,617
624,625,626
249,250,251
630,631,632
624,625,626
630,631,632
627,628,629
249,250,251
54,55,56
630,631,632
627,628,629
630,631,632
633,634,635
627,628,629
633,634,635
615,616,617
633,634,635
630,631,632
51,52,53
633,634,635
51,52,53
615,616,617
630,631,632
54,55,56
51,52,53
615,616,617
51,52,53
60,61,62
606,607,608
597,598,599
636,637,638
606,607,608
636,637,638
639,640,641
606,607,608
639,640,641
642,643,644
606,607,608
642,643,644
609,610,611
642,643,644
639,640,641
645,646,647
642,643,644
645,646,647
648,649,650
642,643,644
648,649,650
609,610,611
639,640,641
636,637,638
651,652,653
639,640,641
651,652,653
654,655,656
639,640,641
654,655,656
645,646,647
645,646,647
654,655,656
657,658,659
645,646,647
657,658,659
660,661,662
645,646,647
660,661,662
648,649,650
654,655,656
651,652,653
663,664,665
654,655,656
663,664,665
666,667,668
654,655,656
666,667,668
657,658,659
657,658,659
666,667,668
669,670,671
657,658,659
669,670,671
672,673,674
657,658,659
672,673,674
660,661,662
666,667,668
663,664,665
675,676,677
666,667,668
675,676,677
678,679,680
666,667,668
678,679,680
669,670,671
663,664,665
651,652,653
681,682,683
663,664,665
681,682,683
684,685,686
663,664,665
684,685,686
675,676,677
651,652,653
636,637,638
687,688,689
651,652,653
687,688,689
681,682,683
636,637,638
597,598,599
690,691,692
636,637,638
690,691,692
687,688,689
687,688,689
690,691,692
693,694,695
687,688,689
693,694,695
696,697,698
687,688,689
696,697,698
681,682,683
681,682,683
696,697,698
699,700,701
681,682,683
699,700,701
684,685,686
696,697,698
693,694,695
702,703,704
696,697,698
702,703,704
705,706,707
696,697,698
705,706,707
699,700,701
699,700,701
705,706,707
708,709,710
699,700,701
708,709,710
711,712,713
699,700,701
711,712,713
684,685,686
684,685,686
711,712,713
714,715,716
684,685,686
714,715,716
675,676,677
675,676,677
714,715,716
717,718,719
675,676,677
717,718,719
678,679,680
714,715,716
711,712,713
720,721,722
714,715,716
720,721,722
723,724,725
714,715,716
723,724,725
717,718,719
711,712,713
708,709,710
726,727,728
711,712,713
726,727,728
720,721,722
720,721,722
726,727,728
729,730,731
720,721,722
729,730,731
732,733,734
720,721,722
732,733,734
723,724,725
729,730,731
726,727,728
735,736,737
729,730,731
735,736,737
111,112,113
729,730,731
111,112,113
732,733,734
726,727,728
708,709,710
738,739,740
726,727,728
738,739,740
735,736,737
735,736,737
738,739,740
741,742,743
735,736,737
741,742,743
111,112,113
708,709,710
705,706,707
744,745,746
708,709,710
744,745,746
738,739,740
738,739,740
744,745,746
747,748,749
738,739,740
747,748,749
741,742,743
705,706,707
702,703,704
750,751,752
705,706,707
750,751,752
744,745,746
744,745,746
750,751,752
753,754,755
744,745,746
753,754,755
747,748,749
747,748,749
753,754,755
756,757,758
747,748,749
756,757,758
759,760,761
747,748,749
759,760,761
741,742,743
741,742,743
759,760,761
558,559,560
741,742,743
558,559,560
111,112,113
759,760,761
756,757,758
762,763,764
759,760,761
762,763,764
558,559,560
660,661,662
672,673,674
765,766,767
660,661,662
765,766,767
768,769,770
660,661,662
768,769,770
648,649,650
648,649,650
768,769,770
771,772,773
648,649,650
771,772,773
609,610,611
768,769,770
765,766,767
774,775,776
768,769,770
774,775,776
777,778,779
768,769,770
777,778,779
771,772,773
774,775,776
765,766,767
780,781,782
774,775,776
780,781,782
783,784,785
774,775,776
783,784,785
777,778,779
783,784,785
780,781,782
786,787,788
783,784,785
786,787,788
789,790,791
783,784,785
789,790,791
777,778,779
777,778,779
789,790,791
792,793,794
771,772,773
798,799,800
801,802,803
771,772,773
801,802,803
609,610,611
798,799,800
795,796,797
804,805,806
798,799,800
804,805,806
801,802,803
801,802,803
804,805,806
807,808,809
801,802,803
807,808,809
810,811,812
801,802,803
810,811,812
609,610,611
804,805,806
795,796,797
813,814,815
804,805,806
813,814,815
816,817,818
804,805,806
816,817,818
807,808,809
807,808,809
816,817,818
819,820,821
807,808,809
819,820,821
822,823,824
807,808,809
822,823,824
810,811,812
816,817,818
813,814,815
825,826,827
816,817,818
825,826,827
828,829,830
816,817,818
828,829,830
819,820,821
828,829,830
825,826,827
831,832,833
831,832,833
825,826,827
840,841,842
831,832,833
840,841,842
834,835,836
840,841,842
825,826,827
843,844,845
840,841,842
843,844,845
846,847,848
840,841,842
846,847,848
834,835,836
843,844,845
825,826,827
849,850,851
843,844,845
849,850,851
846,847,848
825,826,827
813,814,815
849,850,851
849,850,851
813,814,815
852,853,854
849,850,851
852,853,854
855,856,857
849,850,851
855,856,857
846,847,848
852,853,854
813,814,815
858,859,860
852,853,854
858,859,860
855,856,857
813,814,815
795,796,797
861,862,863
813,814,815
861,862,863
858,859,860
795,796,797
792,793,794
864,865,866
795,796,797
864,865,866
861,862,863
858,859,860
861,862,863
867,868,869
858,859,860
867,868,869
870,871,872
858,859,860
870,871,872
855,856,857
855,856,857
870,871,872
873,874,875
855,856,857
873,874,875
846,847,848
873,874,875
870,871,872
876,877,878
873,874,875
876,877,878
846,847,848
870,871,872
867,868,869
879,880,881
870,871,872
879,880,881
876,877,878
867,868,869
861,862,863
882,883,884
867,868,869
882,883,884
879,880,881
861,862,863
864,865,866
885,886,887
861,862,863
885,886,887
882,883,884
885,886,887
864,865,866
888,889,890
885,886,887
888,889,890
882,883,884
882,883,884
888,889,890
879,880,881
888,889,890
864,865,866
891,892,893
888,889,890
891,892,893
879,880,881
864,865,866
792,793,794
891,892,893
879,880,881
900,901,902
876,877,878
900,901,902
897,898,899
903,904,905
900,901,902
903,904,905
876,877,878
891,892,893
792,793,794
906,907,908
891,892,893
906,907,908
894,895,896
792,793,794
789,790,791
906,907,908
894,895,896
906,907,908
909,910,911
894,895,896
909,910,911
897,898,899
846,847,848
876,877,878
912,913,914
846,847,848
912,913,914
834,835,836
876,877,878
903,904,905
915,916,917
876,877,878
915,916,917
912,913,914
912,913,914
915,916,917
918,919,920
912,913,914
918,919,920
834,835,836
918,919,920
915,916,917
921,922,923
918,919,920
921,922,923
834,835,836
834,835,836
921,922,923
837,838,839
837,838,839
921,922,923
924,925,926
837,838,839
924,925,926
819,820,821
924,925,926
933,934,935
819,820,821
921,922,923
915,916,917
927,928,929
927,928,929
915,916,917
936,937,938
927,928,929
936,937,938
930,931,932
915,916,917
903,904,905
936,937,938
930,931,932
936,937,938
939,940,941
930,931,932
939,940,941
933,934,935
936,937,938
903,904,905
942,943,944
936,937,938
942,943,944
939,940,941
903,904,905
897,898,899
942,943,944
819,820,821
933,934,935
945,946,947
819,820,821
945,946,947
822,823,824
933,934,935
939,940,941
948,949,950
933,934,935
948,949,950
945,946,947
939,940,941
942,943,944
951,952,953
939,940,941
951,952,953
948,949,950
942,943,944
897,898,899
954,955,956
942,943,944
954,955,956
951,952,953
789,790,791
786,787,788
957,958,959
789,790,791
957,958,959
906,907,908
906,907,908
957,958,959
960,961,962
906,907,908
960,961,962
909,910,911
957,958,959
786,787,788
963,964,965
957,958,959
963,964,965
966,967,968
957,958,959
966,967,968
960,961,962
786,787,788
780,781,782
969,970,971
786,787,788
969,970,971
963,964,965
780,781,782
765,766,767
972,973,974
780,781,782
972,973,974
969,970,971
972,973,974
765,766,767
975,976,977
972,973,974
975,976,977
978,979,980
972,973,974
978,979,980
969,970,971
975,976,977
765,766,767
981,982,983
975,976,977
981,982,983
978,979,980
765,766,767
672,673,674
981,982,983
981,982,983
672,673,674
984,985,986
981,982,983
984,985,986
987,988,989
981,982,983
987,988,989
978,979,980
978,979,980
987,988,989
990,991,992
978,979,980
990,991,992
969,970,971
969,970,971
990,991,992
993,994,995
969,970,971
993,994,995
963,964,965
990,991,992
987,988,989
996,997,998
990,991,992
996,997,998
993,994,995
963,964,965
993,994,995
999,1000,1001
963,964,965
999,1000,1001
966,967,968
993,994,995
996,997,998
1002,1003,1004
993,994,995
1002,1003,1004
999,1000,1001
996,997,998
987,988,989
1005,1006,1007
996,997,998
1005,1006,1007
1002,1003,1004
1002,1003,1004
1005,1006,1007
1008,1009,1010
1002,1003,1004
1008,1009,1010
1011,1012,1013
1002,1003,1004
1011,1012,1013
999,1000,1001
1005,1006,1007
987,988,989
1014,1015,1016
1005,1006,1007
1014,1015,1016
1017,1018,1019
1005,1006,1007
1017,1018,1019
1008,1009,1010
1014,1015,1016
987,988,989
1020,1021,1022
1014,1015,1016
1020,1021,1022
1023,1024,1025
1014,1015,1016
1023,1024,1025
1017,1018,1019
1020,1021,1022
987,988,989
1026,1027,1028
1020,1021,1022
1026,1027,1028
1023,1024,1025
987,988,989
984,985,986
1029,1030,1031
987,988,989
1029,1030,1031
1026,1027,1028
984,985,986
672,673,674
1032,1033,1034
984,985,986
1032,1033,1034
1029,1030,1031
1032,1033,1034
672,673,674
1035,1036,1037
1032,1033,1034
1035,1036,1037
1029,1030,1031
1029,1030,1031
1035,1036,1037
1038,1039,1040
1029,1030,1031
1038,1039,1040
1026,1027,1028
1035,1036,1037
672,673,674
669,670,671
1035,1036,1037
669,670,671
1038,1039,1040
1038,1039,1040
669,670,671
1041,1042,1043
1038,1039,1040
1041,1042,1043
1026,1027,1028
1026,1027,1028
1041,1042,1043
1023,1024,1025
1017,1018,1019
1023,1024,1025
1044,1045,1046
1017,1018,1019
1044,1045,1046
1047,1048,1049
1017,1018,1019
1047,1048,1049
1008,1009,1010
1008,1009,1010
1047,1048,1049
1050,1051,1052
1008,1009,1010
1050,1051,1052
1011,1012,1013
1047,1048,1049
1044,1045,1046
1053,1054,1055
1047,1048,1049
1053,1054,1055
1050,1051,1052
1053,1054,1055
1044,1045,1046
1056,1057,1058
1053,1054,1055
1056,1057,1058
1059,1060,1061
1053,1054,1055
1059,1060,1061
1050,1051,1052
1056,1057,1058
1044,1045,1046
1062,1063,1064
1056,1057,1058
1062,1063,1064
1065,1066,1067
1056,1057,1058
1065,1066,1067
1059,1060,1061
1065,1066,1067
1062,1063,1064
723,724,725
1065,1066,1067
723,724,725
1068,1069,1070
1065,1066,1067
1068,1069,1070
1059,1060,1061
1068,1069,1070
723,724,725
1071,1072,1073
1068,1069,1070
1071,1072,1073
1059,1060,1061
1062,1063,1064
1044,1045,1046
1074,1075,1076
1062,1063,1064
1074,1075,1076
723,724,725
1059,1060,1061
1071,1072,1073
1077,1078,1079
1059,1060,1061
1077,1078,1079
1050,1051,1052
1050,1051,1052
1077,1078,1079
1080,1081,1082
1050,1051,1052
1080,1081,1082
1011,1012,1013
1011,1012,1013
1080,1081,1082
1083,1084,1085
1011,1012,1013
1083,1084,1085
999,1000,1001
1083,1084,1085
1080,1081,1082
1086,1087,1088
1083,1084,1085
1086,1087,1088
1089,1090,1091
1083,1084,1085
1089,1090,1091
999,1000,1001
1080,1081,1082
1077,1078,1079
1092,1093,1094
1080,1081,1082
1092,1093,1094
1086,1087,1088
1077,1078,1079
1071,1072,1073
909,910,911
1077,1078,1079
909,910,911
1092,1093,1094
1071,1072,1073
723,724,725
732,733,734
1071,1072,1073
732,733,734
909,910,911
999,1000,1001
1089,1090,1091
1095,1096,1097
999,1000,1001
1095,1096,1097
966,967,968
1089,1090,1091
1086,1087,1088
1098,1099,1100
1089,1090,1091
1098,1099,1100
1095,1096,1097
1098,1099,1100
1086,1087,1088
1101,1102,1103
1098,1099,1100
1101,1102,1103
1095,1096,1097
1095,1096,1097
1101,1102,1103
966,967,968
1086,1087,1088
1092,1093,1094
1101,1102,1103
966,967,968
1101,1102,1103
960,961,962
1101,1102,1103
1092,1093,1094
960,961,962
1092,1093,1094
909,910,911
960,961,962
909,910,911
732,733,734
897,898,899
732,733,734
111,112,113
897,898,899
897,898,899
111,112,113
954,955,956
723,724,725
1074,1075,1076
717,718,719
1074,1075,1076
1044,1045,1046
1104,1105,1106
1074,1075,1076
1104,1105,1106
717,718,719
1104,1105,1106
1044,1045,1046
1107,1108,1109
1104,1105,1106
1107,1108,1109
717,718,719
717,718,719
1107,1108,1109
678,679,680
1044,1045,1046
1023,1024,1025
1110,1111,1112
1044,1045,1046
1110,1111,1112
1107,1108,1109
1023,1024,1025
1041,1042,1043
1113,1114,1115
1023,1024,1025
1113,1114,1115
1110,1111,1112
1113,1114,1115
1041,1042,1043
1116,1117,1118
1113,1114,1115
1116,1117,1118
1110,1111,1112
1110,1111,1112
1116,1117,1118
1119,1120,1121
1110,1111,1112
1119,1120,1121
1107,1108,1109
1116,1117,1118
1041,1042,1043
1122,1123,1124
1116,1117,1118
1122,1123,1124
1119,1120,1121
1041,1042,1043
669,670,671
1122,1123,1124
1119,1120,1121
1122,1123,1124
1125,1126,1127
1119,1120,1121
1125,1126,1127
1107,1108,1109
1107,1108,1109
1125,1126,1127
678,679,680
1125,1126,1127
1122,1123,1124
678,679,680
1122,1123,1124
669,670,671
678,679,680
609,610,611
810,811,812
9,10,11
810,811,812
822,823,824
1128,1129,1130
810,811,812
1128,1129,1130
9,10,11
822,823,824
945,946,947
1131,1132,1133
822,823,824
1131,1132,1133
1128,1129,1130
945,946,947
948,949,950
1134,1135,1136
945,946,947
1134,1135,1136
1131,1132,1133
1131,1132,1133
1134,1135,1136
1137,1138,1139
1131,1132,1133
1137,1138,1139
1128,1129,1130
1128,1129,1130
1137,1138,1139
1140,1141,1142
1128,1129,1130
1140,1141,1142
9,10,11
1137,1138,1139
1134,1135,1136
1143,1144,1145
1137,1138,1139
1143,1144,1145
1140,1141,1142
948,949,950
951,952,953
1146,1147,1148
948,949,950
1146,1147,1148
1134,1135,1136
1146,1147,1148
951,952,953
1149,1150,1151
1146,1147,1148
1149,1150,1151
1134,1135,1136
951,952,953
954,955,956
1149,1150,1151
1134,1135,1136
1149,1150,1151
1152,1153,1154
1134,1135,1136
1152,1153,1154
1143,1144,1145
1149,1150,1151
954,955,956
1155,1156,1157
1149,1150,1151
1155,1156,1157
1152,1153,1154
954,955,956
111,112,113
1155,1156,1157
1143,1144,1145
1152,1153,1154
1158,1159,1160
1143,1144,1145
1158,1159,1160
1140,1141,1142
1152,1153,1154
1155,1156,1157
1161,1162,1163
1152,1153,1154
1161,1162,1163
1158,1159,1160
1155,1156,1157
111,112,113
1164,1165,1166
1155,1156,1157
1164,1165,1166
1161,1162,1163
1140,1141,1142
1158,1159,1160
1167,1168,1169
1140,1141,1142
1167,1168,1169
9,10,11
1158,1159,1160
1161,1162,1163
1170,1171,1172
1158,1159,1160
1170,1171,1172
1167,1168,1169
1161,1162,1163
1164,1165,1166
1173,1174,1175
1161,1162,1163
1173,1174,1175
1170,1171,1172
1173,1174,1175
1164,1165,1166
1176,1177,1178
1173,1174,1175
1176,1177,1178
1179,1180,1181
1173,1174,1175
1179,1180,1181
1170,1171,1172
1170,1171,1172
1179,1180,1181
1182,1183,1184
1170,1171,1172
1182,1183,1184
1167,1168,1169
1167,1168,1169
1182,1183,1184
1185,1186,1187
1167,1168,1169
1185,1186,1187
9,10,11
1185,1186,1187
1182,1183,1184
1188,1189,1190
1185,1186,1187
1188,1189,1190
1191,1192,1193
1185,1186,1187
1191,1192,1193
9,10,11
1182,1183,1184
1179,1180,1181
1194,1195,1196
1182,1183,1184
1194,1195,1196
1188,1189,1190
1179,1180,1181
1176,1177,1178
1197,1198,1199
1179,1180,1181
1197,1198,1199
1194,1195,1196
1194,1195,1196
1197,1198,1199
1200,1201,1202
1194,1195,1196
1200,1201,1202
1203,1204,1205
1194,1195,1196
1203,1204,1205
1188,1189,1190
1188,1189,1190
1203,1204,1205
1206,1207,1208
1188,1189,1190
1206,1207,1208
1191,1192,1193
1203,1204,1205
1200,1201,1202
1209,1210,1211
1203,1204,1205
1209,1210,1211
1212,1213,1214
1203,1204,1205
1212,1213,1214
1206,1207,1208
1200,1201,1202
1197,1198,1199
1215,1216,1217
1200,1201,1202
1215,1216,1217
1209,1210,1211
1197,1198,1199
1176,1177,1178
1218,1219,1220
1197,1198,1199
1218,1219,1220
1215,1216,1217
1215,1216,1217
1218,1219,1220
1221,1222,1223
1215,1216,1217
1221,1222,1223
1209,1210,1211
1221,1222,1223
1218,1219,1220
1224,1225,1226
1221,1222,1223
1224,1225,1226
1227,1228,1229
1221,1222,1223
1227,1228,1229
1209,1210,1211
1218,1219,1220
1176,1177,1178
1230,1231,1232
1218,1219,1220
1230,1231,1232
1224,1225,1226
1209,1210,1211
1227,1228,1229
1233,1234,1235
1209,1210,1211
1233,1234,1235
1212,1213,1214
1227,1228,1229
1224,1225,1226
1236,1237,1238
1227,1228,1229
1236,1237,1238
1233,1234,1235
1233,1234,1235
1236,1237,1238
1239,1240,1241
1233,1234,1235
1239,1240,1241
1212,1213,1214
1224,1225,1226
1230,1231,1232
1242,1243,1244
1224,1225,1226
1242,1243,1244
1236,1237,1238
1212,1213,1214
1239,1240,1241
1245,1246,1247
1212,1213,1214
1245,1246,1247
1206,1207,1208
1239,1240,1241
1236,1237,1238
1248,1249,1250
1239,1240,1241
1248,1249,1250
1245,1246,1247
1206,1207,1208
1245,1246,1247
1251,1252,1253
1206,1207,1208
1251,1252,1253
1191,1192,1193
1245,1246,1247
1248,1249,1250
1254,1255,1256
1245,1246,1247
1254,1255,1256
1251,1252,1253
1176,1177,1178
1164,1165,1166
1257,1258,1259
1176,1177,1178
1257,1258,1259
1230,1231,1232
1230,1231,1232
1257,1258,1259
1260,1261,1262
1230,1231,1232
1260,1261,1262
1242,1243,1244
1257,1258,1259
1164,1165,1166
1263,1264,1265
1257,1258,1259
1263,1264,1265
1266,1267,1268
1257,1258,1259
1266,1267,1268
1260,1261,1262
1266,1267,1268
1263,1264,1265
1269,1270,1271
1266,1267,1268
1269,1270,1271
1260,1261,1262
1260,1261,1262
1269,1270,1271
1272,1273,1274
1260,1261,1262
1272,1273,1274
1242,1243,1244
1242,1243,1244
1272,1273,1274
1275,1276,1277
1242,1243,1244
1275,1276,1277
1236,1237,1238
1236,1237,1238
1275,1276,1277
1278,1279,1280
1236,1237,1238
1278,1279,1280
1248,1249,1250
1248,1249,1250
1278,1279,1280
1281,1282,1283
1248,1249,1250
1281,1282,1283
1254,1255,1256
1278,1279,1280
1275,1276,1277
1284,1285,1286
1278,1279,1280
1284,1285,1286
1287,1288,1289
1278,1279,1280
1287,1288,1289
1281,1282,1283
1275,1276,1277
1272,1273,1274
1290,1291,1292
1275,1276,1277
1290,1291,1292
1284,1285,1286
1284,1285,1286
1290,1291,1292
1293,1294,1295
1284,1285,1286
1293,1294,1295
1287,1288,1289
1290,1291,1292
1272,1273,1274
1296,1297,1298
1290,1291,1292
1296,1297,1298
1293,1294,1295
1287,1288,1289
1293,1294,1295
1299,1300,1301
1287,1288,1289
1299,1300,1301
1281,1282,1283
1272,1273,1274
1269,1270,1271
1302,1303,1304
1272,1273,1274
1302,1303,1304
1296,1297,1298
1269,1270,1271
1263,1264,1265
1305,1306,1307
1269,1270,1271
1305,1306,1307
1302,1303,1304
1302,1303,1304
1305,1306,1307
1308,1309,1310
1302,1303,1304
1308,1309,1310
1296,1297,1298
1308,1309,1310
1305,1306,1307
1311,1312,1313
1308,1309,1310
1311,1312,1313
1296,1297,1298
1296,1297,1298
1311,1312,1313
1293,1294,1295
1263,1264,1265
1164,1165,1166
1314,1315,1316
1263,1264,1265
1314,1315,1316
1305,1306,1307
1314,1315,1316
1164,1165,1166
1317,1318,1319
1314,1315,1316
1317,1318,1319
1320,1321,1322
1314,1315,1316
1320,1321,1322
1305,1306,1307
1305,1306,1307
1320,1321,1322
1323,1324,1325
1305,1306,1307
1323,1324,1325
1311,1312,1313
1311,1312,1313
1323,1324,1325
1326,1327,1328
1311,1312,1313
1326,1327,1328
1293,1294,1295
1326,1327,1328
1323,1324,1325
1329,1330,1331
1326,1327,1328
1329,1330,1331
1332,1333,1334
1326,1327,1328
1332,1333,1334
1293,1294,1295
1329,1330,1331
1323,1324,1325
1335,1336,1337
1329,1330,1331
1335,1336,1337
1332,1333,1334
1335,1336,1337
1323,1324,1325
1338,1339,1340
1335,1336,1337
1338,1339,1340
1341,1342,1343
1335,1336,1337
1341,1342,1343
1332,1333,1334
1332,1333,1334
1341,1342,1343
1344,1345,1346
1332,1333,1334
1344,1345,1346
1293,1294,1295
1341,1342,1343
1338,1339,1340
1347,1348,1349
1341,1342,1343
1347,1348,1349
1344,1345,1346
1323,1324,1325
1320,1321,1322
1350,1351,1352
1323,1324,1325
1350,1351,1352
1338,1339,1340
1320,1321,1322
1317,1318,1319
1353,1354,1355
1320,1321,1322
1353,1354,1355
1350,1351,1352
1317,1318,1319
1164,1165,1166
1356,1357,1358
1317,1318,1319
1356,1357,1358
1353,1354,1355
1293,1294,1295
1344,1345,1346
1359,1360,1361
1293,1294,1295
1359,1360,1361
1299,1300,1301
1344,1345,1346
1347,1348,1349
1362,1363,1364
1344,1345,1346
1362,1363,1364
1359,1360,1361
1347,1348,1349
1338,1339,1340
1365,1366,1367
1347,1348,1349
1365,1366,1367
1362,1363,1364
1299,1300,1301
1359,1360,1361
1368,1369,1370
1299,1300,1301
1368,1369,1370
1281,1282,1283
1281,1282,1283
1368,1369,1370
1371,1372,1373
1281,1282,1283
1371,1372,1373
1254,1255,1256
1164,1165,1166
111,112,113
1374,1375,1376
1164,1165,1166
1374,1375,1376
1356,1357,1358
1356,1357,1358
1374,1375,1376
1377,1378,1379
1356,1357,1358
1377,1378,1379
1353,1354,1355
1353,1354,1355
1377,1378,1379
1380,1381,1382
1353,1354,1355
1380,1381,1382
1350,1351,1352
1350,1351,1352
1380,1381,1382
1383,1384,1385
1350,1351,1352
1383,1384,1385
1338,1339,1340
1338,1339,1340
1383,1384,1385
1386,1387,1388
1338,1339,1340
1386,1387,1388
1365,1366,1367
1383,1384,1385
1380,1381,1382
1389,1390,1391
1383,1384,1385
1389,1390,1391
1392,1393,1394
1383,1384,1385
1392,1393,1394
1386,1387,1388
1380,1381,1382
1377,1378,1379
1395,1396,1397
1380,1381,1382
1395,1396,1397
1389,1390,1391
1377,1378,1379
1374,1375,1376
1398,1399,1400
1377,1378,1379
1398,1399,1400
1395,1396,1397
1395,1396,1397
1398,1399,1400
1401,1402,1403
1395,1396,1397
1401,1402,1403
1404,1405,1406
1395,1396,1397
1404,1405,1406
1389,1390,1391
1389,1390,1391
1404,1405,1406
1407,1408,1409
1389,1390,1391
1407,1408,1409
1392,1393,1394
1404,1405,1406
1401,1402,1403
1410,1411,1412
1404,1405,1406
1410,1411,1412
1413,1414,1415
1404,1405,1406
1413,1414,1415
1407,1408,1409
1407,1408,1409
1413,1414,1415
1416,1417,1418
1407,1408,1409
1416,1417,1418
1419,1420,1421
1407,1408,1409
1419,1420,1421
1392,1393,1394
1392,1393,1394
1419,1420,1421
1422,1423,1424
1392,1393,1394
1422,1423,1424
1386,1387,1388
1419,1420,1421
1416,1417,1418
1425,1426,1427
1419,1420,1421
1425,1426,1427
1428,1429,1430
1419,1420,1421
1428,1429,1430
1422,1423,1424
1416,1417,1418
1413,1414,1415
1431,1432,1433
1416,1417,1418
1431,1432,1433
1434,1435,1436
1416,1417,1418
1434,1435,1436
1425,1426,1427
1413,1414,1415
1410,1411,1412
1437,1438,1439
1413,1414,1415
1437,1438,1439
1431,1432,1433
1431,1432,1433
1437,1438,1439
1440,1441,1442
1431,1432,1433
1440,1441,1442
1443,1444,1445
1431,1432,1433
1443,1444,1445
1434,1435,1436
1437,1438,1439
1410,1411,1412
1446,1447,1448
1437,1438,1439
1446,1447,1448
1449,1450,1451
1437,1438,1439
1449,1450,1451
1440,1441,1442
1410,1411,1412
1401,1402,1403
1452,1453,1454
1410,1411,1412
1452,1453,1454
1446,1447,1448
1401,1402,1403
1398,1399,1400
1455,1456,1457
1401,1402,1403
1455,1456,1457
1452,1453,1454
1398,1399,1400
1374,1375,1376
1458,1459,1460
1398,1399,1400
1458,1459,1460
1455,1456,1457
1374,1375,1376
111,112,113
1461,1462,1463
1374,1375,1376
1461,1462,1463
1458,1459,1460
1440,1441,1442
1449,1450,1451
1464,1465,1466
1440,1441,1442
1464,1465,1466
1467,1468,1469
1440,1441,1442
1467,1468,1469
1443,1444,1445
1443,1444,1445
1467,1468,1469
1470,1471,1472
1443,1444,1445
1470,1471,1472
1473,1474,1475
1443,1444,1445
1473,1474,1475
1434,1435,1436
1434,1435,1436
1473,1474,1475
1476,1477,1478
1434,1435,1436
1476,1477,1478
1425,1426,1427
1473,1474,1475
1470,1471,1472
9,10,11
1473,1474,1475
9,10,11
1476,1477,1478
1476,1477,1478
9,10,11
1479,1480,1481
1476,1477,1478
1479,1480,1481
1425,1426,1427
1425,1426,1427
1479,1480,1481
1428,1429,1430
1479,1480,1481
9,10,11
1191,1192,1193
1479,1480,1481
1191,1192,1193
1482,1483,1484
1479,1480,1481
1482,1483,1484
1428,1429,1430
1470,1471,1472
1467,1468,1469
1485,1486,1487
1470,1471,1472
1485,1486,1487
1488,1489,1490
1470,1471,1472
1488,1489,1490
9,10,11
1467,1468,1469
1464,1465,1466
1491,1492,1493
1467,1468,1469
1491,1492,1493
1485,1486,1487
1485,1486,1487
1491,1492,1493
1494,1495,1496
1485,1486,1487
1494,1495,1496
1488,1489,1490
1386,1387,1388
1422,1423,1424
1497,1498,1499
1386,1387,1388
1497,1498,1499
1500,1501,1502
1386,1387,1388
1500,1501,1502
1365,1366,1367
1500,1501,1502
1497,1498,1499
1503,1504,1505
1500,1501,1502
1503,1504,1505
1365,1366,1367
1503,1504,1505
1497,1498,1499
1506,1507,1508
1503,1504,1505
1506,1507,1508
1362,1363,1364
1503,1504,1505
1362,1363,1364
1365,1366,1367
1497,1498,1499
1422,1423,1424
1509,1510,1511
1497,1498,1499
1509,1510,1511
1512,1513,1514
1497,1498,1499
1512,1513,1514
1506,1507,1508
1509,1510,1511
1422,1423,1424
1515,1516,1517
1509,1510,1511
1515,1516,1517
1512,1513,1514
1422,1423,1424
1428,1429,1430
1515,1516,1517
1515,1516,1517
1428,1429,1430
1518,1519,1520
1515,1516,1517
1518,1519,1520
1512,1513,1514
1518,1519,1520
1428,1429,1430
1521,1522,1523
1518,1519,1520
1521,1522,1523
1524,1525,1526
1518,1519,1520
1524,1525,1526
1512,1513,1514
1428,1429,1430
1482,1483,1484
1527,1528,1529
1428,1429,1430
1527,1528,1529
1521,1522,1523
1527,1528,1529
1482,1483,1484
1530,1531,1532
1527,1528,1529
1530,1531,1532
1521,1522,1523
1521,1522,1523
1530,1531,1532
1524,1525,1526
1524,1525,1526
1530,1531,1532
1533,1534,1535
1524,1525,1526
1533,1534,1535
1512,1513,1514
1482,1483,1484
1191,1192,1193
1251,1252,1253
1482,1483,1484
1251,1252,1253
1530,1531,1532
1530,1531,1532
1251,1252,1253
1254,1255,1256
1530,1531,1532
1254,1255,1256
1533,1534,1535
1533,1534,1535
1254,1255,1256
1371,1372,1373
1533,1534,1535
1371,1372,1373
1512,1513,1514
1371,1372,1373
1368,1369,1370
1512,1513,1514
1512,1513,1514
1368,1369,1370
1536,1537,1538
1512,1513,1514
1536,1537,1538
1506,1507,1508
1368,1369,1370
1359,1360,1361
1536,1537,1538
1536,1537,1538
1359,1360,1361
1539,1540,1541
1536,1537,1538
1539,1540,1541
1506,1507,1508
1506,1507,1508
1539,1540,1541
1362,1363,1364
1539,1540,1541
1359,1360,1361
1362,1363,1364
1494,1495,1496
1491,1492,1493
1542,1543,1544
1494,1495,1496
1542,1543,1544
1545,1546,1547
1494,1495,1496
1545,1546,1547
1548,1549,1550
1494,1495,1496
1548,1549,1550
1488,1489,1490
1545,1546,1547
1542,1543,1544
1551,1552,1553
1545,1546,1547
1551,1552,1553
1548,1549,1550
1542,1543,1544
1491,1492,1493
1554,1555,1556
1542,1543,1544
1554,1555,1556
1557,1558,1559
1542,1543,1544
1557,1558,1559
1551,1552,1553
1554,1555,1556
1491,1492,1493
1560,1561,1562
1554,1555,1556
1560,1561,1562
1563,1564,1565
1554,1555,1556
1563,1564,1565
1557,1558,1559
1560,1561,1562
1491,1492,1493
1566,1567,1568
1560,1561,1562
1566,1567,1568
1563,1564,1565
1491,1492,1493
1464,1465,1466
1566,1567,1568
1566,1567,1568
1464,1465,1466
1569,1570,1571
1566,1567,1568
1569,1570,1571
1572,1573,1574
1566,1567,1568
1572,1573,1574
1563,1564,1565
1563,1564,1565
1572,1573,1574
1575,1576,1577
1563,1564,1565
1575,1576,1577
1557,1558,1559
1575,1576,1577
1572,1573,1574
1578,1579,1580
1575,1576,1577
1578,1579,1580
1581,1582,1583
1575,1576,1577
1581,1582,1583
1557,1558,1559
1557,1558,1559
1581,1582,1583
1584,1585,1586
1557,1558,1559
1584,1585,1586
1551,1552,1553
1551,1552,1553
1584,1585,1586
1587,1588,1589
1551,1552,1553
1587,1588,1589
1548,1549,1550
1584,1585,1586
1581,1582,1583
1590,1591,1592
1584,1585,1586
1590,1591,1592
1593,1594,1595
1584,1585,1586
1593,1594,1595
1587,1588,1589
1581,1582,1583
1578,1579,1580
1596,1597,1598
1581,1582,1583
1596,1597,1598
1590,1591,1592
1578,1579,1580
1572,1573,1574
1599,1600,1601
1578,1579,1580
1599,1600,1601
1596,1597,1598
1596,1597,1598
1599,1600,1601
1602,1603,1604
1596,1597,1598
1602,1603,1604
1605,1606,1607
1596,1597,1598
1605,1606,1607
1590,1591,1592
1599,1600,1601
1572,1573,1574
1608,1609,1610
1599,1600,1601
1608,1609,1610
1611,1612,1613
1599,1600,1601
1611,1612,1613
1602,1603,1604
1608,1609,1610
1572,1573,1574
1614,1615,1616
1608,1609,1610
1614,1615,1616
1617,1618,1619
1608,1609,1610
1617,1618,1619
1611,1612,1613
1614,1615,1616
1572,1573,1574
1620,1621,1622
1614,1615,1616
1620,1621,1622
1617,1618,1619
1572,1573,1574
1569,1570,1571
1623,1624,1625
1572,1573,1574
1623,1624,1625
1620,1621,1622
1569,1570,1571
1464,1465,1466
1626,1627,1628
1569,1570,1571
1626,1627,1628
1623,1624,1625
1626,1627,1628
1464,1465,1466
1629,1630,1631
1626,1627,1628
1629,1630,1631
1623,1624,1625
1464,1465,1466
1449,1450,1451
1629,1630,1631
1629,1630,1631
1449,1450,1451
1632,1633,1634
1629,1630,1631
1632,1633,1634
1623,1624,1625
1623,1624,1625
1632,1633,1634
1620,1621,1622
1632,1633,1634
1449,1450,1451
1635,1636,1637
1632,1633,1634
1635,1636,1637
1620,1621,1622
1620,1621,1622
1635,1636,1637
1617,1618,1619
1449,1450,1451
1446,1447,1448
1638,1639,1640
1449,1450,1451
1638,1639,1640
1635,1636,1637
1635,1636,1637
1638,1639,1640
1641,1642,1643
1635,1636,1637
1641,1642,1643
1644,1645,1646
1635,1636,1637
1644,1645,1646
1617,1618,1619
1644,1645,1646
1641,1642,1643
1647,1648,1649
1644,1645,1646
1647,1648,1649
1617,1618,1619
1641,1642,1643
1638,1639,1640
1650,1651,1652
1641,1642,1643
1650,1651,1652
1647,1648,1649
1638,1639,1640
1446,1447,1448
1653,1654,1655
1638,1639,1640
1653,1654,1655
1650,1651,1652
1653,1654,1655
1446,1447,1448
1656,1657,1658
1653,1654,1655
1656,1657,1658
1650,1651,1652
1650,1651,1652
1656,1657,1658
1647,1648,1649
1446,1447,1448
1452,1453,1454
1656,1657,1658
1647,1648,1649
1656,1657,1658
1659,1660,1661
1647,1648,1649
1659,1660,1661
1617,1618,1619
1617,1618,1619
1659,1660,1661
1611,1612,1613
1656,1657,1658
1452,1453,1454
1662,1663,1664
1656,1657,1658
1662,1663,1664
1659,1660,1661
1662,1663,1664
1452,1453,1454
1665,1666,1667
1662,1663,1664
1665,1666,1667
1659,1660,1661
1452,1453,1454
1455,1456,1457
1665,1666,1667
1665,1666,1667
1455,1456,1457
1668,1669,1670
1665,1666,1667
1668,1669,1670
1659,1660,1661
1611,1612,1613
1659,1660,1661
1671,1672,1673
1611,1612,1613
1671,1672,1673
1602,1603,1604
1602,1603,1604
1671,1672,1673
1674,1675,1676
1602,1603,1604
1674,1675,1676
1605,1606,1607
1671,1672,1673
1659,1660,1661
1677,1678,1679
1671,1672,1673
1677,1678,1679
1674,1675,1676
1659,1660,1661
1668,1669,1670
1680,1681,1682
1659,1660,1661
1680,1681,1682
1677,1678,1679
1677,1678,1679
1680,1681,1682
1683,1684,1685
1677,1678,1679
1683,1684,1685
1674,1675,1676
1680,1681,1682
1668,1669,1670
1686,1687,1688
1680,1681,1682
1686,1687,1688
1683,1684,1685
1668,1669,1670
1455,1456,1457
1686,1687,1688
1686,1687,1688
1455,1456,1457
1689,1690,1691
1686,1687,1688
1689,1690,1691
1683,1684,1685
1689,1690,1691
1455,1456,1457
1692,1693,1694
1689,1690,1691
1692,1693,1694
1683,1684,1685
1455,1456,1457
1458,1459,1460
1692,1693,1694
1683,1684,1685
1692,1693,1694
1695,1696,1697
1683,1684,1685
1695,1696,1697
1674,1675,1676
1692,1693,1694
1458,1459,1460
1698,1699,1700
1692,1693,1694
1698,1699,1700
1695,1696,1697
1674,1675,1676
1695,1696,1697
1701,1702,1703
1674,1675,1676
1701,1702,1703
1605,1606,1607
1695,1696,1697
1698,1699,1700
1704,1705,1706
1695,1696,1697
1704,1705,1706
1701,1702,1703
1605,1606,1607
1701,1702,1703
1707,1708,1709
1605,1606,1607
1707,1708,1709
1590,1591,1592
1701,1702,1703
1704,1705,1706
1710,1711,1712
1701,1702,1703
1710,1711,1712
1707,1708,1709
1707,1708,1709
1710,1711,1712
1713,1714,1715
1707,1708,1709
1713,1714,1715
1590,1591,1592
1590,1591,1592
1713,1714,1715
1716,1717,1718
1590,1591,1592
1716,1717,1718
1593,1594,1595
1713,1714,1715
1710,1711,1712
1719,1720,1721
1713,1714,1715
1719,1720,1721
1716,1717,1718
1716,1717,1718
1719,1720,1721
1722,1723,1724
1716,1717,1718
1722,1723,1724
1593,1594,1595
1710,1711,1712
1704,1705,1706
1725,1726,1727
1710,1711,1712
1725,1726,1727
1719,1720,1721
1704,1705,1706
1698,1699,1700
1728,1729,1730
1704,1705,1706
1728,1729,1730
1725,1726,1727
1593,1594,1595
1722,1723,1724
1731,1732,1733
1593,1594,1595
1731,1732,1733
1587,1588,1589
1722,1723,1724
1719,1720,1721
1734,1735,1736
1722,1723,1724
1734,1735,1736
1731,1732,1733
1587,1588,1589
1731,1732,1733
1737,1738,1739
1587,1588,1589
1737,1738,1739
1548,1549,1550
1731,1732,1733
1734,1735,1736
1740,1741,1742
1731,1732,1733
1740,1741,1742
1737,1738,1739
1548,1549,1550
1737,1738,1739
1743,1744,1745
1548,1549,1550
1743,1744,1745
1488,1489,1490
1737,1738,1739
1740,1741,1742
1746,1747,1748
1737,1738,1739
1746,1747,1748
1743,1744,1745
1743,1744,1745
1746,1747,1748
1749,1750,1751
1743,1744,1745
1749,1750,1751
1752,1753,1754
1743,1744,1745
1752,1753,1754
1488,1489,1490
1749,1750,1751
1746,1747,1748
1755,1756,1757
1749,1750,1751
1755,1756,1757
1752,1753,1754
1755,1756,1757
1746,1747,1748
1758,1759,1760
1755,1756,1757
1758,1759,1760
1761,1762,1763
1755,1756,1757
1761,1762,1763
1752,1753,1754
1746,1747,1748
1740,1741,1742
1764,1765,1766
1746,1747,1748
1764,1765,1766
1758,1759,1760
1758,1759,1760
1764,1765,1766
1767,1768,1769
1758,1759,1760
1767,1768,1769
1761,1762,1763
1764,1765,1766
1740,1741,1742
1770,1771,1772
1764,1765,1766
1770,1771,1772
1767,1768,1769
1761,1762,1763
1767,1768,1769
1773,1774,1775
1761,1762,1763
1773,1774,1775
1752,1753,1754
1740,1741,1742
1734,1735,1736
1776,1777,1778
1740,1741,1742
1776,1777,1778
1770,1771,1772
1770,1771,1772
1776,1777,1778
1779,1780,1781
1770,1771,1772
1779,1780,1781
1767,1768,1769
1734,1735,1736
1719,1720,1721
1782,1783,1784
1734,1735,1736
1782,1783,1784
1776,1777,1778
1719,1720,1721
1725,1726,1727
1785,1786,1787
1719,1720,1721
1785,1786,1787
1782,1783,1784
1725,1726,1727
1728,1729,1730
1788,1789,1790
1725,1726,1727
1788,1789,1790
1785,1786,1787
1785,1786,1787
1788,1789,1790
1791,1792,1793
1785,1786,1787
1791,1792,1793
1794,1795,1796
1785,1786,1787
1794,1795,1796
1782,1783,1784
1782,1783,1784
1794,1795,1796
1797,1798,1799
1782,1783,1784
1797,1798,1799
1776,1777,1778
1794,1795,1796
1791,1792,1793
1800,1801,1802
1794,1795,1796
1800,1801,1802
1797,1798,1799
1797,1798,1799
1800,1801,1802
1803,1804,1805
1797,1798,1799
1803,1804,1805
1776,1777,1778
1776,1777,1778
1803,1804,1805
1779,1780,1781
1803,1804,1805
1800,1801,1802
1806,1807,1808
1803,1804,1805
1806,1807,1808
1779,1780,1781
1791,1792,1793
1788,1789,1790
1809,1810,1811
1791,1792,1793
1809,1810,1811
1800,1801,1802
1779,1780,1781
1806,1807,1808
1812,1813,1814
1779,1780,1781
1812,1813,1814
1767,1768,1769
1812,1813,1814
1806,1807,1808
1815,1816,1817
1812,1813,1814
1815,1816,1817
1818,1819,1820
1812,1813,1814
1818,1819,1820
1767,1768,1769
1815,1816,1817
1806,1807,1808
1821,1822,1823
1815,1816,1817
1821,1822,1823
1818,1819,1820
1806,1807,1808
1800,1801,1802
1824,1825,1826
1806,1807,1808
1824,1825,1826
1821,1822,1823
1818,1819,1820
1821,1822,1823
1827,1828,1829
1818,1819,1820
1827,1828,1829
1830,1831,1832
1818,1819,1820
1830,1831,1832
1767,1768,1769
1767,1768,1769
1830,1831,1832
1833,1834,1835
1767,1768,1769
1833,1834,1835
1773,1774,1775
1833,1834,1835
1830,1831,1832
1836,1837,1838
1833,1834,1835
1836,1837,1838
1773,1774,1775
1773,1774,1775
1836,1837,1838
1752,1753,1754
1830,1831,1832
1827,1828,1829
1839,1840,1841
1830,1831,1832
1839,1840,1841
1842,1843,1844
1830,1831,1832
1842,1843,1844
1836,1837,1838
1839,1840,1841
1827,1828,1829
1845,1846,1847
1839,1840,1841
1845,1846,1847
1842,1843,1844
1827,1828,1829
1821,1822,1823
1845,1846,1847
1821,1822,1823
1824,1825,1826
1848,1849,1850
1821,1822,1823
1848,1849,1850
1845,1846,1847
1845,1846,1847
1848,1849,1850
1851,1852,1853
1845,1846,1847
1851,1852,1853
1842,1843,1844
1848,1849,1850
1824,1825,1826
1854,1855,1856
1848,1849,1850
1854,1855,1856
1851,1852,1853
1824,1825,1826
1800,1801,1802
1857,1858,1859
1824,1825,1826
1857,1858,1859
1854,1855,1856
1854,1855,1856
1857,1858,1859
1860,1861,1862
1854,1855,1856
1860,1861,1862
1851,1852,1853
1860,1861,1862
1857,1858,1859
1863,1864,1865
1860,1861,1862
1863,1864,1865
1866,1867,1868
1860,1861,1862
1866,1867,1868
1851,1852,1853
1863,1864,1865
1857,1858,1859
1869,1870,1871
1863,1864,1865
1869,1870,1871
1866,1867,1868
1857,1858,1859
1800,1801,1802
1869,1870,1871
1869,1870,1871
1800,1801,1802
1872,1873,1874
1869,1870,1871
1872,1873,1874
1866,1867,1868
1800,1801,1802
1809,1810,1811
1872,1873,1874
1872,1873,1874
1809,1810,1811
1875,1876,1877
1872,1873,1874
1875,1876,1877
1878,1879,1880
1872,1873,1874
1878,1879,1880
1866,1867,1868
1875,1876,1877
1809,1810,1811
1881,1882,1883
1875,1876,1877
1881,1882,1883
1878,1879,1880
1809,1810,1811
1788,1789,1790
1881,1882,1883
1881,1882,1883
1788,1789,1790
1884,1885,1886
1881,1882,1883
1884,1885,1886
1878,1879,1880
1788,1789,1790
1728,1729,1730
1884,1885,1886
1728,1729,1730
1698,1699,1700
1887,1888,1889
1728,1729,1730
1887,1888,1889
1884,1885,1886
1887,1888,1889
1698,1699,1700
1890,1891,1892
1887,1888,1889
1890,1891,1892
1884,1885,1886
1884,1885,1886
1890,1891,1892
1878,1879,1880
1698,1699,1700
1458,1459,1460
1890,1891,1892
1890,1891,1892
1458,1459,1460
1893,1894,1895
1890,1891,1892
1893,1894,1895
1878,1879,1880
1878,1879,1880
1893,1894,1895
1896,1897,1898
1878,1879,1880
1896,1897,1898
1866,1867,1868
1893,1894,1895
1458,1459,1460
1899,1900,1901
1893,1894,1895
1899,1900,1901
1896,1897,1898
1458,1459,1460
1461,1462,1463
1899,1900,1901
1899,1900,1901
1461,1462,1463
1902,1903,1904
1899,1900,1901
1902,1903,1904
1896,1897,1898
1896,1897,1898
1902,1903,1904
1905,1906,1907
1896,1897,1898
1905,1906,1907
1866,1867,1868
1866,1867,1868
1905,1906,1907
1851,1852,1853
1851,1852,1853
1905,1906,1907
1908,1909,1910
1851,1852,1853
1908,1909,1910
1842,1843,1844
1905,1906,1907
1902,1903,1904
1911,1912,1913
1905,1906,1907
1911,1912,1913
1908,1909,1910
1902,1903,1904
1461,1462,1463
1914,1915,1916
1902,1903,1904
1914,1915,1916
1911,1912,1913
1842,1843,1844
1908,1909,1910
1917,1918,1919
1842,1843,1844
1917,1918,1919
1836,1837,1838
1908,1909,1910
1911,1912,1913
1920,1921,1922
1908,1909,1910
1920,1921,1922
1917,1918,1919
1911,1912,1913
1914,1915,1916
1923,1924,1925
1911,1912,1913
1923,1924,1925
1920,1921,1922
1836,1837,1838
1917,1918,1919
1926,1927,1928
1836,1837,1838
1926,1927,1928
1752,1753,1754
1917,1918,1919
1920,1921,1922
1929,1930,1931
1917,1918,1919
1929,1930,1931
1926,1927,1928
1920,1921,1922
1923,1924,1925
1932,1933,1934
1920,1921,1922
1932,1933,1934
1929,1930,1931
1752,1753,1754
1926,1927,1928
1935,1936,1937
1752,1753,1754
1935,1936,1937
1488,1489,1490
1926,1927,1928
1929,1930,1931
1938,1939,1940
1926,1927,1928
1938,1939,1940
1935,1936,1937
1929,1930,1931
1932,1933,1934
1941,1942,1943
1929,1930,1931
1941,1942,1943
1938,1939,1940
1488,1489,1490
1935,1936,1937
1944,1945,1946
1488,1489,1490
1944,1945,1946
9,10,11
1935,1936,1937
1938,1939,1940
1947,1948,1949
1935,1936,1937
1947,1948,1949
1944,1945,1946
1944,1945,1946
1947,1948,1949
1950,1951,1952
1944,1945,1946
1950,1951,1952
9,10,11
1938,1939,1940
1941,1942,1943
1953,1954,1955
1938,1939,1940
1953,1954,1955
1947,1948,1949
1947,1948,1949
1953,1954,1955
1956,1957,1958
1947,1948,1949
1956,1957,1958
1950,1951,1952
1950,1951,1952
1956,1957,1958
1959,1960,1961
1950,1951,1952
1959,1960,1961
9,10,11
1461,1462,1463
111,112,113
1962,1963,1964
1461,1462,1463
1962,1963,1964
1914,1915,1916
1914,1915,1916
1962,1963,1964
1965,1966,1967
1914,1915,1916
1965,1966,1967
1923,1924,1925
1962,1963,1964
111,112,113
117,118,119
1962,1963,1964
117,118,119
1965,1966,1967
1923,1924,1925
1965,1966,1967
1968,1969,1970
1923,1924,1925
1968,1969,1970
1932,1933,1934
1965,1966,1967
117,118,119
1971,1972,1973
1965,1966,1967
1971,1972,1973
1968,1969,1970
1932,1933,1934
1968,1969,1970
1974,1975,1976
1932,1933,1934
1974,1975,1976
1941,1942,1943
1968,1969,1970
1971,1972,1973
1977,1978,1979
1968,1969,1970
1977,1978,1979
1974,1975,1976
1941,1942,1943
1974,1975,1976
1980,1981,1982
1941,1942,1943
1980,1981,1982
1953,1954,1955
1974,1975,1976
1977,1978,1979
1983,1984,1985
1974,1975,1976
1983,1984,1985
1980,1981,1982
1953,1954,1955
1980,1981,1982
1986,1987,1988
1953,1954,1955
1986,1987,1988
1956,1957,1958
1980,1981,1982
1983,1984,1985
1989,1990,1991
1980,1981,1982
1989,1990,1991
1986,1987,1988
1956,1957,1958
1986,1987,1988
1992,1993,1994
1956,1957,1958
1992,1993,1994
1959,1960,1961
1986,1987,1988
1989,1990,1991
1995,1996,1997
1986,1987,1988
1995,1996,1997
1992,1993,1994
1992,1993,1994
1995,1996,1997
1998,1999,2000
1992,1993,1994
1998,1999,2000
2001,2002,2003
1992,1993,1994
2001,2002,2003
1959,1960,1961
1959,1960,1961
2001,2002,2003
12,13,14
1959,1960,1961
12,13,14
9,10,11
2001,2002,2003
1998,1999,2000
2004,2005,2006
2001,2002,2003
2004,2005,2006
12,13,14
2004,2005,2006
1998,1999,2000
2007,2008,2009
2004,2005,2006
2007,2008,2009
2010,2011,2012
2004,2005,2006
2010,2011,2012
2013,2014,2015
2004,2005,2006
2013,2014,2015
12,13,14
2010,2011,2012
2007,2008,2009
2016,2017,2018
2010,2011,2012
2016,2017,2018
2013,2014,2015
2007,2008,2009
1998,1999,2000
2019,2020,2021
2007,2008,2009
2019,2020,2021
2022,2023,2024
2007,2008,2009
2022,2023,2024
2016,2017,2018
2019,2020,2021
1998,1999,2000
2025,2026,2027
2019,2020,2021
2025,2026,2027
2028,2029,2030
2019,2020,2021
2028,2029,2030
2022,2023,2024
2025,2026,2027
1998,1999,2000
2031,2032,2033
2025,2026,2027
2031,2032,2033
2028,2029,2030
1998,1999,2000
1995,1996,1997
2031,2032,2033
2031,2032,2033
1995,1996,1997
2034,2035,2036
2031,2032,2033
2034,2035,2036
2037,2038,2039
2031,2032,2033
2037,2038,2039
2028,2029,2030
2028,2029,2030
2037,2038,2039
2040,2041,2042
2028,2029,2030
2040,2041,2042
2022,2023,2024
2040,2041,2042
2037,2038,2039
2043,2044,2045
2040,2041,2042
2043,2044,2045
2046,2047,2048
2040,2041,2042
2046,2047,2048
2022,2023,2024
2022,2023,2024
2046,2047,2048
2049,2050,2051
2022,2023,2024
2049,2050,2051
2016,2017,2018
2016,2017,2018
2049,2050,2051
2052,2053,2054
2016,2017,2018
2052,2053,2054
2013,2014,2015
2049,2050,2051
2046,2047,2048
2055,2056,2057
2049,2050,2051
2055,2056,2057
2058,2059,2060
2049,2050,2051
2058,2059,2060
2052,2053,2054
2046,2047,2048
2043,2044,2045
2061,2062,2063
2046,2047,2048
2061,2062,2063
2055,2056,2057
2043,2044,2045
2037,2038,2039
2064,2065,2066
2043,2044,2045
2064,2065,2066
2061,2062,2063
2061,2062,2063
2064,2065,2066
2067,2068,2069
2061,2062,2063
2067,2068,2069
2070,2071,2072
2061,2062,2063
2070,2071,2072
2055,2056,2057
2064,2065,2066
2037,2038,2039
2073,2074,2075
2064,2065,2066
2073,2074,2075
2076,2077,2078
2064,2065,2066
2076,2077,2078
2067,2068,2069
2073,2074,2075
2037,2038,2039
2079,2080,2081
2073,2074,2075
2079,2080,2081
2082,2083,2084
2073,2074,2075
2082,2083,2084
2076,2077,2078
2079,2080,2081
2037,2038,2039
2085,2086,2087
2079,2080,2081
2085,2086,2087
2082,2083,2084
2037,2038,2039
2034,2035,2036
2088,2089,2090
2037,2038,2039
2088,2089,2090
2085,2086,2087
2034,2035,2036
1995,1996,1997
2091,2092,2093
2034,2035,2036
2091,2092,2093
2088,2089,2090
2091,2092,2093
1995,1996,1997
2094,2095,2096
2091,2092,2093
2094,2095,2096
2088,2089,2090
1995,1996,1997
1989,1990,1991
2094,2095,2096
2094,2095,2096
1989,1990,1991
2097,2098,2099
2094,2095,2096
2097,2098,2099
2088,2089,2090
2088,2089,2090
2097,2098,2099
2085,2086,2087
2097,2098,2099
1989,1990,1991
2100,2101,2102
2097,2098,2099
2100,2101,2102
2085,2086,2087
2085,2086,2087
2100,2101,2102
2082,2083,2084
1989,1990,1991
1983,1984,1985
2103,2104,2105
1989,1990,1991
2103,2104,2105
2100,2101,2102
2100,2101,2102
2103,2104,2105
2106,2107,2108
2100,2101,2102
2106,2107,2108
2109,2110,2111
2100,2101,2102
2109,2110,2111
2082,2083,2084
2109,2110,2111
2106,2107,2108
2112,2113,2114
2109,2110,2111
2112,2113,2114
2082,2083,2084
2106,2107,2108
2103,2104,2105
2115,2116,2117
2106,2107,2108
2115,2116,2117
2112,2113,2114
2103,2104,2105
1983,1984,1985
2118,2119,2120
2103,2104,2105
2118,2119,2120
2115,2116,2117
2118,2119,2120
1983,1984,1985
2121,2122,2123
2118,2119,2120
2121,2122,2123
2115,2116,2117
2115,2116,2117
2121,2122,2123
2112,2113,2114
1983,1984,1985
1977,1978,1979
2121,2122,2123
2112,2113,2114
2121,2122,2123
2124,2125,2126
2112,2113,2114
2124,2125,2126
2082,2083,2084
2082,2083,2084
2124,2125,2126
2076,2077,2078
2121,2122,2123
1977,1978,1979
2127,2128,2129
2121,2122,2123
2127,2128,2129
2124,2125,2126
2127,2128,2129
1977,1978,1979
2130,2131,2132
2127,2128,2129
2130,2131,2132
2124,2125,2126
1977,1978,1979
1971,1972,1973
2130,2131,2132
2130,2131,2132
1971,1972,1973
2133,2134,2135
2130,2131,2132
2133,2134,2135
2124,2125,2126
2076,2077,2078
2124,2125,2126
2136,2137,2138
2076,2077,2078
2136,2137,2138
2067,2068,2069
2067,2068,2069
2136,2137,2138
2139,2140,2141
2067,2068,2069
2139,2140,2141
2070,2071,2072
2136,2137,2138
2124,2125,2126
2142,2143,2144
2136,2137,2138
2142,2143,2144
2139,2140,2141
2124,2125,2126
2133,2134,2135
2145,2146,2147
2124,2125,2126
2145,2146,2147
2142,2143,2144
2142,2143,2144
2145,2146,2147
2148,2149,2150
2142,2143,2144
2148,2149,2150
2139,2140,2141
2145,2146,2147
2133,2134,2135
2151,2152,2153
2145,2146,2147
2151,2152,2153
2148,2149,2150
2133,2134,2135
1971,1972,1973
2151,2152,2153
2151,2152,2153
1971,1972,1973
2154,2155,2156
2151,2152,2153
2154,2155,2156
2148,2149,2150
2154,2155,2156
1971,1972,1973
2157,2158,2159
2154,2155,2156
2157,2158,2159
2148,2149,2150
1971,1972,1973
117,118,119
2157,2158,2159
2148,2149,2150
2157,2158,2159
2160,2161,2162
2148,2149,2150
2160,2161,2162
2139,2140,2141
2157,2158,2159
117,118,119
2163,2164,2165
2157,2158,2159
2163,2164,2165
2160,2161,2162
2139,2140,2141
2160,2161,2162
2166,2167,2168
2139,2140,2141
2166,2167,2168
2070,2071,2072
2160,2161,2162
2163,2164,2165
2169,2170,2171
2160,2161,2162
2169,2170,2171
2166,2167,2168
2070,2071,2072
2166,2167,2168
2172,2173,2174
2070,2071,2072
2172,2173,2174
2055,2056,2057
2166,2167,2168
2169,2170,2171
2175,2176,2177
2166,2167,2168
2175,2176,2177
2172,2173,2174
2172,2173,2174
2175,2176,2177
2178,2179,2180
2172,2173,2174
2178,2179,2180
2055,2056,2057
2055,2056,2057
2178,2179,2180
2181,2182,2183
2055,2056,2057
2181,2182,2183
2058,2059,2060
2178,2179,2180
2175,2176,2177
2184,2185,2186
2178,2179,2180
2184,2185,2186
2181,2182,2183
2181,2182,2183
2184,2185,2186
2187,2188,2189
2181,2182,2183
2187,2188,2189
2058,2059,2060
2175,2176,2177
2169,2170,2171
2190,2191,2192
2175,2176,2177
2190,2191,2192
2184,2185,2186
2169,2170,2171
2163,2164,2165
2193,2194,2195
2169,2170,2171
2193,2194,2195
2190,2191,2192
2058,2059,2060
2187,2188,2189
2196,2197,2198
2058,2059,2060
2196,2197,2198
2052,2053,2054
2187,2188,2189
2184,2185,2186
2199,2200,2201
2187,2188,2189
2199,2200,2201
2196,2197,2198
2052,2053,2054
2196,2197,2198
2202,2203,2204
2052,2053,2054
2202,2203,2204
2013,2014,2015
2196,2197,2198
2199,2200,2201
2205,2206,2207
2196,2197,2198
2205,2206,2207
2202,2203,2204
2013,2014,2015
2202,2203,2204
2208,2209,2210
2013,2014,2015
2208,2209,2210
12,13,14
2202,2203,2204
2205,2206,2207
2211,2212,2213
2202,2203,2204
2211,2212,2213
2208,2209,2210
2208,2209,2210
2211,2212,2213
2214,2215,2216
2208,2209,2210
2214,2215,2216
18,19,20
2208,2209,2210
18,19,20
12,13,14
2214,2215,2216
2211,2212,2213
2217,2218,2219
2214,2215,2216
2217,2218,2219
18,19,20
2217,2218,2219
2211,2212,2213
2220,2221,2222
2217,2218,2219
2220,2221,2222
2223,2224,2225
2217,2218,2219
2223,2224,2225
18,19,20
2211,2212,2213
2205,2206,2207
2226,2227,2228
2211,2212,2213
2226,2227,2228
2220,2221,2222
2220,2221,2222
2226,2227,2228
2229,2230,2231
2220,2221,2222
2229,2230,2231
2223,2224,2225
2226,2227,2228
2205,2206,2207
2232,2233,2234
2226,2227,2228
2232,2233,2234
2229,2230,2231
2223,2224,2225
2229,2230,2231
2235,2236,2237
2223,2224,2225
2235,2236,2237
18,19,20
2205,2206,2207
2199,2200,2201
2238,2239,2240
2205,2206,2207
2238,2239,2240
2232,2233,2234
2232,2233,2234
2238,2239,2240
2241,2242,2243
2232,2233,2234
2241,2242,2243
2229,2230,2231
2199,2200,2201
2184,2185,2186
2244,2245,2246
2199,2200,2201
2244,2245,2246
2238,2239,2240
2238,2239,2240
2244,2245,2246
2247,2248,2249
2238,2239,2240
2247,2248,2249
2241,2242,2243
2184,2185,2186
2190,2191,2192
2250,2251,2252
2184,2185,2186
2250,2251,2252
2244,2245,2246
2244,2245,2246
2250,2251,2252
2253,2254,2255
2244,2245,2246
2253,2254,2255
2247,2248,2249
2190,2191,2192
2193,2194,2195
2256,2257,2258
2190,2191,2192
2256,2257,2258
2250,2251,2252
2250,2251,2252
2256,2257,2258
2259,2260,2261
2250,2251,2252
2259,2260,2261
2253,2254,2255
2253,2254,2255
2259,2260,2261
2262,2263,2264
2253,2254,2255
2262,2263,2264
2247,2248,2249
2259,2260,2261
2256,2257,2258
2265,2266,2267
2259,2260,2261
2265,2266,2267
2262,2263,2264
2247,2248,2249
2262,2263,2264
2268,2269,2270
2247,2248,2249
2268,2269,2270
2241,2242,2243
2241,2242,2243
2268,2269,2270
2271,2272,2273
2241,2242,2243
2271,2272,2273
2229,2230,2231
2268,2269,2270
2262,2263,2264
2274,2275,2276
2268,2269,2270
2274,2275,2276
2271,2272,2273
2271,2272,2273
2274,2275,2276
2277,2278,2279
2271,2272,2273
2277,2278,2279
2280,2281,2282
2271,2272,2273
2280,2281,2282
2229,2230,2231
2277,2278,2279
2274,2275,2276
2283,2284,2285
2277,2278,2279
2283,2284,2285
2280,2281,2282
2274,2275,2276
2262,2263,2264
2286,2287,2288
2274,2275,2276
2286,2287,2288
2283,2284,2285
2280,2281,2282
2283,2284,2285
2289,2290,2291
2280,2281,2282
2289,2290,2291
2292,2293,2294
2280,2281,2282
2292,2293,2294
2229,2230,2231
2229,2230,2231
2292,2293,2294
2295,2296,2297
2229,2230,2231
2295,2296,2297
2235,2236,2237
2295,2296,2297
2292,2293,2294
72,73,74
2295,2296,2297
72,73,74
2235,2236,2237
2235,2236,2237
72,73,74
18,19,20
2292,2293,2294
2289,2290,2291
2298,2299,2300
2292,2293,2294
2298,2299,2300
75,76,77
2292,2293,2294
75,76,77
72,73,74
2298,2299,2300
2289,2290,2291
2301,2302,2303
2298,2299,2300
2301,2302,2303
75,76,77
2289,2290,2291
2283,2284,2285
2301,2302,2303
2283,2284,2285
2286,2287,2288
2304,2305,2306
2283,2284,2285
2304,2305,2306
2301,2302,2303
2301,2302,2303
2304,2305,2306
84,85,86
2301,2302,2303
84,85,86
75,76,77
2304,2305,2306
2286,2287,2288
2307,2308,2309
2304,2305,2306
2307,2308,2309
84,85,86
2286,2287,2288
2262,2263,2264
2310,2311,2312
2286,2287,2288
2310,2311,2312
2307,2308,2309
2307,2308,2309
2310,2311,2312
2313,2314,2315
2307,2308,2309
2313,2314,2315
84,85,86
2313,2314,2315
2310,2311,2312
2316,2317,2318
2313,2314,2315
2316,2317,2318
126,127,128
2313,2314,2315
126,127,128
84,85,86
2316,2317,2318
2310,2311,2312
2319,2320,2321
2316,2317,2318
2319,2320,2321
126,127,128
2310,2311,2312
2262,2263,2264
2319,2320,2321
2319,2320,2321
2262,2263,2264
2322,2323,2324
2319,2320,2321
2322,2323,2324
126,127,128
2262,2263,2264
2265,2266,2267
2322,2323,2324
2322,2323,2324
2265,2266,2267
2325,2326,2327
2322,2323,2324
2325,2326,2327
129,130,131
2322,2323,2324
129,130,131
126,127,128
2325,2326,2327
2265,2266,2267
2328,2329,2330
2325,2326,2327
2328,2329,2330
129,130,131
2265,2266,2267
2256,2257,2258
2328,2329,2330
2328,2329,2330
2256,2257,2258
2331,2332,2333
2328,2329,2330
2331,2332,2333
129,130,131
2256,2257,2258
2193,2194,2195
2331,2332,2333
2193,2194,2195
2163,2164,2165
2334,2335,2336
2193,2194,2195
2334,2335,2336
2331,2332,2333
2334,2335,2336
2163,2164,2165
132,133,134
2334,2335,2336
132,133,134
2331,2332,2333
2331,2332,2333
132,133,134
129,130,131
2163,2164,2165
117,118,119
132,133,134
597,598,599
603,604,605
2337,2338,2339
597,598,599
2337,2338,2339
2340,2341,2342
597,598,599
2340,2341,2342
690,691,692
603,604,605
600,601,602
2343,2344,2345
603,604,605
2343,2344,2345
2346,2347,2348
603,604,605
2346,2347,2348
2337,2338,2339
2346,2347,2348
2343,2344,2345
2349,2350,2351
2346,2347,2348
2349,2350,2351
2337,2338,2339
2343,2344,2345
600,601,602
2352,2353,2354
2343,2344,2345
2352,2353,2354
2355,2356,2357
2343,2344,2345
2355,2356,2357
2349,2350,2351
2352,2353,2354
600,601,602
2358,2359,2360
2352,2353,2354
2358,2359,2360
2361,2362,2363
2352,2353,2354
2361,2362,2363
2355,2356,2357
2358,2359,2360
600,601,602
2364,2365,2366
2358,2359,2360
2364,2365,2366
2361,2362,2363
600,601,602
585,586,587
2364,2365,2366
2364,2365,2366
585,586,587
2367,2368,2369
2364,2365,2366
2367,2368,2369
2370,2371,2372
2364,2365,2366
2370,2371,2372
2361,2362,2363
2361,2362,2363
2370,2371,2372
2373,2374,2375
2361,2362,2363
2373,2374,2375
2355,2356,2357
2373,2374,2375
2370,2371,2372
2376,2377,2378
2373,2374,2375
2376,2377,2378
2379,2380,2381
2373,2374,2375
2379,2380,2381
2355,2356,2357
2355,2356,2357
2379,2380,2381
2382,2383,2384
2355,2356,2357
2382,2383,2384
2349,2350,2351
2349,2350,2351
2382,2383,2384
2385,2386,2387
2349,2350,2351
2385,2386,2387
2337,2338,2339
2337,2338,2339
2385,2386,2387
2388,2389,2390
2337,2338,2339
2388,2389,2390
2340,2341,2342
2385,2386,2387
2382,2383,2384
2391,2392,2393
2385,2386,2387
2391,2392,2393
2394,2395,2396
2385,2386,2387
2394,2395,2396
2388,2389,2390
2382,2383,2384
2379,2380,2381
2397,2398,2399
2382,2383,2384
2397,2398,2399
2391,2392,2393
2379,2380,2381
2376,2377,2378
2400,2401,2402
2379,2380,2381
2400,2401,2402
2397,2398,2399
2376,2377,2378
2370,2371,2372
2403,2404,2405
2376,2377,2378
2403,2404,2405
2400,2401,2402
2400,2401,2402
2403,2404,2405
2406,2407,2408
2400,2401,2402
2406,2407,2408
2409,2410,2411
2400,2401,2402
2409,2410,2411
2397,2398,2399
2403,2404,2405
2370,2371,2372
2412,2413,2414
2403,2404,2405
2412,2413,2414
2415,2416,2417
2403,2404,2405
2415,2416,2417
2406,2407,2408
2412,2413,2414
2370,2371,2372
2418,2419,2420
2412,2413,2414
2418,2419,2420
2421,2422,2423
2412,2413,2414
2421,2422,2423
2415,2416,2417
2418,2419,2420
2370,2371,2372
2424,2425,2426
2418,2419,2420
2424,2425,2426
2421,2422,2423
2370,2371,2372
2367,2368,2369
2427,2428,2429
2370,2371,2372
2427,2428,2429
2424,2425,2426
2367,2368,2369
585,586,587
2430,2431,2432
2367,2368,2369
2430,2431,2432
2427,2428,2429
2430,2431,2432
585,586,587
2433,2434,2435
2430,2431,2432
2433,2434,2435
2427,2428,2429
2427,2428,2429
2433,2434,2435
2436,2437,2438
2427,2428,2429
2436,2437,2438
2424,2425,2426
2433,2434,2435
585,586,587
582,583,584
2433,2434,2435
582,583,584
2436,2437,2438
2436,2437,2438
582,583,584
2439,2440,2441
2436,2437,2438
2439,2440,2441
2424,2425,2426
2424,2425,2426
2439,2440,2441
2421,2422,2423
2415,2416,2417
2421,2422,2423
2442,2443,2444
2415,2416,2417
2442,2443,2444
2445,2446,2447
2415,2416,2417
2445,2446,2447
2406,2407,2408
2406,2407,2408
2445,2446,2447
2448,2449,2450
2406,2407,2408
2448,2449,2450
2409,2410,2411
2445,2446,2447
2442,2443,2444
2451,2452,2453
2445,2446,2447
2451,2452,2453
2448,2449,2450
2451,2452,2453
2442,2443,2444
2454,2455,2456
2451,2452,2453
2454,2455,2456
2457,2458,2459
2451,2452,2453
2457,2458,2459
2448,2449,2450
2454,2455,2456
2442,2443,2444
2460,2461,2462
2454,2455,2456
2460,2461,2462
2463,2464,2465
2454,2455,2456
2463,2464,2465
2457,2458,2459
2463,2464,2465
2460,2461,2462
564,565,566
2463,2464,2465
564,565,566
2466,2467,2468
2463,2464,2465
2466,2467,2468
2457,2458,2459
2466,2467,2468
564,565,566
2469,2470,2471
2466,2467,2468
2469,2470,2471
2457,2458,2459
2460,2461,2462
2442,2443,2444
2472,2473,2474
2460,2461,2462
2472,2473,2474
564,565,566
2457,2458,2459
2469,2470,2471
2475,2476,2477
2457,2458,2459
2475,2476,2477
2448,2449,2450
2448,2449,2450
2475,2476,2477
2478,2479,2480
2448,2449,2450
2478,2479,2480
2409,2410,2411
2409,2410,2411
2478,2479,2480
2481,2482,2483
2409,2410,2411
2481,2482,2483
2397,2398,2399
2481,2482,2483
2478,2479,2480
2484,2485,2486
2481,2482,2483
2484,2485,2486
2487,2488,2489
2481,2482,2483
2487,2488,2489
2397,2398,2399
2478,2479,2480
2475,2476,2477
2490,2491,2492
2478,2479,2480
2490,2491,2492
2484,2485,2486
2475,2476,2477
2469,2470,2471
2493,2494,2495
2475,2476,2477
2493,2494,2495
2490,2491,2492
2469,2470,2471
564,565,566
558,559,560
2469,2470,2471
558,559,560
2493,2494,2495
2397,2398,2399
2487,2488,2489
2496,2497,2498
2397,2398,2399
2496,2497,2498
2391,2392,2393
2487,2488,2489
2484,2485,2486
2499,2500,2501
2487,2488,2489
2499,2500,2501
2496,2497,2498
2496,2497,2498
2499,2500,2501
2502,2503,2504
2496,2497,2498
2502,2503,2504
2391,2392,2393
2391,2392,2393
2502,2503,2504
2394,2395,2396
2502,2503,2504
2499,2500,2501
2505,2506,2507
2502,2503,2504
2505,2506,2507
2394,2395,2396
2484,2485,2486
2490,2491,2492
2508,2509,2510
2484,2485,2486
2508,2509,2510
2499,2500,2501
2490,2491,2492
2493,2494,2495
2511,2512,2513
2490,2491,2492
2511,2512,2513
2508,2509,2510
2394,2395,2396
2505,2506,2507
2514,2515,2516
2394,2395,2396
2514,2515,2516
2388,2389,2390
2388,2389,2390
2514,2515,2516
2517,2518,2519
2388,2389,2390
2517,2518,2519
2340,2341,2342
2340,2341,2342
2517,2518,2519
2520,2521,2522
2340,2341,2342
2520,2521,2522
690,691,692
2520,2521,2522
2517,2518,2519
2523,2524,2525
2520,2521,2522
2523,2524,2525
690,691,692
2523,2524,2525
2517,2518,2519
2526,2527,2528
2523,2524,2525
2526,2527,2528
2529,2530,2531
2523,2524,2525
2529,2530,2531
690,691,692
2517,2518,2519
2514,2515,2516
2532,2533,2534
2517,2518,2519
2532,2533,2534
2526,2527,2528
2526,2527,2528
2532,2533,2534
2535,2536,2537
2526,2527,2528
2535,2536,2537
2529,2530,2531
2532,2533,2534
2514,2515,2516
2538,2539,2540
2532,2533,2534
2538,2539,2540
2535,2536,2537
2529,2530,2531
2535,2536,2537
2541,2542,2543
2529,2530,2531
2541,2542,2543
690,691,692
2514,2515,2516
2505,2506,2507
2544,2545,2546
2514,2515,2516
2544,2545,2546
2538,2539,2540
2538,2539,2540
2544,2545,2546
2547,2548,2549
2538,2539,2540
2547,2548,2549
2535,2536,2537
2505,2506,2507
2499,2500,2501
2550,2551,2552
2505,2506,2507
2550,2551,2552
2544,2545,2546
2544,2545,2546
2550,2551,2552
2553,2554,2555
2544,2545,2546
2553,2554,2555
2547,2548,2549
2499,2500,2501
2508,2509,2510
2556,2557,2558
2499,2500,2501
2556,2557,2558
2550,2551,2552
2550,2551,2552
2556,2557,2558
2559,2560,2561
2550,2551,2552
2559,2560,2561
2553,2554,2555
2508,2509,2510
2511,2512,2513
2562,2563,2564
2508,2509,2510
2562,2563,2564
2556,2557,2558
2556,2557,2558
2562,2563,2564
2565,2566,2567
2556,2557,2558
2565,2566,2567
2559,2560,2561
2559,2560,2561
2565,2566,2567
2568,2569,2570
2559,2560,2561
2568,2569,2570
2553,2554,2555
2565,2566,2567
2562,2563,2564
2571,2572,2573
2565,2566,2567
2571,2572,2573
2568,2569,2570
2553,2554,2555
2568,2569,2570
2574,2575,2576
2553,2554,2555
2574,2575,2576
2547,2548,2549
2547,2548,2549
2574,2575,2576
2577,2578,2579
2547,2548,2549
2577,2578,2579
2535,2536,2537
2574,2575,2576
2568,2569,2570
2580,2581,2582
2574,2575,2576
2580,2581,2582
2577,2578,2579
2577,2578,2579
2580,2581,2582
2583,2584,2585
2577,2578,2579
2583,2584,2585
2586,2587,2588
2577,2578,2579
2586,2587,2588
2535,2536,2537
2583,2584,2585
2580,2581,2582
2589,2590,2591
2583,2584,2585
2589,2590,2591
2586,2587,2588
2580,2581,2582
2568,2569,2570
2592,2593,2594
2580,2581,2582
2592,2593,2594
2589,2590,2591
2586,2587,2588
2589,2590,2591
2595,2596,2597
2586,2587,2588
2595,2596,2597
2598,2599,2600
2586,2587,2588
2598,2599,2600
2535,2536,2537
2535,2536,2537
2598,2599,2600
2601,2602,2603
2535,2536,2537
2601,2602,2603
2541,2542,2543
2601,2602,2603
2598,2599,2600
693,694,695
2601,2602,2603
693,694,695
2541,2542,2543
2541,2542,2543
693,694,695
690,691,692
2598,2599,2600
2595,2596,2597
2604,2605,2606
2598,2599,2600
2604,2605,2606
702,703,704
2598,2599,2600
702,703,704
693,694,695
2604,2605,2606
2595,2596,2597
2607,2608,2609
2604,2605,2606
2607,2608,2609
702,703,704
2595,2596,2597
2589,2590,2591
2607,2608,2609
2589,2590,2591
2592,2593,2594
2610,2611,2612
2589,2590,2591
2610,2611,2612
2607,2608,2609
2607,2608,2609
2610,2611,2612
750,751,752
2607,2608,2609
750,751,752
702,703,704
2610,2611,2612
2592,2593,2594
2613,2614,2615
2610,2611,2612
2613,2614,2615
750,751,752
2592,2593,2594
2568,2569,2570
2616,2617,2618
2592,2593,2594
2616,2617,2618
2613,2614,2615
2613,2614,2615
2616,2617,2618
2619,2620,2621
2613,2614,2615
2619,2620,2621
750,751,752
750,751,752
2619,2620,2621
753,754,755
2619,2620,2621
2616,2617,2618
2622,2623,2624
2619,2620,2621
2622,2623,2624
753,754,755
2622,2623,2624
2616,2617,2618
2625,2626,2627
2622,2623,2624
2625,2626,2627
753,754,755
2616,2617,2618
2568,2569,2570
2625,2626,2627
2625,2626,2627
2568,2569,2570
2628,2629,2630
2625,2626,2627
2628,2629,2630
753,754,755
2568,2569,2570
2571,2572,2573
2628,2629,2630
753,754,755
2628,2629,2630
756,757,758
564,565,566
2472,2473,2474
570,571,572
558,559,560
762,763,764
2493,2494,2495
2628,2629,2630
2571,2572,2573
2631,2632,2633
2628,2629,2630
2631,2632,2633
756,757,758
2631,2632,2633
2571,2572,2573
2634,2635,2636
2631,2632,2633
2634,2635,2636
756,757,758
2571,2572,2573
2562,2563,2564
2634,2635,2636
2634,2635,2636
2562,2563,2564
2637,2638,2639
2634,2635,2636
2637,2638,2639
756,757,758
2562,2563,2564
2511,2512,2513
2637,2638,2639
756,757,758
2637,2638,2639
762,763,764
2637,2638,2639
2511,2512,2513
2640,2641,2642
2637,2638,2639
2640,2641,2642
762,763,764
2511,2512,2513
2493,2494,2495
2640,2641,2642
2640,2641,2642
2493,2494,2495
762,763,764
2472,2473,2474
2442,2443,2444
2643,2644,2645
2472,2473,2474
2643,2644,2645
570,571,572
2643,2644,2645
2442,2443,2444
2646,2647,2648
2643,2644,2645
2646,2647,2648
570,571,572
570,571,572
2646,2647,2648
576,577,578
2442,2443,2444
2421,2422,2423
2649,2650,2651
2442,2443,2444
2649,2650,2651
2646,2647,2648
2421,2422,2423
2439,2440,2441
2652,2653,2654
2421,2422,2423
2652,2653,2654
2649,2650,2651
2652,2653,2654
2439,2440,2441
2655,2656,2657
2652,2653,2654
2655,2656,2657
2649,2650,2651
2649,2650,2651
2655,2656,2657
2658,2659,2660
2649,2650,2651
2658,2659,2660
2646,2647,2648
2655,2656,2657
2439,2440,2441
2661,2662,2663
2655,2656,2657
2661,2662,2663
2658,2659,2660
2439,2440,2441
582,583,584
2661,2662,2663
582,583,584
576,577,578
2661,2662,2663
2661,2662,2663
576,577,578
2664,2665,2666
2661,2662,2663
2664,2665,2666
2658,2659,2660
2658,2659,2660
2664,2665,2666
2646,2647,2648
2664,2665,2666
576,577,578
2646,2647,2648
