0,1,2
3,4,5
6,7,8
0,1,2
6,7,8
9,10,11
0,1,2
9,10,11
12,13,14
0,1,2
12,13,14
3,4,5
9,10,11
6,7,8
15,16,17
9,10,11
15,16,17
18,19,20
9,10,11
18,19,20
12,13,14
12,13,14
18,19,20
6,7,8
12,13,14
6,7,8
21,22,23
12,13,14
21,22,23
3,4,5
3,4,5
21,22,23
24,25,26
3,4,5
24,25,26
6,7,8
24,25,26
21,22,23
27,28,29
24,25,26
27,28,29
6,7,8
21,22,23
6,7,8
30,31,32
21,22,23
30,31,32
27,28,29
30,31,32
6,7,8
33,34,35
30,31,32
33,34,35
36,37,38
30,31,32
36,37,38
27,28,29
27,28,29
36,37,38
39,40,41
27,28,29
39,40,41
6,7,8
36,37,38
33,34,35
42,43,44
36,37,38
42,43,44
39,40,41
42,43,44
33,34,35
45,46,47
42,43,44
45,46,47
39,40,41
33,34,35
6,7,8
39,40,41
33,34,35
39,40,41
48,49,50
33,34,35
48,49,50
45,46,47
48,49,50
39,40,41
51,52,53
48,49,50
51,52,53
45,46,47
45,46,47
51,52,53
54,55,56
45,46,47
54,55,56
39,40,41
39,40,41
54,55,56
57,58,59
39,40,41
57,58,59
51,52,53
51,52,53
57,58,59
60,61,62
51,52,53
60,61,62
54,55,56
54,55,56
60,61,62
63,64,65
54,55,56
63,64,65
57,58,59
63,64,65
60,61,62
66,67,68
63,64,65
66,67,68
57,58,59
60,61,62
57,58,59
69,70,71
60,61,62
69,70,71
66,67,68
6,7,8
18,19,20
72,73,74
6,7,8
72,73,74
15,16,17
18,19,20
15,16,17
75,76,77
18,19,20
75,76,77
72,73,74
15,16,17
72,73,74
78,79,80
15,16,17
78,79,80
75,76,77
78,79,80
72,73,74
81,82,83
78,79,80
81,82,83
75,76,77
75,76,77
81,82,83
84,85,86
75,76,77
84,85,86
72,73,74
81,82,83
72,73,74
87,88,89
81,82,83
87,88,89
84,85,86
72,73,74
84,85,86
90,91,92
72,73,74
90,91,92
87,88,89
84,85,86
87,88,89
93,94,95
84,85,86
93,94,95
90,91,92
87,88,89
90,91,92
96,97,98
87,88,89
96,97,98
93,94,95
93,94,95
96,97,98
99,100,101
93,94,95
99,100,101
90,91,92
96,97,98
90,91,92
102,103,104
96,97,98
102,103,104
99,100,101
102,103,104
90,91,92
105,106,107
102,103,104
105,106,107
99,100,101
99,100,101
105,106,107
108,109,110
99,100,101
108,109,110
90,91,92
105,106,107
90,91,92
111,112,113
105,106,107
111,112,113
108,109,110
90,91,92
108,109,110
114,115,116
90,91,92
114,115,116
111,112,113
108,109,110
111,112,113
117,118,119
108,109,110
117,118,119
114,115,116
111,112,113
114,115,116
120,121,122
111,112,113
120,121,122
117,118,119
120,121,122
114,115,116
123,124,125
120,121,122
123,124,125
117,118,119
117,118,119
123,124,125
126,127,128
117,118,119
126,127,128
114,115,116
123,124,125
114,115,116
129,130,131
123,124,125
129,130,131
126,127,128
114,115,116
126,127,128
132,133,134
114,115,116
132,133,134
129,130,131
126,127,128
129,130,131
135,136,137
126,127,128
135,136,137
132,133,134
129,130,131
132,133,134
138,139,140
129,130,131
138,139,140
135,136,137
135,136,137
138,139,140
141,142,143
135,136,137
141,142,143
132,133,134
138,139,140
132,133,134
144,145,146
138,139,140
144,145,146
141,142,143
141,142,143
144,145,146
147,148,149
141,142,143
147,148,149
132,133,134
147,148,149
144,145,146
150,151,152
147,148,149
150,151,152
153,154,155
147,148,149
153,154,155
132,133,134
144,145,146
132,133,134
156,157,158
144,145,146
156,157,158
150,151,152
132,133,134
153,154,155
156,157,158
156,157,158
153,154,155
159,160,161
156,157,158
159,160,161
150,151,152
150,151,152
159,160,161
162,163,164
150,151,152
162,163,164
153,154,155
159,160,161
153,154,155
165,166,167
159,160,161
165,166,167
162,163,164
162,163,164
165,166,167
168,169,170
162,163,164
168,169,170
153,154,155
153,154,155
168,169,170
171,172,173
153,154,155
171,172,173
165,166,167
165,166,167
171,172,173
174,175,176
165,166,167
174,175,176
168,169,170
174,175,176
171,172,173
177,178,179
174,175,176
177,178,179
168,169,170
168,169,170
177,178,179
180,181,182
168,169,170
180,181,182
171,172,173
177,178,179
171,172,173
183,184,185
177,178,179
183,184,185
180,181,182
183,184,185
171,172,173
186,187,188
183,184,185
186,187,188
189,190,191
183,184,185
189,190,191
180,181,182
186,187,188
171,172,173
192,193,194
186,187,188
192,193,194
189,190,191
180,181,182
189,190,191
195,196,197
180,181,182
195,196,197
171,172,173
171,172,173
195,196,197
192,193,194
189,190,191
192,193,194
198,199,200
189,190,191
198,199,200
195,196,197
192,193,194
195,196,197
201,202,203
192,193,194
201,202,203
198,199,200
198,199,200
201,202,203
204,205,206
198,199,200
204,205,206
195,196,197
201,202,203
195,196,197
207,208,209
201,202,203
207,208,209
204,205,206
207,208,209
195,196,197
210,211,212
207,208,209
210,211,212
204,205,206
210,211,212
195,196,197
213,214,215
210,211,212
213,214,215
216,217,218
210,211,212
216,217,218
204,205,206
204,205,206
216,217,218
219,220,221
204,205,206
219,220,221
195,196,197
195,196,197
219,220,221
213,214,215
216,217,218
213,214,215
222,223,224
216,217,218
222,223,224
219,220,221
222,223,224
213,214,215
225,226,227
222,223,224
225,226,227
219,220,221
213,214,215
219,220,221
228,229,230
213,214,215
228,229,230
225,226,227
228,229,230
219,220,221
231,232,233
228,229,230
231,232,233
234,235,236
228,229,230
234,235,236
225,226,227
225,226,227
234,235,236
237,238,239
225,226,227
237,238,239
219,220,221
219,220,221
237,238,239
231,232,233
231,232,233
237,238,239
240,241,242
231,232,233
240,241,242
234,235,236
234,235,236
240,241,242
243,244,245
234,235,236
243,244,245
237,238,239
240,241,242
237,238,239
246,247,248
240,241,242
246,247,248
243,244,245
243,244,245
246,247,248
249,250,251
243,244,245
249,250,251
237,238,239
237,238,239
249,250,251
252,253,254
237,238,239
252,253,254
246,247,248
246,247,248
252,253,254
255,256,257
246,247,248
255,256,257
249,250,251
249,250,251
255,256,257
258,259,260
249,250,251
258,259,260
252,253,254
255,256,257
252,253,254
261,262,263
255,256,257
261,262,263
258,259,260
261,262,263
252,253,254
264,265,266
261,262,263
264,265,266
258,259,260
258,259,260
264,265,266
267,268,269
258,259,260
267,268,269
252,253,254
264,265,266
252,253,254
270,271,272
264,265,266
270,271,272
267,268,269
267,268,269
270,271,272
273,274,275
267,268,269
273,274,275
252,253,254
270,271,272
252,253,254
276,277,278
270,271,272
276,277,278
273,274,275
276,277,278
252,253,254
279,280,281
276,277,278
279,280,281
282,283,284
276,277,278
282,283,284
273,274,275
273,274,275
282,283,284
285,286,287
273,274,275
285,286,287
252,253,254
252,253,254
285,286,287
279,280,281
279,280,281
285,286,287
288,289,290
279,280,281
288,289,290
282,283,284
288,289,290
285,286,287
291,292,293
288,289,290
291,292,293
294,295,296
288,289,290
294,295,296
282,283,284
291,292,293
285,286,287
297,298,299
291,292,293
297,298,299
294,295,296
282,283,284
294,295,296
300,301,302
282,283,284
300,301,302
285,286,287
285,286,287
300,301,302
303,304,305
285,286,287
303,304,305
297,298,299
297,298,299
303,304,305
306,307,308
297,298,299
306,307,308
294,295,296
306,307,308
303,304,305
309,310,311
306,307,308
309,310,311
294,295,296
294,295,296
309,310,311
300,301,302
303,304,305
300,301,302
312,313,314
303,304,305
312,313,314
309,310,311
312,313,314
300,301,302
315,316,317
312,313,314
315,316,317
309,310,311
309,310,311
315,316,317
318,319,320
309,310,311
318,319,320
300,301,302
315,316,317
300,301,302
321,322,323
315,316,317
321,322,323
318,319,320
300,301,302
318,319,320
324,325,326
300,301,302
324,325,326
321,322,323
318,319,320
321,322,323
327,328,329
318,319,320
327,328,329
324,325,326
321,322,323
324,325,326
330,331,332
321,322,323
330,331,332
327,328,329
327,328,329
330,331,332
333,334,335
327,328,329
333,334,335
324,325,326
330,331,332
324,325,326
336,337,338
330,331,332
336,337,338
333,334,335
336,337,338
324,325,326
66,67,68
336,337,338
66,67,68
69,70,71
336,337,338
69,70,71
333,334,335
69,70,71
57,58,59
333,334,335
333,334,335
57,58,59
324,325,326
324,325,326
57,58,59
66,67,68
