0,1,2
3,4,5
6,7,8
0,1,2
6,7,8
9,10,11
9,10,11
6,7,8
12,13,14
24,25,26
21,22,23
30,31,32
24,25,26
30,31,32
27,28,29
27,28,29
30,31,32
33,34,35
27,28,29
33,34,35
3,4,5
21,22,23
18,19,20
36,37,38
21,22,23
36,37,38
30,31,32
18,19,20
15,16,17
36,37,38
15,16,17
12,13,14
36,37,38
12,13,14
6,7,8
36,37,38
3,4,5
33,34,35
39,40,41
3,4,5
39,40,41
6,7,8
39,40,41
60,61,62
6,7,8
60,61,62
57,58,59
6,7,8
57,58,59
54,55,56
6,7,8
54,55,56
51,52,53
6,7,8
33,34,35
30,31,32
42,43,44
42,43,44
30,31,32
45,46,47
51,52,53
48,49,50
63,64,65
51,52,53
63,64,65
6,7,8
48,49,50
45,46,47
63,64,65
45,46,47
30,31,32
63,64,65
30,31,32
36,37,38
66,67,68
30,31,32
66,67,68
69,70,71
30,31,32
69,70,71
63,64,65
63,64,65
69,70,71
72,73,74
63,64,65
72,73,74
75,76,77
63,64,65
75,76,77
6,7,8
69,70,71
66,67,68
78,79,80
69,70,71
78,79,80
81,82,83
69,70,71
81,82,83
72,73,74
72,73,74
81,82,83
84,85,86
72,73,74
84,85,86
87,88,89
72,73,74
87,88,89
75,76,77
81,82,83
78,79,80
90,91,92
81,82,83
90,91,92
93,94,95
81,82,83
93,94,95
84,85,86
84,85,86
93,94,95
96,97,98
84,85,86
96,97,98
99,100,101
84,85,86
99,100,101
87,88,89
87,88,89
99,100,101
102,103,104
87,88,89
102,103,104
105,106,107
87,88,89
105,106,107
75,76,77
75,76,77
105,106,107
108,109,110
75,76,77
108,109,110
6,7,8
105,106,107
102,103,104
111,112,113
105,106,107
111,112,113
114,115,116
105,106,107
114,115,116
108,109,110
102,103,104
99,100,101
117,118,119
102,103,104
117,118,119
111,112,113
99,100,101
96,97,98
120,121,122
99,100,101
120,121,122
117,118,119
117,118,119
120,121,122
123,124,125
117,118,119
123,124,125
111,112,113
123,124,125
120,121,122
126,127,128
123,124,125
126,127,128
129,130,131
123,124,125
129,130,131
111,112,113
120,121,122
96,97,98
132,133,134
120,121,122
132,133,134
126,127,128
126,127,128
132,133,134
135,136,137
126,127,128
135,136,137
138,139,140
126,127,128
138,139,140
129,130,131
138,139,140
135,136,137
141,142,143
138,139,140
141,142,143
144,145,146
138,139,140
144,145,146
129,130,131
144,145,146
141,142,143
147,148,149
144,145,146
147,148,149
150,151,152
144,145,146
150,151,152
129,130,131
150,151,152
147,148,149
153,154,155
150,151,152
153,154,155
156,157,158
150,151,152
156,157,158
129,130,131
147,148,149
141,142,143
159,160,161
147,148,149
159,160,161
162,163,164
147,148,149
162,163,164
153,154,155
141,142,143
135,136,137
165,166,167
141,142,143
165,166,167
159,160,161
135,136,137
132,133,134
168,169,170
135,136,137
168,169,170
165,166,167
132,133,134
96,97,98
171,172,173
132,133,134
171,172,173
168,169,170
171,172,173
96,97,98
174,175,176
171,172,173
174,175,176
177,178,179
171,172,173
177,178,179
168,169,170
177,178,179
174,175,176
180,181,182
177,178,179
180,181,182
168,169,170
180,181,182
174,175,176
183,184,185
180,181,182
183,184,185
168,169,170
183,184,185
174,175,176
186,187,188
183,184,185
186,187,188
168,169,170
168,169,170
186,187,188
165,166,167
186,187,188
174,175,176
189,190,191
186,187,188
189,190,191
192,193,194
186,187,188
192,193,194
165,166,167
174,175,176
96,97,98
195,196,197
174,175,176
195,196,197
189,190,191
195,196,197
96,97,98
198,199,200
195,196,197
198,199,200
201,202,203
195,196,197
201,202,203
189,190,191
189,190,191
201,202,203
204,205,206
189,190,191
204,205,206
192,193,194
192,193,194
204,205,206
207,208,209
192,193,194
207,208,209
165,166,167
165,166,167
207,208,209
210,211,212
165,166,167
210,211,212
159,160,161
207,208,209
204,205,206
213,214,215
207,208,209
213,214,215
210,211,212
210,211,212
213,214,215
216,217,218
210,211,212
216,217,218
159,160,161
204,205,206
201,202,203
219,220,221
204,205,206
219,220,221
213,214,215
201,202,203
198,199,200
222,223,224
201,202,203
222,223,224
219,220,221
198,199,200
96,97,98
225,226,227
198,199,200
225,226,227
222,223,224
225,226,227
96,97,98
228,229,230
225,226,227
228,229,230
231,232,233
225,226,227
231,232,233
222,223,224
222,223,224
231,232,233
234,235,236
222,223,224
234,235,236
219,220,221
219,220,221
234,235,236
237,238,239
219,220,221
237,238,239
213,214,215
213,214,215
237,238,239
240,241,242
213,214,215
240,241,242
216,217,218
237,238,239
234,235,236
243,244,245
237,238,239
243,244,245
240,241,242
234,235,236
231,232,233
246,247,248
234,235,236
246,247,248
243,244,245
231,232,233
228,229,230
249,250,251
231,232,233
249,250,251
246,247,248
228,229,230
96,97,98
252,253,254
228,229,230
252,253,254
249,250,251
249,250,251
252,253,254
255,256,257
249,250,251
255,256,257
258,259,260
249,250,251
258,259,260
246,247,248
246,247,248
258,259,260
261,262,263
246,247,248
261,262,263
243,244,245
243,244,245
261,262,263
264,265,266
243,244,245
264,265,266
240,241,242
261,262,263
258,259,260
267,268,269
261,262,263
267,268,269
264,265,266
258,259,260
255,256,257
270,271,272
258,259,260
270,271,272
267,268,269
240,241,242
264,265,266
273,274,275
240,241,242
273,274,275
216,217,218
264,265,266
267,268,269
276,277,278
264,265,266
276,277,278
273,274,275
267,268,269
270,271,272
279,280,281
267,268,269
279,280,281
276,277,278
216,217,218
273,274,275
282,283,284
216,217,218
282,283,284
159,160,161
159,160,161
282,283,284
285,286,287
159,160,161
285,286,287
162,163,164
279,280,281
270,271,272
288,289,290
279,280,281
288,289,290
291,292,293
279,280,281
291,292,293
276,277,278
270,271,272
255,256,257
294,295,296
270,271,272
294,295,296
288,289,290
255,256,257
252,253,254
297,298,299
255,256,257
297,298,299
294,295,296
252,253,254
96,97,98
300,301,302
252,253,254
300,301,302
297,298,299
297,298,299
300,301,302
303,304,305
297,298,299
303,304,305
294,295,296
294,295,296
303,304,305
306,307,308
294,295,296
306,307,308
288,289,290
303,304,305
300,301,302
309,310,311
303,304,305
309,310,311
306,307,308
288,289,290
306,307,308
312,313,314
288,289,290
312,313,314
291,292,293
306,307,308
309,310,311
315,316,317
306,307,308
315,316,317
312,313,314
312,313,314
315,316,317
318,319,320
312,313,314
318,319,320
321,322,323
312,313,314
321,322,323
291,292,293
291,292,293
321,322,323
324,325,326
291,292,293
324,325,326
276,277,278
321,322,323
318,319,320
327,328,329
321,322,323
327,328,329
324,325,326
276,277,278
324,325,326
330,331,332
276,277,278
330,331,332
273,274,275
327,328,329
318,319,320
333,334,335
327,328,329
333,334,335
336,337,338
327,328,329
336,337,338
324,325,326
336,337,338
333,334,335
339,340,341
336,337,338
339,340,341
324,325,326
324,325,326
339,340,341
342,343,344
324,325,326
342,343,344
345,346,347
324,325,326
345,346,347
330,331,332
339,340,341
333,334,335
348,349,350
339,340,341
348,349,350
351,352,353
339,340,341
351,352,353
342,343,344
348,349,350
333,334,335
354,355,356
348,349,350
354,355,356
351,352,353
354,355,356
333,334,335
357,358,359
354,355,356
357,358,359
360,361,362
354,355,356
360,361,362
351,352,353
333,334,335
318,319,320
363,364,365
333,334,335
363,364,365
357,358,359
318,319,320
315,316,317
366,367,368
318,319,320
366,367,368
363,364,365
366,367,368
315,316,317
369,370,371
366,367,368
369,370,371
372,373,374
366,367,368
372,373,374
363,364,365
363,364,365
372,373,374
375,376,377
363,364,365
375,376,377
357,358,359
375,376,377
372,373,374
378,379,380
375,376,377
378,379,380
357,358,359
357,358,359
378,379,380
360,361,362
378,379,380
372,373,374
381,382,383
378,379,380
381,382,383
360,361,362
372,373,374
369,370,371
384,385,386
372,373,374
384,385,386
387,388,389
372,373,374
387,388,389
381,382,383
369,370,371
315,316,317
390,391,392
369,370,371
390,391,392
384,385,386
390,391,392
315,316,317
393,394,395
390,391,392
393,394,395
384,385,386
384,385,386
393,394,395
396,397,398
384,385,386
396,397,398
387,388,389
396,397,398
393,394,395
399,400,401
396,397,398
399,400,401
387,388,389
399,400,401
393,394,395
402,403,404
399,400,401
402,403,404
387,388,389
393,394,395
315,316,317
402,403,404
315,316,317
309,310,311
402,403,404
402,403,404
309,310,311
387,388,389
309,310,311
300,301,302
387,388,389
387,388,389
300,301,302
381,382,383
381,382,383
300,301,302
405,406,407
381,382,383
405,406,407
360,361,362
360,361,362
405,406,407
408,409,410
360,361,362
408,409,410
351,352,353
351,352,353
408,409,410
411,412,413
351,352,353
411,412,413
342,343,344
342,343,344
411,412,413
414,415,416
342,343,344
414,415,416
345,346,347
411,412,413
408,409,410
417,418,419
411,412,413
417,418,419
414,415,416
408,409,410
405,406,407
420,421,422
408,409,410
420,421,422
417,418,419
405,406,407
300,301,302
423,424,425
405,406,407
423,424,425
420,421,422
300,301,302
96,97,98
423,424,425
423,424,425
96,97,98
426,427,428
423,424,425
426,427,428
420,421,422
420,421,422
426,427,428
429,430,431
420,421,422
429,430,431
417,418,419
417,418,419
429,430,431
432,433,434
417,418,419
432,433,434
414,415,416
414,415,416
432,433,434
435,436,437
414,415,416
435,436,437
345,346,347
435,436,437
432,433,434
438,439,440
435,436,437
438,439,440
441,442,443
435,436,437
441,442,443
345,346,347
432,433,434
429,430,431
444,445,446
432,433,434
444,445,446
438,439,440
429,430,431
426,427,428
447,448,449
429,430,431
447,448,449
444,445,446
426,427,428
96,97,98
93,94,95
426,427,428
93,94,95
447,448,449
447,448,449
93,94,95
450,451,452
447,448,449
450,451,452
444,445,446
444,445,446
450,451,452
453,454,455
444,445,446
453,454,455
438,439,440
450,451,452
93,94,95
456,457,458
450,451,452
456,457,458
453,454,455
438,439,440
453,454,455
459,460,461
438,439,440
459,460,461
441,442,443
453,454,455
456,457,458
462,463,464
453,454,455
462,463,464
459,460,461
456,457,458
93,94,95
465,466,467
456,457,458
465,466,467
462,463,464
345,346,347
441,442,443
468,469,470
345,346,347
468,469,470
330,331,332
441,442,443
459,460,461
471,472,473
441,442,443
471,472,473
468,469,470
459,460,461
462,463,464
474,475,476
459,460,461
474,475,476
471,472,473
471,472,473
474,475,476
477,478,479
471,472,473
477,478,479
468,469,470
468,469,470
477,478,479
480,481,482
468,469,470
480,481,482
330,331,332
462,463,464
465,466,467
483,484,485
462,463,464
483,484,485
474,475,476
474,475,476
483,484,485
486,487,488
474,475,476
486,487,488
477,478,479
477,478,479
486,487,488
489,490,491
477,478,479
489,490,491
480,481,482
465,466,467
93,94,95
492,493,494
465,466,467
492,493,494
483,484,485
483,484,485
492,493,494
495,496,497
483,484,485
495,496,497
486,487,488
486,487,488
495,496,497
498,499,500
486,487,488
498,499,500
489,490,491
489,490,491
498,499,500
501,502,503
489,490,491
501,502,503
480,481,482
492,493,494
93,94,95
504,505,506
492,493,494
504,505,506
507,508,509
492,493,494
507,508,509
495,496,497
504,505,506
93,94,95
510,511,512
504,505,506
510,511,512
507,508,509
507,508,509
510,511,512
513,514,515
507,508,509
513,514,515
516,517,518
507,508,509
516,517,518
495,496,497
516,517,518
513,514,515
519,520,521
516,517,518
519,520,521
495,496,497
495,496,497
519,520,521
522,523,524
495,496,497
522,523,524
498,499,500
519,520,521
513,514,515
525,526,527
519,520,521
525,526,527
522,523,524
522,523,524
525,526,527
528,529,530
522,523,524
528,529,530
498,499,500
498,499,500
528,529,530
531,532,533
498,499,500
531,532,533
501,502,503
528,529,530
525,526,527
534,535,536
528,529,530
534,535,536
531,532,533
531,532,533
534,535,536
537,538,539
531,532,533
537,538,539
501,502,503
501,502,503
537,538,539
540,541,542
501,502,503
540,541,542
480,481,482
540,541,542
537,538,539
543,544,545
540,541,542
543,544,545
480,481,482
537,538,539
534,535,536
543,544,545
480,481,482
543,544,545
330,331,332
543,544,545
534,535,536
546,547,548
543,544,545
546,547,548
330,331,332
534,535,536
525,526,527
549,550,551
534,535,536
549,550,551
546,547,548
525,526,527
513,514,515
552,553,554
525,526,527
552,553,554
549,550,551
513,514,515
510,511,512
555,556,557
513,514,515
555,556,557
552,553,554
510,511,512
93,94,95
558,559,560
510,511,512
558,559,560
555,556,557
555,556,557
558,559,560
561,562,563
555,556,557
561,562,563
552,553,554
552,553,554
561,562,563
564,565,566
552,553,554
564,565,566
549,550,551
561,562,563
558,559,560
567,568,569
561,562,563
567,568,569
564,565,566
567,568,569
558,559,560
570,571,572
567,568,569
570,571,572
573,574,575
567,568,569
573,574,575
564,565,566
564,565,566
573,574,575
576,577,578
564,565,566
576,577,578
549,550,551
573,574,575
570,571,572
579,580,581
573,574,575
579,580,581
582,583,584
573,574,575
582,583,584
576,577,578
570,571,572
558,559,560
585,586,587
570,571,572
585,586,587
588,589,590
570,571,572
588,589,590
579,580,581
558,559,560
93,94,95
90,91,92
558,559,560
90,91,92
585,586,587
585,586,587
90,91,92
591,592,593
585,586,587
591,592,593
588,589,590
591,592,593
90,91,92
594,595,596
591,592,593
594,595,596
597,598,599
591,592,593
597,598,599
588,589,590
588,589,590
597,598,599
600,601,602
588,589,590
600,601,602
579,580,581
579,580,581
600,601,602
603,604,605
579,580,581
603,604,605
582,583,584
603,604,605
600,601,602
606,607,608
603,604,605
606,607,608
609,610,611
603,604,605
609,610,611
582,583,584
609,610,611
606,607,608
612,613,614
609,610,611
612,613,614
582,583,584
612,613,614
606,607,608
615,616,617
612,613,614
615,616,617
582,583,584
582,583,584
615,616,617
576,577,578
615,616,617
606,607,608
618,619,620
615,616,617
618,619,620
576,577,578
618,619,620
606,607,608
621,622,623
618,619,620
621,622,623
624,625,626
618,619,620
624,625,626
576,577,578
606,607,608
600,601,602
627,628,629
606,607,608
627,628,629
621,622,623
576,577,578
624,625,626
630,631,632
576,577,578
630,631,632
549,550,551
624,625,626
621,622,623
633,634,635
624,625,626
633,634,635
630,631,632
630,631,632
633,634,635
636,637,638
630,631,632
636,637,638
549,550,551
621,622,623
627,628,629
639,640,641
621,622,623
639,640,641
633,634,635
627,628,629
600,601,602
642,643,644
627,628,629
642,643,644
639,640,641
642,643,644
600,601,602
645,646,647
642,643,644
645,646,647
648,649,650
642,643,644
648,649,650
639,640,641
639,640,641
648,649,650
651,652,653
639,640,641
651,652,653
633,634,635
633,634,635
651,652,653
654,655,656
633,634,635
654,655,656
636,637,638
636,637,638
654,655,656
657,658,659
636,637,638
657,658,659
549,550,551
657,658,659
654,655,656
660,661,662
657,658,659
660,661,662
549,550,551
549,550,551
660,661,662
546,547,548
546,547,548
660,661,662
663,664,665
546,547,548
663,664,665
330,331,332
660,661,662
654,655,656
666,667,668
660,661,662
666,667,668
663,664,665
654,655,656
651,652,653
669,670,671
654,655,656
669,670,671
666,667,668
651,652,653
648,649,650
672,673,674
651,652,653
672,673,674
669,670,671
669,670,671
672,673,674
675,676,677
669,670,671
675,676,677
666,667,668
666,667,668
675,676,677
678,679,680
666,667,668
678,679,680
663,664,665
648,649,650
645,646,647
681,682,683
648,649,650
681,682,683
672,673,674
672,673,674
681,682,683
684,685,686
672,673,674
684,685,686
675,676,677
675,676,677
684,685,686
687,688,689
675,676,677
687,688,689
678,679,680
645,646,647
600,601,602
690,691,692
645,646,647
690,691,692
681,682,683
681,682,683
690,691,692
693,694,695
681,682,683
693,694,695
684,685,686
690,691,692
600,601,602
696,697,698
690,691,692
696,697,698
693,694,695
684,685,686
693,694,695
699,700,701
684,685,686
699,700,701
687,688,689
693,694,695
696,697,698
702,703,704
693,694,695
702,703,704
699,700,701
687,688,689
699,700,701
705,706,707
687,688,689
705,706,707
678,679,680
699,700,701
702,703,704
708,709,710
699,700,701
708,709,710
705,706,707
678,679,680
705,706,707
711,712,713
678,679,680
711,712,713
663,664,665
705,706,707
708,709,710
714,715,716
705,706,707
714,715,716
711,712,713
714,715,716
708,709,710
717,718,719
714,715,716
717,718,719
720,721,722
714,715,716
720,721,722
711,712,713
708,709,710
702,703,704
723,724,725
708,709,710
723,724,725
717,718,719
702,703,704
696,697,698
726,727,728
702,703,704
726,727,728
723,724,725
696,697,698
600,601,602
729,730,731
696,697,698
729,730,731
726,727,728
726,727,728
729,730,731
732,733,734
726,727,728
732,733,734
723,724,725
723,724,725
732,733,734
735,736,737
723,724,725
735,736,737
717,718,719
717,718,719
735,736,737
738,739,740
717,718,719
738,739,740
720,721,722
600,601,602
597,598,599
741,742,743
600,601,602
741,742,743
729,730,731
597,598,599
594,595,596
744,745,746
597,598,599
744,745,746
741,742,743
594,595,596
90,91,92
78,79,80
594,595,596
78,79,80
744,745,746
744,745,746
78,79,80
66,67,68
744,745,746
66,67,68
747,748,749
744,745,746
747,748,749
741,742,743
741,742,743
747,748,749
750,751,752
741,742,743
750,751,752
729,730,731
747,748,749
66,67,68
36,37,38
747,748,749
36,37,38
753,754,755
747,748,749
753,754,755
750,751,752
750,751,752
753,754,755
756,757,758
750,751,752
756,757,758
759,760,761
750,751,752
759,760,761
729,730,731
753,754,755
36,37,38
6,7,8
753,754,755
6,7,8
762,763,764
753,754,755
762,763,764
756,757,758
756,757,758
762,763,764
765,766,767
756,757,758
765,766,767
768,769,770
756,757,758
768,769,770
759,760,761
765,766,767
762,763,764
771,772,773
765,766,767
771,772,773
774,775,776
765,766,767
774,775,776
768,769,770
762,763,764
6,7,8
108,109,110
762,763,764
108,109,110
771,772,773
771,772,773
108,109,110
114,115,116
771,772,773
114,115,116
774,775,776
768,769,770
774,775,776
777,778,779
768,769,770
777,778,779
780,781,782
768,769,770
780,781,782
759,760,761
759,760,761
780,781,782
783,784,785
759,760,761
783,784,785
729,730,731
780,781,782
777,778,779
786,787,788
780,781,782
786,787,788
789,790,791
780,781,782
789,790,791
783,784,785
777,778,779
774,775,776
156,157,158
777,778,779
156,157,158
786,787,788
786,787,788
156,157,158
792,793,794
786,787,788
792,793,794
789,790,791
792,793,794
156,157,158
153,154,155
792,793,794
153,154,155
795,796,797
792,793,794
795,796,797
789,790,791
789,790,791
795,796,797
798,799,800
789,790,791
798,799,800
783,784,785
795,796,797
153,154,155
162,163,164
795,796,797
162,163,164
801,802,803
795,796,797
801,802,803
798,799,800
162,163,164
285,286,287
801,802,803
783,784,785
798,799,800
804,805,806
783,784,785
804,805,806
807,808,809
783,784,785
807,808,809
729,730,731
807,808,809
804,805,806
810,811,812
807,808,809
810,811,812
813,814,815
807,808,809
813,814,815
729,730,731
804,805,806
798,799,800
816,817,818
804,805,806
816,817,818
810,811,812
816,817,818
798,799,800
819,820,821
816,817,818
819,820,821
810,811,812
798,799,800
801,802,803
819,820,821
819,820,821
801,802,803
822,823,824
819,820,821
822,823,824
810,811,812
801,802,803
285,286,287
825,826,827
801,802,803
825,826,827
822,823,824
822,823,824
825,826,827
828,829,830
822,823,824
828,829,830
810,811,812
825,826,827
285,286,287
831,832,833
825,826,827
831,832,833
828,829,830
285,286,287
282,283,284
834,835,836
285,286,287
834,835,836
831,832,833
831,832,833
834,835,836
837,838,839
831,832,833
837,838,839
840,841,842
831,832,833
840,841,842
828,829,830
837,838,839
834,835,836
843,844,845
837,838,839
843,844,845
840,841,842
840,841,842
843,844,845
846,847,848
840,841,842
846,847,848
828,829,830
828,829,830
846,847,848
849,850,851
828,829,830
849,850,851
810,811,812
846,847,848
843,844,845
852,853,854
846,847,848
852,853,854
849,850,851
810,811,812
849,850,851
855,856,857
810,811,812
855,856,857
813,814,815
849,850,851
852,853,854
858,859,860
849,850,851
858,859,860
855,856,857
813,814,815
855,856,857
861,862,863
813,814,815
861,862,863
729,730,731
855,856,857
858,859,860
864,865,866
855,856,857
864,865,866
861,862,863
861,862,863
864,865,866
867,868,869
861,862,863
867,868,869
729,730,731
867,868,869
864,865,866
870,871,872
867,868,869
870,871,872
873,874,875
867,868,869
873,874,875
729,730,731
864,865,866
858,859,860
876,877,878
864,865,866
876,877,878
870,871,872
858,859,860
852,853,854
879,880,881
858,859,860
879,880,881
876,877,878
852,853,854
843,844,845
882,883,884
852,853,854
882,883,884
879,880,881
879,880,881
882,883,884
885,886,887
879,880,881
885,886,887
876,877,878
876,877,878
885,886,887
888,889,890
876,877,878
888,889,890
870,871,872
870,871,872
888,889,890
891,892,893
870,871,872
891,892,893
873,874,875
873,874,875
891,892,893
894,895,896
873,874,875
894,895,896
729,730,731
843,844,845
834,835,836
897,898,899
843,844,845
897,898,899
882,883,884
882,883,884
897,898,899
900,901,902
882,883,884
900,901,902
885,886,887
885,886,887
900,901,902
903,904,905
885,886,887
903,904,905
888,889,890
888,889,890
903,904,905
906,907,908
888,889,890
906,907,908
891,892,893
903,904,905
900,901,902
909,910,911
903,904,905
909,910,911
906,907,908
891,892,893
906,907,908
912,913,914
891,892,893
912,913,914
894,895,896
906,907,908
909,910,911
915,916,917
906,907,908
915,916,917
912,913,914
894,895,896
912,913,914
918,919,920
894,895,896
918,919,920
729,730,731
729,730,731
918,919,920
732,733,734
912,913,914
915,916,917
921,922,923
912,913,914
921,922,923
918,919,920
918,919,920
921,922,923
924,925,926
918,919,920
924,925,926
732,733,734
924,925,926
921,922,923
927,928,929
924,925,926
927,928,929
930,931,932
924,925,926
930,931,932
732,733,734
921,922,923
915,916,917
933,934,935
921,922,923
933,934,935
927,928,929
915,916,917
909,910,911
936,937,938
915,916,917
936,937,938
933,934,935
909,910,911
900,901,902
939,940,941
909,910,911
939,940,941
936,937,938
936,937,938
939,940,941
942,943,944
936,937,938
942,943,944
933,934,935
933,934,935
942,943,944
945,946,947
933,934,935
945,946,947
927,928,929
927,928,929
945,946,947
948,949,950
927,928,929
948,949,950
930,931,932
930,931,932
948,949,950
951,952,953
930,931,932
951,952,953
732,733,734
900,901,902
897,898,899
954,955,956
900,901,902
954,955,956
939,940,941
939,940,941
954,955,956
957,958,959
939,940,941
957,958,959
942,943,944
732,733,734
951,952,953
960,961,962
732,733,734
960,961,962
735,736,737
735,736,737
960,961,962
963,964,965
735,736,737
963,964,965
738,739,740
960,961,962
951,952,953
966,967,968
960,961,962
966,967,968
969,970,971
960,961,962
969,970,971
963,964,965
966,967,968
951,952,953
972,973,974
966,967,968
972,973,974
969,970,971
972,973,974
951,952,953
975,976,977
972,973,974
975,976,977
969,970,971
969,970,971
975,976,977
978,979,980
969,970,971
978,979,980
963,964,965
975,976,977
951,952,953
981,982,983
975,976,977
981,982,983
978,979,980
981,982,983
951,952,953
984,985,986
981,982,983
984,985,986
978,979,980
951,952,953
948,949,950
984,985,986
978,979,980
984,985,986
987,988,989
978,979,980
987,988,989
963,964,965
987,988,989
984,985,986
990,991,992
987,988,989
990,991,992
963,964,965
963,964,965
990,991,992
993,994,995
963,964,965
993,994,995
738,739,740
990,991,992
984,985,986
996,997,998
990,991,992
996,997,998
993,994,995
984,985,986
948,949,950
999,1000,1001
984,985,986
999,1000,1001
996,997,998
948,949,950
945,946,947
999,1000,1001
999,1000,1001
945,946,947
1002,1003,1004
999,1000,1001
1002,1003,1004
996,997,998
945,946,947
942,943,944
1002,1003,1004
1002,1003,1004
942,943,944
1005,1006,1007
1002,1003,1004
1005,1006,1007
996,997,998
942,943,944
957,958,959
1005,1006,1007
996,997,998
1005,1006,1007
1008,1009,1010
996,997,998
1008,1009,1010
993,994,995
1005,1006,1007
957,958,959
1011,1012,1013
1005,1006,1007
1011,1012,1013
1008,1009,1010
1008,1009,1010
1011,1012,1013
1014,1015,1016
1008,1009,1010
1014,1015,1016
993,994,995
1011,1012,1013
957,958,959
1017,1018,1019
1011,1012,1013
1017,1018,1019
1014,1015,1016
957,958,959
954,955,956
1017,1018,1019
1017,1018,1019
954,955,956
1014,1015,1016
114,115,116
111,112,113
774,775,776
1014,1015,1016
954,955,956
1020,1021,1022
1014,1015,1016
1020,1021,1022
993,994,995
993,994,995
1020,1021,1022
738,739,740
738,739,740
1020,1021,1022
720,721,722
1020,1021,1022
954,955,956
720,721,722
720,721,722
954,955,956
711,712,713
954,955,956
897,898,899
711,712,713
711,712,713
897,898,899
663,664,665
129,130,131
156,157,158
1023,1024,1025
129,130,131
1023,1024,1025
1026,1027,1028
129,130,131
1026,1027,1028
111,112,113
1026,1027,1028
1023,1024,1025
1029,1030,1031
1026,1027,1028
1029,1030,1031
1032,1033,1034
1026,1027,1028
1032,1033,1034
1035,1036,1037
1026,1027,1028
1035,1036,1037
111,112,113
1035,1036,1037
1032,1033,1034
1038,1039,1040
1035,1036,1037
1038,1039,1040
1041,1042,1043
1035,1036,1037
1041,1042,1043
111,112,113
1032,1033,1034
1029,1030,1031
282,283,284
1032,1033,1034
282,283,284
1038,1039,1040
282,283,284
273,274,275
1038,1039,1040
282,283,284
1029,1030,1031
834,835,836
1038,1039,1040
273,274,275
1044,1045,1046
1038,1039,1040
1044,1045,1046
1041,1042,1043
1041,1042,1043
1044,1045,1046
1047,1048,1049
1041,1042,1043
1047,1048,1049
111,112,113
1044,1045,1046
273,274,275
1050,1051,1052
1044,1045,1046
1050,1051,1052
1047,1048,1049
1047,1048,1049
1050,1051,1052
1053,1054,1055
1047,1048,1049
1053,1054,1055
111,112,113
111,112,113
1053,1054,1055
774,775,776
1053,1054,1055
1050,1051,1052
1056,1057,1058
1053,1054,1055
1056,1057,1058
774,775,776
1029,1030,1031
1023,1024,1025
1059,1060,1061
1029,1030,1031
1059,1060,1061
834,835,836
1023,1024,1025
156,157,158
1062,1063,1064
1023,1024,1025
1062,1063,1064
1059,1060,1061
1059,1060,1061
1062,1063,1064
1065,1066,1067
1059,1060,1061
1065,1066,1067
834,835,836
834,835,836
1065,1066,1067
897,898,899
1062,1063,1064
156,157,158
1068,1069,1070
1062,1063,1064
1068,1069,1070
1065,1066,1067
1065,1066,1067
1068,1069,1070
1071,1072,1073
1065,1066,1067
1071,1072,1073
897,898,899
1068,1069,1070
156,157,158
1074,1075,1076
1068,1069,1070
1074,1075,1076
1071,1072,1073
156,157,158
774,775,776
1074,1075,1076
774,775,776
1056,1057,1058
1074,1075,1076
1074,1075,1076
1056,1057,1058
1077,1078,1079
1074,1075,1076
1077,1078,1079
1071,1072,1073
1071,1072,1073
1077,1078,1079
897,898,899
1056,1057,1058
1050,1051,1052
1077,1078,1079
1077,1078,1079
1050,1051,1052
897,898,899
1050,1051,1052
273,274,275
897,898,899
330,331,332
663,664,665
1080,1081,1082
330,331,332
1080,1081,1082
1083,1084,1085
330,331,332
1083,1084,1085
1086,1087,1088
330,331,332
1086,1087,1088
273,274,275
1083,1084,1085
1080,1081,1082
1089,1090,1091
1083,1084,1085
1089,1090,1091
1092,1093,1094
1083,1084,1085
1092,1093,1094
1086,1087,1088
1092,1093,1094
1116,1117,1118
1086,1087,1088
1116,1117,1118
1113,1114,1115
1086,1087,1088
1089,1090,1091
1080,1081,1082
1095,1096,1097
1113,1114,1115
1110,1111,1112
1119,1120,1121
1113,1114,1115
1119,1120,1121
1086,1087,1088
1086,1087,1088
1119,1120,1121
273,274,275
1119,1120,1121
1110,1111,1112
1122,1123,1124
1119,1120,1121
1122,1123,1124
273,274,275
1110,1111,1112
1107,1108,1109
1122,1123,1124
1107,1108,1109
1104,1105,1106
1125,1126,1127
1107,1108,1109
1125,1126,1127
1122,1123,1124
1104,1105,1106
1101,1102,1103
1128,1129,1130
1104,1105,1106
1128,1129,1130
1125,1126,1127
1101,1102,1103
1098,1099,1100
1131,1132,1133
1101,1102,1103
1131,1132,1133
1128,1129,1130
1098,1099,1100
1095,1096,1097
1134,1135,1136
1098,1099,1100
1134,1135,1136
1131,1132,1133
1095,1096,1097
1080,1081,1082
1134,1135,1136
1080,1081,1082
663,664,665
1134,1135,1136
1134,1135,1136
663,664,665
1131,1132,1133
1131,1132,1133
663,664,665
1128,1129,1130
663,664,665
897,898,899
1128,1129,1130
1128,1129,1130
897,898,899
1125,1126,1127
1125,1126,1127
897,898,899
1137,1138,1139
1125,1126,1127
1137,1138,1139
1140,1141,1142
1125,1126,1127
1140,1141,1142
1122,1123,1124
1122,1123,1124
1140,1141,1142
1143,1144,1145
1122,1123,1124
1143,1144,1145
1146,1147,1148
1122,1123,1124
1146,1147,1148
273,274,275
1143,1144,1145
1140,1141,1142
1149,1150,1151
1143,1144,1145
1149,1150,1151
1152,1153,1154
1143,1144,1145
1152,1153,1154
1146,1147,1148
1152,1153,1154
1176,1177,1178
1146,1147,1148
1149,1150,1151
1140,1141,1142
1155,1156,1157
1140,1141,1142
1137,1138,1139
1155,1156,1157
1155,1156,1157
1137,1138,1139
1158,1159,1160
1176,1177,1178
1173,1174,1175
1179,1180,1181
1176,1177,1178
1179,1180,1181
1146,1147,1148
1173,1174,1175
1170,1171,1172
1179,1180,1181
1146,1147,1148
1179,1180,1181
273,274,275
1179,1180,1181
1170,1171,1172
1182,1183,1184
1179,1180,1181
1182,1183,1184
273,274,275
1170,1171,1172
1167,1168,1169
1182,1183,1184
1182,1183,1184
1167,1168,1169
1185,1186,1187
1182,1183,1184
1185,1186,1187
273,274,275
1167,1168,1169
1164,1165,1166
1185,1186,1187
273,274,275
1185,1186,1187
897,898,899
1185,1186,1187
1164,1165,1166
1188,1189,1190
1185,1186,1187
1188,1189,1190
897,898,899
1164,1165,1166
1161,1162,1163
1188,1189,1190
1188,1189,1190
1161,1162,1163
1191,1192,1193
1188,1189,1190
1191,1192,1193
897,898,899
1161,1162,1163
1158,1159,1160
1191,1192,1193
1158,1159,1160
1137,1138,1139
1191,1192,1193
1191,1192,1193
1137,1138,1139
897,898,899
