0,1,2
3,4,5
6,7,8
3,4,5
0,1,2
9,10,11
3,4,5
9,10,11
12,13,14
3,4,5
12,13,14
15,16,17
3,4,5
15,16,17
6,7,8
15,16,17
12,13,14
18,19,20
15,16,17
18,19,20
21,22,23
15,16,17
21,22,23
6,7,8
12,13,14
9,10,11
24,25,26
12,13,14
24,25,26
18,19,20
18,19,20
24,25,26
27,28,29
18,19,20
27,28,29
21,22,23
21,22,23
27,28,29
30,31,32
21,22,23
30,31,32
6,7,8
27,28,29
24,25,26
33,34,35
27,28,29
33,34,35
30,31,32
30,31,32
33,34,35
36,37,38
30,31,32
36,37,38
6,7,8
33,34,35
24,25,26
39,40,41
33,34,35
39,40,41
36,37,38
36,37,38
39,40,41
42,43,44
36,37,38
42,43,44
6,7,8
39,40,41
24,25,26
45,46,47
39,40,41
45,46,47
42,43,44
42,43,44
45,46,47
48,49,50
42,43,44
48,49,50
6,7,8
45,46,47
24,25,26
51,52,53
45,46,47
51,52,53
48,49,50
48,49,50
51,52,53
54,55,56
48,49,50
54,55,56
6,7,8
51,52,53
24,25,26
57,58,59
51,52,53
57,58,59
54,55,56
54,55,56
57,58,59
60,61,62
54,55,56
60,61,62
6,7,8
57,58,59
24,25,26
63,64,65
57,58,59
63,64,65
60,61,62
60,61,62
63,64,65
66,67,68
60,61,62
66,67,68
6,7,8
63,64,65
24,25,26
69,70,71
63,64,65
69,70,71
66,67,68
66,67,68
69,70,71
72,73,74
66,67,68
72,73,74
6,7,8
69,70,71
24,25,26
75,76,77
69,70,71
75,76,77
72,73,74
72,73,74
75,76,77
78,79,80
72,73,74
78,79,80
6,7,8
75,76,77
24,25,26
81,82,83
75,76,77
81,82,83
78,79,80
78,79,80
81,82,83
84,85,86
78,79,80
84,85,86
6,7,8
81,82,83
24,25,26
87,88,89
81,82,83
87,88,89
84,85,86
84,85,86
87,88,89
90,91,92
84,85,86
90,91,92
6,7,8
87,88,89
24,25,26
93,94,95
87,88,89
93,94,95
90,91,92
90,91,92
93,94,95
96,97,98
90,91,92
96,97,98
6,7,8
93,94,95
24,25,26
99,100,101
93,94,95
99,100,101
96,97,98
96,97,98
99,100,101
102,103,104
96,97,98
102,103,104
6,7,8
99,100,101
24,25,26
105,106,107
99,100,101
105,106,107
102,103,104
102,103,104
105,106,107
108,109,110
102,103,104
108,109,110
6,7,8
105,106,107
24,25,26
111,112,113
105,106,107
111,112,113
108,109,110
108,109,110
111,112,113
114,115,116
108,109,110
114,115,116
6,7,8
111,112,113
24,25,26
117,118,119
111,112,113
117,118,119
114,115,116
114,115,116
117,118,119
120,121,122
114,115,116
120,121,122
6,7,8
117,118,119
24,25,26
123,124,125
117,118,119
123,124,125
120,121,122
120,121,122
123,124,125
126,127,128
120,121,122
126,127,128
6,7,8
123,124,125
24,25,26
129,130,131
123,124,125
129,130,131
126,127,128
126,127,128
129,130,131
132,133,134
126,127,128
132,133,134
6,7,8
129,130,131
24,25,26
135,136,137
129,130,131
135,136,137
132,133,134
132,133,134
135,136,137
138,139,140
132,133,134
138,139,140
6,7,8
135,136,137
24,25,26
141,142,143
135,136,137
141,142,143
138,139,140
138,139,140
141,142,143
144,145,146
138,139,140
144,145,146
6,7,8
141,142,143
24,25,26
147,148,149
141,142,143
147,148,149
144,145,146
144,145,146
147,148,149
150,151,152
144,145,146
150,151,152
6,7,8
147,148,149
24,25,26
153,154,155
147,148,149
153,154,155
150,151,152
150,151,152
153,154,155
156,157,158
150,151,152
156,157,158
6,7,8
153,154,155
24,25,26
159,160,161
153,154,155
159,160,161
156,157,158
156,157,158
159,160,161
162,163,164
156,157,158
162,163,164
6,7,8
159,160,161
24,25,26
165,166,167
159,160,161
165,166,167
162,163,164
162,163,164
165,166,167
168,169,170
162,163,164
168,169,170
6,7,8
165,166,167
24,25,26
171,172,173
165,166,167
171,172,173
168,169,170
168,169,170
171,172,173
174,175,176
168,169,170
174,175,176
6,7,8
171,172,173
24,25,26
177,178,179
171,172,173
177,178,179
174,175,176
174,175,176
177,178,179
180,181,182
174,175,176
180,181,182
6,7,8
177,178,179
24,25,26
183,184,185
177,178,179
183,184,185
180,181,182
180,181,182
183,184,185
186,187,188
180,181,182
186,187,188
6,7,8
183,184,185
24,25,26
189,190,191
183,184,185
189,190,191
186,187,188
186,187,188
189,190,191
192,193,194
186,187,188
192,193,194
6,7,8
189,190,191
24,25,26
195,196,197
189,190,191
195,196,197
192,193,194
192,193,194
195,196,197
198,199,200
192,193,194
198,199,200
6,7,8
195,196,197
24,25,26
201,202,203
195,196,197
201,202,203
198,199,200
198,199,200
201,202,203
204,205,206
198,199,200
204,205,206
6,7,8
201,202,203
24,25,26
207,208,209
201,202,203
207,208,209
204,205,206
204,205,206
207,208,209
210,211,212
204,205,206
210,211,212
6,7,8
207,208,209
24,25,26
213,214,215
207,208,209
213,214,215
210,211,212
210,211,212
213,214,215
216,217,218
210,211,212
216,217,218
6,7,8
6,7,8
216,217,218
0,1,2
216,217,218
213,214,215
219,220,221
216,217,218
219,220,221
0,1,2
213,214,215
24,25,26
219,220,221
24,25,26
9,10,11
219,220,221
219,220,221
9,10,11
0,1,2
