0,1,2
3,4,5
6,7,8
0,1,2
6,7,8
9,10,11
0,1,2
9,10,11
12,13,14
0,1,2
12,13,14
15,16,17
0,1,2
15,16,17
3,4,5
15,16,17
12,13,14
18,19,20
15,16,17
18,19,20
21,22,23
15,16,17
21,22,23
3,4,5
21,22,23
18,19,20
24,25,26
21,22,23
24,25,26
27,28,29
21,22,23
27,28,29
3,4,5
3,4,5
27,28,29
30,31,32
3,4,5
30,31,32
6,7,8
27,28,29
24,25,26
33,34,35
27,28,29
33,34,35
30,31,32
24,25,26
18,19,20
36,37,38
24,25,26
36,37,38
39,40,41
24,25,26
39,40,41
33,34,35
39,40,41
36,37,38
42,43,44
39,40,41
42,43,44
45,46,47
39,40,41
45,46,47
33,34,35
33,34,35
45,46,47
48,49,50
33,34,35
48,49,50
30,31,32
45,46,47
42,43,44
51,52,53
45,46,47
51,52,53
48,49,50
51,52,53
42,43,44
54,55,56
51,52,53
54,55,56
57,58,59
51,52,53
57,58,59
48,49,50
42,43,44
36,37,38
60,61,62
42,43,44
60,61,62
54,55,56
54,55,56
60,61,62
63,64,65
54,55,56
63,64,65
57,58,59
63,64,65
60,61,62
66,67,68
63,64,65
66,67,68
69,70,71
63,64,65
69,70,71
57,58,59
57,58,59
69,70,71
72,73,74
57,58,59
72,73,74
48,49,50
69,70,71
66,67,68
75,76,77
69,70,71
75,76,77
72,73,74
75,76,77
66,67,68
78,79,80
75,76,77
78,79,80
81,82,83
75,76,77
81,82,83
72,73,74
66,67,68
60,61,62
84,85,86
66,67,68
84,85,86
78,79,80
78,79,80
84,85,86
87,88,89
78,79,80
87,88,89
81,82,83
87,88,89
84,85,86
90,91,92
87,88,89
90,91,92
93,94,95
87,88,89
93,94,95
81,82,83
81,82,83
93,94,95
96,97,98
81,82,83
96,97,98
72,73,74
93,94,95
90,91,92
99,100,101
93,94,95
99,100,101
96,97,98
99,100,101
90,91,92
102,103,104
99,100,101
102,103,104
105,106,107
99,100,101
105,106,107
96,97,98
90,91,92
84,85,86
108,109,110
90,91,92
108,109,110
102,103,104
102,103,104
108,109,110
111,112,113
102,103,104
111,112,113
105,106,107
111,112,113
108,109,110
114,115,116
111,112,113
114,115,116
117,118,119
111,112,113
117,118,119
105,106,107
105,106,107
117,118,119
120,121,122
105,106,107
120,121,122
96,97,98
117,118,119
114,115,116
123,124,125
117,118,119
123,124,125
120,121,122
114,115,116
108,109,110
126,127,128
114,115,116
126,127,128
129,130,131
114,115,116
129,130,131
123,124,125
129,130,131
126,127,128
12,13,14
129,130,131
12,13,14
9,10,11
129,130,131
9,10,11
123,124,125
12,13,14
126,127,128
18,19,20
9,10,11
6,7,8
123,124,125
123,124,125
6,7,8
120,121,122
126,127,128
108,109,110
120,121,122
126,127,128
120,121,122
6,7,8
126,127,128
6,7,8
18,19,20
120,121,122
108,109,110
96,97,98
108,109,110
84,85,86
96,97,98
96,97,98
84,85,86
72,73,74
84,85,86
60,61,62
72,73,74
72,73,74
60,61,62
48,49,50
60,61,62
36,37,38
48,49,50
48,49,50
36,37,38
30,31,32
36,37,38
18,19,20
30,31,32
30,31,32
18,19,20
6,7,8
0,1,2
3,4,5
6,7,8
0,1,2
6,7,8
9,10,11
0,1,2
9,10,11
12,13,14
0,1,2
12,13,14
15,16,17
0,1,2
15,16,17
3,4,5
15,16,17
12,13,14
18,19,20
15,16,17
18,19,20
21,22,23
15,16,17
21,22,23
3,4,5
21,22,23
18,19,20
24,25,26
21,22,23
24,25,26
27,28,29
21,22,23
27,28,29
3,4,5
3,4,5
27,28,29
30,31,32
3,4,5
30,31,32
6,7,8
27,28,29
24,25,26
33,34,35
27,28,29
33,34,35
30,31,32
24,25,26
18,19,20
36,37,38
24,25,26
36,37,38
39,40,41
24,25,26
39,40,41
33,34,35
39,40,41
36,37,38
42,43,44
39,40,41
42,43,44
45,46,47
39,40,41
45,46,47
33,34,35
33,34,35
45,46,47
48,49,50
33,34,35
48,49,50
30,31,32
45,46,47
42,43,44
51,52,53
45,46,47
51,52,53
48,49,50
51,52,53
42,43,44
54,55,56
51,52,53
54,55,56
57,58,59
51,52,53
57,58,59
48,49,50
42,43,44
36,37,38
60,61,62
42,43,44
60,61,62
54,55,56
54,55,56
60,61,62
63,64,65
54,55,56
63,64,65
57,58,59
63,64,65
60,61,62
66,67,68
63,64,65
66,67,68
69,70,71
63,64,65
69,70,71
57,58,59
57,58,59
69,70,71
72,73,74
57,58,59
72,73,74
48,49,50
69,70,71
66,67,68
75,76,77
69,70,71
75,76,77
72,73,74
75,76,77
66,67,68
78,79,80
75,76,77
78,79,80
81,82,83
75,76,77
81,82,83
72,73,74
66,67,68
60,61,62
84,85,86
66,67,68
84,85,86
78,79,80
78,79,80
84,85,86
87,88,89
78,79,80
87,88,89
81,82,83
87,88,89
84,85,86
90,91,92
87,88,89
90,91,92
93,94,95
87,88,89
93,94,95
81,82,83
81,82,83
93,94,95
96,97,98
81,82,83
96,97,98
72,73,74
93,94,95
90,91,92
99,100,101
93,94,95
99,100,101
96,97,98
99,100,101
90,91,92
102,103,104
99,100,101
102,103,104
105,106,107
99,100,101
105,106,107
96,97,98
90,91,92
84,85,86
108,109,110
90,91,92
108,109,110
102,103,104
102,103,104
108,109,110
111,112,113
102,103,104
111,112,113
105,106,107
111,112,113
108,109,110
114,115,116
111,112,113
114,115,116
117,118,119
111,112,113
117,118,119
105,106,107
105,106,107
117,118,119
120,121,122
105,106,107
120,121,122
96,97,98
117,118,119
114,115,116
123,124,125
117,118,119
123,124,125
120,121,122
114,115,116
108,109,110
126,127,128
114,115,116
126,127,128
129,130,131
114,115,116
129,130,131
123,124,125
129,130,131
126,127,128
12,13,14
129,130,131
12,13,14
9,10,11
129,130,131
9,10,11
123,124,125
12,13,14
126,127,128
18,19,20
9,10,11
6,7,8
123,124,125
123,124,125
6,7,8
120,121,122
126,127,128
108,109,110
120,121,122
126,127,128
120,121,122
6,7,8
126,127,128
6,7,8
18,19,20
120,121,122
108,109,110
96,97,98
108,109,110
84,85,86
96,97,98
96,97,98
84,85,86
72,73,74
84,85,86
60,61,62
72,73,74
72,73,74
60,61,62
48,49,50
60,61,62
36,37,38
48,49,50
48,49,50
36,37,38
30,31,32
36,37,38
18,19,20
30,31,32
30,31,32
18,19,20
6,7,8
