0,1,2
3,4,5
6,7,8
0,1,2
6,7,8
9,10,11
0,1,2
9,10,11
12,13,14
0,1,2
12,13,14
15,16,17
0,1,2
15,16,17
3,4,5
9,10,11
6,7,8
18,19,20
9,10,11
18,19,20
12,13,14
18,19,20
6,7,8
21,22,23
18,19,20
21,22,23
24,25,26
18,19,20
24,25,26
12,13,14
12,13,14
24,25,26
27,28,29
12,13,14
27,28,29
15,16,17
24,25,26
21,22,23
30,31,32
24,25,26
30,31,32
27,28,29
21,22,23
6,7,8
33,34,35
21,22,23
33,34,35
30,31,32
30,31,32
33,34,35
36,37,38
30,31,32
36,37,38
27,28,29
33,34,35
6,7,8
39,40,41
33,34,35
39,40,41
36,37,38
36,37,38
39,40,41
42,43,44
36,37,38
42,43,44
27,28,29
39,40,41
6,7,8
45,46,47
39,40,41
45,46,47
42,43,44
42,43,44
45,46,47
48,49,50
42,43,44
48,49,50
27,28,29
45,46,47
6,7,8
51,52,53
45,46,47
51,52,53
48,49,50
48,49,50
51,52,53
54,55,56
48,49,50
54,55,56
27,28,29
51,52,53
6,7,8
57,58,59
51,52,53
57,58,59
54,55,56
54,55,56
57,58,59
60,61,62
54,55,56
60,61,62
27,28,29
57,58,59
6,7,8
63,64,65
57,58,59
63,64,65
60,61,62
60,61,62
63,64,65
66,67,68
60,61,62
66,67,68
27,28,29
63,64,65
6,7,8
69,70,71
63,64,65
69,70,71
66,67,68
66,67,68
69,70,71
72,73,74
66,67,68
72,73,74
27,28,29
69,70,71
6,7,8
75,76,77
69,70,71
75,76,77
72,73,74
72,73,74
75,76,77
78,79,80
72,73,74
78,79,80
27,28,29
75,76,77
6,7,8
81,82,83
75,76,77
81,82,83
78,79,80
78,79,80
81,82,83
84,85,86
78,79,80
84,85,86
27,28,29
81,82,83
6,7,8
87,88,89
81,82,83
87,88,89
84,85,86
84,85,86
87,88,89
90,91,92
84,85,86
90,91,92
27,28,29
87,88,89
6,7,8
93,94,95
87,88,89
93,94,95
90,91,92
90,91,92
93,94,95
96,97,98
90,91,92
96,97,98
27,28,29
93,94,95
6,7,8
99,100,101
93,94,95
99,100,101
96,97,98
96,97,98
99,100,101
102,103,104
96,97,98
102,103,104
27,28,29
99,100,101
6,7,8
105,106,107
99,100,101
105,106,107
102,103,104
102,103,104
105,106,107
108,109,110
102,103,104
108,109,110
27,28,29
105,106,107
6,7,8
111,112,113
105,106,107
111,112,113
108,109,110
6,7,8
3,4,5
111,112,113
111,112,113
3,4,5
114,115,116
111,112,113
114,115,116
108,109,110
108,109,110
114,115,116
27,28,29
114,115,116
3,4,5
117,118,119
114,115,116
117,118,119
27,28,29
27,28,29
117,118,119
15,16,17
117,118,119
3,4,5
15,16,17
120,121,122
123,124,125
126,127,128
126,127,128
123,124,125
129,130,131
126,127,128
129,130,131
132,133,134
126,127,128
132,133,134
135,136,137
126,127,128
135,136,137
138,139,140
126,127,128
138,139,140
141,142,143
126,127,128
141,142,143
120,121,122
135,136,137
132,133,134
144,145,146
135,136,137
144,145,146
147,148,149
135,136,137
147,148,149
138,139,140
138,139,140
147,148,149
150,151,152
138,139,140
150,151,152
153,154,155
138,139,140
153,154,155
141,142,143
150,151,152
147,148,149
156,157,158
150,151,152
156,157,158
159,160,161
150,151,152
159,160,161
153,154,155
156,157,158
147,148,149
162,163,164
156,157,158
162,163,164
159,160,161
153,154,155
159,160,161
165,166,167
153,154,155
165,166,167
168,169,170
153,154,155
168,169,170
141,142,143
141,142,143
168,169,170
171,172,173
141,142,143
171,172,173
120,121,122
171,172,173
168,169,170
174,175,176
171,172,173
174,175,176
177,178,179
171,172,173
177,178,179
120,121,122
177,178,179
174,175,176
180,181,182
177,178,179
180,181,182
183,184,185
177,178,179
183,184,185
120,121,122
159,160,161
162,163,164
186,187,188
159,160,161
186,187,188
189,190,191
159,160,161
189,190,191
165,166,167
165,166,167
189,190,191
192,193,194
165,166,167
192,193,194
195,196,197
165,166,167
195,196,197
168,169,170
189,190,191
186,187,188
198,199,200
189,190,191
198,199,200
201,202,203
189,190,191
201,202,203
192,193,194
192,193,194
201,202,203
204,205,206
192,193,194
204,205,206
207,208,209
192,193,194
207,208,209
195,196,197
201,202,203
198,199,200
210,211,212
201,202,203
210,211,212
213,214,215
201,202,203
213,214,215
204,205,206
213,214,215
210,211,212
216,217,218
213,214,215
216,217,218
219,220,221
213,214,215
219,220,221
204,205,206
210,211,212
198,199,200
222,223,224
210,211,212
222,223,224
216,217,218
222,223,224
198,199,200
225,226,227
222,223,224
225,226,227
216,217,218
198,199,200
186,187,188
225,226,227
204,205,206
219,220,221
228,229,230
204,205,206
228,229,230
207,208,209
219,220,221
216,217,218
231,232,233
219,220,221
231,232,233
228,229,230
186,187,188
162,163,164
234,235,236
186,187,188
234,235,236
225,226,227
162,163,164
147,148,149
237,238,239
162,163,164
237,238,239
234,235,236
234,235,236
237,238,239
240,241,242
234,235,236
240,241,242
225,226,227
225,226,227
240,241,242
243,244,245
225,226,227
243,244,245
216,217,218
240,241,242
237,238,239
246,247,248
240,241,242
246,247,248
243,244,245
243,244,245
246,247,248
249,250,251
243,244,245
249,250,251
216,217,218
237,238,239
147,148,149
252,253,254
237,238,239
252,253,254
246,247,248
246,247,248
252,253,254
255,256,257
246,247,248
255,256,257
258,259,260
246,247,248
258,259,260
249,250,251
258,259,260
255,256,257
261,262,263
258,259,260
261,262,263
264,265,266
258,259,260
264,265,266
249,250,251
255,256,257
252,253,254
267,268,269
255,256,257
267,268,269
261,262,263
249,250,251
264,265,266
270,271,272
249,250,251
270,271,272
216,217,218
267,268,269
252,253,254
273,274,275
267,268,269
273,274,275
276,277,278
267,268,269
276,277,278
261,262,263
261,262,263
276,277,278
279,280,281
261,262,263
279,280,281
264,265,266
264,265,266
279,280,281
282,283,284
264,265,266
282,283,284
270,271,272
252,253,254
147,148,149
285,286,287
252,253,254
285,286,287
273,274,275
147,148,149
144,145,146
288,289,290
147,148,149
288,289,290
285,286,287
288,289,290
144,145,146
291,292,293
288,289,290
291,292,293
294,295,296
288,289,290
294,295,296
285,286,287
285,286,287
294,295,296
297,298,299
285,286,287
297,298,299
273,274,275
297,298,299
294,295,296
300,301,302
297,298,299
300,301,302
303,304,305
297,298,299
303,304,305
273,274,275
294,295,296
291,292,293
306,307,308
294,295,296
306,307,308
300,301,302
300,301,302
306,307,308
309,310,311
300,301,302
309,310,311
303,304,305
306,307,308
291,292,293
312,313,314
306,307,308
312,313,314
309,310,311
291,292,293
144,145,146
315,316,317
291,292,293
315,316,317
312,313,314
273,274,275
303,304,305
318,319,320
273,274,275
318,319,320
276,277,278
318,319,320
303,304,305
321,322,323
318,319,320
321,322,323
276,277,278
276,277,278
321,322,323
279,280,281
279,280,281
321,322,323
324,325,326
279,280,281
324,325,326
282,283,284
321,322,323
303,304,305
327,328,329
321,322,323
327,328,329
330,331,332
321,322,323
330,331,332
324,325,326
303,304,305
309,310,311
333,334,335
303,304,305
333,334,335
327,328,329
327,328,329
333,334,335
336,337,338
327,328,329
336,337,338
330,331,332
333,334,335
309,310,311
339,340,341
333,334,335
339,340,341
336,337,338
330,331,332
336,337,338
342,343,344
330,331,332
342,343,344
324,325,326
336,337,338
339,340,341
345,346,347
336,337,338
345,346,347
342,343,344
342,343,344
345,346,347
348,349,350
342,343,344
348,349,350
324,325,326
345,346,347
339,340,341
351,352,353
345,346,347
351,352,353
348,349,350
309,310,311
312,313,314
354,355,356
309,310,311
354,355,356
339,340,341
339,340,341
354,355,356
357,358,359
339,340,341
357,358,359
351,352,353
354,355,356
312,313,314
360,361,362
354,355,356
360,361,362
357,358,359
360,361,362
312,313,314
363,364,365
360,361,362
363,364,365
366,367,368
360,361,362
366,367,368
357,358,359
357,358,359
366,367,368
369,370,371
357,358,359
369,370,371
351,352,353
366,367,368
363,364,365
372,373,374
366,367,368
372,373,374
369,370,371
372,373,374
363,364,365
375,376,377
372,373,374
375,376,377
378,379,380
372,373,374
378,379,380
369,370,371
369,370,371
378,379,380
381,382,383
369,370,371
381,382,383
351,352,353
363,364,365
312,313,314
384,385,386
363,364,365
384,385,386
375,376,377
375,376,377
384,385,386
387,388,389
375,376,377
387,388,389
378,379,380
384,385,386
312,313,314
390,391,392
384,385,386
390,391,392
387,388,389
351,352,353
381,382,383
393,394,395
351,352,353
393,394,395
348,349,350
312,313,314
315,316,317
396,397,398
312,313,314
396,397,398
390,391,392
315,316,317
144,145,146
132,133,134
315,316,317
132,133,134
396,397,398
396,397,398
132,133,134
129,130,131
396,397,398
129,130,131
399,400,401
396,397,398
399,400,401
390,391,392
387,388,389
390,391,392
402,403,404
387,388,389
402,403,404
405,406,407
387,388,389
405,406,407
378,379,380
378,379,380
405,406,407
408,409,410
378,379,380
408,409,410
381,382,383
408,409,410
405,406,407
411,412,413
408,409,410
411,412,413
414,415,416
408,409,410
414,415,416
381,382,383
381,382,383
414,415,416
417,418,419
381,382,383
417,418,419
393,394,395
417,418,419
414,415,416
420,421,422
417,418,419
420,421,422
423,424,425
417,418,419
423,424,425
393,394,395
393,394,395
423,424,425
426,427,428
393,394,395
426,427,428
348,349,350
423,424,425
420,421,422
429,430,431
423,424,425
429,430,431
432,433,434
423,424,425
432,433,434
426,427,428
432,433,434
429,430,431
435,436,437
432,433,434
435,436,437
426,427,428
426,427,428
435,436,437
438,439,440
426,427,428
438,439,440
441,442,443
426,427,428
441,442,443
348,349,350
348,349,350
441,442,443
444,445,446
348,349,350
444,445,446
324,325,326
441,442,443
438,439,440
447,448,449
441,442,443
447,448,449
444,445,446
444,445,446
447,448,449
450,451,452
444,445,446
450,451,452
324,325,326
324,325,326
450,451,452
282,283,284
450,451,452
447,448,449
453,454,455
450,451,452
453,454,455
282,283,284
447,448,449
438,439,440
456,457,458
447,448,449
456,457,458
453,454,455
438,439,440
435,436,437
456,457,458
456,457,458
435,436,437
459,460,461
456,457,458
459,460,461
453,454,455
453,454,455
459,460,461
462,463,464
453,454,455
462,463,464
282,283,284
282,283,284
462,463,464
270,271,272
435,436,437
429,430,431
465,466,467
435,436,437
465,466,467
459,460,461
465,466,467
429,430,431
459,460,461
459,460,461
429,430,431
468,469,470
459,460,461
468,469,470
462,463,464
429,430,431
420,421,422
468,469,470
462,463,464
468,469,470
471,472,473
462,463,464
471,472,473
270,271,272
471,472,473
468,469,470
474,475,476
471,472,473
474,475,476
270,271,272
468,469,470
420,421,422
477,478,479
468,469,470
477,478,479
474,475,476
474,475,476
477,478,479
480,481,482
474,475,476
480,481,482
270,271,272
270,271,272
480,481,482
216,217,218
480,481,482
477,478,479
483,484,485
480,481,482
483,484,485
216,217,218
477,478,479
420,421,422
486,487,488
477,478,479
486,487,488
489,490,491
477,478,479
489,490,491
483,484,485
420,421,422
414,415,416
492,493,494
420,421,422
492,493,494
486,487,488
486,487,488
492,493,494
495,496,497
486,487,488
495,496,497
489,490,491
489,490,491
495,496,497
498,499,500
489,490,491
498,499,500
483,484,485
495,496,497
492,493,494
501,502,503
495,496,497
501,502,503
498,499,500
414,415,416
411,412,413
504,505,506
414,415,416
504,505,506
492,493,494
504,505,506
411,412,413
507,508,509
504,505,506
507,508,509
492,493,494
492,493,494
507,508,509
501,502,503
501,502,503
507,508,509
510,511,512
501,502,503
510,511,512
498,499,500
510,511,512
507,508,509
513,514,515
510,511,512
513,514,515
498,499,500
498,499,500
513,514,515
516,517,518
498,499,500
516,517,518
483,484,485
483,484,485
516,517,518
519,520,521
483,484,485
519,520,521
216,217,218
507,508,509
411,412,413
522,523,524
507,508,509
522,523,524
525,526,527
507,508,509
525,526,527
513,514,515
411,412,413
405,406,407
528,529,530
411,412,413
528,529,530
522,523,524
528,529,530
405,406,407
531,532,533
528,529,530
531,532,533
522,523,524
522,523,524
531,532,533
534,535,536
522,523,524
534,535,536
525,526,527
531,532,533
405,406,407
537,538,539
531,532,533
537,538,539
534,535,536
537,538,539
405,406,407
540,541,542
537,538,539
540,541,542
543,544,545
537,538,539
543,544,545
534,535,536
534,535,536
543,544,545
546,547,548
534,535,536
546,547,548
525,526,527
543,544,545
540,541,542
549,550,551
543,544,545
549,550,551
552,553,554
543,544,545
552,553,554
546,547,548
540,541,542
405,406,407
555,556,557
540,541,542
555,556,557
549,550,551
555,556,557
405,406,407
558,559,560
555,556,557
558,559,560
561,562,563
555,556,557
561,562,563
549,550,551
549,550,551
561,562,563
564,565,566
549,550,551
564,565,566
552,553,554
552,553,554
564,565,566
567,568,569
552,553,554
567,568,569
546,547,548
561,562,563
558,559,560
570,571,572
561,562,563
570,571,572
573,574,575
561,562,563
573,574,575
564,565,566
558,559,560
405,406,407
576,577,578
558,559,560
576,577,578
570,571,572
576,577,578
405,406,407
579,580,581
576,577,578
579,580,581
582,583,584
576,577,578
582,583,584
570,571,572
570,571,572
582,583,584
585,586,587
570,571,572
585,586,587
573,574,575
582,583,584
579,580,581
588,589,590
582,583,584
588,589,590
591,592,593
582,583,584
591,592,593
585,586,587
579,580,581
405,406,407
594,595,596
579,580,581
594,595,596
588,589,590
594,595,596
405,406,407
597,598,599
594,595,596
597,598,599
600,601,602
594,595,596
600,601,602
588,589,590
588,589,590
600,601,602
603,604,605
588,589,590
603,604,605
591,592,593
405,406,407
402,403,404
606,607,608
405,406,407
606,607,608
597,598,599
606,607,608
402,403,404
609,610,611
606,607,608
609,610,611
597,598,599
402,403,404
390,391,392
612,613,614
402,403,404
612,613,614
609,610,611
609,610,611
612,613,614
615,616,617
609,610,611
615,616,617
597,598,599
597,598,599
615,616,617
618,619,620
597,598,599
618,619,620
600,601,602
615,616,617
612,613,614
621,622,623
615,616,617
621,622,623
618,619,620
612,613,614
390,391,392
624,625,626
612,613,614
624,625,626
621,622,623
621,622,623
624,625,626
627,628,629
621,622,623
627,628,629
618,619,620
624,625,626
390,391,392
630,631,632
624,625,626
630,631,632
627,628,629
600,601,602
618,619,620
633,634,635
600,601,602
633,634,635
603,604,605
618,619,620
627,628,629
636,637,638
618,619,620
636,637,638
633,634,635
627,628,629
630,631,632
639,640,641
627,628,629
639,640,641
636,637,638
630,631,632
390,391,392
399,400,401
630,631,632
399,400,401
639,640,641
639,640,641
399,400,401
123,124,125
639,640,641
123,124,125
636,637,638
399,400,401
129,130,131
123,124,125
636,637,638
123,124,125
642,643,644
636,637,638
642,643,644
645,646,647
636,637,638
645,646,647
633,634,635
642,643,644
123,124,125
120,121,122
642,643,644
120,121,122
645,646,647
633,634,635
645,646,647
648,649,650
633,634,635
648,649,650
603,604,605
645,646,647
120,121,122
183,184,185
645,646,647
183,184,185
648,649,650
648,649,650
183,184,185
651,652,653
648,649,650
651,652,653
603,604,605
603,604,605
651,652,653
654,655,656
603,604,605
654,655,656
591,592,593
651,652,653
183,184,185
657,658,659
651,652,653
657,658,659
654,655,656
654,655,656
657,658,659
660,661,662
654,655,656
660,661,662
591,592,593
591,592,593
660,661,662
585,586,587
660,661,662
657,658,659
663,664,665
660,661,662
663,664,665
585,586,587
663,664,665
657,658,659
666,667,668
663,664,665
666,667,668
585,586,587
585,586,587
666,667,668
573,574,575
573,574,575
666,667,668
669,670,671
573,574,575
669,670,671
564,565,566
666,667,668
657,658,659
672,673,674
666,667,668
672,673,674
669,670,671
669,670,671
672,673,674
675,676,677
669,670,671
675,676,677
564,565,566
564,565,566
675,676,677
567,568,569
675,676,677
672,673,674
567,568,569
672,673,674
657,658,659
678,679,680
672,673,674
678,679,680
567,568,569
657,658,659
183,184,185
681,682,683
657,658,659
681,682,683
678,679,680
183,184,185
180,181,182
681,682,683
567,568,569
678,679,680
684,685,686
567,568,569
684,685,686
546,547,548
684,685,686
678,679,680
687,688,689
684,685,686
687,688,689
546,547,548
687,688,689
678,679,680
690,691,692
687,688,689
690,691,692
546,547,548
678,679,680
681,682,683
690,691,692
546,547,548
690,691,692
525,526,527
690,691,692
681,682,683
693,694,695
690,691,692
693,694,695
525,526,527
693,694,695
681,682,683
513,514,515
693,694,695
513,514,515
696,697,698
693,694,695
696,697,698
525,526,527
696,697,698
513,514,515
699,700,701
696,697,698
699,700,701
525,526,527
699,700,701
513,514,515
525,526,527
513,514,515
681,682,683
516,517,518
228,229,230
231,232,233
702,703,704
228,229,230
702,703,704
705,706,707
228,229,230
705,706,707
207,208,209
207,208,209
705,706,707
708,709,710
207,208,209
708,709,710
195,196,197
195,196,197
708,709,710
711,712,713
195,196,197
711,712,713
168,169,170
708,709,710
705,706,707
714,715,716
708,709,710
714,715,716
711,712,713
711,712,713
714,715,716
717,718,719
711,712,713
717,718,719
168,169,170
168,169,170
717,718,719
174,175,176
705,706,707
702,703,704
720,721,722
705,706,707
720,721,722
714,715,716
714,715,716
720,721,722
723,724,725
714,715,716
723,724,725
717,718,719
717,718,719
723,724,725
726,727,728
717,718,719
726,727,728
174,175,176
723,724,725
720,721,722
729,730,731
723,724,725
729,730,731
726,727,728
720,721,722
702,703,704
732,733,734
720,721,722
732,733,734
729,730,731
702,703,704
231,232,233
735,736,737
702,703,704
735,736,737
732,733,734
231,232,233
216,217,218
738,739,740
231,232,233
738,739,740
735,736,737
738,739,740
216,217,218
741,742,743
738,739,740
741,742,743
735,736,737
216,217,218
519,520,521
741,742,743
741,742,743
519,520,521
744,745,746
741,742,743
744,745,746
735,736,737
735,736,737
744,745,746
732,733,734
732,733,734
744,745,746
747,748,749
732,733,734
747,748,749
729,730,731
744,745,746
519,520,521
750,751,752
744,745,746
750,751,752
747,748,749
519,520,521
516,517,518
750,751,752
729,730,731
747,748,749
753,754,755
729,730,731
753,754,755
726,727,728
747,748,749
750,751,752
756,757,758
747,748,749
756,757,758
753,754,755
750,751,752
516,517,518
759,760,761
750,751,752
759,760,761
756,757,758
726,727,728
753,754,755
762,763,764
726,727,728
762,763,764
174,175,176
753,754,755
756,757,758
765,766,767
753,754,755
765,766,767
762,763,764
762,763,764
765,766,767
768,769,770
762,763,764
768,769,770
174,175,176
768,769,770
765,766,767
771,772,773
768,769,770
771,772,773
174,175,176
756,757,758
759,760,761
774,775,776
756,757,758
774,775,776
765,766,767
774,775,776
759,760,761
777,778,779
774,775,776
777,778,779
765,766,767
765,766,767
777,778,779
771,772,773
759,760,761
516,517,518
777,778,779
777,778,779
516,517,518
771,772,773
516,517,518
681,682,683
771,772,773
174,175,176
771,772,773
780,781,782
174,175,176
780,781,782
180,181,182
180,181,182
780,781,782
783,784,785
180,181,182
783,784,785
681,682,683
780,781,782
771,772,773
786,787,788
780,781,782
786,787,788
783,784,785
681,682,683
783,784,785
789,790,791
681,682,683
789,790,791
771,772,773
783,784,785
786,787,788
792,793,794
783,784,785
792,793,794
789,790,791
786,787,788
771,772,773
795,796,797
786,787,788
795,796,797
792,793,794
792,793,794
795,796,797
798,799,800
792,793,794
798,799,800
789,790,791
798,799,800
795,796,797
789,790,791
795,796,797
771,772,773
801,802,803
795,796,797
801,802,803
789,790,791
801,802,803
771,772,773
789,790,791
