0,1,2
3,4,5
6,7,8
0,1,2
6,7,8
9,10,11
0,1,2
9,10,11
12,13,14
0,1,2
12,13,14
3,4,5
12,13,14
9,10,11
15,16,17
12,13,14
15,16,17
18,19,20
12,13,14
18,19,20
3,4,5
15,16,17
9,10,11
21,22,23
15,16,17
21,22,23
18,19,20
21,22,23
9,10,11
24,25,26
21,22,23
24,25,26
27,28,29
21,22,23
27,28,29
18,19,20
24,25,26
9,10,11
30,31,32
24,25,26
30,31,32
33,34,35
24,25,26
33,34,35
27,28,29
30,31,32
9,10,11
36,37,38
30,31,32
36,37,38
33,34,35
36,37,38
9,10,11
39,40,41
36,37,38
39,40,41
42,43,44
36,37,38
42,43,44
33,34,35
39,40,41
66,67,68
42,43,44
9,10,11
6,7,8
45,46,47
54,55,56
51,52,53
69,70,71
54,55,56
69,70,71
57,58,59
57,58,59
69,70,71
72,73,74
57,58,59
72,73,74
60,61,62
72,73,74
96,97,98
60,61,62
96,97,98
93,94,95
60,61,62
69,70,71
51,52,53
75,76,77
60,61,62
93,94,95
63,64,65
51,52,53
48,49,50
75,76,77
75,76,77
48,49,50
78,79,80
48,49,50
45,46,47
78,79,80
78,79,80
45,46,47
81,82,83
42,43,44
66,67,68
99,100,101
42,43,44
99,100,101
33,34,35
99,100,101
66,67,68
102,103,104
99,100,101
102,103,104
105,106,107
99,100,101
105,106,107
33,34,35
102,103,104
66,67,68
108,109,110
102,103,104
108,109,110
105,106,107
108,109,110
66,67,68
111,112,113
108,109,110
111,112,113
105,106,107
111,112,113
66,67,68
114,115,116
111,112,113
114,115,116
117,118,119
111,112,113
117,118,119
105,106,107
114,115,116
66,67,68
120,121,122
114,115,116
120,121,122
117,118,119
66,67,68
63,64,65
120,121,122
120,121,122
63,64,65
123,124,125
120,121,122
123,124,125
117,118,119
63,64,65
93,94,95
126,127,128
63,64,65
126,127,128
123,124,125
123,124,125
126,127,128
129,130,131
123,124,125
129,130,131
117,118,119
126,127,128
93,94,95
132,133,134
126,127,128
132,133,134
129,130,131
132,133,134
93,94,95
135,136,137
132,133,134
135,136,137
138,139,140
132,133,134
138,139,140
129,130,131
135,136,137
93,94,95
141,142,143
135,136,137
141,142,143
138,139,140
93,94,95
90,91,92
141,142,143
141,142,143
90,91,92
144,145,146
141,142,143
144,145,146
138,139,140
144,145,146
90,91,92
147,148,149
144,145,146
147,148,149
150,151,152
144,145,146
150,151,152
138,139,140
147,148,149
90,91,92
153,154,155
147,148,149
153,154,155
150,151,152
153,154,155
90,91,92
156,157,158
153,154,155
156,157,158
159,160,161
153,154,155
159,160,161
150,151,152
156,157,158
90,91,92
162,163,164
156,157,158
162,163,164
159,160,161
162,163,164
90,91,92
165,166,167
162,163,164
165,166,167
159,160,161
90,91,92
87,88,89
165,166,167
165,166,167
87,88,89
168,169,170
165,166,167
168,169,170
171,172,173
165,166,167
171,172,173
159,160,161
87,88,89
84,85,86
174,175,176
87,88,89
174,175,176
168,169,170
168,169,170
174,175,176
177,178,179
168,169,170
177,178,179
171,172,173
174,175,176
84,85,86
180,181,182
174,175,176
180,181,182
177,178,179
180,181,182
84,85,86
183,184,185
180,181,182
183,184,185
186,187,188
180,181,182
186,187,188
177,178,179
183,184,185
84,85,86
189,190,191
183,184,185
189,190,191
186,187,188
189,190,191
84,85,86
192,193,194
189,190,191
192,193,194
186,187,188
84,85,86
81,82,83
192,193,194
192,193,194
81,82,83
195,196,197
192,193,194
195,196,197
186,187,188
177,178,179
186,187,188
198,199,200
177,178,179
198,199,200
201,202,203
177,178,179
201,202,203
171,172,173
171,172,173
201,202,203
204,205,206
171,172,173
204,205,206
159,160,161
159,160,161
204,205,206
207,208,209
159,160,161
207,208,209
150,151,152
150,151,152
207,208,209
210,211,212
150,151,152
210,211,212
138,139,140
138,139,140
210,211,212
213,214,215
138,139,140
213,214,215
129,130,131
129,130,131
213,214,215
216,217,218
129,130,131
216,217,218
117,118,119
117,118,119
216,217,218
219,220,221
117,118,119
219,220,221
105,106,107
105,106,107
219,220,221
222,223,224
105,106,107
222,223,224
33,34,35
33,34,35
222,223,224
225,226,227
33,34,35
225,226,227
27,28,29
27,28,29
225,226,227
228,229,230
27,28,29
228,229,230
18,19,20
18,19,20
228,229,230
231,232,233
18,19,20
231,232,233
3,4,5
228,229,230
225,226,227
234,235,236
228,229,230
234,235,236
237,238,239
228,229,230
237,238,239
231,232,233
225,226,227
222,223,224
240,241,242
225,226,227
240,241,242
234,235,236
222,223,224
219,220,221
243,244,245
222,223,224
243,244,245
240,241,242
219,220,221
216,217,218
246,247,248
219,220,221
246,247,248
243,244,245
216,217,218
213,214,215
249,250,251
216,217,218
249,250,251
246,247,248
213,214,215
210,211,212
252,253,254
213,214,215
252,253,254
249,250,251
210,211,212
207,208,209
255,256,257
210,211,212
255,256,257
252,253,254
207,208,209
204,205,206
258,259,260
207,208,209
258,259,260
255,256,257
204,205,206
201,202,203
261,262,263
204,205,206
261,262,263
258,259,260
201,202,203
198,199,200
264,265,266
201,202,203
264,265,266
261,262,263
261,262,263
264,265,266
267,268,269
261,262,263
267,268,269
270,271,272
261,262,263
270,271,272
258,259,260
258,259,260
270,271,272
273,274,275
258,259,260
273,274,275
255,256,257
255,256,257
273,274,275
276,277,278
255,256,257
276,277,278
252,253,254
252,253,254
276,277,278
279,280,281
252,253,254
279,280,281
249,250,251
249,250,251
279,280,281
282,283,284
249,250,251
282,283,284
246,247,248
246,247,248
282,283,284
285,286,287
246,247,248
285,286,287
243,244,245
243,244,245
285,286,287
288,289,290
243,244,245
288,289,290
240,241,242
240,241,242
288,289,290
291,292,293
240,241,242
291,292,293
234,235,236
234,235,236
291,292,293
294,295,296
234,235,236
294,295,296
237,238,239
291,292,293
288,289,290
297,298,299
291,292,293
297,298,299
300,301,302
291,292,293
300,301,302
294,295,296
288,289,290
285,286,287
303,304,305
288,289,290
303,304,305
297,298,299
285,286,287
282,283,284
306,307,308
285,286,287
306,307,308
303,304,305
282,283,284
279,280,281
309,310,311
282,283,284
309,310,311
306,307,308
279,280,281
276,277,278
312,313,314
279,280,281
312,313,314
309,310,311
276,277,278
273,274,275
315,316,317
276,277,278
315,316,317
312,313,314
273,274,275
270,271,272
318,319,320
273,274,275
318,319,320
315,316,317
270,271,272
267,268,269
321,322,323
270,271,272
321,322,323
318,319,320
318,319,320
321,322,323
324,325,326
318,319,320
324,325,326
327,328,329
318,319,320
327,328,329
315,316,317
315,316,317
327,328,329
330,331,332
315,316,317
330,331,332
312,313,314
312,313,314
330,331,332
333,334,335
312,313,314
333,334,335
309,310,311
309,310,311
333,334,335
336,337,338
309,310,311
336,337,338
306,307,308
306,307,308
336,337,338
339,340,341
306,307,308
339,340,341
303,304,305
303,304,305
339,340,341
342,343,344
303,304,305
342,343,344
297,298,299
297,298,299
342,343,344
345,346,347
297,298,299
345,346,347
300,301,302
342,343,344
339,340,341
348,349,350
342,343,344
348,349,350
351,352,353
342,343,344
351,352,353
345,346,347
339,340,341
336,337,338
354,355,356
339,340,341
354,355,356
348,349,350
336,337,338
333,334,335
357,358,359
336,337,338
357,358,359
354,355,356
333,334,335
330,331,332
360,361,362
333,334,335
360,361,362
357,358,359
330,331,332
327,328,329
363,364,365
330,331,332
363,364,365
360,361,362
327,328,329
324,325,326
366,367,368
327,328,329
366,367,368
363,364,365
363,364,365
366,367,368
369,370,371
363,364,365
369,370,371
372,373,374
363,364,365
372,373,374
360,361,362
360,361,362
372,373,374
375,376,377
360,361,362
375,376,377
357,358,359
357,358,359
375,376,377
378,379,380
357,358,359
378,379,380
354,355,356
354,355,356
378,379,380
381,382,383
354,355,356
381,382,383
348,349,350
348,349,350
381,382,383
384,385,386
348,349,350
384,385,386
351,352,353
381,382,383
378,379,380
387,388,389
381,382,383
387,388,389
390,391,392
381,382,383
390,391,392
384,385,386
378,379,380
375,376,377
393,394,395
378,379,380
393,394,395
387,388,389
387,388,389
393,394,395
396,397,398
387,388,389
396,397,398
390,391,392
393,394,395
375,376,377
399,400,401
393,394,395
399,400,401
396,397,398
375,376,377
372,373,374
399,400,401
399,400,401
372,373,374
402,403,404
399,400,401
402,403,404
396,397,398
372,373,374
369,370,371
402,403,404
402,403,404
369,370,371
405,406,407
402,403,404
405,406,407
396,397,398
390,391,392
396,397,398
408,409,410
390,391,392
408,409,410
384,385,386
384,385,386
408,409,410
411,412,413
384,385,386
411,412,413
351,352,353
408,409,410
396,397,398
414,415,416
408,409,410
414,415,416
411,412,413
369,370,371
366,367,368
417,418,419
369,370,371
417,418,419
405,406,407
405,406,407
417,418,419
420,421,422
405,406,407
420,421,422
396,397,398
366,367,368
324,325,326
423,424,425
366,367,368
423,424,425
417,418,419
417,418,419
423,424,425
426,427,428
417,418,419
426,427,428
420,421,422
420,421,422
426,427,428
429,430,431
420,421,422
429,430,431
396,397,398
351,352,353
411,412,413
432,433,434
351,352,353
432,433,434
345,346,347
411,412,413
414,415,416
435,436,437
411,412,413
435,436,437
432,433,434
414,415,416
396,397,398
438,439,440
414,415,416
438,439,440
435,436,437
345,346,347
432,433,434
441,442,443
345,346,347
441,442,443
300,301,302
432,433,434
435,436,437
444,445,446
432,433,434
444,445,446
441,442,443
435,436,437
438,439,440
447,448,449
435,436,437
447,448,449
444,445,446
438,439,440
396,397,398
450,451,452
438,439,440
450,451,452
447,448,449
324,325,326
321,322,323
453,454,455
324,325,326
453,454,455
423,424,425
423,424,425
453,454,455
456,457,458
423,424,425
456,457,458
426,427,428
426,427,428
456,457,458
459,460,461
426,427,428
459,460,461
429,430,431
429,430,431
459,460,461
462,463,464
429,430,431
462,463,464
396,397,398
321,322,323
267,268,269
465,466,467
321,322,323
465,466,467
453,454,455
453,454,455
465,466,467
468,469,470
453,454,455
468,469,470
456,457,458
456,457,458
468,469,470
471,472,473
456,457,458
471,472,473
459,460,461
459,460,461
471,472,473
474,475,476
459,460,461
474,475,476
462,463,464
462,463,464
474,475,476
477,478,479
462,463,464
477,478,479
396,397,398
300,301,302
441,442,443
480,481,482
300,301,302
480,481,482
294,295,296
441,442,443
444,445,446
483,484,485
441,442,443
483,484,485
480,481,482
444,445,446
447,448,449
486,487,488
444,445,446
486,487,488
483,484,485
447,448,449
450,451,452
489,490,491
447,448,449
489,490,491
486,487,488
450,451,452
396,397,398
492,493,494
450,451,452
492,493,494
489,490,491
294,295,296
480,481,482
495,496,497
294,295,296
495,496,497
237,238,239
480,481,482
483,484,485
498,499,500
480,481,482
498,499,500
495,496,497
483,484,485
486,487,488
501,502,503
483,484,485
501,502,503
498,499,500
486,487,488
489,490,491
504,505,506
486,487,488
504,505,506
501,502,503
489,490,491
492,493,494
507,508,509
489,490,491
507,508,509
504,505,506
492,493,494
396,397,398
510,511,512
492,493,494
510,511,512
507,508,509
396,397,398
477,478,479
513,514,515
396,397,398
513,514,515
510,511,512
510,511,512
513,514,515
516,517,518
510,511,512
516,517,518
507,508,509
513,514,515
477,478,479
519,520,521
513,514,515
519,520,521
516,517,518
477,478,479
474,475,476
519,520,521
507,508,509
516,517,518
522,523,524
507,508,509
522,523,524
504,505,506
516,517,518
519,520,521
525,526,527
516,517,518
525,526,527
522,523,524
519,520,521
474,475,476
528,529,530
519,520,521
528,529,530
525,526,527
474,475,476
471,472,473
528,529,530
504,505,506
522,523,524
531,532,533
504,505,506
531,532,533
501,502,503
522,523,524
525,526,527
534,535,536
522,523,524
534,535,536
531,532,533
525,526,527
528,529,530
537,538,539
525,526,527
537,538,539
534,535,536
528,529,530
471,472,473
540,541,542
528,529,530
540,541,542
537,538,539
471,472,473
468,469,470
540,541,542
501,502,503
531,532,533
543,544,545
501,502,503
543,544,545
498,499,500
531,532,533
534,535,536
546,547,548
531,532,533
546,547,548
543,544,545
534,535,536
537,538,539
549,550,551
534,535,536
549,550,551
546,547,548
537,538,539
540,541,542
552,553,554
537,538,539
552,553,554
549,550,551
540,541,542
468,469,470
555,556,557
540,541,542
555,556,557
552,553,554
468,469,470
465,466,467
555,556,557
498,499,500
543,544,545
558,559,560
498,499,500
558,559,560
495,496,497
543,544,545
546,547,548
561,562,563
543,544,545
561,562,563
558,559,560
546,547,548
549,550,551
564,565,566
546,547,548
564,565,566
561,562,563
549,550,551
552,553,554
567,568,569
549,550,551
567,568,569
564,565,566
552,553,554
555,556,557
570,571,572
552,553,554
570,571,572
567,568,569
555,556,557
465,466,467
573,574,575
555,556,557
573,574,575
570,571,572
465,466,467
267,268,269
573,574,575
267,268,269
264,265,266
573,574,575
573,574,575
264,265,266
576,577,578
573,574,575
576,577,578
570,571,572
264,265,266
198,199,200
576,577,578
570,571,572
576,577,578
579,580,581
570,571,572
579,580,581
567,568,569
576,577,578
198,199,200
582,583,584
576,577,578
582,583,584
579,580,581
198,199,200
186,187,188
582,583,584
567,568,569
579,580,581
585,586,587
567,568,569
585,586,587
564,565,566
579,580,581
582,583,584
588,589,590
579,580,581
588,589,590
585,586,587
582,583,584
186,187,188
591,592,593
582,583,584
591,592,593
588,589,590
186,187,188
195,196,197
591,592,593
591,592,593
195,196,197
594,595,596
591,592,593
594,595,596
588,589,590
588,589,590
594,595,596
597,598,599
588,589,590
597,598,599
585,586,587
585,586,587
597,598,599
600,601,602
585,586,587
600,601,602
564,565,566
564,565,566
600,601,602
561,562,563
561,562,563
600,601,602
603,604,605
561,562,563
603,604,605
558,559,560
600,601,602
597,598,599
606,607,608
600,601,602
606,607,608
603,604,605
597,598,599
594,595,596
609,610,611
597,598,599
609,610,611
606,607,608
558,559,560
603,604,605
612,613,614
558,559,560
612,613,614
495,496,497
495,496,497
612,613,614
237,238,239
237,238,239
612,613,614
231,232,233
612,613,614
603,604,605
615,616,617
612,613,614
615,616,617
231,232,233
603,604,605
606,607,608
615,616,617
231,232,233
615,616,617
3,4,5
615,616,617
606,607,608
618,619,620
615,616,617
618,619,620
3,4,5
606,607,608
609,610,611
618,619,620
3,4,5
618,619,620
6,7,8
195,196,197
81,82,83
621,622,623
195,196,197
621,622,623
594,595,596
621,622,623
81,82,83
624,625,626
621,622,623
624,625,626
594,595,596
624,625,626
81,82,83
627,628,629
624,625,626
627,628,629
594,595,596
627,628,629
81,82,83
630,631,632
627,628,629
630,631,632
594,595,596
594,595,596
630,631,632
609,610,611
81,82,83
45,46,47
630,631,632
630,631,632
45,46,47
633,634,635
630,631,632
633,634,635
609,610,611
633,634,635
45,46,47
636,637,638
633,634,635
636,637,638
609,610,611
609,610,611
636,637,638
618,619,620
636,637,638
45,46,47
639,640,641
636,637,638
639,640,641
618,619,620
639,640,641
45,46,47
642,643,644
639,640,641
642,643,644
618,619,620
618,619,620
642,643,644
6,7,8
642,643,644
45,46,47
6,7,8
645,646,647
648,649,650
651,652,653
648,649,650
699,700,701
651,652,653
699,700,701
696,697,698
651,652,653
696,697,698
693,694,695
651,652,653
693,694,695
690,691,692
651,652,653
690,691,692
687,688,689
651,652,653
687,688,689
684,685,686
651,652,653
684,685,686
681,682,683
651,652,653
681,682,683
678,679,680
651,652,653
678,679,680
675,676,677
651,652,653
675,676,677
672,673,674
651,652,653
672,673,674
669,670,671
651,652,653
669,670,671
666,667,668
651,652,653
666,667,668
663,664,665
651,652,653
663,664,665
660,661,662
651,652,653
660,661,662
657,658,659
651,652,653
657,658,659
654,655,656
651,652,653
654,655,656
645,646,647
651,652,653
702,703,704
705,706,707
708,709,710
708,709,710
705,706,707
711,712,713
711,712,713
705,706,707
714,715,716
714,715,716
705,706,707
717,718,719
717,718,719
705,706,707
720,721,722
720,721,722
705,706,707
723,724,725
723,724,725
705,706,707
726,727,728
726,727,728
705,706,707
729,730,731
729,730,731
705,706,707
732,733,734
732,733,734
705,706,707
735,736,737
735,736,737
705,706,707
738,739,740
738,739,740
705,706,707
741,742,743
741,742,743
705,706,707
744,745,746
744,745,746
705,706,707
747,748,749
747,748,749
705,706,707
750,751,752
750,751,752
705,706,707
753,754,755
753,754,755
705,706,707
756,757,758
756,757,758
705,706,707
702,703,704
