0,1,2
3,4,5
6,7,8
3,4,5
0,1,2
9,10,11
3,4,5
9,10,11
12,13,14
3,4,5
12,13,14
15,16,17
3,4,5
15,16,17
6,7,8
15,16,17
12,13,14
18,19,20
15,16,17
18,19,20
21,22,23
15,16,17
21,22,23
24,25,26
15,16,17
24,25,26
6,7,8
12,13,14
9,10,11
27,28,29
12,13,14
27,28,29
30,31,32
12,13,14
30,31,32
18,19,20
18,19,20
30,31,32
33,34,35
18,19,20
33,34,35
36,37,38
18,19,20
36,37,38
21,22,23
30,31,32
27,28,29
39,40,41
30,31,32
39,40,41
42,43,44
30,31,32
42,43,44
33,34,35
33,34,35
42,43,44
45,46,47
33,34,35
45,46,47
48,49,50
33,34,35
48,49,50
36,37,38
42,43,44
39,40,41
51,52,53
42,43,44
51,52,53
54,55,56
42,43,44
54,55,56
45,46,47
45,46,47
54,55,56
57,58,59
45,46,47
57,58,59
60,61,62
45,46,47
60,61,62
48,49,50
54,55,56
51,52,53
63,64,65
54,55,56
63,64,65
66,67,68
54,55,56
66,67,68
57,58,59
57,58,59
66,67,68
69,70,71
57,58,59
69,70,71
72,73,74
57,58,59
72,73,74
60,61,62
66,67,68
63,64,65
75,76,77
66,67,68
75,76,77
78,79,80
66,67,68
78,79,80
69,70,71
69,70,71
78,79,80
81,82,83
69,70,71
81,82,83
84,85,86
69,70,71
84,85,86
72,73,74
84,85,86
81,82,83
87,88,89
84,85,86
87,88,89
90,91,92
84,85,86
90,91,92
72,73,74
81,82,83
78,79,80
93,94,95
81,82,83
93,94,95
87,88,89
78,79,80
75,76,77
96,97,98
78,79,80
96,97,98
93,94,95
93,94,95
96,97,98
99,100,101
93,94,95
99,100,101
87,88,89
72,73,74
90,91,92
102,103,104
72,73,74
102,103,104
60,61,62
90,91,92
87,88,89
105,106,107
90,91,92
105,106,107
102,103,104
60,61,62
102,103,104
108,109,110
60,61,62
108,109,110
48,49,50
102,103,104
105,106,107
111,112,113
102,103,104
111,112,113
108,109,110
105,106,107
87,88,89
114,115,116
105,106,107
114,115,116
111,112,113
48,49,50
108,109,110
117,118,119
48,49,50
117,118,119
36,37,38
108,109,110
111,112,113
120,121,122
108,109,110
120,121,122
117,118,119
111,112,113
114,115,116
123,124,125
111,112,113
123,124,125
120,121,122
114,115,116
87,88,89
126,127,128
114,115,116
126,127,128
123,124,125
36,37,38
117,118,119
129,130,131
36,37,38
129,130,131
21,22,23
117,118,119
120,121,122
132,133,134
117,118,119
132,133,134
129,130,131
120,121,122
123,124,125
135,136,137
120,121,122
135,136,137
132,133,134
123,124,125
126,127,128
138,139,140
123,124,125
138,139,140
135,136,137
21,22,23
129,130,131
141,142,143
21,22,23
141,142,143
24,25,26
129,130,131
132,133,134
144,145,146
129,130,131
144,145,146
141,142,143
132,133,134
135,136,137
147,148,149
132,133,134
147,148,149
144,145,146
135,136,137
138,139,140
150,151,152
135,136,137
150,151,152
147,148,149
147,148,149
150,151,152
153,154,155
147,148,149
153,154,155
156,157,158
147,148,149
156,157,158
144,145,146
144,145,146
156,157,158
159,160,161
144,145,146
159,160,161
141,142,143
141,142,143
159,160,161
162,163,164
141,142,143
162,163,164
24,25,26
24,25,26
162,163,164
165,166,167
24,25,26
165,166,167
6,7,8
165,166,167
162,163,164
168,169,170
165,166,167
168,169,170
171,172,173
165,166,167
171,172,173
6,7,8
162,163,164
159,160,161
174,175,176
162,163,164
174,175,176
168,169,170
159,160,161
156,157,158
177,178,179
159,160,161
177,178,179
174,175,176
156,157,158
153,154,155
180,181,182
156,157,158
180,181,182
177,178,179
177,178,179
180,181,182
183,184,185
177,178,179
183,184,185
186,187,188
177,178,179
186,187,188
174,175,176
174,175,176
186,187,188
189,190,191
174,175,176
189,190,191
168,169,170
168,169,170
189,190,191
192,193,194
168,169,170
192,193,194
171,172,173
189,190,191
186,187,188
195,196,197
189,190,191
195,196,197
192,193,194
186,187,188
183,184,185
198,199,200
186,187,188
198,199,200
195,196,197
195,196,197
198,199,200
201,202,203
195,196,197
201,202,203
192,193,194
198,199,200
183,184,185
204,205,206
198,199,200
204,205,206
207,208,209
198,199,200
207,208,209
201,202,203
183,184,185
180,181,182
210,211,212
183,184,185
210,211,212
204,205,206
180,181,182
153,154,155
213,214,215
180,181,182
213,214,215
210,211,212
204,205,206
210,211,212
216,217,218
204,205,206
216,217,218
219,220,221
204,205,206
219,220,221
207,208,209
207,208,209
219,220,221
222,223,224
207,208,209
222,223,224
225,226,227
207,208,209
225,226,227
201,202,203
201,202,203
225,226,227
228,229,230
201,202,203
228,229,230
192,193,194
225,226,227
222,223,224
231,232,233
225,226,227
231,232,233
228,229,230
222,223,224
219,220,221
234,235,236
222,223,224
234,235,236
237,238,239
222,223,224
237,238,239
231,232,233
219,220,221
216,217,218
240,241,242
219,220,221
240,241,242
234,235,236
240,241,242
216,217,218
243,244,245
240,241,242
243,244,245
246,247,248
240,241,242
246,247,248
234,235,236
234,235,236
246,247,248
249,250,251
234,235,236
249,250,251
237,238,239
216,217,218
210,211,212
252,253,254
216,217,218
252,253,254
243,244,245
252,253,254
210,211,212
255,256,257
252,253,254
255,256,257
258,259,260
252,253,254
258,259,260
243,244,245
258,259,260
255,256,257
261,262,263
258,259,260
261,262,263
243,244,245
210,211,212
213,214,215
264,265,266
210,211,212
264,265,266
255,256,257
261,262,263
255,256,257
267,268,269
261,262,263
267,268,269
270,271,272
261,262,263
270,271,272
243,244,245
255,256,257
264,265,266
273,274,275
255,256,257
273,274,275
267,268,269
270,271,272
267,268,269
276,277,278
270,271,272
276,277,278
279,280,281
270,271,272
279,280,281
243,244,245
276,277,278
267,268,269
282,283,284
276,277,278
282,283,284
279,280,281
267,268,269
273,274,275
285,286,287
267,268,269
285,286,287
288,289,290
267,268,269
288,289,290
282,283,284
282,283,284
288,289,290
291,292,293
282,283,284
291,292,293
294,295,296
282,283,284
294,295,296
279,280,281
291,292,293
288,289,290
297,298,299
291,292,293
297,298,299
294,295,296
297,298,299
288,289,290
300,301,302
297,298,299
300,301,302
294,295,296
288,289,290
285,286,287
303,304,305
288,289,290
303,304,305
306,307,308
288,289,290
306,307,308
300,301,302
300,301,302
306,307,308
309,310,311
300,301,302
309,310,311
312,313,314
300,301,302
312,313,314
294,295,296
294,295,296
312,313,314
315,316,317
294,295,296
315,316,317
318,319,320
294,295,296
318,319,320
279,280,281
279,280,281
318,319,320
321,322,323
279,280,281
321,322,323
243,244,245
243,244,245
321,322,323
324,325,326
243,244,245
324,325,326
246,247,248
246,247,248
324,325,326
327,328,329
246,247,248
327,328,329
249,250,251
324,325,326
321,322,323
330,331,332
324,325,326
330,331,332
333,334,335
324,325,326
333,334,335
327,328,329
321,322,323
318,319,320
336,337,338
321,322,323
336,337,338
330,331,332
318,319,320
315,316,317
339,340,341
318,319,320
339,340,341
336,337,338
315,316,317
312,313,314
342,343,344
315,316,317
342,343,344
339,340,341
339,340,341
342,343,344
345,346,347
339,340,341
345,346,347
336,337,338
336,337,338
345,346,347
348,349,350
336,337,338
348,349,350
330,331,332
345,346,347
342,343,344
351,352,353
345,346,347
351,352,353
348,349,350
330,331,332
348,349,350
354,355,356
330,331,332
354,355,356
333,334,335
348,349,350
351,352,353
357,358,359
348,349,350
357,358,359
354,355,356
351,352,353
342,343,344
360,361,362
351,352,353
360,361,362
357,358,359
312,313,314
309,310,311
363,364,365
312,313,314
363,364,365
342,343,344
360,361,362
342,343,344
366,367,368
360,361,362
366,367,368
369,370,371
360,361,362
369,370,371
357,358,359
357,358,359
369,370,371
372,373,374
357,358,359
372,373,374
354,355,356
354,355,356
372,373,374
375,376,377
354,355,356
375,376,377
333,334,335
333,334,335
375,376,377
378,379,380
333,334,335
378,379,380
327,328,329
327,328,329
378,379,380
381,382,383
327,328,329
381,382,383
249,250,251
249,250,251
381,382,383
384,385,386
249,250,251
384,385,386
237,238,239
237,238,239
384,385,386
387,388,389
237,238,239
387,388,389
231,232,233
387,388,389
384,385,386
390,391,392
387,388,389
390,391,392
393,394,395
387,388,389
393,394,395
231,232,233
384,385,386
381,382,383
396,397,398
384,385,386
396,397,398
390,391,392
390,391,392
396,397,398
399,400,401
390,391,392
399,400,401
393,394,395
381,382,383
378,379,380
402,403,404
381,382,383
402,403,404
396,397,398
396,397,398
402,403,404
405,406,407
396,397,398
405,406,407
399,400,401
378,379,380
375,376,377
408,409,410
378,379,380
408,409,410
402,403,404
402,403,404
408,409,410
411,412,413
402,403,404
411,412,413
405,406,407
375,376,377
372,373,374
414,415,416
375,376,377
414,415,416
408,409,410
408,409,410
414,415,416
417,418,419
408,409,410
417,418,419
411,412,413
372,373,374
369,370,371
420,421,422
372,373,374
420,421,422
414,415,416
414,415,416
420,421,422
423,424,425
414,415,416
423,424,425
417,418,419
369,370,371
366,367,368
426,427,428
369,370,371
426,427,428
420,421,422
420,421,422
426,427,428
429,430,431
420,421,422
429,430,431
423,424,425
366,367,368
342,343,344
432,433,434
366,367,368
432,433,434
426,427,428
426,427,428
432,433,434
435,436,437
426,427,428
435,436,437
429,430,431
432,433,434
342,343,344
438,439,440
432,433,434
438,439,440
435,436,437
438,439,440
342,343,344
441,442,443
438,439,440
441,442,443
444,445,446
438,439,440
444,445,446
435,436,437
435,436,437
444,445,446
447,448,449
435,436,437
447,448,449
429,430,431
429,430,431
447,448,449
450,451,452
429,430,431
450,451,452
423,424,425
423,424,425
450,451,452
453,454,455
423,424,425
453,454,455
417,418,419
417,418,419
453,454,455
456,457,458
417,418,419
456,457,458
411,412,413
411,412,413
456,457,458
459,460,461
411,412,413
459,460,461
405,406,407
405,406,407
459,460,461
462,463,464
405,406,407
462,463,464
399,400,401
399,400,401
462,463,464
465,466,467
399,400,401
465,466,467
393,394,395
462,463,464
459,460,461
468,469,470
462,463,464
468,469,470
465,466,467
459,460,461
456,457,458
471,472,473
459,460,461
471,472,473
468,469,470
456,457,458
453,454,455
474,475,476
456,457,458
474,475,476
471,472,473
453,454,455
450,451,452
477,478,479
453,454,455
477,478,479
474,475,476
450,451,452
447,448,449
480,481,482
450,451,452
480,481,482
477,478,479
447,448,449
444,445,446
483,484,485
447,448,449
483,484,485
480,481,482
444,445,446
441,442,443
486,487,488
444,445,446
486,487,488
483,484,485
441,442,443
342,343,344
489,490,491
441,442,443
489,490,491
486,487,488
489,490,491
342,343,344
492,493,494
489,490,491
492,493,494
495,496,497
489,490,491
495,496,497
486,487,488
486,487,488
495,496,497
498,499,500
486,487,488
498,499,500
483,484,485
483,484,485
498,499,500
501,502,503
483,484,485
501,502,503
480,481,482
480,481,482
501,502,503
504,505,506
480,481,482
504,505,506
477,478,479
477,478,479
504,505,506
507,508,509
477,478,479
507,508,509
474,475,476
474,475,476
507,508,509
510,511,512
474,475,476
510,511,512
471,472,473
471,472,473
510,511,512
513,514,515
471,472,473
513,514,515
468,469,470
468,469,470
513,514,515
516,517,518
468,469,470
516,517,518
465,466,467
513,514,515
510,511,512
519,520,521
513,514,515
519,520,521
516,517,518
510,511,512
507,508,509
522,523,524
510,511,512
522,523,524
519,520,521
507,508,509
504,505,506
525,526,527
507,508,509
525,526,527
522,523,524
504,505,506
501,502,503
528,529,530
504,505,506
528,529,530
525,526,527
501,502,503
498,499,500
531,532,533
501,502,503
531,532,533
528,529,530
498,499,500
495,496,497
534,535,536
498,499,500
534,535,536
531,532,533
495,496,497
492,493,494
537,538,539
495,496,497
537,538,539
534,535,536
492,493,494
342,343,344
540,541,542
492,493,494
540,541,542
537,538,539
537,538,539
540,541,542
543,544,545
537,538,539
543,544,545
546,547,548
537,538,539
546,547,548
534,535,536
534,535,536
546,547,548
549,550,551
534,535,536
549,550,551
531,532,533
531,532,533
549,550,551
552,553,554
531,532,533
552,553,554
528,529,530
528,529,530
552,553,554
555,556,557
528,529,530
555,556,557
525,526,527
525,526,527
555,556,557
558,559,560
525,526,527
558,559,560
522,523,524
522,523,524
558,559,560
561,562,563
522,523,524
561,562,563
519,520,521
519,520,521
561,562,563
564,565,566
519,520,521
564,565,566
516,517,518
561,562,563
558,559,560
567,568,569
561,562,563
567,568,569
564,565,566
558,559,560
555,556,557
570,571,572
558,559,560
570,571,572
567,568,569
567,568,569
570,571,572
573,574,575
567,568,569
573,574,575
564,565,566
555,556,557
552,553,554
576,577,578
555,556,557
576,577,578
570,571,572
570,571,572
576,577,578
579,580,581
570,571,572
579,580,581
573,574,575
552,553,554
549,550,551
582,583,584
552,553,554
582,583,584
576,577,578
576,577,578
582,583,584
585,586,587
576,577,578
585,586,587
579,580,581
549,550,551
546,547,548
588,589,590
549,550,551
588,589,590
582,583,584
582,583,584
588,589,590
591,592,593
582,583,584
591,592,593
585,586,587
546,547,548
543,544,545
594,595,596
546,547,548
594,595,596
588,589,590
588,589,590
594,595,596
597,598,599
588,589,590
597,598,599
591,592,593
594,595,596
543,544,545
600,601,602
594,595,596
600,601,602
603,604,605
594,595,596
603,604,605
597,598,599
543,544,545
540,541,542
606,607,608
543,544,545
606,607,608
600,601,602
606,607,608
540,541,542
609,610,611
606,607,608
609,610,611
612,613,614
606,607,608
612,613,614
600,601,602
612,613,614
609,610,611
615,616,617
612,613,614
615,616,617
600,601,602
600,601,602
615,616,617
603,604,605
540,541,542
342,343,344
618,619,620
540,541,542
618,619,620
609,610,611
609,610,611
618,619,620
621,622,623
609,610,611
621,622,623
615,616,617
618,619,620
342,343,344
624,625,626
618,619,620
624,625,626
621,622,623
615,616,617
621,622,623
627,628,629
615,616,617
627,628,629
603,604,605
621,622,623
624,625,626
630,631,632
621,622,623
630,631,632
627,628,629
603,604,605
627,628,629
633,634,635
603,604,605
633,634,635
597,598,599
627,628,629
630,631,632
636,637,638
627,628,629
636,637,638
633,634,635
597,598,599
633,634,635
639,640,641
597,598,599
639,640,641
591,592,593
633,634,635
636,637,638
642,643,644
633,634,635
642,643,644
639,640,641
591,592,593
639,640,641
645,646,647
591,592,593
645,646,647
585,586,587
639,640,641
642,643,644
648,649,650
639,640,641
648,649,650
645,646,647
585,586,587
645,646,647
651,652,653
585,586,587
651,652,653
579,580,581
645,646,647
648,649,650
654,655,656
645,646,647
654,655,656
651,652,653
579,580,581
651,652,653
657,658,659
579,580,581
657,658,659
573,574,575
651,652,653
654,655,656
660,661,662
651,652,653
660,661,662
657,658,659
657,658,659
660,661,662
663,664,665
657,658,659
663,664,665
573,574,575
573,574,575
663,664,665
564,565,566
342,343,344
363,364,365
666,667,668
342,343,344
666,667,668
624,625,626
624,625,626
666,667,668
669,670,671
624,625,626
669,670,671
630,631,632
630,631,632
669,670,671
672,673,674
630,631,632
672,673,674
636,637,638
636,637,638
672,673,674
675,676,677
636,637,638
675,676,677
642,643,644
642,643,644
675,676,677
678,679,680
642,643,644
678,679,680
648,649,650
648,649,650
678,679,680
681,682,683
648,649,650
681,682,683
654,655,656
654,655,656
681,682,683
684,685,686
654,655,656
684,685,686
660,661,662
660,661,662
684,685,686
687,688,689
660,661,662
687,688,689
663,664,665
684,685,686
681,682,683
690,691,692
684,685,686
690,691,692
687,688,689
681,682,683
678,679,680
693,694,695
681,682,683
693,694,695
690,691,692
678,679,680
675,676,677
696,697,698
678,679,680
696,697,698
693,694,695
675,676,677
672,673,674
699,700,701
675,676,677
699,700,701
696,697,698
672,673,674
669,670,671
702,703,704
672,673,674
702,703,704
699,700,701
669,670,671
666,667,668
705,706,707
669,670,671
705,706,707
702,703,704
702,703,704
705,706,707
708,709,710
702,703,704
708,709,710
711,712,713
702,703,704
711,712,713
699,700,701
699,700,701
711,712,713
714,715,716
699,700,701
714,715,716
696,697,698
696,697,698
714,715,716
717,718,719
696,697,698
717,718,719
693,694,695
693,694,695
717,718,719
720,721,722
693,694,695
720,721,722
690,691,692
690,691,692
720,721,722
723,724,725
690,691,692
723,724,725
687,688,689
720,721,722
717,718,719
726,727,728
720,721,722
726,727,728
723,724,725
717,718,719
714,715,716
729,730,731
717,718,719
729,730,731
726,727,728
714,715,716
711,712,713
732,733,734
714,715,716
732,733,734
729,730,731
711,712,713
708,709,710
735,736,737
711,712,713
735,736,737
732,733,734
732,733,734
735,736,737
738,739,740
732,733,734
738,739,740
741,742,743
732,733,734
741,742,743
729,730,731
729,730,731
741,742,743
744,745,746
729,730,731
744,745,746
726,727,728
726,727,728
744,745,746
747,748,749
726,727,728
747,748,749
723,724,725
744,745,746
741,742,743
750,751,752
744,745,746
750,751,752
747,748,749
741,742,743
738,739,740
753,754,755
741,742,743
753,754,755
750,751,752
750,751,752
753,754,755
756,757,758
750,751,752
756,757,758
747,748,749
753,754,755
738,739,740
759,760,761
753,754,755
759,760,761
762,763,764
753,754,755
762,763,764
756,757,758
738,739,740
735,736,737
765,766,767
738,739,740
765,766,767
759,760,761
735,736,737
708,709,710
768,769,770
735,736,737
768,769,770
765,766,767
765,766,767
768,769,770
771,772,773
765,766,767
771,772,773
774,775,776
765,766,767
774,775,776
759,760,761
759,760,761
774,775,776
777,778,779
759,760,761
777,778,779
762,763,764
762,763,764
777,778,779
780,781,782
762,763,764
780,781,782
783,784,785
762,763,764
783,784,785
756,757,758
756,757,758
783,784,785
786,787,788
756,757,758
786,787,788
747,748,749
783,784,785
780,781,782
789,790,791
783,784,785
789,790,791
786,787,788
780,781,782
777,778,779
792,793,794
780,781,782
792,793,794
795,796,797
780,781,782
795,796,797
789,790,791
777,778,779
774,775,776
798,799,800
777,778,779
798,799,800
792,793,794
792,793,794
798,799,800
801,802,803
792,793,794
801,802,803
804,805,806
792,793,794
804,805,806
795,796,797
798,799,800
774,775,776
807,808,809
798,799,800
807,808,809
810,811,812
798,799,800
810,811,812
801,802,803
801,802,803
810,811,812
813,814,815
801,802,803
813,814,815
816,817,818
801,802,803
816,817,818
804,805,806
810,811,812
807,808,809
819,820,821
810,811,812
819,820,821
822,823,824
810,811,812
822,823,824
813,814,815
813,814,815
822,823,824
825,826,827
813,814,815
825,826,827
828,829,830
813,814,815
828,829,830
816,817,818
822,823,824
819,820,821
831,832,833
822,823,824
831,832,833
834,835,836
822,823,824
834,835,836
825,826,827
825,826,827
834,835,836
837,838,839
825,826,827
837,838,839
840,841,842
825,826,827
840,841,842
828,829,830
834,835,836
831,832,833
843,844,845
834,835,836
843,844,845
846,847,848
834,835,836
846,847,848
837,838,839
843,844,845
831,832,833
87,88,89
843,844,845
87,88,89
846,847,848
846,847,848
87,88,89
849,850,851
846,847,848
849,850,851
837,838,839
837,838,839
849,850,851
852,853,854
837,838,839
852,853,854
840,841,842
849,850,851
87,88,89
855,856,857
849,850,851
855,856,857
852,853,854
831,832,833
819,820,821
858,859,860
831,832,833
858,859,860
87,88,89
855,856,857
87,88,89
861,862,863
855,856,857
861,862,863
864,865,866
855,856,857
864,865,866
852,853,854
852,853,854
864,865,866
867,868,869
852,853,854
867,868,869
840,841,842
840,841,842
867,868,869
870,871,872
840,841,842
870,871,872
828,829,830
828,829,830
870,871,872
873,874,875
828,829,830
873,874,875
816,817,818
816,817,818
873,874,875
876,877,878
816,817,818
876,877,878
804,805,806
804,805,806
876,877,878
879,880,881
804,805,806
879,880,881
795,796,797
795,796,797
879,880,881
882,883,884
795,796,797
882,883,884
789,790,791
789,790,791
882,883,884
885,886,887
789,790,791
885,886,887
786,787,788
882,883,884
879,880,881
888,889,890
882,883,884
888,889,890
885,886,887
879,880,881
876,877,878
891,892,893
879,880,881
891,892,893
888,889,890
888,889,890
891,892,893
894,895,896
888,889,890
894,895,896
885,886,887
876,877,878
873,874,875
897,898,899
876,877,878
897,898,899
891,892,893
891,892,893
897,898,899
900,901,902
891,892,893
900,901,902
894,895,896
873,874,875
870,871,872
903,904,905
873,874,875
903,904,905
897,898,899
897,898,899
903,904,905
906,907,908
897,898,899
906,907,908
900,901,902
870,871,872
867,868,869
909,910,911
870,871,872
909,910,911
903,904,905
903,904,905
909,910,911
912,913,914
903,904,905
912,913,914
906,907,908
867,868,869
864,865,866
915,916,917
867,868,869
915,916,917
909,910,911
909,910,911
915,916,917
918,919,920
909,910,911
918,919,920
912,913,914
864,865,866
861,862,863
921,922,923
864,865,866
921,922,923
915,916,917
915,916,917
921,922,923
924,925,926
915,916,917
924,925,926
918,919,920
861,862,863
87,88,89
927,928,929
861,862,863
927,928,929
921,922,923
921,922,923
927,928,929
930,931,932
921,922,923
930,931,932
924,925,926
927,928,929
87,88,89
933,934,935
927,928,929
933,934,935
930,931,932
933,934,935
87,88,89
936,937,938
933,934,935
936,937,938
939,940,941
933,934,935
939,940,941
930,931,932
930,931,932
939,940,941
942,943,944
930,931,932
942,943,944
924,925,926
924,925,926
942,943,944
945,946,947
924,925,926
945,946,947
918,919,920
918,919,920
945,946,947
948,949,950
918,919,920
948,949,950
912,913,914
912,913,914
948,949,950
951,952,953
912,913,914
951,952,953
906,907,908
906,907,908
951,952,953
954,955,956
906,907,908
954,955,956
900,901,902
900,901,902
954,955,956
957,958,959
900,901,902
957,958,959
894,895,896
894,895,896
957,958,959
960,961,962
894,895,896
960,961,962
885,886,887
957,958,959
954,955,956
963,964,965
957,958,959
963,964,965
960,961,962
954,955,956
951,952,953
966,967,968
954,955,956
966,967,968
963,964,965
951,952,953
948,949,950
969,970,971
951,952,953
969,970,971
966,967,968
948,949,950
945,946,947
972,973,974
948,949,950
972,973,974
969,970,971
945,946,947
942,943,944
975,976,977
945,946,947
975,976,977
972,973,974
942,943,944
939,940,941
978,979,980
942,943,944
978,979,980
975,976,977
939,940,941
936,937,938
981,982,983
939,940,941
981,982,983
978,979,980
936,937,938
87,88,89
99,100,101
936,937,938
99,100,101
981,982,983
981,982,983
99,100,101
96,97,98
981,982,983
96,97,98
984,985,986
981,982,983
984,985,986
978,979,980
978,979,980
984,985,986
987,988,989
978,979,980
987,988,989
975,976,977
975,976,977
987,988,989
990,991,992
975,976,977
990,991,992
972,973,974
972,973,974
990,991,992
993,994,995
972,973,974
993,994,995
969,970,971
969,970,971
993,994,995
996,997,998
969,970,971
996,997,998
966,967,968
966,967,968
996,997,998
999,1000,1001
966,967,968
999,1000,1001
963,964,965
963,964,965
999,1000,1001
1002,1003,1004
963,964,965
1002,1003,1004
960,961,962
999,1000,1001
996,997,998
1005,1006,1007
999,1000,1001
1005,1006,1007
1002,1003,1004
996,997,998
993,994,995
1008,1009,1010
996,997,998
1008,1009,1010
1005,1006,1007
993,994,995
990,991,992
1011,1012,1013
993,994,995
1011,1012,1013
1008,1009,1010
990,991,992
987,988,989
1014,1015,1016
990,991,992
1014,1015,1016
1011,1012,1013
987,988,989
984,985,986
1017,1018,1019
987,988,989
1017,1018,1019
1014,1015,1016
984,985,986
96,97,98
75,76,77
984,985,986
75,76,77
1017,1018,1019
1017,1018,1019
75,76,77
63,64,65
1017,1018,1019
63,64,65
1020,1021,1022
1017,1018,1019
1020,1021,1022
1014,1015,1016
1014,1015,1016
1020,1021,1022
1023,1024,1025
1014,1015,1016
1023,1024,1025
1011,1012,1013
1011,1012,1013
1023,1024,1025
1026,1027,1028
1011,1012,1013
1026,1027,1028
1008,1009,1010
1008,1009,1010
1026,1027,1028
1029,1030,1031
1008,1009,1010
1029,1030,1031
1005,1006,1007
1005,1006,1007
1029,1030,1031
1032,1033,1034
1005,1006,1007
1032,1033,1034
1002,1003,1004
1029,1030,1031
1026,1027,1028
1035,1036,1037
1029,1030,1031
1035,1036,1037
1032,1033,1034
1026,1027,1028
1023,1024,1025
1038,1039,1040
1026,1027,1028
1038,1039,1040
1035,1036,1037
1035,1036,1037
1038,1039,1040
1041,1042,1043
1035,1036,1037
1041,1042,1043
1032,1033,1034
1023,1024,1025
1020,1021,1022
1044,1045,1046
1023,1024,1025
1044,1045,1046
1038,1039,1040
1038,1039,1040
1044,1045,1046
1047,1048,1049
1038,1039,1040
1047,1048,1049
1041,1042,1043
1020,1021,1022
63,64,65
51,52,53
1020,1021,1022
51,52,53
1044,1045,1046
1044,1045,1046
51,52,53
39,40,41
1044,1045,1046
39,40,41
1047,1048,1049
1047,1048,1049
39,40,41
27,28,29
1047,1048,1049
27,28,29
1050,1051,1052
1047,1048,1049
1050,1051,1052
1041,1042,1043
1041,1042,1043
1050,1051,1052
1053,1054,1055
1041,1042,1043
1053,1054,1055
1032,1033,1034
1050,1051,1052
27,28,29
9,10,11
1050,1051,1052
9,10,11
1053,1054,1055
1032,1033,1034
1053,1054,1055
1056,1057,1058
1032,1033,1034
1056,1057,1058
1059,1060,1061
1032,1033,1034
1059,1060,1061
1002,1003,1004
1002,1003,1004
1059,1060,1061
1062,1063,1064
1002,1003,1004
1062,1063,1064
960,961,962
960,961,962
1062,1063,1064
1065,1066,1067
960,961,962
1065,1066,1067
885,886,887
885,886,887
1065,1066,1067
1068,1069,1070
885,886,887
1068,1069,1070
786,787,788
786,787,788
1068,1069,1070
1071,1072,1073
786,787,788
1071,1072,1073
747,748,749
747,748,749
1071,1072,1073
1074,1075,1076
747,748,749
1074,1075,1076
723,724,725
723,724,725
1074,1075,1076
1077,1078,1079
723,724,725
1077,1078,1079
687,688,689
1074,1075,1076
1071,1072,1073
1080,1081,1082
1074,1075,1076
1080,1081,1082
1083,1084,1085
1074,1075,1076
1083,1084,1085
1077,1078,1079
1071,1072,1073
1068,1069,1070
1086,1087,1088
1071,1072,1073
1086,1087,1088
1080,1081,1082
1068,1069,1070
1065,1066,1067
1089,1090,1091
1068,1069,1070
1089,1090,1091
1086,1087,1088
1065,1066,1067
1062,1063,1064
1092,1093,1094
1065,1066,1067
1092,1093,1094
1089,1090,1091
1062,1063,1064
1059,1060,1061
1095,1096,1097
1062,1063,1064
1095,1096,1097
1092,1093,1094
1059,1060,1061
1056,1057,1058
1098,1099,1100
1059,1060,1061
1098,1099,1100
1095,1096,1097
1095,1096,1097
1098,1099,1100
1101,1102,1103
1095,1096,1097
1101,1102,1103
1104,1105,1106
1095,1096,1097
1104,1105,1106
1092,1093,1094
1092,1093,1094
1104,1105,1106
1107,1108,1109
1092,1093,1094
1107,1108,1109
1089,1090,1091
1104,1105,1106
1101,1102,1103
1110,1111,1112
1104,1105,1106
1110,1111,1112
1107,1108,1109
1089,1090,1091
1107,1108,1109
1113,1114,1115
1089,1090,1091
1113,1114,1115
1086,1087,1088
1107,1108,1109
1110,1111,1112
1116,1117,1118
1107,1108,1109
1116,1117,1118
1113,1114,1115
1113,1114,1115
1116,1117,1118
1119,1120,1121
1113,1114,1115
1119,1120,1121
1086,1087,1088
1086,1087,1088
1119,1120,1121
1080,1081,1082
1080,1081,1082
1119,1120,1121
1122,1123,1124
1080,1081,1082
1122,1123,1124
1083,1084,1085
1119,1120,1121
1116,1117,1118
1125,1126,1127
1119,1120,1121
1125,1126,1127
1122,1123,1124
1122,1123,1124
1125,1126,1127
1128,1129,1130
1122,1123,1124
1128,1129,1130
1083,1084,1085
1116,1117,1118
1110,1111,1112
1131,1132,1133
1116,1117,1118
1131,1132,1133
1125,1126,1127
1125,1126,1127
1131,1132,1133
1134,1135,1136
1125,1126,1127
1134,1135,1136
1128,1129,1130
1110,1111,1112
1101,1102,1103
1137,1138,1139
1110,1111,1112
1137,1138,1139
1131,1132,1133
1101,1102,1103
1098,1099,1100
1140,1141,1142
1101,1102,1103
1140,1141,1142
1137,1138,1139
1137,1138,1139
1140,1141,1142
1143,1144,1145
1137,1138,1139
1143,1144,1145
1131,1132,1133
1098,1099,1100
1056,1057,1058
1146,1147,1148
1098,1099,1100
1146,1147,1148
1140,1141,1142
1140,1141,1142
1146,1147,1148
1149,1150,1151
1140,1141,1142
1149,1150,1151
1143,1144,1145
1143,1144,1145
1149,1150,1151
1152,1153,1154
1143,1144,1145
1152,1153,1154
1131,1132,1133
1083,1084,1085
1128,1129,1130
1155,1156,1157
1083,1084,1085
1155,1156,1157
1077,1078,1079
1128,1129,1130
1134,1135,1136
1158,1159,1160
1128,1129,1130
1158,1159,1160
1155,1156,1157
1077,1078,1079
1155,1156,1157
1161,1162,1163
1077,1078,1079
1161,1162,1163
687,688,689
1155,1156,1157
1158,1159,1160
1164,1165,1166
1155,1156,1157
1164,1165,1166
1161,1162,1163
1158,1159,1160
1134,1135,1136
1167,1168,1169
1158,1159,1160
1167,1168,1169
1164,1165,1166
1134,1135,1136
1131,1132,1133
1170,1171,1172
1134,1135,1136
1170,1171,1172
1167,1168,1169
1056,1057,1058
1053,1054,1055
1173,1174,1175
1056,1057,1058
1173,1174,1175
1146,1147,1148
1146,1147,1148
1173,1174,1175
1176,1177,1178
1146,1147,1148
1176,1177,1178
1149,1150,1151
1149,1150,1151
1176,1177,1178
1179,1180,1181
1149,1150,1151
1179,1180,1181
1152,1153,1154
1053,1054,1055
9,10,11
0,1,2
1053,1054,1055
0,1,2
1173,1174,1175
1173,1174,1175
0,1,2
1182,1183,1184
1173,1174,1175
1182,1183,1184
1176,1177,1178
1176,1177,1178
1182,1183,1184
1185,1186,1187
1176,1177,1178
1185,1186,1187
1179,1180,1181
1179,1180,1181
1185,1186,1187
1188,1189,1190
1179,1180,1181
1188,1189,1190
1152,1153,1154
1152,1153,1154
1188,1189,1190
1191,1192,1193
1152,1153,1154
1191,1192,1193
1131,1132,1133
1131,1132,1133
1191,1192,1193
1194,1195,1196
1131,1132,1133
1194,1195,1196
1170,1171,1172
1191,1192,1193
1188,1189,1190
1197,1198,1199
1191,1192,1193
1197,1198,1199
1200,1201,1202
1191,1192,1193
1200,1201,1202
1194,1195,1196
1188,1189,1190
1185,1186,1187
1203,1204,1205
1188,1189,1190
1203,1204,1205
1197,1198,1199
1197,1198,1199
1203,1204,1205
1206,1207,1208
1197,1198,1199
1206,1207,1208
1200,1201,1202
1185,1186,1187
1182,1183,1184
1209,1210,1211
1185,1186,1187
1209,1210,1211
1203,1204,1205
1203,1204,1205
1209,1210,1211
1212,1213,1214
1203,1204,1205
1212,1213,1214
1206,1207,1208
1182,1183,1184
0,1,2
171,172,173
1182,1183,1184
171,172,173
1209,1210,1211
1209,1210,1211
171,172,173
192,193,194
1209,1210,1211
192,193,194
1212,1213,1214
1212,1213,1214
192,193,194
228,229,230
1212,1213,1214
228,229,230
1215,1216,1217
1212,1213,1214
1215,1216,1217
1206,1207,1208
1206,1207,1208
1215,1216,1217
1218,1219,1220
1206,1207,1208
1218,1219,1220
1200,1201,1202
1200,1201,1202
1218,1219,1220
1221,1222,1223
1200,1201,1202
1221,1222,1223
1194,1195,1196
1194,1195,1196
1221,1222,1223
1224,1225,1226
1194,1195,1196
1224,1225,1226
1170,1171,1172
1221,1222,1223
1218,1219,1220
1227,1228,1229
1221,1222,1223
1227,1228,1229
1224,1225,1226
1218,1219,1220
1215,1216,1217
1230,1231,1232
1218,1219,1220
1230,1231,1232
1227,1228,1229
1215,1216,1217
228,229,230
393,394,395
1215,1216,1217
393,394,395
1230,1231,1232
687,688,689
1161,1162,1163
663,664,665
1170,1171,1172
1224,1225,1226
1233,1234,1235
1170,1171,1172
1233,1234,1235
1167,1168,1169
1224,1225,1226
1227,1228,1229
1236,1237,1238
1224,1225,1226
1236,1237,1238
1233,1234,1235
1233,1234,1235
1236,1237,1238
1239,1240,1241
1233,1234,1235
1239,1240,1241
1167,1168,1169
1167,1168,1169
1239,1240,1241
1164,1165,1166
1227,1228,1229
1230,1231,1232
1242,1243,1244
1227,1228,1229
1242,1243,1244
1236,1237,1238
1236,1237,1238
1242,1243,1244
1245,1246,1247
1236,1237,1238
1245,1246,1247
1239,1240,1241
1239,1240,1241
1245,1246,1247
1248,1249,1250
1239,1240,1241
1248,1249,1250
1164,1165,1166
1164,1165,1166
1248,1249,1250
1161,1162,1163
1161,1162,1163
1248,1249,1250
663,664,665
663,664,665
1248,1249,1250
564,565,566
1248,1249,1250
1245,1246,1247
564,565,566
564,565,566
1245,1246,1247
516,517,518
1245,1246,1247
1242,1243,1244
516,517,518
516,517,518
1242,1243,1244
465,466,467
1242,1243,1244
1230,1231,1232
465,466,467
1230,1231,1232
393,394,395
465,466,467
393,394,395
228,229,230
231,232,233
708,709,710
705,706,707
1251,1252,1253
708,709,710
1251,1252,1253
1254,1255,1256
708,709,710
1254,1255,1256
768,769,770
1254,1255,1256
1251,1252,1253
1257,1258,1259
1254,1255,1256
1257,1258,1259
1260,1261,1262
1254,1255,1256
1260,1261,1262
768,769,770
1251,1252,1253
705,706,707
1263,1264,1265
1251,1252,1253
1263,1264,1265
1257,1258,1259
1263,1264,1265
705,706,707
1266,1267,1268
1263,1264,1265
1266,1267,1268
1257,1258,1259
705,706,707
666,667,668
1266,1267,1268
1266,1267,1268
666,667,668
1269,1270,1271
1266,1267,1268
1269,1270,1271
1257,1258,1259
768,769,770
1260,1261,1262
1272,1273,1274
768,769,770
1272,1273,1274
771,772,773
1272,1273,1274
1260,1261,1262
1275,1276,1277
1272,1273,1274
1275,1276,1277
771,772,773
1260,1261,1262
1257,1258,1259
1275,1276,1277
666,667,668
363,364,365
1278,1279,1280
666,667,668
1278,1279,1280
1269,1270,1271
1269,1270,1271
1278,1279,1280
1281,1282,1283
1269,1270,1271
1281,1282,1283
1257,1258,1259
1278,1279,1280
363,364,365
1284,1285,1286
1278,1279,1280
1284,1285,1286
1281,1282,1283
1281,1282,1283
1284,1285,1286
1287,1288,1289
1281,1282,1283
1287,1288,1289
1290,1291,1292
1281,1282,1283
1290,1291,1292
1257,1258,1259
1257,1258,1259
1290,1291,1292
1293,1294,1295
1257,1258,1259
1293,1294,1295
1275,1276,1277
1275,1276,1277
1293,1294,1295
1296,1297,1298
1275,1276,1277
1296,1297,1298
771,772,773
1296,1297,1298
1293,1294,1295
1299,1300,1301
1296,1297,1298
1299,1300,1301
771,772,773
1299,1300,1301
1293,1294,1295
1302,1303,1304
1299,1300,1301
1302,1303,1304
1305,1306,1307
1299,1300,1301
1305,1306,1307
771,772,773
1302,1303,1304
1293,1294,1295
1308,1309,1310
1302,1303,1304
1308,1309,1310
1311,1312,1313
1302,1303,1304
1311,1312,1313
1305,1306,1307
1293,1294,1295
1290,1291,1292
1314,1315,1316
1293,1294,1295
1314,1315,1316
1308,1309,1310
1311,1312,1313
1308,1309,1310
1317,1318,1319
1311,1312,1313
1317,1318,1319
1320,1321,1322
1311,1312,1313
1320,1321,1322
1305,1306,1307
1317,1318,1319
1308,1309,1310
1323,1324,1325
1317,1318,1319
1323,1324,1325
1320,1321,1322
1308,1309,1310
1314,1315,1316
1323,1324,1325
1323,1324,1325
1314,1315,1316
1326,1327,1328
1323,1324,1325
1326,1327,1328
1320,1321,1322
1314,1315,1316
1290,1291,1292
1329,1330,1331
1314,1315,1316
1329,1330,1331
1332,1333,1334
1314,1315,1316
1332,1333,1334
1326,1327,1328
1290,1291,1292
1287,1288,1289
1335,1336,1337
1290,1291,1292
1335,1336,1337
1329,1330,1331
1287,1288,1289
1284,1285,1286
1338,1339,1340
1287,1288,1289
1338,1339,1340
1335,1336,1337
1335,1336,1337
1338,1339,1340
1341,1342,1343
1335,1336,1337
1341,1342,1343
1329,1330,1331
1329,1330,1331
1341,1342,1343
1344,1345,1346
1329,1330,1331
1344,1345,1346
1332,1333,1334
1284,1285,1286
363,364,365
1347,1348,1349
1284,1285,1286
1347,1348,1349
1338,1339,1340
1338,1339,1340
1347,1348,1349
1350,1351,1352
1338,1339,1340
1350,1351,1352
1341,1342,1343
1347,1348,1349
363,364,365
1353,1354,1355
1347,1348,1349
1353,1354,1355
1350,1351,1352
363,364,365
309,310,311
1353,1354,1355
1350,1351,1352
1353,1354,1355
1356,1357,1358
1350,1351,1352
1356,1357,1358
1341,1342,1343
1341,1342,1343
1356,1357,1358
1344,1345,1346
309,310,311
306,307,308
1359,1360,1361
309,310,311
1359,1360,1361
1353,1354,1355
1353,1354,1355
1359,1360,1361
1362,1363,1364
1353,1354,1355
1362,1363,1364
1356,1357,1358
1356,1357,1358
1362,1363,1364
1365,1366,1367
1356,1357,1358
1365,1366,1367
1344,1345,1346
1344,1345,1346
1365,1366,1367
1368,1369,1370
1344,1345,1346
1368,1369,1370
1332,1333,1334
1365,1366,1367
1362,1363,1364
1371,1372,1373
1365,1366,1367
1371,1372,1373
1368,1369,1370
1332,1333,1334
1368,1369,1370
1374,1375,1376
1332,1333,1334
1374,1375,1376
1326,1327,1328
1368,1369,1370
1371,1372,1373
1377,1378,1379
1368,1369,1370
1377,1378,1379
1374,1375,1376
1374,1375,1376
1377,1378,1379
1380,1381,1382
1374,1375,1376
1380,1381,1382
1326,1327,1328
1326,1327,1328
1380,1381,1382
1320,1321,1322
1362,1363,1364
1359,1360,1361
1383,1384,1385
1362,1363,1364
1383,1384,1385
1386,1387,1388
1362,1363,1364
1386,1387,1388
1371,1372,1373
1359,1360,1361
306,307,308
1389,1390,1391
1359,1360,1361
1389,1390,1391
1383,1384,1385
1389,1390,1391
306,307,308
1392,1393,1394
1389,1390,1391
1392,1393,1394
1395,1396,1397
1389,1390,1391
1395,1396,1397
1383,1384,1385
1383,1384,1385
1395,1396,1397
1398,1399,1400
1383,1384,1385
1398,1399,1400
1386,1387,1388
1386,1387,1388
1398,1399,1400
1401,1402,1403
1386,1387,1388
1401,1402,1403
1371,1372,1373
1371,1372,1373
1401,1402,1403
1404,1405,1406
1371,1372,1373
1404,1405,1406
1377,1378,1379
1401,1402,1403
1398,1399,1400
1407,1408,1409
1401,1402,1403
1407,1408,1409
1410,1411,1412
1401,1402,1403
1410,1411,1412
1404,1405,1406
1398,1399,1400
1395,1396,1397
1413,1414,1415
1398,1399,1400
1413,1414,1415
1407,1408,1409
1395,1396,1397
1392,1393,1394
1416,1417,1418
1395,1396,1397
1416,1417,1418
1413,1414,1415
1392,1393,1394
306,307,308
1419,1420,1421
1392,1393,1394
1419,1420,1421
1416,1417,1418
1419,1420,1421
306,307,308
1422,1423,1424
1419,1420,1421
1422,1423,1424
1425,1426,1427
1419,1420,1421
1425,1426,1427
1416,1417,1418
1416,1417,1418
1425,1426,1427
1428,1429,1430
1416,1417,1418
1428,1429,1430
1413,1414,1415
1425,1426,1427
1422,1423,1424
1431,1432,1433
1425,1426,1427
1431,1432,1433
1434,1435,1436
1425,1426,1427
1434,1435,1436
1428,1429,1430
1422,1423,1424
306,307,308
1437,1438,1439
1422,1423,1424
1437,1438,1439
1431,1432,1433
1437,1438,1439
306,307,308
1440,1441,1442
1437,1438,1439
1440,1441,1442
1443,1444,1445
1437,1438,1439
1443,1444,1445
1431,1432,1433
1431,1432,1433
1443,1444,1445
1446,1447,1448
1431,1432,1433
1446,1447,1448
1434,1435,1436
1443,1444,1445
1440,1441,1442
1449,1450,1451
1443,1444,1445
1449,1450,1451
1452,1453,1454
1443,1444,1445
1452,1453,1454
1446,1447,1448
1440,1441,1442
306,307,308
1455,1456,1457
1440,1441,1442
1455,1456,1457
1449,1450,1451
1455,1456,1457
306,307,308
303,304,305
1455,1456,1457
303,304,305
1449,1450,1451
1449,1450,1451
303,304,305
1458,1459,1460
1449,1450,1451
1458,1459,1460
1452,1453,1454
1446,1447,1448
1452,1453,1454
1461,1462,1463
1446,1447,1448
1461,1462,1463
1464,1465,1466
1446,1447,1448
1464,1465,1466
1434,1435,1436
1464,1465,1466
1461,1462,1463
1467,1468,1469
1464,1465,1466
1467,1468,1469
1470,1471,1472
1464,1465,1466
1470,1471,1472
1434,1435,1436
1461,1462,1463
1452,1453,1454
1473,1474,1475
1461,1462,1463
1473,1474,1475
1467,1468,1469
1452,1453,1454
1458,1459,1460
1476,1477,1478
1452,1453,1454
1476,1477,1478
1473,1474,1475
1473,1474,1475
1476,1477,1478
1479,1480,1481
1473,1474,1475
1479,1480,1481
1467,1468,1469
1476,1477,1478
1458,1459,1460
1482,1483,1484
1476,1477,1478
1482,1483,1484
1479,1480,1481
1458,1459,1460
303,304,305
285,286,287
1458,1459,1460
285,286,287
1482,1483,1484
1482,1483,1484
285,286,287
273,274,275
1482,1483,1484
273,274,275
1479,1480,1481
1434,1435,1436
1470,1471,1472
1485,1486,1487
1434,1435,1436
1485,1486,1487
1428,1429,1430
1470,1471,1472
1467,1468,1469
1488,1489,1490
1470,1471,1472
1488,1489,1490
1485,1486,1487
1485,1486,1487
1488,1489,1490
1491,1492,1493
1485,1486,1487
1491,1492,1493
1428,1429,1430
1428,1429,1430
1491,1492,1493
1413,1414,1415
1491,1492,1493
1488,1489,1490
1494,1495,1496
1491,1492,1493
1494,1495,1496
1413,1414,1415
1413,1414,1415
1494,1495,1496
1407,1408,1409
1494,1495,1496
1488,1489,1490
1407,1408,1409
1407,1408,1409
1488,1489,1490
1410,1411,1412
273,274,275
264,265,266
1479,1480,1481
264,265,266
213,214,215
1497,1498,1499
264,265,266
1497,1498,1499
1479,1480,1481
1404,1405,1406
1410,1411,1412
1500,1501,1502
1404,1405,1406
1500,1501,1502
1503,1504,1505
1404,1405,1406
1503,1504,1505
1377,1378,1379
1410,1411,1412
1488,1489,1490
1506,1507,1508
1410,1411,1412
1506,1507,1508
1509,1510,1511
1410,1411,1412
1509,1510,1511
1500,1501,1502
1509,1510,1511
1506,1507,1508
1512,1513,1514
1509,1510,1511
1512,1513,1514
1500,1501,1502
1500,1501,1502
1512,1513,1514
1515,1516,1517
1500,1501,1502
1515,1516,1517
1503,1504,1505
1515,1516,1517
1512,1513,1514
1518,1519,1520
1515,1516,1517
1518,1519,1520
1521,1522,1523
1515,1516,1517
1521,1522,1523
1503,1504,1505
1512,1513,1514
1506,1507,1508
1524,1525,1526
1512,1513,1514
1524,1525,1526
1527,1528,1529
1512,1513,1514
1527,1528,1529
1518,1519,1520
1506,1507,1508
1488,1489,1490
1530,1531,1532
1506,1507,1508
1530,1531,1532
1524,1525,1526
1530,1531,1532
1488,1489,1490
1533,1534,1535
1530,1531,1532
1533,1534,1535
1536,1537,1538
1530,1531,1532
1536,1537,1538
1524,1525,1526
1524,1525,1526
1536,1537,1538
1539,1540,1541
1524,1525,1526
1539,1540,1541
1527,1528,1529
1488,1489,1490
1467,1468,1469
1542,1543,1544
1488,1489,1490
1542,1543,1544
1533,1534,1535
1533,1534,1535
1542,1543,1544
1545,1546,1547
1533,1534,1535
1545,1546,1547
1536,1537,1538
1542,1543,1544
1467,1468,1469
1548,1549,1550
1542,1543,1544
1548,1549,1550
1545,1546,1547
1536,1537,1538
1545,1546,1547
1551,1552,1553
1536,1537,1538
1551,1552,1553
1539,1540,1541
1548,1549,1550
1467,1468,1469
1554,1555,1556
1548,1549,1550
1554,1555,1556
1557,1558,1559
1548,1549,1550
1557,1558,1559
1545,1546,1547
1545,1546,1547
1557,1558,1559
1560,1561,1562
1545,1546,1547
1560,1561,1562
1551,1552,1553
1557,1558,1559
1554,1555,1556
1563,1564,1565
1557,1558,1559
1563,1564,1565
1566,1567,1568
1557,1558,1559
1566,1567,1568
1560,1561,1562
1554,1555,1556
1467,1468,1469
1569,1570,1571
1554,1555,1556
1569,1570,1571
1563,1564,1565
1569,1570,1571
1467,1468,1469
1572,1573,1574
1569,1570,1571
1572,1573,1574
1563,1564,1565
1467,1468,1469
1479,1480,1481
1572,1573,1574
1572,1573,1574
1479,1480,1481
1575,1576,1577
1572,1573,1574
1575,1576,1577
1578,1579,1580
1572,1573,1574
1578,1579,1580
1563,1564,1565
1563,1564,1565
1578,1579,1580
1581,1582,1583
1563,1564,1565
1581,1582,1583
1566,1567,1568
1578,1579,1580
1575,1576,1577
1584,1585,1586
1578,1579,1580
1584,1585,1586
1587,1588,1589
1578,1579,1580
1587,1588,1589
1581,1582,1583
1575,1576,1577
1479,1480,1481
1590,1591,1592
1575,1576,1577
1590,1591,1592
1584,1585,1586
1590,1591,1592
1479,1480,1481
1593,1594,1595
1590,1591,1592
1593,1594,1595
1584,1585,1586
1479,1480,1481
1497,1498,1499
1593,1594,1595
1593,1594,1595
1497,1498,1499
1596,1597,1598
1593,1594,1595
1596,1597,1598
1584,1585,1586
1584,1585,1586
1596,1597,1598
1599,1600,1601
1584,1585,1586
1599,1600,1601
1587,1588,1589
1497,1498,1499
213,214,215
1602,1603,1604
1497,1498,1499
1602,1603,1604
1596,1597,1598
1596,1597,1598
1602,1603,1604
1605,1606,1607
1596,1597,1598
1605,1606,1607
1599,1600,1601
1599,1600,1601
1605,1606,1607
1608,1609,1610
1599,1600,1601
1608,1609,1610
1611,1612,1613
1599,1600,1601
1611,1612,1613
1587,1588,1589
1611,1612,1613
1608,1609,1610
1614,1615,1616
1611,1612,1613
1614,1615,1616
1587,1588,1589
1587,1588,1589
1614,1615,1616
1581,1582,1583
1614,1615,1616
1608,1609,1610
1617,1618,1619
1614,1615,1616
1617,1618,1619
1581,1582,1583
1581,1582,1583
1617,1618,1619
1566,1567,1568
1617,1618,1619
1608,1609,1610
1620,1621,1622
1617,1618,1619
1620,1621,1622
1566,1567,1568
1566,1567,1568
1620,1621,1622
1560,1561,1562
1620,1621,1622
1608,1609,1610
1623,1624,1625
1620,1621,1622
1623,1624,1625
1560,1561,1562
1560,1561,1562
1623,1624,1625
1551,1552,1553
1608,1609,1610
1605,1606,1607
1626,1627,1628
1608,1609,1610
1626,1627,1628
1623,1624,1625
1623,1624,1625
1626,1627,1628
1629,1630,1631
1623,1624,1625
1629,1630,1631
1551,1552,1553
1551,1552,1553
1629,1630,1631
1539,1540,1541
1629,1630,1631
1626,1627,1628
1632,1633,1634
1629,1630,1631
1632,1633,1634
1539,1540,1541
1539,1540,1541
1632,1633,1634
1527,1528,1529
1605,1606,1607
1602,1603,1604
1635,1636,1637
1605,1606,1607
1635,1636,1637
1626,1627,1628
1632,1633,1634
1626,1627,1628
1638,1639,1640
1632,1633,1634
1638,1639,1640
1641,1642,1643
1632,1633,1634
1641,1642,1643
1527,1528,1529
1527,1528,1529
1641,1642,1643
1644,1645,1646
1527,1528,1529
1644,1645,1646
1518,1519,1520
1518,1519,1520
1644,1645,1646
1647,1648,1649
1518,1519,1520
1647,1648,1649
1521,1522,1523
1644,1645,1646
1641,1642,1643
1650,1651,1652
1644,1645,1646
1650,1651,1652
1647,1648,1649
1641,1642,1643
1638,1639,1640
1653,1654,1655
1641,1642,1643
1653,1654,1655
1650,1651,1652
1653,1654,1655
1638,1639,1640
1656,1657,1658
1653,1654,1655
1656,1657,1658
1650,1651,1652
1650,1651,1652
1656,1657,1658
1659,1660,1661
1650,1651,1652
1659,1660,1661
1647,1648,1649
1647,1648,1649
1659,1660,1661
1662,1663,1664
1647,1648,1649
1662,1663,1664
1521,1522,1523
1659,1660,1661
1656,1657,1658
1665,1666,1667
1659,1660,1661
1665,1666,1667
1662,1663,1664
1638,1639,1640
1626,1627,1628
1668,1669,1670
1638,1639,1640
1668,1669,1670
1656,1657,1658
1656,1657,1658
1668,1669,1670
1671,1672,1673
1656,1657,1658
1671,1672,1673
1665,1666,1667
1626,1627,1628
1635,1636,1637
1674,1675,1676
1626,1627,1628
1674,1675,1676
1668,1669,1670
1521,1522,1523
1662,1663,1664
1677,1678,1679
1521,1522,1523
1677,1678,1679
1503,1504,1505
1662,1663,1664
1665,1666,1667
1680,1681,1682
1662,1663,1664
1680,1681,1682
1677,1678,1679
1677,1678,1679
1680,1681,1682
1683,1684,1685
1677,1678,1679
1683,1684,1685
1503,1504,1505
1503,1504,1505
1683,1684,1685
1686,1687,1688
1503,1504,1505
1686,1687,1688
1377,1378,1379
1377,1378,1379
1686,1687,1688
1689,1690,1691
1377,1378,1379
1689,1690,1691
1380,1381,1382
1683,1684,1685
1680,1681,1682
1692,1693,1694
1683,1684,1685
1692,1693,1694
1695,1696,1697
1683,1684,1685
1695,1696,1697
1686,1687,1688
1692,1693,1694
1680,1681,1682
1698,1699,1700
1692,1693,1694
1698,1699,1700
1701,1702,1703
1692,1693,1694
1701,1702,1703
1695,1696,1697
1680,1681,1682
1665,1666,1667
1704,1705,1706
1680,1681,1682
1704,1705,1706
1698,1699,1700
1698,1699,1700
1704,1705,1706
1707,1708,1709
1698,1699,1700
1707,1708,1709
1710,1711,1712
1698,1699,1700
1710,1711,1712
1701,1702,1703
1707,1708,1709
1704,1705,1706
1713,1714,1715
1707,1708,1709
1713,1714,1715
1710,1711,1712
1704,1705,1706
1665,1666,1667
1716,1717,1718
1704,1705,1706
1716,1717,1718
1713,1714,1715
1713,1714,1715
1716,1717,1718
1719,1720,1721
1713,1714,1715
1719,1720,1721
1710,1711,1712
1719,1720,1721
1716,1717,1718
1722,1723,1724
1719,1720,1721
1722,1723,1724
1725,1726,1727
1719,1720,1721
1725,1726,1727
1710,1711,1712
1716,1717,1718
1665,1666,1667
1728,1729,1730
1716,1717,1718
1728,1729,1730
1722,1723,1724
1722,1723,1724
1728,1729,1730
1731,1732,1733
1722,1723,1724
1731,1732,1733
1725,1726,1727
1665,1666,1667
1671,1672,1673
1734,1735,1736
1665,1666,1667
1734,1735,1736
1728,1729,1730
1734,1735,1736
1671,1672,1673
1737,1738,1739
1734,1735,1736
1737,1738,1739
1740,1741,1742
1734,1735,1736
1740,1741,1742
1728,1729,1730
1671,1672,1673
1668,1669,1670
1743,1744,1745
1671,1672,1673
1743,1744,1745
1737,1738,1739
1737,1738,1739
1743,1744,1745
858,859,860
1737,1738,1739
858,859,860
1740,1741,1742
1668,1669,1670
1674,1675,1676
1746,1747,1748
1668,1669,1670
1746,1747,1748
1743,1744,1745
1743,1744,1745
1746,1747,1748
1749,1750,1751
1743,1744,1745
1749,1750,1751
858,859,860
1746,1747,1748
1674,1675,1676
1752,1753,1754
1746,1747,1748
1752,1753,1754
1749,1750,1751
1749,1750,1751
1752,1753,1754
126,127,128
1749,1750,1751
126,127,128
87,88,89
1749,1750,1751
87,88,89
858,859,860
1752,1753,1754
1674,1675,1676
1755,1756,1757
1752,1753,1754
1755,1756,1757
138,139,140
1752,1753,1754
138,139,140
126,127,128
1755,1756,1757
1674,1675,1676
1758,1759,1760
1755,1756,1757
1758,1759,1760
138,139,140
1758,1759,1760
1674,1675,1676
1761,1762,1763
1758,1759,1760
1761,1762,1763
138,139,140
1674,1675,1676
1635,1636,1637
1761,1762,1763
858,859,860
819,820,821
1740,1741,1742
1740,1741,1742
819,820,821
1764,1765,1766
1740,1741,1742
1764,1765,1766
1728,1729,1730
1764,1765,1766
819,820,821
1767,1768,1769
1764,1765,1766
1767,1768,1769
1728,1729,1730
1728,1729,1730
1767,1768,1769
1770,1771,1772
1728,1729,1730
1770,1771,1772
1731,1732,1733
1770,1771,1772
1767,1768,1769
1773,1774,1775
1770,1771,1772
1773,1774,1775
1731,1732,1733
1767,1768,1769
819,820,821
1773,1774,1775
819,820,821
807,808,809
1773,1774,1775
1773,1774,1775
807,808,809
1731,1732,1733
1731,1732,1733
807,808,809
1776,1777,1778
1731,1732,1733
1776,1777,1778
1725,1726,1727
1776,1777,1778
807,808,809
1779,1780,1781
1776,1777,1778
1779,1780,1781
1725,1726,1727
1779,1780,1781
807,808,809
1782,1783,1784
1779,1780,1781
1782,1783,1784
1725,1726,1727
1725,1726,1727
1782,1783,1784
1710,1711,1712
807,808,809
774,775,776
1782,1783,1784
171,172,173
0,1,2
6,7,8
1635,1636,1637
1602,1603,1604
1785,1786,1787
1635,1636,1637
1785,1786,1787
1761,1762,1763
1761,1762,1763
1785,1786,1787
150,151,152
1761,1762,1763
150,151,152
138,139,140
1785,1786,1787
1602,1603,1604
1788,1789,1790
1785,1786,1787
1788,1789,1790
150,151,152
150,151,152
1788,1789,1790
153,154,155
1788,1789,1790
1602,1603,1604
1791,1792,1793
1788,1789,1790
1791,1792,1793
153,154,155
1791,1792,1793
1602,1603,1604
1794,1795,1796
1791,1792,1793
1794,1795,1796
153,154,155
1794,1795,1796
1602,1603,1604
1797,1798,1799
1794,1795,1796
1797,1798,1799
153,154,155
1602,1603,1604
213,214,215
1797,1798,1799
1797,1798,1799
213,214,215
153,154,155
1782,1783,1784
774,775,776
1800,1801,1802
1782,1783,1784
1800,1801,1802
1803,1804,1805
1782,1783,1784
1803,1804,1805
1710,1711,1712
1710,1711,1712
1803,1804,1805
1806,1807,1808
1710,1711,1712
1806,1807,1808
1701,1702,1703
774,775,776
771,772,773
1809,1810,1811
774,775,776
1809,1810,1811
1800,1801,1802
771,772,773
1305,1306,1307
1812,1813,1814
771,772,773
1812,1813,1814
1809,1810,1811
1305,1306,1307
1320,1321,1322
1815,1816,1817
1305,1306,1307
1815,1816,1817
1812,1813,1814
1803,1804,1805
1800,1801,1802
1818,1819,1820
1803,1804,1805
1818,1819,1820
1821,1822,1823
1803,1804,1805
1821,1822,1823
1806,1807,1808
1821,1822,1823
1818,1819,1820
1824,1825,1826
1821,1822,1823
1824,1825,1826
1827,1828,1829
1821,1822,1823
1827,1828,1829
1806,1807,1808
1818,1819,1820
1800,1801,1802
1830,1831,1832
1818,1819,1820
1830,1831,1832
1824,1825,1826
1824,1825,1826
1830,1831,1832
1833,1834,1835
1824,1825,1826
1833,1834,1835
1827,1828,1829
1806,1807,1808
1827,1828,1829
1836,1837,1838
1806,1807,1808
1836,1837,1838
1701,1702,1703
1836,1837,1838
1827,1828,1829
1839,1840,1841
1836,1837,1838
1839,1840,1841
1701,1702,1703
1827,1828,1829
1833,1834,1835
1842,1843,1844
1827,1828,1829
1842,1843,1844
1839,1840,1841
1800,1801,1802
1809,1810,1811
1845,1846,1847
1800,1801,1802
1845,1846,1847
1830,1831,1832
1701,1702,1703
1839,1840,1841
1848,1849,1850
1701,1702,1703
1848,1849,1850
1695,1696,1697
1839,1840,1841
1842,1843,1844
1851,1852,1853
1839,1840,1841
1851,1852,1853
1848,1849,1850
1695,1696,1697
1848,1849,1850
1854,1855,1856
1695,1696,1697
1854,1855,1856
1686,1687,1688
1848,1849,1850
1851,1852,1853
1857,1858,1859
1848,1849,1850
1857,1858,1859
1854,1855,1856
1854,1855,1856
1857,1858,1859
1860,1861,1862
1854,1855,1856
1860,1861,1862
1686,1687,1688
1857,1858,1859
1851,1852,1853
1863,1864,1865
1857,1858,1859
1863,1864,1865
1866,1867,1868
1857,1858,1859
1866,1867,1868
1860,1861,1862
1851,1852,1853
1842,1843,1844
1869,1870,1871
1851,1852,1853
1869,1870,1871
1863,1864,1865
1842,1843,1844
1833,1834,1835
1872,1873,1874
1842,1843,1844
1872,1873,1874
1869,1870,1871
1872,1873,1874
1833,1834,1835
1875,1876,1877
1872,1873,1874
1875,1876,1877
1869,1870,1871
1869,1870,1871
1875,1876,1877
1863,1864,1865
1833,1834,1835
1830,1831,1832
1875,1876,1877
1866,1867,1868
1863,1864,1865
1878,1879,1880
1866,1867,1868
1878,1879,1880
1881,1882,1883
1866,1867,1868
1881,1882,1883
1860,1861,1862
1863,1864,1865
1875,1876,1877
1884,1885,1886
1863,1864,1865
1884,1885,1886
1878,1879,1880
1860,1861,1862
1881,1882,1883
1887,1888,1889
1860,1861,1862
1887,1888,1889
1686,1687,1688
1686,1687,1688
1887,1888,1889
1890,1891,1892
1686,1687,1688
1890,1891,1892
1689,1690,1691
1884,1885,1886
1875,1876,1877
1893,1894,1895
1884,1885,1886
1893,1894,1895
1896,1897,1898
1884,1885,1886
1896,1897,1898
1878,1879,1880
1878,1879,1880
1896,1897,1898
1899,1900,1901
1878,1879,1880
1899,1900,1901
1881,1882,1883
1881,1882,1883
1899,1900,1901
1902,1903,1904
1881,1882,1883
1902,1903,1904
1887,1888,1889
1902,1903,1904
1899,1900,1901
1905,1906,1907
1902,1903,1904
1905,1906,1907
1887,1888,1889
1875,1876,1877
1830,1831,1832
1908,1909,1910
1875,1876,1877
1908,1909,1910
1893,1894,1895
1893,1894,1895
1908,1909,1910
1911,1912,1913
1893,1894,1895
1911,1912,1913
1896,1897,1898
1830,1831,1832
1845,1846,1847
1914,1915,1916
1830,1831,1832
1914,1915,1916
1908,1909,1910
1845,1846,1847
1809,1810,1811
1917,1918,1919
1845,1846,1847
1917,1918,1919
1914,1915,1916
1899,1900,1901
1896,1897,1898
1920,1921,1922
1899,1900,1901
1920,1921,1922
1923,1924,1925
1899,1900,1901
1923,1924,1925
1905,1906,1907
1896,1897,1898
1911,1912,1913
1926,1927,1928
1896,1897,1898
1926,1927,1928
1920,1921,1922
1920,1921,1922
1926,1927,1928
1929,1930,1931
1920,1921,1922
1929,1930,1931
1923,1924,1925
1926,1927,1928
1911,1912,1913
1932,1933,1934
1926,1927,1928
1932,1933,1934
1929,1930,1931
1911,1912,1913
1908,1909,1910
1935,1936,1937
1911,1912,1913
1935,1936,1937
1932,1933,1934
1932,1933,1934
1935,1936,1937
1938,1939,1940
1932,1933,1934
1938,1939,1940
1929,1930,1931
1929,1930,1931
1938,1939,1940
1941,1942,1943
1929,1930,1931
1941,1942,1943
1923,1924,1925
1938,1939,1940
1935,1936,1937
1944,1945,1946
1938,1939,1940
1944,1945,1946
1947,1948,1949
1938,1939,1940
1947,1948,1949
1941,1942,1943
1935,1936,1937
1908,1909,1910
1950,1951,1952
1935,1936,1937
1950,1951,1952
1944,1945,1946
1908,1909,1910
1914,1915,1916
1953,1954,1955
1908,1909,1910
1953,1954,1955
1950,1951,1952
1953,1954,1955
1914,1915,1916
1956,1957,1958
1953,1954,1955
1956,1957,1958
1959,1960,1961
1953,1954,1955
1959,1960,1961
1950,1951,1952
1914,1915,1916
1917,1918,1919
1962,1963,1964
1914,1915,1916
1962,1963,1964
1956,1957,1958
1962,1963,1964
1917,1918,1919
1965,1966,1967
1962,1963,1964
1965,1966,1967
1956,1957,1958
1917,1918,1919
1809,1810,1811
1968,1969,1970
1917,1918,1919
1968,1969,1970
1965,1966,1967
1968,1969,1970
1809,1810,1811
1971,1972,1973
1968,1969,1970
1971,1972,1973
1965,1966,1967
1809,1810,1811
1812,1813,1814
1971,1972,1973
1965,1966,1967
1971,1972,1973
1974,1975,1976
1965,1966,1967
1974,1975,1976
1956,1957,1958
1956,1957,1958
1974,1975,1976
1977,1978,1979
1956,1957,1958
1977,1978,1979
1959,1960,1961
1977,1978,1979
1974,1975,1976
1980,1981,1982
1977,1978,1979
1980,1981,1982
1983,1984,1985
1977,1978,1979
1983,1984,1985
1959,1960,1961
1974,1975,1976
1971,1972,1973
1986,1987,1988
1974,1975,1976
1986,1987,1988
1980,1981,1982
1971,1972,1973
1812,1813,1814
1989,1990,1991
1971,1972,1973
1989,1990,1991
1986,1987,1988
1812,1813,1814
1815,1816,1817
1992,1993,1994
1812,1813,1814
1992,1993,1994
1989,1990,1991
1989,1990,1991
1992,1993,1994
1995,1996,1997
1989,1990,1991
1995,1996,1997
1986,1987,1988
1992,1993,1994
1815,1816,1817
1998,1999,2000
1992,1993,1994
1998,1999,2000
1995,1996,1997
1815,1816,1817
1320,1321,1322
2001,2002,2003
1815,1816,1817
2001,2002,2003
1998,1999,2000
2001,2002,2003
1320,1321,1322
2004,2005,2006
2001,2002,2003
2004,2005,2006
1998,1999,2000
1998,1999,2000
2004,2005,2006
2007,2008,2009
1998,1999,2000
2007,2008,2009
2010,2011,2012
1998,1999,2000
2010,2011,2012
1995,1996,1997
1995,1996,1997
2010,2011,2012
2013,2014,2015
1995,1996,1997
2013,2014,2015
1986,1987,1988
2010,2011,2012
2007,2008,2009
2016,2017,2018
2010,2011,2012
2016,2017,2018
2013,2014,2015
2007,2008,2009
2004,2005,2006
2019,2020,2021
2007,2008,2009
2019,2020,2021
2016,2017,2018
2004,2005,2006
1320,1321,1322
2022,2023,2024
2004,2005,2006
2022,2023,2024
2019,2020,2021
1986,1987,1988
2013,2014,2015
2025,2026,2027
1986,1987,1988
2025,2026,2027
1980,1981,1982
2013,2014,2015
2016,2017,2018
2028,2029,2030
2013,2014,2015
2028,2029,2030
2025,2026,2027
2016,2017,2018
2019,2020,2021
2031,2032,2033
2016,2017,2018
2031,2032,2033
2028,2029,2030
2019,2020,2021
2022,2023,2024
2034,2035,2036
2019,2020,2021
2034,2035,2036
2031,2032,2033
2031,2032,2033
2034,2035,2036
2037,2038,2039
2031,2032,2033
2037,2038,2039
2028,2029,2030
2034,2035,2036
2022,2023,2024
2040,2041,2042
2034,2035,2036
2040,2041,2042
2037,2038,2039
2022,2023,2024
1320,1321,1322
1380,1381,1382
2022,2023,2024
1380,1381,1382
2040,2041,2042
1980,1981,1982
2025,2026,2027
2043,2044,2045
1980,1981,1982
2043,2044,2045
1983,1984,1985
1983,1984,1985
2043,2044,2045
2046,2047,2048
1983,1984,1985
2046,2047,2048
1959,1960,1961
2043,2044,2045
2025,2026,2027
2049,2050,2051
2043,2044,2045
2049,2050,2051
2046,2047,2048
2046,2047,2048
2049,2050,2051
2052,2053,2054
2046,2047,2048
2052,2053,2054
1959,1960,1961
1959,1960,1961
2052,2053,2054
2055,2056,2057
1959,1960,1961
2055,2056,2057
1950,1951,1952
2055,2056,2057
2052,2053,2054
2058,2059,2060
2055,2056,2057
2058,2059,2060
1950,1951,1952
2058,2059,2060
2052,2053,2054
2061,2062,2063
2058,2059,2060
2061,2062,2063
1950,1951,1952
1950,1951,1952
2061,2062,2063
1944,1945,1946
1380,1381,1382
1689,1690,1691
2040,2041,2042
2052,2053,2054
2049,2050,2051
2064,2065,2066
2052,2053,2054
2064,2065,2066
2061,2062,2063
2061,2062,2063
2064,2065,2066
2067,2068,2069
2061,2062,2063
2067,2068,2069
1944,1945,1946
1944,1945,1946
2067,2068,2069
1947,1948,1949
2064,2065,2066
2049,2050,2051
2070,2071,2072
2064,2065,2066
2070,2071,2072
2067,2068,2069
2040,2041,2042
1689,1690,1691
2073,2074,2075
2040,2041,2042
2073,2074,2075
2037,2038,2039
2073,2074,2075
1689,1690,1691
2076,2077,2078
2073,2074,2075
2076,2077,2078
2037,2038,2039
2037,2038,2039
2076,2077,2078
2079,2080,2081
2037,2038,2039
2079,2080,2081
2028,2029,2030
2028,2029,2030
2079,2080,2081
2082,2083,2084
2028,2029,2030
2082,2083,2084
2025,2026,2027
2025,2026,2027
2082,2083,2084
2085,2086,2087
2025,2026,2027
2085,2086,2087
2049,2050,2051
2049,2050,2051
2085,2086,2087
2088,2089,2090
2049,2050,2051
2088,2089,2090
2070,2071,2072
1947,1948,1949
2067,2068,2069
2091,2092,2093
1947,1948,1949
2091,2092,2093
1941,1942,1943
2067,2068,2069
2070,2071,2072
2094,2095,2096
2067,2068,2069
2094,2095,2096
2091,2092,2093
1941,1942,1943
2091,2092,2093
2097,2098,2099
1941,1942,1943
2097,2098,2099
1923,1924,1925
2091,2092,2093
2094,2095,2096
2100,2101,2102
2091,2092,2093
2100,2101,2102
2097,2098,2099
2094,2095,2096
2070,2071,2072
2103,2104,2105
2094,2095,2096
2103,2104,2105
2100,2101,2102
2070,2071,2072
2088,2089,2090
2106,2107,2108
2070,2071,2072
2106,2107,2108
2103,2104,2105
1923,1924,1925
2097,2098,2099
2109,2110,2111
1923,1924,1925
2109,2110,2111
1905,1906,1907
2097,2098,2099
2100,2101,2102
2112,2113,2114
2097,2098,2099
2112,2113,2114
2109,2110,2111
2100,2101,2102
2103,2104,2105
2115,2116,2117
2100,2101,2102
2115,2116,2117
2112,2113,2114
2112,2113,2114
2115,2116,2117
2118,2119,2120
2112,2113,2114
2118,2119,2120
2109,2110,2111
2115,2116,2117
2103,2104,2105
2121,2122,2123
2115,2116,2117
2121,2122,2123
2118,2119,2120
2103,2104,2105
2106,2107,2108
2121,2122,2123
2106,2107,2108
2088,2089,2090
2124,2125,2126
2106,2107,2108
2124,2125,2126
2121,2122,2123
2088,2089,2090
2085,2086,2087
2127,2128,2129
2088,2089,2090
2127,2128,2129
2124,2125,2126
2085,2086,2087
2082,2083,2084
2130,2131,2132
2085,2086,2087
2130,2131,2132
2127,2128,2129
2130,2131,2132
2082,2083,2084
2133,2134,2135
2130,2131,2132
2133,2134,2135
2127,2128,2129
2082,2083,2084
2079,2080,2081
2133,2134,2135
2127,2128,2129
2133,2134,2135
2136,2137,2138
2127,2128,2129
2136,2137,2138
2124,2125,2126
2079,2080,2081
2076,2077,2078
2139,2140,2141
2079,2080,2081
2139,2140,2141
2133,2134,2135
2133,2134,2135
2139,2140,2141
2142,2143,2144
2133,2134,2135
2142,2143,2144
2136,2137,2138
2136,2137,2138
2142,2143,2144
2145,2146,2147
2136,2137,2138
2145,2146,2147
2124,2125,2126
2145,2146,2147
2142,2143,2144
2148,2149,2150
2145,2146,2147
2148,2149,2150
2124,2125,2126
2124,2125,2126
2148,2149,2150
2121,2122,2123
2121,2122,2123
2148,2149,2150
2151,2152,2153
2121,2122,2123
2151,2152,2153
2118,2119,2120
2148,2149,2150
2142,2143,2144
2154,2155,2156
2148,2149,2150
2154,2155,2156
2151,2152,2153
2142,2143,2144
2139,2140,2141
2157,2158,2159
2142,2143,2144
2157,2158,2159
2154,2155,2156
2154,2155,2156
2157,2158,2159
1890,1891,1892
2154,2155,2156
1890,1891,1892
2151,2152,2153
2139,2140,2141
2076,2077,2078
2160,2161,2162
2139,2140,2141
2160,2161,2162
2157,2158,2159
2076,2077,2078
1689,1690,1691
2160,2161,2162
2160,2161,2162
1689,1690,1691
2157,2158,2159
2157,2158,2159
1689,1690,1691
1890,1891,1892
2118,2119,2120
2151,2152,2153
2163,2164,2165
2118,2119,2120
2163,2164,2165
2109,2110,2111
2163,2164,2165
2151,2152,2153
2166,2167,2168
2163,2164,2165
2166,2167,2168
2109,2110,2111
2151,2152,2153
1890,1891,1892
2166,2167,2168
1890,1891,1892
1887,1888,1889
2166,2167,2168
2166,2167,2168
1887,1888,1889
2169,2170,2171
2166,2167,2168
2169,2170,2171
2109,2110,2111
2109,2110,2111
2169,2170,2171
1905,1906,1907
2169,2170,2171
1887,1888,1889
1905,1906,1907
