0,1,2
3,4,5
6,7,8
6,7,8
3,4,5
9,10,11
6,7,8
9,10,11
12,13,14
6,7,8
12,13,14
15,16,17
6,7,8
15,16,17
18,19,20
6,7,8
18,19,20
0,1,2
18,19,20
15,16,17
21,22,23
18,19,20
21,22,23
24,25,26
18,19,20
24,25,26
0,1,2
15,16,17
12,13,14
27,28,29
15,16,17
27,28,29
30,31,32
15,16,17
30,31,32
21,22,23
21,22,23
30,31,32
33,34,35
21,22,23
33,34,35
36,37,38
21,22,23
36,37,38
24,25,26
30,31,32
27,28,29
39,40,41
30,31,32
39,40,41
42,43,44
30,31,32
42,43,44
33,34,35
42,43,44
39,40,41
45,46,47
42,43,44
45,46,47
48,49,50
42,43,44
48,49,50
33,34,35
39,40,41
27,28,29
51,52,53
39,40,41
51,52,53
45,46,47
33,34,35
48,49,50
54,55,56
33,34,35
54,55,56
36,37,38
48,49,50
45,46,47
57,58,59
48,49,50
57,58,59
54,55,56
27,28,29
12,13,14
60,61,62
27,28,29
60,61,62
51,52,53
51,52,53
60,61,62
63,64,65
51,52,53
63,64,65
45,46,47
12,13,14
9,10,11
66,67,68
12,13,14
66,67,68
60,61,62
60,61,62
66,67,68
69,70,71
60,61,62
69,70,71
63,64,65
63,64,65
69,70,71
72,73,74
63,64,65
72,73,74
45,46,47
9,10,11
3,4,5
75,76,77
9,10,11
75,76,77
66,67,68
66,67,68
75,76,77
78,79,80
66,67,68
78,79,80
69,70,71
69,70,71
78,79,80
81,82,83
69,70,71
81,82,83
72,73,74
72,73,74
81,82,83
84,85,86
72,73,74
84,85,86
45,46,47
84,85,86
81,82,83
87,88,89
84,85,86
87,88,89
90,91,92
84,85,86
90,91,92
45,46,47
81,82,83
78,79,80
93,94,95
81,82,83
93,94,95
87,88,89
78,79,80
75,76,77
96,97,98
78,79,80
96,97,98
93,94,95
75,76,77
3,4,5
99,100,101
75,76,77
99,100,101
96,97,98
96,97,98
99,100,101
102,103,104
96,97,98
102,103,104
105,106,107
96,97,98
105,106,107
93,94,95
93,94,95
105,106,107
108,109,110
93,94,95
108,109,110
87,88,89
105,106,107
102,103,104
111,112,113
105,106,107
111,112,113
108,109,110
87,88,89
108,109,110
114,115,116
87,88,89
114,115,116
90,91,92
108,109,110
111,112,113
117,118,119
108,109,110
117,118,119
114,115,116
90,91,92
114,115,116
120,121,122
90,91,92
120,121,122
45,46,47
114,115,116
117,118,119
123,124,125
114,115,116
123,124,125
120,121,122
120,121,122
123,124,125
126,127,128
120,121,122
126,127,128
45,46,47
126,127,128
123,124,125
129,130,131
126,127,128
129,130,131
132,133,134
126,127,128
132,133,134
45,46,47
123,124,125
117,118,119
135,136,137
123,124,125
135,136,137
129,130,131
117,118,119
111,112,113
138,139,140
117,118,119
138,139,140
135,136,137
111,112,113
102,103,104
141,142,143
111,112,113
141,142,143
138,139,140
138,139,140
141,142,143
144,145,146
138,139,140
144,145,146
135,136,137
135,136,137
144,145,146
147,148,149
135,136,137
147,148,149
129,130,131
129,130,131
147,148,149
150,151,152
129,130,131
150,151,152
132,133,134
132,133,134
150,151,152
153,154,155
132,133,134
153,154,155
45,46,47
153,154,155
150,151,152
156,157,158
153,154,155
156,157,158
159,160,161
153,154,155
159,160,161
45,46,47
150,151,152
147,148,149
162,163,164
150,151,152
162,163,164
156,157,158
147,148,149
144,145,146
165,166,167
147,148,149
165,166,167
162,163,164
144,145,146
141,142,143
168,169,170
144,145,146
168,169,170
165,166,167
165,166,167
168,169,170
171,172,173
165,166,167
171,172,173
162,163,164
162,163,164
171,172,173
174,175,176
162,163,164
174,175,176
156,157,158
156,157,158
174,175,176
177,178,179
156,157,158
177,178,179
159,160,161
159,160,161
177,178,179
180,181,182
159,160,161
180,181,182
45,46,47
180,181,182
177,178,179
183,184,185
180,181,182
183,184,185
186,187,188
180,181,182
186,187,188
45,46,47
177,178,179
174,175,176
189,190,191
177,178,179
189,190,191
183,184,185
174,175,176
171,172,173
192,193,194
174,175,176
192,193,194
189,190,191
171,172,173
168,169,170
195,196,197
171,172,173
195,196,197
192,193,194
192,193,194
195,196,197
198,199,200
192,193,194
198,199,200
201,202,203
192,193,194
201,202,203
189,190,191
189,190,191
201,202,203
204,205,206
189,190,191
204,205,206
183,184,185
201,202,203
198,199,200
207,208,209
201,202,203
207,208,209
204,205,206
183,184,185
204,205,206
210,211,212
183,184,185
210,211,212
186,187,188
204,205,206
207,208,209
213,214,215
204,205,206
213,214,215
210,211,212
186,187,188
210,211,212
216,217,218
186,187,188
216,217,218
45,46,47
210,211,212
213,214,215
219,220,221
210,211,212
219,220,221
216,217,218
216,217,218
219,220,221
222,223,224
216,217,218
222,223,224
45,46,47
222,223,224
219,220,221
225,226,227
222,223,224
225,226,227
228,229,230
222,223,224
228,229,230
45,46,47
219,220,221
213,214,215
231,232,233
219,220,221
231,232,233
225,226,227
213,214,215
207,208,209
234,235,236
213,214,215
234,235,236
231,232,233
207,208,209
198,199,200
237,238,239
207,208,209
237,238,239
234,235,236
234,235,236
237,238,239
240,241,242
234,235,236
240,241,242
231,232,233
231,232,233
240,241,242
243,244,245
231,232,233
243,244,245
225,226,227
225,226,227
243,244,245
246,247,248
225,226,227
246,247,248
228,229,230
228,229,230
246,247,248
249,250,251
228,229,230
249,250,251
45,46,47
249,250,251
246,247,248
252,253,254
249,250,251
252,253,254
255,256,257
249,250,251
255,256,257
45,46,47
246,247,248
243,244,245
258,259,260
246,247,248
258,259,260
252,253,254
243,244,245
240,241,242
261,262,263
243,244,245
261,262,263
258,259,260
240,241,242
237,238,239
264,265,266
240,241,242
264,265,266
261,262,263
261,262,263
264,265,266
267,268,269
261,262,263
267,268,269
270,271,272
261,262,263
270,271,272
258,259,260
258,259,260
270,271,272
273,274,275
258,259,260
273,274,275
252,253,254
270,271,272
267,268,269
276,277,278
270,271,272
276,277,278
273,274,275
252,253,254
273,274,275
279,280,281
252,253,254
279,280,281
255,256,257
273,274,275
276,277,278
282,283,284
273,274,275
282,283,284
279,280,281
255,256,257
279,280,281
285,286,287
255,256,257
285,286,287
45,46,47
279,280,281
282,283,284
288,289,290
279,280,281
288,289,290
285,286,287
285,286,287
288,289,290
291,292,293
285,286,287
291,292,293
45,46,47
45,46,47
291,292,293
294,295,296
45,46,47
294,295,296
57,58,59
291,292,293
288,289,290
297,298,299
291,292,293
297,298,299
294,295,296
294,295,296
297,298,299
300,301,302
294,295,296
300,301,302
57,58,59
57,58,59
300,301,302
54,55,56
288,289,290
282,283,284
303,304,305
288,289,290
303,304,305
297,298,299
297,298,299
303,304,305
306,307,308
297,298,299
306,307,308
300,301,302
300,301,302
306,307,308
309,310,311
300,301,302
309,310,311
54,55,56
54,55,56
309,310,311
36,37,38
282,283,284
276,277,278
312,313,314
282,283,284
312,313,314
303,304,305
303,304,305
312,313,314
315,316,317
303,304,305
315,316,317
306,307,308
312,313,314
276,277,278
318,319,320
312,313,314
318,319,320
315,316,317
276,277,278
267,268,269
318,319,320
306,307,308
315,316,317
321,322,323
306,307,308
321,322,323
309,310,311
315,316,317
318,319,320
324,325,326
315,316,317
324,325,326
321,322,323
321,322,323
324,325,326
327,328,329
321,322,323
327,328,329
309,310,311
309,310,311
327,328,329
36,37,38
36,37,38
327,328,329
24,25,26
327,328,329
324,325,326
330,331,332
327,328,329
330,331,332
24,25,26
24,25,26
330,331,332
0,1,2
330,331,332
324,325,326
333,334,335
330,331,332
333,334,335
336,337,338
330,331,332
336,337,338
0,1,2
324,325,326
318,319,320
339,340,341
324,325,326
339,340,341
333,334,335
318,319,320
267,268,269
342,343,344
318,319,320
342,343,344
339,340,341
267,268,269
264,265,266
345,346,347
267,268,269
345,346,347
342,343,344
264,265,266
237,238,239
348,349,350
264,265,266
348,349,350
345,346,347
237,238,239
198,199,200
351,352,353
237,238,239
351,352,353
348,349,350
198,199,200
195,196,197
354,355,356
198,199,200
354,355,356
351,352,353
195,196,197
168,169,170
357,358,359
195,196,197
357,358,359
354,355,356
168,169,170
141,142,143
360,361,362
168,169,170
360,361,362
357,358,359
141,142,143
102,103,104
363,364,365
141,142,143
363,364,365
360,361,362
102,103,104
99,100,101
366,367,368
102,103,104
366,367,368
363,364,365
99,100,101
3,4,5
369,370,371
99,100,101
369,370,371
366,367,368
3,4,5
0,1,2
372,373,374
3,4,5
372,373,374
369,370,371
0,1,2
336,337,338
372,373,374
372,373,374
336,337,338
375,376,377
372,373,374
375,376,377
378,379,380
372,373,374
378,379,380
369,370,371
369,370,371
378,379,380
381,382,383
369,370,371
381,382,383
384,385,386
369,370,371
384,385,386
366,367,368
381,382,383
378,379,380
387,388,389
381,382,383
387,388,389
390,391,392
381,382,383
390,391,392
384,385,386
378,379,380
375,376,377
393,394,395
378,379,380
393,394,395
387,388,389
387,388,389
393,394,395
396,397,398
387,388,389
396,397,398
399,400,401
387,388,389
399,400,401
390,391,392
393,394,395
375,376,377
402,403,404
393,394,395
402,403,404
405,406,407
393,394,395
405,406,407
396,397,398
375,376,377
336,337,338
408,409,410
375,376,377
408,409,410
402,403,404
408,409,410
336,337,338
411,412,413
408,409,410
411,412,413
414,415,416
408,409,410
414,415,416
402,403,404
402,403,404
414,415,416
417,418,419
402,403,404
417,418,419
405,406,407
414,415,416
411,412,413
420,421,422
414,415,416
420,421,422
423,424,425
414,415,416
423,424,425
417,418,419
417,418,419
423,424,425
426,427,428
417,418,419
426,427,428
429,430,431
417,418,419
429,430,431
405,406,407
405,406,407
429,430,431
432,433,434
405,406,407
432,433,434
396,397,398
429,430,431
426,427,428
435,436,437
429,430,431
435,436,437
432,433,434
432,433,434
435,436,437
438,439,440
432,433,434
438,439,440
396,397,398
396,397,398
438,439,440
399,400,401
438,439,440
435,436,437
441,442,443
438,439,440
441,442,443
399,400,401
426,427,428
423,424,425
444,445,446
426,427,428
444,445,446
435,436,437
423,424,425
420,421,422
447,448,449
423,424,425
447,448,449
444,445,446
444,445,446
447,448,449
450,451,452
444,445,446
450,451,452
435,436,437
399,400,401
441,442,443
453,454,455
399,400,401
453,454,455
390,391,392
441,442,443
435,436,437
456,457,458
441,442,443
456,457,458
453,454,455
390,391,392
453,454,455
459,460,461
390,391,392
459,460,461
384,385,386
453,454,455
456,457,458
462,463,464
453,454,455
462,463,464
459,460,461
456,457,458
435,436,437
465,466,467
456,457,458
465,466,467
462,463,464
384,385,386
459,460,461
468,469,470
384,385,386
468,469,470
366,367,368
459,460,461
462,463,464
471,472,473
459,460,461
471,472,473
468,469,470
468,469,470
471,472,473
474,475,476
468,469,470
474,475,476
366,367,368
366,367,368
474,475,476
363,364,365
462,463,464
465,466,467
477,478,479
462,463,464
477,478,479
471,472,473
471,472,473
477,478,479
480,481,482
471,472,473
480,481,482
474,475,476
474,475,476
480,481,482
483,484,485
474,475,476
483,484,485
363,364,365
465,466,467
435,436,437
486,487,488
465,466,467
486,487,488
477,478,479
477,478,479
486,487,488
489,490,491
477,478,479
489,490,491
480,481,482
486,487,488
435,436,437
492,493,494
486,487,488
492,493,494
489,490,491
480,481,482
489,490,491
495,496,497
480,481,482
495,496,497
483,484,485
489,490,491
492,493,494
498,499,500
489,490,491
498,499,500
495,496,497
492,493,494
435,436,437
501,502,503
492,493,494
501,502,503
498,499,500
483,484,485
495,496,497
504,505,506
483,484,485
504,505,506
363,364,365
363,364,365
504,505,506
360,361,362
495,496,497
498,499,500
507,508,509
495,496,497
507,508,509
504,505,506
504,505,506
507,508,509
510,511,512
504,505,506
510,511,512
360,361,362
360,361,362
510,511,512
357,358,359
498,499,500
501,502,503
513,514,515
498,499,500
513,514,515
507,508,509
507,508,509
513,514,515
516,517,518
507,508,509
516,517,518
510,511,512
510,511,512
516,517,518
519,520,521
510,511,512
519,520,521
357,358,359
501,502,503
435,436,437
522,523,524
501,502,503
522,523,524
513,514,515
513,514,515
522,523,524
525,526,527
513,514,515
525,526,527
516,517,518
522,523,524
435,436,437
528,529,530
522,523,524
528,529,530
525,526,527
516,517,518
525,526,527
531,532,533
516,517,518
531,532,533
519,520,521
525,526,527
528,529,530
534,535,536
525,526,527
534,535,536
531,532,533
528,529,530
435,436,437
537,538,539
528,529,530
537,538,539
534,535,536
519,520,521
531,532,533
540,541,542
519,520,521
540,541,542
357,358,359
357,358,359
540,541,542
354,355,356
336,337,338
333,334,335
411,412,413
531,532,533
534,535,536
543,544,545
531,532,533
543,544,545
540,541,542
540,541,542
543,544,545
546,547,548
540,541,542
546,547,548
354,355,356
534,535,536
537,538,539
549,550,551
534,535,536
549,550,551
543,544,545
543,544,545
549,550,551
552,553,554
543,544,545
552,553,554
546,547,548
546,547,548
552,553,554
555,556,557
546,547,548
555,556,557
354,355,356
354,355,356
555,556,557
351,352,353
537,538,539
435,436,437
558,559,560
537,538,539
558,559,560
549,550,551
549,550,551
558,559,560
561,562,563
549,550,551
561,562,563
552,553,554
558,559,560
435,436,437
564,565,566
558,559,560
564,565,566
561,562,563
552,553,554
561,562,563
567,568,569
552,553,554
567,568,569
555,556,557
561,562,563
564,565,566
570,571,572
561,562,563
570,571,572
567,568,569
564,565,566
435,436,437
573,574,575
564,565,566
573,574,575
570,571,572
555,556,557
567,568,569
576,577,578
555,556,557
576,577,578
351,352,353
351,352,353
576,577,578
348,349,350
567,568,569
570,571,572
579,580,581
567,568,569
579,580,581
576,577,578
576,577,578
579,580,581
582,583,584
576,577,578
582,583,584
348,349,350
570,571,572
573,574,575
585,586,587
570,571,572
585,586,587
579,580,581
579,580,581
585,586,587
588,589,590
579,580,581
588,589,590
582,583,584
582,583,584
588,589,590
591,592,593
582,583,584
591,592,593
348,349,350
348,349,350
591,592,593
345,346,347
573,574,575
435,436,437
594,595,596
573,574,575
594,595,596
585,586,587
585,586,587
594,595,596
597,598,599
585,586,587
597,598,599
588,589,590
594,595,596
435,436,437
600,601,602
594,595,596
600,601,602
597,598,599
588,589,590
597,598,599
603,604,605
588,589,590
603,604,605
591,592,593
597,598,599
600,601,602
606,607,608
597,598,599
606,607,608
603,604,605
600,601,602
435,436,437
609,610,611
600,601,602
609,610,611
606,607,608
591,592,593
603,604,605
612,613,614
591,592,593
612,613,614
345,346,347
603,604,605
606,607,608
615,616,617
603,604,605
615,616,617
612,613,614
612,613,614
615,616,617
618,619,620
612,613,614
618,619,620
345,346,347
345,346,347
618,619,620
342,343,344
606,607,608
609,610,611
621,622,623
606,607,608
621,622,623
615,616,617
615,616,617
621,622,623
624,625,626
615,616,617
624,625,626
618,619,620
618,619,620
624,625,626
627,628,629
618,619,620
627,628,629
342,343,344
609,610,611
435,436,437
630,631,632
609,610,611
630,631,632
621,622,623
621,622,623
630,631,632
633,634,635
621,622,623
633,634,635
624,625,626
630,631,632
435,436,437
636,637,638
630,631,632
636,637,638
633,634,635
624,625,626
633,634,635
639,640,641
624,625,626
639,640,641
627,628,629
633,634,635
636,637,638
642,643,644
633,634,635
642,643,644
639,640,641
636,637,638
435,436,437
645,646,647
636,637,638
645,646,647
642,643,644
435,436,437
450,451,452
645,646,647
645,646,647
450,451,452
648,649,650
645,646,647
648,649,650
642,643,644
450,451,452
447,448,449
648,649,650
642,643,644
648,649,650
651,652,653
642,643,644
651,652,653
639,640,641
648,649,650
447,448,449
654,655,656
648,649,650
654,655,656
651,652,653
447,448,449
420,421,422
654,655,656
639,640,641
651,652,653
657,658,659
639,640,641
657,658,659
627,628,629
627,628,629
657,658,659
342,343,344
342,343,344
657,658,659
339,340,341
657,658,659
651,652,653
660,661,662
657,658,659
660,661,662
339,340,341
651,652,653
654,655,656
660,661,662
339,340,341
660,661,662
333,334,335
660,661,662
654,655,656
663,664,665
660,661,662
663,664,665
333,334,335
654,655,656
420,421,422
663,664,665
420,421,422
411,412,413
663,664,665
663,664,665
411,412,413
333,334,335
