0,1,2
3,4,5
6,7,8
0,1,2
6,7,8
9,10,11
0,1,2
9,10,11
12,13,14
0,1,2
12,13,14
15,16,17
0,1,2
15,16,17
3,4,5
9,10,11
6,7,8
18,19,20
9,10,11
18,19,20
12,13,14
18,19,20
6,7,8
21,22,23
18,19,20
21,22,23
24,25,26
18,19,20
24,25,26
12,13,14
21,22,23
6,7,8
27,28,29
21,22,23
27,28,29
30,31,32
21,22,23
30,31,32
24,25,26
27,28,29
6,7,8
33,34,35
27,28,29
33,34,35
36,37,38
27,28,29
36,37,38
30,31,32
36,37,38
33,34,35
39,40,41
36,37,38
39,40,41
42,43,44
36,37,38
42,43,44
30,31,32
33,34,35
6,7,8
45,46,47
33,34,35
45,46,47
39,40,41
30,31,32
42,43,44
48,49,50
30,31,32
48,49,50
24,25,26
24,25,26
48,49,50
51,52,53
24,25,26
51,52,53
12,13,14
12,13,14
51,52,53
54,55,56
12,13,14
54,55,56
15,16,17
51,52,53
48,49,50
57,58,59
51,52,53
57,58,59
60,61,62
51,52,53
60,61,62
54,55,56
60,61,62
57,58,59
63,64,65
60,61,62
63,64,65
54,55,56
57,58,59
48,49,50
66,67,68
57,58,59
66,67,68
63,64,65
48,49,50
42,43,44
66,67,68
54,55,56
63,64,65
69,70,71
54,55,56
69,70,71
15,16,17
63,64,65
66,67,68
72,73,74
63,64,65
72,73,74
69,70,71
15,16,17
69,70,71
75,76,77
15,16,17
75,76,77
3,4,5
75,76,77
69,70,71
78,79,80
75,76,77
78,79,80
3,4,5
69,70,71
72,73,74
81,82,83
69,70,71
81,82,83
78,79,80
72,73,74
66,67,68
84,85,86
72,73,74
84,85,86
81,82,83
3,4,5
78,79,80
87,88,89
3,4,5
87,88,89
6,7,8
78,79,80
81,82,83
90,91,92
78,79,80
90,91,92
87,88,89
87,88,89
90,91,92
93,94,95
87,88,89
93,94,95
6,7,8
6,7,8
93,94,95
45,46,47
93,94,95
90,91,92
96,97,98
93,94,95
96,97,98
45,46,47
45,46,47
96,97,98
39,40,41
90,91,92
81,82,83
99,100,101
90,91,92
99,100,101
96,97,98
81,82,83
84,85,86
99,100,101
84,85,86
66,67,68
102,103,104
84,85,86
102,103,104
99,100,101
99,100,101
102,103,104
105,106,107
99,100,101
105,106,107
96,97,98
96,97,98
105,106,107
108,109,110
96,97,98
108,109,110
39,40,41
39,40,41
108,109,110
42,43,44
105,106,107
102,103,104
111,112,113
105,106,107
111,112,113
108,109,110
102,103,104
66,67,68
114,115,116
102,103,104
114,115,116
111,112,113
66,67,68
42,43,44
114,115,116
42,43,44
108,109,110
117,118,119
42,43,44
117,118,119
114,115,116
114,115,116
117,118,119
120,121,122
114,115,116
120,121,122
111,112,113
111,112,113
120,121,122
123,124,125
111,112,113
123,124,125
108,109,110
108,109,110
123,124,125
126,127,128
108,109,110
126,127,128
117,118,119
123,124,125
120,121,122
129,130,131
123,124,125
129,130,131
126,127,128
129,130,131
120,121,122
132,133,134
129,130,131
132,133,134
126,127,128
126,127,128
132,133,134
117,118,119
132,133,134
120,121,122
117,118,119
