0,1,2
3,4,5
6,7,8
0,1,2
6,7,8
9,10,11
0,1,2
9,10,11
12,13,14
0,1,2
12,13,14
15,16,17
0,1,2
15,16,17
3,4,5
15,16,17
12,13,14
18,19,20
15,16,17
18,19,20
21,22,23
15,16,17
21,22,23
3,4,5
12,13,14
9,10,11
24,25,26
12,13,14
24,25,26
27,28,29
12,13,14
27,28,29
18,19,20
9,10,11
6,7,8
30,31,32
9,10,11
30,31,32
24,25,26
24,25,26
30,31,32
33,34,35
24,25,26
33,34,35
27,28,29
30,31,32
6,7,8
36,37,38
30,31,32
36,37,38
39,40,41
30,31,32
39,40,41
33,34,35
39,40,41
36,37,38
42,43,44
39,40,41
42,43,44
45,46,47
39,40,41
45,46,47
33,34,35
33,34,35
45,46,47
48,49,50
33,34,35
48,49,50
27,28,29
45,46,47
42,43,44
51,52,53
45,46,47
51,52,53
48,49,50
51,52,53
42,43,44
54,55,56
51,52,53
54,55,56
57,58,59
51,52,53
57,58,59
48,49,50
42,43,44
36,37,38
60,61,62
42,43,44
60,61,62
54,55,56
54,55,56
60,61,62
63,64,65
54,55,56
63,64,65
57,58,59
57,58,59
63,64,65
66,67,68
57,58,59
66,67,68
69,70,71
57,58,59
69,70,71
48,49,50
66,67,68
63,64,65
72,73,74
66,67,68
72,73,74
75,76,77
66,67,68
75,76,77
69,70,71
75,76,77
72,73,74
78,79,80
75,76,77
78,79,80
21,22,23
75,76,77
21,22,23
69,70,71
72,73,74
63,64,65
81,82,83
72,73,74
81,82,83
78,79,80
78,79,80
81,82,83
3,4,5
78,79,80
3,4,5
21,22,23
21,22,23
18,19,20
69,70,71
3,4,5
81,82,83
6,7,8
6,7,8
81,82,83
18,19,20
6,7,8
18,19,20
84,85,86
6,7,8
84,85,86
36,37,38
18,19,20
27,28,29
87,88,89
18,19,20
87,88,89
84,85,86
18,19,20
81,82,83
69,70,71
27,28,29
48,49,50
90,91,92
27,28,29
90,91,92
93,94,95
27,28,29
93,94,95
87,88,89
93,94,95
90,91,92
63,64,65
93,94,95
63,64,65
96,97,98
93,94,95
96,97,98
87,88,89
87,88,89
96,97,98
99,100,101
87,88,89
99,100,101
84,85,86
96,97,98
63,64,65
60,61,62
96,97,98
60,61,62
99,100,101
63,64,65
90,91,92
81,82,83
99,100,101
60,61,62
102,103,104
99,100,101
102,103,104
84,85,86
90,91,92
48,49,50
105,106,107
90,91,92
105,106,107
81,82,83
81,82,83
105,106,107
108,109,110
81,82,83
108,109,110
69,70,71
60,61,62
36,37,38
111,112,113
60,61,62
111,112,113
102,103,104
102,103,104
111,112,113
114,115,116
102,103,104
114,115,116
84,85,86
111,112,113
36,37,38
117,118,119
111,112,113
117,118,119
114,115,116
114,115,116
117,118,119
120,121,122
114,115,116
120,121,122
84,85,86
117,118,119
36,37,38
123,124,125
117,118,119
123,124,125
120,121,122
84,85,86
120,121,122
126,127,128
84,85,86
126,127,128
36,37,38
120,121,122
123,124,125
129,130,131
120,121,122
129,130,131
126,127,128
48,49,50
69,70,71
132,133,134
48,49,50
132,133,134
105,106,107
105,106,107
132,133,134
135,136,137
105,106,107
135,136,137
108,109,110
69,70,71
108,109,110
126,127,128
69,70,71
126,127,128
132,133,134
132,133,134
126,127,128
138,139,140
132,133,134
138,139,140
135,136,137
135,136,137
138,139,140
141,142,143
135,136,137
141,142,143
108,109,110
138,139,140
126,127,128
129,130,131
138,139,140
129,130,131
141,142,143
129,130,131
123,124,125
141,142,143
141,142,143
123,124,125
108,109,110
126,127,128
108,109,110
36,37,38
123,124,125
36,37,38
108,109,110
