0,1,2
3,4,5
6,7,8
3,4,5
0,1,2
9,10,11
3,4,5
9,10,11
12,13,14
3,4,5
12,13,14
15,16,17
3,4,5
15,16,17
6,7,8
15,16,17
12,13,14
18,19,20
15,16,17
18,19,20
21,22,23
15,16,17
21,22,23
6,7,8
18,19,20
12,13,14
24,25,26
18,19,20
24,25,26
27,28,29
18,19,20
27,28,29
21,22,23
12,13,14
9,10,11
30,31,32
12,13,14
30,31,32
24,25,26
21,22,23
27,28,29
33,34,35
21,22,23
33,34,35
36,37,38
21,22,23
36,37,38
6,7,8
33,34,35
27,28,29
39,40,41
33,34,35
39,40,41
42,43,44
33,34,35
42,43,44
36,37,38
27,28,29
24,25,26
45,46,47
27,28,29
45,46,47
39,40,41
39,40,41
45,46,47
48,49,50
39,40,41
48,49,50
42,43,44
48,49,50
45,46,47
51,52,53
48,49,50
51,52,53
42,43,44
45,46,47
24,25,26
36,37,38
45,46,47
36,37,38
54,55,56
45,46,47
54,55,56
51,52,53
24,25,26
30,31,32
6,7,8
24,25,26
6,7,8
36,37,38
36,37,38
42,43,44
57,58,59
36,37,38
57,58,59
54,55,56
42,43,44
51,52,53
60,61,62
42,43,44
60,61,62
57,58,59
51,52,53
54,55,56
63,64,65
51,52,53
63,64,65
60,61,62
54,55,56
57,58,59
66,67,68
54,55,56
66,67,68
63,64,65
57,58,59
60,61,62
69,70,71
57,58,59
69,70,71
66,67,68
60,61,62
63,64,65
72,73,74
60,61,62
72,73,74
69,70,71
63,64,65
66,67,68
75,76,77
63,64,65
75,76,77
72,73,74
72,73,74
75,76,77
78,79,80
72,73,74
78,79,80
69,70,71
75,76,77
66,67,68
81,82,83
75,76,77
81,82,83
78,79,80
6,7,8
30,31,32
84,85,86
6,7,8
84,85,86
0,1,2
84,85,86
30,31,32
87,88,89
84,85,86
87,88,89
0,1,2
30,31,32
9,10,11
90,91,92
30,31,32
90,91,92
87,88,89
9,10,11
0,1,2
81,82,83
9,10,11
81,82,83
90,91,92
0,1,2
87,88,89
93,94,95
0,1,2
93,94,95
81,82,83
93,94,95
87,88,89
78,79,80
93,94,95
78,79,80
81,82,83
81,82,83
66,67,68
90,91,92
78,79,80
87,88,89
69,70,71
87,88,89
90,91,92
96,97,98
87,88,89
96,97,98
69,70,71
90,91,92
66,67,68
99,100,101
90,91,92
99,100,101
96,97,98
66,67,68
69,70,71
102,103,104
66,67,68
102,103,104
99,100,101
69,70,71
96,97,98
105,106,107
69,70,71
105,106,107
102,103,104
96,97,98
99,100,101
108,109,110
96,97,98
108,109,110
111,112,113
96,97,98
111,112,113
114,115,116
96,97,98
114,115,116
105,106,107
114,115,116
111,112,113
117,118,119
114,115,116
117,118,119
120,121,122
114,115,116
120,121,122
123,124,125
114,115,116
123,124,125
105,106,107
123,124,125
120,121,122
126,127,128
123,124,125
126,127,128
129,130,131
123,124,125
129,130,131
105,106,107
126,127,128
120,121,122
102,103,104
126,127,128
102,103,104
132,133,134
126,127,128
132,133,134
129,130,131
120,121,122
117,118,119
99,100,101
120,121,122
99,100,101
102,103,104
102,103,104
105,106,107
135,136,137
102,103,104
135,136,137
132,133,134
105,106,107
129,130,131
138,139,140
105,106,107
138,139,140
135,136,137
129,130,131
132,133,134
141,142,143
129,130,131
141,142,143
138,139,140
132,133,134
135,136,137
144,145,146
132,133,134
144,145,146
141,142,143
135,136,137
138,139,140
147,148,149
135,136,137
147,148,149
144,145,146
138,139,140
141,142,143
150,151,152
138,139,140
150,151,152
147,148,149
141,142,143
144,145,146
153,154,155
141,142,143
153,154,155
150,151,152
153,154,155
144,145,146
156,157,158
153,154,155
156,157,158
150,151,152
144,145,146
147,148,149
159,160,161
144,145,146
159,160,161
156,157,158
156,157,158
159,160,161
162,163,164
156,157,158
162,163,164
150,151,152
159,160,161
147,148,149
165,166,167
159,160,161
165,166,167
162,163,164
150,151,152
162,163,164
168,169,170
150,151,152
168,169,170
147,148,149
162,163,164
165,166,167
171,172,173
162,163,164
171,172,173
168,169,170
147,148,149
168,169,170
174,175,176
147,148,149
174,175,176
165,166,167
165,166,167
174,175,176
177,178,179
165,166,167
177,178,179
171,172,173
171,172,173
177,178,179
180,181,182
171,172,173
180,181,182
168,169,170
177,178,179
174,175,176
183,184,185
177,178,179
183,184,185
180,181,182
183,184,185
174,175,176
186,187,188
183,184,185
186,187,188
180,181,182
168,169,170
180,181,182
108,109,110
168,169,170
108,109,110
174,175,176
180,181,182
186,187,188
111,112,113
180,181,182
111,112,113
108,109,110
111,112,113
186,187,188
117,118,119
186,187,188
174,175,176
189,190,191
186,187,188
189,190,191
117,118,119
174,175,176
108,109,110
189,190,191
117,118,119
189,190,191
99,100,101
189,190,191
108,109,110
99,100,101
