0,1,2
3,4,5
6,7,8
3,4,5
0,1,2
9,10,11
3,4,5
9,10,11
12,13,14
3,4,5
12,13,14
15,16,17
3,4,5
15,16,17
6,7,8
12,13,14
9,10,11
18,19,20
12,13,14
18,19,20
21,22,23
12,13,14
21,22,23
15,16,17
9,10,11
0,1,2
24,25,26
9,10,11
24,25,26
18,19,20
0,1,2
6,7,8
27,28,29
0,1,2
27,28,29
24,25,26
24,25,26
27,28,29
30,31,32
24,25,26
30,31,32
33,34,35
24,25,26
33,34,35
18,19,20
27,28,29
6,7,8
36,37,38
27,28,29
36,37,38
39,40,41
27,28,29
39,40,41
30,31,32
39,40,41
36,37,38
42,43,44
39,40,41
42,43,44
45,46,47
39,40,41
45,46,47
30,31,32
30,31,32
45,46,47
48,49,50
30,31,32
48,49,50
33,34,35
45,46,47
42,43,44
51,52,53
45,46,47
51,52,53
54,55,56
45,46,47
54,55,56
48,49,50
48,49,50
54,55,56
57,58,59
48,49,50
57,58,59
60,61,62
48,49,50
60,61,62
33,34,35
60,61,62
57,58,59
42,43,44
60,61,62
42,43,44
36,37,38
60,61,62
36,37,38
33,34,35
36,37,38
6,7,8
33,34,35
33,34,35
6,7,8
18,19,20
6,7,8
15,16,17
63,64,65
6,7,8
63,64,65
18,19,20
18,19,20
63,64,65
66,67,68
18,19,20
66,67,68
21,22,23
15,16,17
21,22,23
69,70,71
15,16,17
69,70,71
63,64,65
21,22,23
66,67,68
72,73,74
21,22,23
72,73,74
69,70,71
69,70,71
72,73,74
75,76,77
69,70,71
75,76,77
63,64,65
72,73,74
66,67,68
78,79,80
72,73,74
78,79,80
75,76,77
75,76,77
78,79,80
81,82,83
75,76,77
81,82,83
63,64,65
78,79,80
66,67,68
84,85,86
78,79,80
84,85,86
81,82,83
63,64,65
81,82,83
87,88,89
63,64,65
87,88,89
66,67,68
81,82,83
84,85,86
90,91,92
81,82,83
90,91,92
87,88,89
66,67,68
87,88,89
93,94,95
66,67,68
93,94,95
84,85,86
84,85,86
93,94,95
96,97,98
84,85,86
96,97,98
90,91,92
96,97,98
93,94,95
51,52,53
96,97,98
51,52,53
99,100,101
96,97,98
99,100,101
90,91,92
93,94,95
87,88,89
102,103,104
93,94,95
102,103,104
51,52,53
90,91,92
99,100,101
105,106,107
90,91,92
105,106,107
87,88,89
87,88,89
105,106,107
102,103,104
102,103,104
105,106,107
108,109,110
102,103,104
108,109,110
51,52,53
105,106,107
99,100,101
111,112,113
105,106,107
111,112,113
108,109,110
99,100,101
51,52,53
42,43,44
99,100,101
42,43,44
111,112,113
51,52,53
108,109,110
54,55,56
42,43,44
57,58,59
111,112,113
111,112,113
57,58,59
114,115,116
111,112,113
114,115,116
117,118,119
111,112,113
117,118,119
108,109,110
108,109,110
117,118,119
120,121,122
108,109,110
120,121,122
54,55,56
57,58,59
54,55,56
123,124,125
57,58,59
123,124,125
114,115,116
54,55,56
120,121,122
123,124,125
123,124,125
120,121,122
126,127,128
123,124,125
126,127,128
129,130,131
123,124,125
129,130,131
114,115,116
129,130,131
126,127,128
132,133,134
129,130,131
132,133,134
114,115,116
114,115,116
132,133,134
117,118,119
132,133,134
126,127,128
135,136,137
132,133,134
135,136,137
117,118,119
126,127,128
120,121,122
135,136,137
135,136,137
120,121,122
117,118,119
