0,1,2
3,4,5
6,7,8
6,7,8
3,4,5
9,10,11
6,7,8
9,10,11
12,13,14
6,7,8
12,13,14
0,1,2
3,4,5
0,1,2
15,16,17
3,4,5
15,16,17
18,19,20
3,4,5
18,19,20
9,10,11
18,19,20
15,16,17
21,22,23
18,19,20
21,22,23
24,25,26
18,19,20
24,25,26
9,10,11
15,16,17
0,1,2
27,28,29
15,16,17
27,28,29
21,22,23
27,28,29
0,1,2
30,31,32
27,28,29
30,31,32
33,34,35
27,28,29
33,34,35
21,22,23
0,1,2
12,13,14
36,37,38
63,64,65
60,61,62
87,88,89
63,64,65
87,88,89
66,67,68
66,67,68
87,88,89
90,91,92
66,67,68
90,91,92
69,70,71
60,61,62
57,58,59
93,94,95
60,61,62
93,94,95
87,88,89
57,58,59
54,55,56
96,97,98
57,58,59
96,97,98
93,94,95
54,55,56
51,52,53
99,100,101
54,55,56
99,100,101
96,97,98
51,52,53
48,49,50
102,103,104
51,52,53
102,103,104
99,100,101
48,49,50
45,46,47
105,106,107
48,49,50
105,106,107
102,103,104
45,46,47
42,43,44
108,109,110
45,46,47
108,109,110
105,106,107
42,43,44
39,40,41
111,112,113
42,43,44
111,112,113
114,115,116
42,43,44
114,115,116
108,109,110
114,115,116
111,112,113
117,118,119
114,115,116
117,118,119
120,121,122
114,115,116
120,121,122
108,109,110
120,121,122
117,118,119
123,124,125
120,121,122
123,124,125
108,109,110
108,109,110
123,124,125
126,127,128
108,109,110
126,127,128
105,106,107
123,124,125
117,118,119
129,130,131
123,124,125
129,130,131
126,127,128
126,127,128
129,130,131
132,133,134
126,127,128
132,133,134
105,106,107
132,133,134
129,130,131
135,136,137
132,133,134
135,136,137
105,106,107
105,106,107
135,136,137
102,103,104
135,136,137
129,130,131
138,139,140
135,136,137
138,139,140
141,142,143
135,136,137
141,142,143
102,103,104
141,142,143
138,139,140
144,145,146
141,142,143
144,145,146
102,103,104
102,103,104
144,145,146
99,100,101
144,145,146
138,139,140
147,148,149
144,145,146
147,148,149
150,151,152
144,145,146
150,151,152
99,100,101
99,100,101
150,151,152
153,154,155
99,100,101
153,154,155
96,97,98
150,151,152
147,148,149
156,157,158
150,151,152
156,157,158
153,154,155
153,154,155
156,157,158
159,160,161
153,154,155
159,160,161
96,97,98
96,97,98
159,160,161
162,163,164
96,97,98
162,163,164
93,94,95
159,160,161
156,157,158
165,166,167
159,160,161
165,166,167
162,163,164
162,163,164
165,166,167
168,169,170
162,163,164
168,169,170
93,94,95
93,94,95
168,169,170
171,172,173
93,94,95
171,172,173
87,88,89
168,169,170
165,166,167
174,175,176
168,169,170
174,175,176
171,172,173
171,172,173
174,175,176
177,178,179
171,172,173
177,178,179
180,181,182
171,172,173
180,181,182
87,88,89
180,181,182
177,178,179
183,184,185
180,181,182
183,184,185
87,88,89
87,88,89
183,184,185
90,91,92
183,184,185
177,178,179
186,187,188
183,184,185
186,187,188
90,91,92
186,187,188
177,178,179
189,190,191
186,187,188
189,190,191
192,193,194
186,187,188
192,193,194
90,91,92
90,91,92
192,193,194
195,196,197
90,91,92
195,196,197
69,70,71
192,193,194
189,190,191
198,199,200
192,193,194
198,199,200
195,196,197
198,199,200
189,190,191
201,202,203
198,199,200
201,202,203
204,205,206
198,199,200
204,205,206
195,196,197
195,196,197
204,205,206
207,208,209
195,196,197
207,208,209
69,70,71
204,205,206
201,202,203
210,211,212
204,205,206
210,211,212
213,214,215
204,205,206
213,214,215
207,208,209
213,214,215
210,211,212
216,217,218
213,214,215
216,217,218
219,220,221
213,214,215
219,220,221
207,208,209
207,208,209
219,220,221
222,223,224
207,208,209
222,223,224
69,70,71
222,223,224
219,220,221
225,226,227
222,223,224
225,226,227
72,73,74
222,223,224
72,73,74
69,70,71
225,226,227
219,220,221
228,229,230
225,226,227
228,229,230
72,73,74
219,220,221
216,217,218
231,232,233
219,220,221
231,232,233
228,229,230
228,229,230
231,232,233
234,235,236
228,229,230
234,235,236
72,73,74
234,235,236
231,232,233
237,238,239
234,235,236
237,238,239
240,241,242
234,235,236
240,241,242
72,73,74
231,232,233
216,217,218
243,244,245
231,232,233
243,244,245
237,238,239
216,217,218
210,211,212
246,247,248
216,217,218
246,247,248
243,244,245
243,244,245
246,247,248
249,250,251
243,244,245
249,250,251
237,238,239
240,241,242
237,238,239
252,253,254
240,241,242
252,253,254
75,76,77
240,241,242
75,76,77
72,73,74
237,238,239
249,250,251
255,256,257
237,238,239
255,256,257
252,253,254
252,253,254
255,256,257
258,259,260
252,253,254
258,259,260
75,76,77
255,256,257
249,250,251
261,262,263
255,256,257
261,262,263
264,265,266
255,256,257
264,265,266
258,259,260
249,250,251
246,247,248
267,268,269
249,250,251
267,268,269
261,262,263
261,262,263
267,268,269
270,271,272
261,262,263
270,271,272
273,274,275
261,262,263
273,274,275
264,265,266
273,274,275
270,271,272
276,277,278
273,274,275
276,277,278
279,280,281
273,274,275
279,280,281
264,265,266
264,265,266
279,280,281
282,283,284
264,265,266
282,283,284
258,259,260
258,259,260
282,283,284
285,286,287
258,259,260
285,286,287
75,76,77
285,286,287
282,283,284
288,289,290
285,286,287
288,289,290
78,79,80
285,286,287
78,79,80
75,76,77
288,289,290
282,283,284
291,292,293
288,289,290
291,292,293
78,79,80
291,292,293
282,283,284
294,295,296
291,292,293
294,295,296
78,79,80
282,283,284
279,280,281
297,298,299
282,283,284
297,298,299
294,295,296
279,280,281
276,277,278
300,301,302
279,280,281
300,301,302
297,298,299
276,277,278
270,271,272
303,304,305
276,277,278
303,304,305
300,301,302
300,301,302
303,304,305
306,307,308
300,301,302
306,307,308
309,310,311
300,301,302
309,310,311
297,298,299
306,307,308
303,304,305
312,313,314
306,307,308
312,313,314
315,316,317
306,307,308
315,316,317
309,310,311
303,304,305
270,271,272
318,319,320
303,304,305
318,319,320
312,313,314
312,313,314
318,319,320
321,322,323
312,313,314
321,322,323
315,316,317
315,316,317
321,322,323
324,325,326
315,316,317
324,325,326
327,328,329
315,316,317
327,328,329
309,310,311
324,325,326
321,322,323
330,331,332
324,325,326
330,331,332
333,334,335
324,325,326
333,334,335
327,328,329
321,322,323
318,319,320
336,337,338
321,322,323
336,337,338
330,331,332
333,334,335
330,331,332
339,340,341
333,334,335
339,340,341
342,343,344
333,334,335
342,343,344
327,328,329
330,331,332
336,337,338
345,346,347
330,331,332
345,346,347
339,340,341
339,340,341
345,346,347
348,349,350
339,340,341
348,349,350
342,343,344
342,343,344
348,349,350
351,352,353
342,343,344
351,352,353
24,25,26
342,343,344
24,25,26
327,328,329
348,349,350
345,346,347
354,355,356
348,349,350
354,355,356
357,358,359
348,349,350
357,358,359
351,352,353
357,358,359
354,355,356
360,361,362
357,358,359
360,361,362
363,364,365
357,358,359
363,364,365
351,352,353
351,352,353
363,364,365
366,367,368
351,352,353
366,367,368
24,25,26
363,364,365
360,361,362
369,370,371
363,364,365
369,370,371
366,367,368
360,361,362
354,355,356
372,373,374
360,361,362
372,373,374
375,376,377
360,361,362
375,376,377
369,370,371
375,376,377
372,373,374
378,379,380
375,376,377
378,379,380
381,382,383
375,376,377
381,382,383
369,370,371
369,370,371
381,382,383
384,385,386
369,370,371
384,385,386
366,367,368
381,382,383
378,379,380
387,388,389
381,382,383
387,388,389
384,385,386
378,379,380
372,373,374
390,391,392
378,379,380
390,391,392
393,394,395
378,379,380
393,394,395
387,388,389
393,394,395
390,391,392
396,397,398
393,394,395
396,397,398
399,400,401
393,394,395
399,400,401
387,388,389
387,388,389
399,400,401
402,403,404
387,388,389
402,403,404
384,385,386
399,400,401
396,397,398
405,406,407
399,400,401
405,406,407
408,409,410
399,400,401
408,409,410
402,403,404
405,406,407
396,397,398
411,412,413
405,406,407
411,412,413
414,415,416
405,406,407
414,415,416
408,409,410
396,397,398
390,391,392
417,418,419
396,397,398
417,418,419
411,412,413
411,412,413
417,418,419
420,421,422
411,412,413
420,421,422
423,424,425
411,412,413
423,424,425
414,415,416
423,424,425
420,421,422
426,427,428
423,424,425
426,427,428
429,430,431
423,424,425
429,430,431
414,415,416
414,415,416
429,430,431
432,433,434
414,415,416
432,433,434
408,409,410
429,430,431
426,427,428
435,436,437
429,430,431
435,436,437
432,433,434
426,427,428
420,421,422
438,439,440
426,427,428
438,439,440
441,442,443
426,427,428
441,442,443
435,436,437
441,442,443
438,439,440
444,445,446
441,442,443
444,445,446
447,448,449
441,442,443
447,448,449
435,436,437
435,436,437
447,448,449
450,451,452
435,436,437
450,451,452
432,433,434
447,448,449
444,445,446
453,454,455
447,448,449
453,454,455
450,451,452
444,445,446
438,439,440
456,457,458
444,445,446
456,457,458
459,460,461
444,445,446
459,460,461
453,454,455
459,460,461
456,457,458
462,463,464
459,460,461
462,463,464
465,466,467
459,460,461
465,466,467
453,454,455
453,454,455
465,466,467
468,469,470
453,454,455
468,469,470
450,451,452
465,466,467
462,463,464
471,472,473
465,466,467
471,472,473
468,469,470
462,463,464
456,457,458
474,475,476
462,463,464
474,475,476
477,478,479
462,463,464
477,478,479
471,472,473
477,478,479
474,475,476
480,481,482
477,478,479
480,481,482
483,484,485
477,478,479
483,484,485
471,472,473
471,472,473
483,484,485
486,487,488
471,472,473
486,487,488
468,469,470
483,484,485
480,481,482
489,490,491
483,484,485
489,490,491
486,487,488
480,481,482
474,475,476
492,493,494
480,481,482
492,493,494
495,496,497
480,481,482
495,496,497
489,490,491
495,496,497
492,493,494
498,499,500
495,496,497
498,499,500
501,502,503
495,496,497
501,502,503
489,490,491
489,490,491
501,502,503
504,505,506
489,490,491
504,505,506
486,487,488
501,502,503
498,499,500
507,508,509
501,502,503
507,508,509
510,511,512
501,502,503
510,511,512
504,505,506
507,508,509
498,499,500
513,514,515
507,508,509
513,514,515
516,517,518
507,508,509
516,517,518
510,511,512
498,499,500
492,493,494
519,520,521
498,499,500
519,520,521
513,514,515
513,514,515
519,520,521
522,523,524
513,514,515
522,523,524
525,526,527
513,514,515
525,526,527
516,517,518
525,526,527
522,523,524
528,529,530
525,526,527
528,529,530
531,532,533
525,526,527
531,532,533
516,517,518
516,517,518
531,532,533
534,535,536
516,517,518
534,535,536
510,511,512
531,532,533
528,529,530
537,538,539
531,532,533
537,538,539
534,535,536
528,529,530
522,523,524
540,541,542
528,529,530
540,541,542
543,544,545
528,529,530
543,544,545
537,538,539
543,544,545
540,541,542
546,547,548
543,544,545
546,547,548
549,550,551
543,544,545
549,550,551
537,538,539
537,538,539
549,550,551
552,553,554
537,538,539
552,553,554
534,535,536
549,550,551
546,547,548
555,556,557
549,550,551
555,556,557
552,553,554
546,547,548
540,541,542
558,559,560
546,547,548
558,559,560
561,562,563
546,547,548
561,562,563
555,556,557
561,562,563
558,559,560
564,565,566
561,562,563
564,565,566
567,568,569
561,562,563
567,568,569
555,556,557
555,556,557
567,568,569
570,571,572
555,556,557
570,571,572
552,553,554
567,568,569
564,565,566
573,574,575
567,568,569
573,574,575
570,571,572
564,565,566
558,559,560
576,577,578
564,565,566
576,577,578
579,580,581
564,565,566
579,580,581
573,574,575
579,580,581
576,577,578
582,583,584
579,580,581
582,583,584
585,586,587
579,580,581
585,586,587
573,574,575
573,574,575
585,586,587
588,589,590
573,574,575
588,589,590
570,571,572
585,586,587
582,583,584
591,592,593
585,586,587
591,592,593
594,595,596
585,586,587
594,595,596
588,589,590
591,592,593
582,583,584
597,598,599
591,592,593
597,598,599
600,601,602
591,592,593
600,601,602
594,595,596
582,583,584
576,577,578
603,604,605
582,583,584
603,604,605
597,598,599
597,598,599
603,604,605
606,607,608
597,598,599
606,607,608
600,601,602
600,601,602
606,607,608
609,610,611
600,601,602
609,610,611
612,613,614
600,601,602
612,613,614
594,595,596
609,610,611
606,607,608
615,616,617
609,610,611
615,616,617
618,619,620
609,610,611
618,619,620
612,613,614
606,607,608
603,604,605
621,622,623
606,607,608
621,622,623
615,616,617
618,619,620
615,616,617
624,625,626
618,619,620
624,625,626
627,628,629
618,619,620
627,628,629
612,613,614
615,616,617
621,622,623
630,631,632
615,616,617
630,631,632
624,625,626
624,625,626
630,631,632
633,634,635
624,625,626
633,634,635
627,628,629
627,628,629
633,634,635
636,637,638
627,628,629
636,637,638
639,640,641
627,628,629
639,640,641
612,613,614
633,634,635
630,631,632
642,643,644
633,634,635
642,643,644
645,646,647
633,634,635
645,646,647
636,637,638
645,646,647
642,643,644
648,649,650
645,646,647
648,649,650
651,652,653
645,646,647
651,652,653
636,637,638
636,637,638
651,652,653
654,655,656
636,637,638
654,655,656
639,640,641
651,652,653
648,649,650
657,658,659
651,652,653
657,658,659
654,655,656
648,649,650
642,643,644
660,661,662
648,649,650
660,661,662
663,664,665
648,649,650
663,664,665
657,658,659
657,658,659
663,664,665
666,667,668
657,658,659
666,667,668
669,670,671
657,658,659
669,670,671
654,655,656
666,667,668
663,664,665
672,673,674
666,667,668
672,673,674
675,676,677
666,667,668
675,676,677
669,670,671
663,664,665
660,661,662
678,679,680
663,664,665
678,679,680
672,673,674
672,673,674
678,679,680
681,682,683
672,673,674
681,682,683
675,676,677
681,682,683
678,679,680
684,685,686
681,682,683
684,685,686
687,688,689
681,682,683
687,688,689
675,676,677
675,676,677
687,688,689
690,691,692
675,676,677
690,691,692
669,670,671
687,688,689
684,685,686
693,694,695
687,688,689
693,694,695
696,697,698
687,688,689
696,697,698
690,691,692
693,694,695
684,685,686
699,700,701
693,694,695
699,700,701
702,703,704
693,694,695
702,703,704
696,697,698
684,685,686
678,679,680
705,706,707
684,685,686
705,706,707
699,700,701
699,700,701
705,706,707
708,709,710
699,700,701
708,709,710
702,703,704
702,703,704
708,709,710
711,712,713
702,703,704
711,712,713
714,715,716
702,703,704
714,715,716
696,697,698
711,712,713
708,709,710
717,718,719
711,712,713
717,718,719
720,721,722
711,712,713
720,721,722
714,715,716
708,709,710
705,706,707
723,724,725
708,709,710
723,724,725
717,718,719
720,721,722
717,718,719
726,727,728
720,721,722
726,727,728
729,730,731
720,721,722
729,730,731
714,715,716
717,718,719
723,724,725
732,733,734
717,718,719
732,733,734
726,727,728
726,727,728
732,733,734
735,736,737
726,727,728
735,736,737
729,730,731
729,730,731
735,736,737
738,739,740
729,730,731
738,739,740
741,742,743
729,730,731
741,742,743
714,715,716
735,736,737
732,733,734
744,745,746
735,736,737
744,745,746
747,748,749
735,736,737
747,748,749
738,739,740
747,748,749
744,745,746
750,751,752
747,748,749
750,751,752
753,754,755
747,748,749
753,754,755
738,739,740
738,739,740
753,754,755
756,757,758
738,739,740
756,757,758
741,742,743
753,754,755
750,751,752
759,760,761
753,754,755
759,760,761
756,757,758
750,751,752
744,745,746
762,763,764
750,751,752
762,763,764
765,766,767
750,751,752
765,766,767
759,760,761
759,760,761
765,766,767
768,769,770
759,760,761
768,769,770
771,772,773
759,760,761
771,772,773
756,757,758
768,769,770
765,766,767
774,775,776
768,769,770
774,775,776
777,778,779
768,769,770
777,778,779
771,772,773
765,766,767
762,763,764
780,781,782
765,766,767
780,781,782
774,775,776
774,775,776
780,781,782
783,784,785
774,775,776
783,784,785
777,778,779
783,784,785
780,781,782
786,787,788
783,784,785
786,787,788
789,790,791
783,784,785
789,790,791
777,778,779
777,778,779
789,790,791
792,793,794
777,778,779
792,793,794
771,772,773
789,790,791
786,787,788
795,796,797
789,790,791
795,796,797
798,799,800
789,790,791
798,799,800
792,793,794
795,796,797
786,787,788
801,802,803
795,796,797
801,802,803
804,805,806
795,796,797
804,805,806
798,799,800
786,787,788
780,781,782
807,808,809
786,787,788
807,808,809
801,802,803
801,802,803
807,808,809
810,811,812
801,802,803
810,811,812
804,805,806
804,805,806
810,811,812
813,814,815
804,805,806
813,814,815
816,817,818
804,805,806
816,817,818
798,799,800
813,814,815
810,811,812
819,820,821
813,814,815
819,820,821
822,823,824
813,814,815
822,823,824
816,817,818
810,811,812
807,808,809
825,826,827
810,811,812
825,826,827
819,820,821
819,820,821
825,826,827
828,829,830
819,820,821
828,829,830
831,832,833
819,820,821
831,832,833
822,823,824
831,832,833
828,829,830
834,835,836
831,832,833
834,835,836
837,838,839
831,832,833
837,838,839
822,823,824
822,823,824
837,838,839
840,841,842
822,823,824
840,841,842
816,817,818
837,838,839
834,835,836
843,844,845
837,838,839
843,844,845
840,841,842
834,835,836
828,829,830
846,847,848
834,835,836
846,847,848
849,850,851
834,835,836
849,850,851
843,844,845
849,850,851
846,847,848
852,853,854
849,850,851
852,853,854
855,856,857
849,850,851
855,856,857
843,844,845
843,844,845
855,856,857
858,859,860
843,844,845
858,859,860
840,841,842
855,856,857
852,853,854
861,862,863
855,856,857
861,862,863
858,859,860
852,853,854
846,847,848
864,865,866
852,853,854
864,865,866
867,868,869
852,853,854
867,868,869
861,862,863
861,862,863
867,868,869
870,871,872
861,862,863
870,871,872
873,874,875
861,862,863
873,874,875
858,859,860
870,871,872
867,868,869
876,877,878
870,871,872
876,877,878
879,880,881
870,871,872
879,880,881
873,874,875
867,868,869
864,865,866
882,883,884
867,868,869
882,883,884
876,877,878
876,877,878
882,883,884
885,886,887
876,877,878
885,886,887
879,880,881
885,886,887
882,883,884
888,889,890
885,886,887
888,889,890
891,892,893
885,886,887
891,892,893
879,880,881
879,880,881
891,892,893
894,895,896
879,880,881
894,895,896
873,874,875
891,892,893
888,889,890
897,898,899
891,892,893
897,898,899
900,901,902
891,892,893
900,901,902
894,895,896
897,898,899
888,889,890
903,904,905
897,898,899
903,904,905
906,907,908
897,898,899
906,907,908
900,901,902
888,889,890
882,883,884
909,910,911
888,889,890
909,910,911
903,904,905
903,904,905
909,910,911
912,913,914
903,904,905
912,913,914
906,907,908
906,907,908
912,913,914
915,916,917
906,907,908
915,916,917
918,919,920
906,907,908
918,919,920
900,901,902
915,916,917
912,913,914
921,922,923
915,916,917
921,922,923
924,925,926
915,916,917
924,925,926
918,919,920
912,913,914
909,910,911
927,928,929
912,913,914
927,928,929
921,922,923
921,922,923
927,928,929
930,931,932
921,922,923
930,931,932
933,934,935
921,922,923
933,934,935
924,925,926
933,934,935
930,931,932
936,937,938
933,934,935
936,937,938
939,940,941
933,934,935
939,940,941
924,925,926
924,925,926
939,940,941
942,943,944
924,925,926
942,943,944
918,919,920
939,940,941
936,937,938
945,946,947
939,940,941
945,946,947
942,943,944
936,937,938
930,931,932
948,949,950
936,937,938
948,949,950
951,952,953
936,937,938
951,952,953
945,946,947
951,952,953
948,949,950
954,955,956
951,952,953
954,955,956
957,958,959
951,952,953
957,958,959
945,946,947
945,946,947
957,958,959
960,961,962
945,946,947
960,961,962
942,943,944
957,958,959
954,955,956
963,964,965
957,958,959
963,964,965
960,961,962
954,955,956
948,949,950
966,967,968
954,955,956
966,967,968
969,970,971
954,955,956
969,970,971
963,964,965
963,964,965
969,970,971
972,973,974
963,964,965
972,973,974
975,976,977
963,964,965
975,976,977
960,961,962
969,970,971
966,967,968
978,979,980
969,970,971
978,979,980
981,982,983
969,970,971
981,982,983
972,973,974
981,982,983
978,979,980
984,985,986
981,982,983
984,985,986
987,988,989
981,982,983
987,988,989
972,973,974
972,973,974
987,988,989
990,991,992
972,973,974
990,991,992
975,976,977
987,988,989
984,985,986
993,994,995
987,988,989
993,994,995
990,991,992
984,985,986
978,979,980
996,997,998
984,985,986
996,997,998
993,994,995
993,994,995
996,997,998
999,1000,1001
993,994,995
999,1000,1001
1002,1003,1004
993,994,995
1002,1003,1004
990,991,992
999,1000,1001
996,997,998
1005,1006,1007
999,1000,1001
1005,1006,1007
1008,1009,1010
999,1000,1001
1008,1009,1010
1002,1003,1004
996,997,998
978,979,980
1011,1012,1013
996,997,998
1011,1012,1013
1005,1006,1007
1008,1009,1010
1005,1006,1007
1014,1015,1016
1008,1009,1010
1014,1015,1016
1017,1018,1019
1008,1009,1010
1017,1018,1019
1002,1003,1004
1005,1006,1007
1011,1012,1013
1020,1021,1022
1005,1006,1007
1020,1021,1022
1014,1015,1016
1014,1015,1016
1020,1021,1022
1023,1024,1025
1014,1015,1016
1023,1024,1025
1017,1018,1019
1017,1018,1019
1023,1024,1025
1026,1027,1028
1017,1018,1019
1026,1027,1028
1029,1030,1031
1017,1018,1019
1029,1030,1031
1002,1003,1004
1023,1024,1025
1020,1021,1022
1032,1033,1034
1023,1024,1025
1032,1033,1034
1035,1036,1037
1023,1024,1025
1035,1036,1037
1026,1027,1028
1035,1036,1037
1032,1033,1034
1038,1039,1040
1035,1036,1037
1038,1039,1040
1041,1042,1043
1035,1036,1037
1041,1042,1043
1026,1027,1028
1026,1027,1028
1041,1042,1043
1044,1045,1046
1026,1027,1028
1044,1045,1046
1029,1030,1031
1041,1042,1043
1038,1039,1040
1047,1048,1049
1041,1042,1043
1047,1048,1049
1044,1045,1046
1038,1039,1040
1032,1033,1034
1050,1051,1052
1038,1039,1040
1050,1051,1052
1053,1054,1055
1038,1039,1040
1053,1054,1055
1047,1048,1049
1053,1054,1055
1050,1051,1052
1056,1057,1058
1053,1054,1055
1056,1057,1058
1059,1060,1061
1053,1054,1055
1059,1060,1061
1047,1048,1049
1047,1048,1049
1059,1060,1061
1062,1063,1064
1047,1048,1049
1062,1063,1064
1044,1045,1046
1059,1060,1061
1056,1057,1058
1065,1066,1067
1059,1060,1061
1065,1066,1067
1062,1063,1064
1056,1057,1058
1050,1051,1052
1068,1069,1070
1056,1057,1058
1068,1069,1070
1071,1072,1073
1056,1057,1058
1071,1072,1073
1065,1066,1067
1071,1072,1073
1068,1069,1070
1074,1075,1076
1071,1072,1073
1074,1075,1076
1077,1078,1079
1071,1072,1073
1077,1078,1079
1065,1066,1067
1065,1066,1067
1077,1078,1079
1080,1081,1082
1065,1066,1067
1080,1081,1082
1062,1063,1064
1077,1078,1079
1074,1075,1076
1083,1084,1085
1077,1078,1079
1083,1084,1085
1086,1087,1088
1077,1078,1079
1086,1087,1088
1080,1081,1082
1083,1084,1085
1074,1075,1076
1089,1090,1091
1083,1084,1085
1089,1090,1091
1092,1093,1094
1083,1084,1085
1092,1093,1094
1086,1087,1088
1074,1075,1076
1068,1069,1070
1095,1096,1097
1074,1075,1076
1095,1096,1097
1089,1090,1091
1089,1090,1091
1095,1096,1097
1098,1099,1100
1089,1090,1091
1098,1099,1100
1092,1093,1094
1092,1093,1094
1098,1099,1100
1101,1102,1103
1092,1093,1094
1101,1102,1103
1104,1105,1106
1092,1093,1094
1104,1105,1106
1086,1087,1088
1101,1102,1103
1098,1099,1100
1107,1108,1109
1101,1102,1103
1107,1108,1109
1110,1111,1112
1101,1102,1103
1110,1111,1112
1104,1105,1106
1098,1099,1100
1095,1096,1097
1113,1114,1115
1098,1099,1100
1113,1114,1115
1107,1108,1109
1107,1108,1109
1113,1114,1115
1116,1117,1118
1107,1108,1109
1116,1117,1118
1119,1120,1121
1107,1108,1109
1119,1120,1121
1110,1111,1112
1119,1120,1121
1116,1117,1118
1122,1123,1124
1119,1120,1121
1122,1123,1124
1125,1126,1127
1119,1120,1121
1125,1126,1127
1110,1111,1112
1110,1111,1112
1125,1126,1127
1128,1129,1130
1110,1111,1112
1128,1129,1130
1104,1105,1106
1125,1126,1127
1122,1123,1124
1131,1132,1133
1125,1126,1127
1131,1132,1133
1128,1129,1130
1122,1123,1124
1116,1117,1118
1134,1135,1136
1122,1123,1124
1134,1135,1136
1137,1138,1139
1122,1123,1124
1137,1138,1139
1131,1132,1133
1137,1138,1139
1134,1135,1136
1140,1141,1142
1137,1138,1139
1140,1141,1142
1143,1144,1145
1137,1138,1139
1143,1144,1145
1131,1132,1133
1131,1132,1133
1143,1144,1145
1146,1147,1148
1131,1132,1133
1146,1147,1148
1128,1129,1130
1143,1144,1145
1140,1141,1142
1149,1150,1151
1143,1144,1145
1149,1150,1151
1146,1147,1148
1140,1141,1142
1134,1135,1136
1152,1153,1154
1140,1141,1142
1152,1153,1154
1155,1156,1157
1140,1141,1142
1155,1156,1157
1149,1150,1151
1155,1156,1157
1152,1153,1154
1158,1159,1160
1155,1156,1157
1158,1159,1160
1161,1162,1163
1155,1156,1157
1161,1162,1163
1149,1150,1151
1149,1150,1151
1161,1162,1163
1164,1165,1166
1149,1150,1151
1164,1165,1166
1146,1147,1148
1161,1162,1163
1158,1159,1160
1167,1168,1169
1161,1162,1163
1167,1168,1169
1164,1165,1166
1158,1159,1160
1152,1153,1154
1170,1171,1172
1158,1159,1160
1170,1171,1172
1173,1174,1175
1158,1159,1160
1173,1174,1175
1167,1168,1169
1173,1174,1175
1170,1171,1172
1176,1177,1178
1173,1174,1175
1176,1177,1178
1179,1180,1181
1173,1174,1175
1179,1180,1181
1167,1168,1169
1167,1168,1169
1179,1180,1181
1182,1183,1184
1167,1168,1169
1182,1183,1184
1164,1165,1166
1179,1180,1181
1176,1177,1178
1185,1186,1187
1179,1180,1181
1185,1186,1187
1188,1189,1190
1179,1180,1181
1188,1189,1190
1182,1183,1184
1185,1186,1187
1176,1177,1178
1191,1192,1193
1185,1186,1187
1191,1192,1193
1194,1195,1196
1185,1186,1187
1194,1195,1196
1188,1189,1190
1176,1177,1178
1170,1171,1172
1197,1198,1199
1176,1177,1178
1197,1198,1199
1191,1192,1193
1191,1192,1193
1197,1198,1199
1200,1201,1202
1191,1192,1193
1200,1201,1202
1194,1195,1196
1194,1195,1196
1200,1201,1202
1203,1204,1205
1194,1195,1196
1203,1204,1205
1206,1207,1208
1194,1195,1196
1206,1207,1208
1188,1189,1190
1203,1204,1205
1200,1201,1202
1209,1210,1211
1203,1204,1205
1209,1210,1211
1212,1213,1214
1203,1204,1205
1212,1213,1214
1206,1207,1208
1200,1201,1202
1197,1198,1199
1215,1216,1217
1200,1201,1202
1215,1216,1217
1209,1210,1211
1209,1210,1211
1215,1216,1217
1218,1219,1220
1209,1210,1211
1218,1219,1220
1221,1222,1223
1209,1210,1211
1221,1222,1223
1212,1213,1214
1221,1222,1223
1218,1219,1220
1224,1225,1226
1221,1222,1223
1224,1225,1226
1227,1228,1229
1221,1222,1223
1227,1228,1229
1212,1213,1214
1212,1213,1214
1227,1228,1229
1230,1231,1232
1212,1213,1214
1230,1231,1232
1206,1207,1208
1227,1228,1229
1224,1225,1226
1233,1234,1235
1227,1228,1229
1233,1234,1235
1230,1231,1232
1224,1225,1226
1218,1219,1220
1236,1237,1238
1224,1225,1226
1236,1237,1238
1239,1240,1241
1224,1225,1226
1239,1240,1241
1233,1234,1235
1239,1240,1241
1236,1237,1238
1242,1243,1244
1239,1240,1241
1242,1243,1244
1245,1246,1247
1239,1240,1241
1245,1246,1247
1233,1234,1235
1233,1234,1235
1245,1246,1247
1248,1249,1250
1233,1234,1235
1248,1249,1250
1230,1231,1232
1245,1246,1247
1242,1243,1244
1251,1252,1253
1245,1246,1247
1251,1252,1253
1248,1249,1250
1242,1243,1244
1236,1237,1238
1254,1255,1256
1242,1243,1244
1254,1255,1256
1257,1258,1259
1242,1243,1244
1257,1258,1259
1251,1252,1253
1257,1258,1259
1254,1255,1256
1260,1261,1262
1257,1258,1259
1260,1261,1262
1263,1264,1265
1257,1258,1259
1263,1264,1265
1251,1252,1253
1251,1252,1253
1263,1264,1265
1266,1267,1268
1251,1252,1253
1266,1267,1268
1248,1249,1250
1263,1264,1265
1260,1261,1262
1269,1270,1271
1263,1264,1265
1269,1270,1271
1266,1267,1268
1260,1261,1262
1254,1255,1256
1272,1273,1274
1260,1261,1262
1272,1273,1274
1275,1276,1277
1260,1261,1262
1275,1276,1277
1269,1270,1271
1275,1276,1277
1272,1273,1274
1278,1279,1280
1275,1276,1277
1278,1279,1280
1281,1282,1283
1275,1276,1277
1281,1282,1283
1269,1270,1271
1269,1270,1271
1281,1282,1283
1284,1285,1286
1269,1270,1271
1284,1285,1286
1266,1267,1268
1281,1282,1283
1278,1279,1280
1287,1288,1289
1281,1282,1283
1287,1288,1289
1290,1291,1292
1281,1282,1283
1290,1291,1292
1284,1285,1286
1287,1288,1289
1278,1279,1280
1293,1294,1295
1287,1288,1289
1293,1294,1295
1296,1297,1298
1287,1288,1289
1296,1297,1298
1290,1291,1292
1278,1279,1280
1272,1273,1274
1299,1300,1301
1278,1279,1280
1299,1300,1301
1293,1294,1295
1293,1294,1295
1299,1300,1301
1302,1303,1304
1293,1294,1295
1302,1303,1304
1296,1297,1298
1296,1297,1298
1302,1303,1304
1305,1306,1307
1296,1297,1298
1305,1306,1307
1290,1291,1292
1302,1303,1304
1299,1300,1301
1308,1309,1310
1302,1303,1304
1308,1309,1310
1311,1312,1313
1302,1303,1304
1311,1312,1313
1305,1306,1307
1305,1306,1307
1311,1312,1313
1314,1315,1316
1305,1306,1307
1314,1315,1316
1317,1318,1319
1305,1306,1307
1317,1318,1319
1290,1291,1292
1311,1312,1313
1308,1309,1310
1320,1321,1322
1311,1312,1313
1320,1321,1322
1323,1324,1325
1311,1312,1313
1323,1324,1325
1314,1315,1316
1323,1324,1325
1320,1321,1322
1326,1327,1328
1323,1324,1325
1326,1327,1328
1329,1330,1331
1323,1324,1325
1329,1330,1331
1314,1315,1316
1314,1315,1316
1329,1330,1331
1332,1333,1334
1314,1315,1316
1332,1333,1334
1317,1318,1319
1329,1330,1331
1326,1327,1328
1335,1336,1337
1329,1330,1331
1335,1336,1337
1332,1333,1334
1326,1327,1328
1320,1321,1322
1338,1339,1340
1326,1327,1328
1338,1339,1340
1341,1342,1343
1326,1327,1328
1341,1342,1343
1335,1336,1337
1341,1342,1343
1338,1339,1340
1344,1345,1346
1341,1342,1343
1344,1345,1346
1347,1348,1349
1341,1342,1343
1347,1348,1349
1335,1336,1337
1335,1336,1337
1347,1348,1349
1350,1351,1352
1335,1336,1337
1350,1351,1352
1332,1333,1334
1347,1348,1349
1344,1345,1346
1353,1354,1355
1347,1348,1349
1353,1354,1355
1350,1351,1352
1344,1345,1346
1338,1339,1340
1356,1357,1358
1344,1345,1346
1356,1357,1358
1359,1360,1361
1344,1345,1346
1359,1360,1361
1353,1354,1355
1353,1354,1355
1359,1360,1361
1362,1363,1364
1353,1354,1355
1362,1363,1364
1365,1366,1367
1353,1354,1355
1365,1366,1367
1350,1351,1352
1359,1360,1361
1356,1357,1358
1368,1369,1370
1359,1360,1361
1368,1369,1370
1371,1372,1373
1359,1360,1361
1371,1372,1373
1362,1363,1364
1371,1372,1373
1368,1369,1370
1374,1375,1376
1371,1372,1373
1374,1375,1376
1377,1378,1379
1371,1372,1373
1377,1378,1379
1362,1363,1364
1362,1363,1364
1377,1378,1379
1380,1381,1382
1362,1363,1364
1380,1381,1382
1365,1366,1367
1377,1378,1379
1374,1375,1376
1383,1384,1385
1377,1378,1379
1383,1384,1385
1380,1381,1382
1374,1375,1376
1368,1369,1370
1386,1387,1388
1374,1375,1376
1386,1387,1388
1383,1384,1385
1383,1384,1385
1386,1387,1388
1389,1390,1391
1383,1384,1385
1389,1390,1391
1392,1393,1394
1383,1384,1385
1392,1393,1394
1380,1381,1382
1389,1390,1391
1386,1387,1388
1395,1396,1397
1389,1390,1391
1395,1396,1397
1398,1399,1400
1389,1390,1391
1398,1399,1400
1392,1393,1394
1386,1387,1388
1368,1369,1370
1401,1402,1403
1386,1387,1388
1401,1402,1403
1395,1396,1397
1395,1396,1397
1401,1402,1403
1404,1405,1406
1395,1396,1397
1404,1405,1406
1398,1399,1400
1398,1399,1400
1404,1405,1406
1407,1408,1409
1398,1399,1400
1407,1408,1409
1392,1393,1394
1404,1405,1406
1401,1402,1403
1410,1411,1412
1404,1405,1406
1410,1411,1412
1413,1414,1415
1404,1405,1406
1413,1414,1415
1407,1408,1409
1407,1408,1409
1413,1414,1415
1416,1417,1418
1407,1408,1409
1416,1417,1418
1419,1420,1421
1407,1408,1409
1419,1420,1421
1392,1393,1394
1413,1414,1415
1410,1411,1412
1422,1423,1424
1413,1414,1415
1422,1423,1424
1425,1426,1427
1413,1414,1415
1425,1426,1427
1416,1417,1418
1425,1426,1427
1422,1423,1424
1428,1429,1430
1425,1426,1427
1428,1429,1430
1431,1432,1433
1425,1426,1427
1431,1432,1433
1416,1417,1418
1416,1417,1418
1431,1432,1433
1434,1435,1436
1416,1417,1418
1434,1435,1436
1419,1420,1421
1431,1432,1433
1428,1429,1430
1437,1438,1439
1431,1432,1433
1437,1438,1439
1434,1435,1436
1428,1429,1430
1422,1423,1424
1440,1441,1442
1428,1429,1430
1440,1441,1442
1443,1444,1445
1428,1429,1430
1443,1444,1445
1437,1438,1439
1443,1444,1445
1440,1441,1442
1446,1447,1448
1443,1444,1445
1446,1447,1448
1449,1450,1451
1443,1444,1445
1449,1450,1451
1437,1438,1439
1437,1438,1439
1449,1450,1451
1452,1453,1454
1437,1438,1439
1452,1453,1454
1434,1435,1436
1449,1450,1451
1446,1447,1448
1455,1456,1457
1449,1450,1451
1455,1456,1457
1452,1453,1454
1446,1447,1448
1440,1441,1442
1458,1459,1460
1446,1447,1448
1458,1459,1460
1461,1462,1463
1446,1447,1448
1461,1462,1463
1455,1456,1457
1455,1456,1457
1461,1462,1463
1464,1465,1466
1455,1456,1457
1464,1465,1466
1467,1468,1469
1455,1456,1457
1467,1468,1469
1452,1453,1454
1461,1462,1463
1458,1459,1460
1470,1471,1472
1461,1462,1463
1470,1471,1472
1473,1474,1475
1461,1462,1463
1473,1474,1475
1464,1465,1466
1473,1474,1475
1470,1471,1472
1476,1477,1478
1473,1474,1475
1476,1477,1478
1479,1480,1481
1473,1474,1475
1479,1480,1481
1464,1465,1466
1464,1465,1466
1479,1480,1481
1482,1483,1484
1464,1465,1466
1482,1483,1484
1467,1468,1469
1479,1480,1481
1476,1477,1478
1485,1486,1487
1479,1480,1481
1485,1486,1487
1482,1483,1484
1476,1477,1478
1470,1471,1472
1488,1489,1490
1476,1477,1478
1488,1489,1490
1485,1486,1487
1485,1486,1487
1488,1489,1490
1491,1492,1493
1485,1486,1487
1491,1492,1493
1494,1495,1496
1485,1486,1487
1494,1495,1496
1482,1483,1484
1491,1492,1493
1488,1489,1490
1497,1498,1499
1491,1492,1493
1497,1498,1499
1500,1501,1502
1491,1492,1493
1500,1501,1502
1494,1495,1496
1488,1489,1490
1470,1471,1472
1503,1504,1505
1488,1489,1490
1503,1504,1505
1497,1498,1499
1497,1498,1499
1503,1504,1505
1506,1507,1508
1497,1498,1499
1506,1507,1508
1500,1501,1502
1500,1501,1502
1506,1507,1508
1509,1510,1511
1500,1501,1502
1509,1510,1511
1512,1513,1514
1500,1501,1502
1512,1513,1514
1494,1495,1496
1509,1510,1511
1506,1507,1508
1515,1516,1517
1509,1510,1511
1515,1516,1517
1518,1519,1520
1509,1510,1511
1518,1519,1520
1512,1513,1514
1506,1507,1508
1503,1504,1505
1521,1522,1523
1506,1507,1508
1521,1522,1523
1515,1516,1517
1515,1516,1517
1521,1522,1523
1524,1525,1526
1515,1516,1517
1524,1525,1526
1527,1528,1529
1515,1516,1517
1527,1528,1529
1518,1519,1520
1527,1528,1529
1524,1525,1526
1530,1531,1532
1527,1528,1529
1530,1531,1532
1533,1534,1535
1527,1528,1529
1533,1534,1535
1518,1519,1520
1518,1519,1520
1533,1534,1535
1536,1537,1538
1518,1519,1520
1536,1537,1538
1512,1513,1514
1533,1534,1535
1530,1531,1532
1539,1540,1541
1533,1534,1535
1539,1540,1541
1536,1537,1538
1530,1531,1532
1524,1525,1526
1542,1543,1544
1530,1531,1532
1542,1543,1544
1545,1546,1547
1530,1531,1532
1545,1546,1547
1539,1540,1541
1545,1546,1547
1542,1543,1544
1548,1549,1550
1545,1546,1547
1548,1549,1550
1551,1552,1553
1545,1546,1547
1551,1552,1553
1539,1540,1541
1539,1540,1541
1551,1552,1553
1554,1555,1556
1539,1540,1541
1554,1555,1556
1536,1537,1538
1551,1552,1553
1548,1549,1550
1557,1558,1559
1551,1552,1553
1557,1558,1559
1554,1555,1556
1548,1549,1550
1542,1543,1544
1560,1561,1562
1548,1549,1550
1560,1561,1562
1563,1564,1565
1548,1549,1550
1563,1564,1565
1557,1558,1559
1557,1558,1559
1563,1564,1565
1566,1567,1568
1557,1558,1559
1566,1567,1568
1569,1570,1571
1557,1558,1559
1569,1570,1571
1554,1555,1556
1563,1564,1565
1560,1561,1562
1572,1573,1574
1563,1564,1565
1572,1573,1574
1575,1576,1577
1563,1564,1565
1575,1576,1577
1566,1567,1568
1575,1576,1577
1572,1573,1574
1578,1579,1580
1575,1576,1577
1578,1579,1580
1581,1582,1583
1575,1576,1577
1581,1582,1583
1566,1567,1568
1566,1567,1568
1581,1582,1583
1584,1585,1586
1566,1567,1568
1584,1585,1586
1569,1570,1571
1581,1582,1583
1578,1579,1580
1587,1588,1589
1581,1582,1583
1587,1588,1589
1584,1585,1586
1578,1579,1580
1572,1573,1574
1590,1591,1592
1578,1579,1580
1590,1591,1592
1587,1588,1589
1587,1588,1589
1590,1591,1592
1593,1594,1595
1587,1588,1589
1593,1594,1595
1596,1597,1598
1587,1588,1589
1596,1597,1598
1584,1585,1586
1593,1594,1595
1590,1591,1592
1599,1600,1601
1593,1594,1595
1599,1600,1601
1602,1603,1604
1593,1594,1595
1602,1603,1604
1596,1597,1598
1590,1591,1592
1572,1573,1574
1605,1606,1607
1590,1591,1592
1605,1606,1607
1599,1600,1601
1599,1600,1601
1605,1606,1607
1608,1609,1610
1599,1600,1601
1608,1609,1610
1602,1603,1604
1602,1603,1604
1608,1609,1610
1611,1612,1613
1602,1603,1604
1611,1612,1613
1614,1615,1616
1602,1603,1604
1614,1615,1616
1596,1597,1598
1611,1612,1613
1608,1609,1610
1617,1618,1619
1611,1612,1613
1617,1618,1619
1620,1621,1622
1611,1612,1613
1620,1621,1622
1614,1615,1616
1608,1609,1610
1605,1606,1607
1623,1624,1625
1608,1609,1610
1623,1624,1625
1617,1618,1619
1620,1621,1622
1617,1618,1619
1626,1627,1628
1620,1621,1622
1626,1627,1628
1629,1630,1631
1620,1621,1622
1629,1630,1631
1614,1615,1616
1617,1618,1619
1623,1624,1625
1632,1633,1634
1617,1618,1619
1632,1633,1634
1635,1636,1637
1617,1618,1619
1635,1636,1637
1626,1627,1628
1635,1636,1637
1632,1633,1634
1638,1639,1640
1635,1636,1637
1638,1639,1640
1626,1627,1628
1626,1627,1628
1638,1639,1640
1641,1642,1643
1626,1627,1628
1641,1642,1643
1644,1645,1646
1626,1627,1628
1644,1645,1646
1629,1630,1631
1644,1645,1646
1641,1642,1643
1647,1648,1649
1644,1645,1646
1647,1648,1649
1650,1651,1652
1644,1645,1646
1650,1651,1652
1629,1630,1631
1605,1606,1607
1572,1573,1574
1653,1654,1655
1605,1606,1607
1653,1654,1655
1656,1657,1658
1605,1606,1607
1656,1657,1658
1623,1624,1625
1572,1573,1574
1560,1561,1562
1659,1660,1661
1572,1573,1574
1659,1660,1661
1653,1654,1655
1560,1561,1562
1542,1543,1544
1662,1663,1664
1560,1561,1562
1662,1663,1664
1659,1660,1661
1659,1660,1661
1662,1663,1664
1665,1666,1667
1659,1660,1661
1665,1666,1667
1668,1669,1670
1659,1660,1661
1668,1669,1670
1653,1654,1655
1653,1654,1655
1668,1669,1670
1671,1672,1673
1653,1654,1655
1671,1672,1673
1656,1657,1658
1662,1663,1664
1542,1543,1544
1674,1675,1676
1662,1663,1664
1674,1675,1676
1677,1678,1679
1662,1663,1664
1677,1678,1679
1665,1666,1667
1656,1657,1658
1671,1672,1673
1680,1681,1682
1656,1657,1658
1680,1681,1682
1683,1684,1685
1656,1657,1658
1683,1684,1685
1623,1624,1625
1623,1624,1625
1683,1684,1685
1686,1687,1688
1623,1624,1625
1686,1687,1688
1632,1633,1634
1683,1684,1685
1680,1681,1682
1689,1690,1691
1683,1684,1685
1689,1690,1691
1686,1687,1688
1686,1687,1688
1689,1690,1691
1692,1693,1694
1686,1687,1688
1692,1693,1694
1632,1633,1634
1692,1693,1694
1689,1690,1691
1695,1696,1697
1692,1693,1694
1695,1696,1697
1632,1633,1634
1632,1633,1634
1695,1696,1697
1638,1639,1640
1695,1696,1697
1689,1690,1691
1698,1699,1700
1695,1696,1697
1698,1699,1700
1701,1702,1703
1695,1696,1697
1701,1702,1703
1638,1639,1640
1701,1702,1703
1698,1699,1700
1704,1705,1706
1701,1702,1703
1704,1705,1706
1638,1639,1640
1689,1690,1691
1680,1681,1682
1707,1708,1709
1689,1690,1691
1707,1708,1709
1698,1699,1700
1698,1699,1700
1707,1708,1709
1710,1711,1712
1698,1699,1700
1710,1711,1712
1704,1705,1706
1707,1708,1709
1680,1681,1682
1713,1714,1715
1707,1708,1709
1713,1714,1715
1710,1711,1712
1680,1681,1682
1671,1672,1673
1716,1717,1718
1680,1681,1682
1716,1717,1718
1713,1714,1715
1713,1714,1715
1716,1717,1718
1719,1720,1721
1713,1714,1715
1719,1720,1721
1710,1711,1712
1716,1717,1718
1671,1672,1673
1722,1723,1724
1716,1717,1718
1722,1723,1724
1719,1720,1721
1671,1672,1673
1668,1669,1670
1725,1726,1727
1671,1672,1673
1725,1726,1727
1722,1723,1724
1722,1723,1724
1725,1726,1727
1728,1729,1730
1722,1723,1724
1728,1729,1730
1719,1720,1721
1725,1726,1727
1668,1669,1670
1731,1732,1733
1725,1726,1727
1731,1732,1733
1728,1729,1730
1668,1669,1670
1665,1666,1667
1734,1735,1736
1668,1669,1670
1734,1735,1736
1731,1732,1733
1731,1732,1733
1734,1735,1736
1737,1738,1739
1731,1732,1733
1737,1738,1739
1728,1729,1730
1734,1735,1736
1665,1666,1667
1740,1741,1742
1734,1735,1736
1740,1741,1742
1737,1738,1739
1665,1666,1667
1677,1678,1679
1743,1744,1745
1665,1666,1667
1743,1744,1745
1740,1741,1742
1740,1741,1742
1743,1744,1745
1746,1747,1748
1740,1741,1742
1746,1747,1748
1737,1738,1739
1743,1744,1745
1677,1678,1679
1749,1750,1751
1743,1744,1745
1749,1750,1751
1746,1747,1748
1638,1639,1640
1704,1705,1706
1752,1753,1754
1638,1639,1640
1752,1753,1754
1641,1642,1643
1704,1705,1706
1710,1711,1712
1755,1756,1757
1704,1705,1706
1755,1756,1757
1752,1753,1754
1755,1756,1757
1710,1711,1712
1758,1759,1760
1788,1789,1790
1785,1786,1787
1809,1810,1811
1788,1789,1790
1809,1810,1811
1791,1792,1793
1791,1792,1793
1809,1810,1811
1812,1813,1814
1791,1792,1793
1812,1813,1814
1794,1795,1796
1794,1795,1796
1812,1813,1814
1815,1816,1817
1794,1795,1796
1815,1816,1817
1797,1798,1799
1797,1798,1799
1815,1816,1817
1818,1819,1820
1797,1798,1799
1818,1819,1820
1800,1801,1802
1800,1801,1802
1818,1819,1820
1821,1822,1823
1800,1801,1802
1821,1822,1823
1803,1804,1805
1803,1804,1805
1821,1822,1823
1824,1825,1826
1803,1804,1805
1824,1825,1826
1806,1807,1808
1806,1807,1808
1824,1825,1826
1641,1642,1643
1806,1807,1808
1641,1642,1643
1752,1753,1754
1785,1786,1787
1782,1783,1784
1827,1828,1829
1785,1786,1787
1827,1828,1829
1809,1810,1811
1782,1783,1784
1779,1780,1781
1830,1831,1832
1782,1783,1784
1830,1831,1832
1827,1828,1829
1779,1780,1781
1776,1777,1778
1833,1834,1835
1779,1780,1781
1833,1834,1835
1830,1831,1832
1776,1777,1778
1773,1774,1775
1836,1837,1838
1776,1777,1778
1836,1837,1838
1833,1834,1835
1773,1774,1775
1770,1771,1772
1746,1747,1748
1773,1774,1775
1746,1747,1748
1836,1837,1838
1770,1771,1772
1767,1768,1769
1737,1738,1739
1770,1771,1772
1737,1738,1739
1746,1747,1748
1746,1747,1748
1749,1750,1751
1836,1837,1838
1737,1738,1739
1767,1768,1769
1728,1729,1730
1767,1768,1769
1764,1765,1766
1728,1729,1730
1728,1729,1730
1764,1765,1766
1719,1720,1721
1764,1765,1766
1761,1762,1763
1719,1720,1721
1761,1762,1763
1758,1759,1760
1719,1720,1721
1758,1759,1760
1710,1711,1712
1719,1720,1721
1641,1642,1643
1824,1825,1826
1647,1648,1649
1749,1750,1751
1677,1678,1679
1839,1840,1841
1749,1750,1751
1839,1840,1841
1836,1837,1838
1677,1678,1679
1674,1675,1676
1842,1843,1844
1677,1678,1679
1842,1843,1844
1839,1840,1841
1839,1840,1841
1842,1843,1844
1845,1846,1847
1839,1840,1841
1845,1846,1847
1836,1837,1838
1836,1837,1838
1845,1846,1847
1848,1849,1850
1836,1837,1838
1848,1849,1850
1833,1834,1835
1845,1846,1847
1842,1843,1844
1851,1852,1853
1845,1846,1847
1851,1852,1853
1848,1849,1850
1848,1849,1850
1851,1852,1853
1854,1855,1856
1848,1849,1850
1854,1855,1856
1833,1834,1835
1833,1834,1835
1854,1855,1856
1857,1858,1859
1833,1834,1835
1857,1858,1859
1830,1831,1832
1854,1855,1856
1851,1852,1853
1860,1861,1862
1854,1855,1856
1860,1861,1862
1857,1858,1859
1857,1858,1859
1860,1861,1862
1863,1864,1865
1857,1858,1859
1863,1864,1865
1830,1831,1832
1830,1831,1832
1863,1864,1865
1866,1867,1868
1830,1831,1832
1866,1867,1868
1827,1828,1829
1863,1864,1865
1860,1861,1862
1869,1870,1871
1863,1864,1865
1869,1870,1871
1866,1867,1868
1866,1867,1868
1869,1870,1871
1872,1873,1874
1866,1867,1868
1872,1873,1874
1827,1828,1829
1827,1828,1829
1872,1873,1874
1875,1876,1877
1827,1828,1829
1875,1876,1877
1809,1810,1811
1872,1873,1874
1869,1870,1871
1878,1879,1880
1872,1873,1874
1878,1879,1880
1875,1876,1877
1875,1876,1877
1878,1879,1880
1881,1882,1883
1875,1876,1877
1881,1882,1883
1809,1810,1811
1809,1810,1811
1881,1882,1883
1884,1885,1886
1809,1810,1811
1884,1885,1886
1812,1813,1814
1881,1882,1883
1878,1879,1880
1887,1888,1889
1881,1882,1883
1887,1888,1889
1884,1885,1886
1884,1885,1886
1887,1888,1889
1890,1891,1892
1884,1885,1886
1890,1891,1892
1812,1813,1814
1890,1891,1892
1887,1888,1889
1893,1894,1895
1890,1891,1892
1893,1894,1895
1896,1897,1898
1890,1891,1892
1896,1897,1898
1812,1813,1814
1812,1813,1814
1896,1897,1898
1899,1900,1901
1812,1813,1814
1899,1900,1901
1815,1816,1817
1896,1897,1898
1893,1894,1895
1902,1903,1904
1896,1897,1898
1902,1903,1904
1899,1900,1901
1899,1900,1901
1902,1903,1904
1905,1906,1907
1899,1900,1901
1905,1906,1907
1815,1816,1817
1905,1906,1907
1902,1903,1904
1908,1909,1910
1905,1906,1907
1908,1909,1910
1911,1912,1913
1905,1906,1907
1911,1912,1913
1815,1816,1817
1911,1912,1913
1908,1909,1910
1914,1915,1916
1911,1912,1913
1914,1915,1916
1815,1816,1817
1815,1816,1817
1914,1915,1916
1818,1819,1820
1914,1915,1916
1908,1909,1910
1917,1918,1919
1914,1915,1916
1917,1918,1919
1920,1921,1922
1914,1915,1916
1920,1921,1922
1818,1819,1820
1818,1819,1820
1920,1921,1922
1923,1924,1925
1818,1819,1820
1923,1924,1925
1821,1822,1823
1920,1921,1922
1917,1918,1919
1926,1927,1928
1920,1921,1922
1926,1927,1928
1923,1924,1925
1923,1924,1925
1926,1927,1928
1929,1930,1931
1923,1924,1925
1929,1930,1931
1821,1822,1823
1821,1822,1823
1929,1930,1931
1824,1825,1826
1929,1930,1931
1926,1927,1928
1932,1933,1934
1929,1930,1931
1932,1933,1934
1824,1825,1826
1824,1825,1826
1932,1933,1934
1935,1936,1937
1824,1825,1826
1935,1936,1937
1647,1648,1649
1935,1936,1937
1932,1933,1934
1938,1939,1940
1935,1936,1937
1938,1939,1940
1647,1648,1649
1932,1933,1934
1926,1927,1928
1938,1939,1940
1647,1648,1649
1938,1939,1940
1650,1651,1652
1842,1843,1844
1674,1675,1676
1941,1942,1943
1842,1843,1844
1941,1942,1943
1944,1945,1946
1842,1843,1844
1944,1945,1946
1851,1852,1853
1674,1675,1676
1542,1543,1544
1524,1525,1526
1674,1675,1676
1524,1525,1526
1941,1942,1943
1941,1942,1943
1524,1525,1526
1521,1522,1523
1941,1942,1943
1521,1522,1523
1944,1945,1946
1944,1945,1946
1521,1522,1523
1947,1948,1949
1944,1945,1946
1947,1948,1949
1851,1852,1853
1851,1852,1853
1947,1948,1949
1950,1951,1952
1851,1852,1853
1950,1951,1952
1860,1861,1862
1947,1948,1949
1521,1522,1523
1503,1504,1505
1947,1948,1949
1503,1504,1505
1950,1951,1952
1950,1951,1952
1503,1504,1505
1953,1954,1955
1950,1951,1952
1953,1954,1955
1860,1861,1862
1860,1861,1862
1953,1954,1955
1956,1957,1958
1860,1861,1862
1956,1957,1958
1869,1870,1871
1953,1954,1955
1503,1504,1505
1470,1471,1472
1953,1954,1955
1470,1471,1472
1956,1957,1958
1956,1957,1958
1470,1471,1472
1959,1960,1961
1956,1957,1958
1959,1960,1961
1869,1870,1871
1869,1870,1871
1959,1960,1961
1962,1963,1964
1869,1870,1871
1962,1963,1964
1878,1879,1880
1959,1960,1961
1470,1471,1472
1458,1459,1460
1959,1960,1961
1458,1459,1460
1962,1963,1964
1962,1963,1964
1458,1459,1460
1965,1966,1967
1962,1963,1964
1965,1966,1967
1878,1879,1880
1878,1879,1880
1965,1966,1967
1968,1969,1970
1878,1879,1880
1968,1969,1970
1887,1888,1889
1965,1966,1967
1458,1459,1460
1440,1441,1442
1965,1966,1967
1440,1441,1442
1968,1969,1970
1968,1969,1970
1440,1441,1442
1971,1972,1973
1968,1969,1970
1971,1972,1973
1887,1888,1889
1887,1888,1889
1971,1972,1973
1974,1975,1976
1887,1888,1889
1974,1975,1976
1893,1894,1895
1971,1972,1973
1440,1441,1442
1422,1423,1424
1971,1972,1973
1422,1423,1424
1974,1975,1976
1974,1975,1976
1422,1423,1424
1977,1978,1979
1974,1975,1976
1977,1978,1979
1893,1894,1895
1893,1894,1895
1977,1978,1979
1980,1981,1982
1893,1894,1895
1980,1981,1982
1902,1903,1904
1977,1978,1979
1422,1423,1424
1410,1411,1412
1977,1978,1979
1410,1411,1412
1980,1981,1982
1980,1981,1982
1410,1411,1412
1983,1984,1985
1980,1981,1982
1983,1984,1985
1902,1903,1904
1902,1903,1904
1983,1984,1985
1986,1987,1988
1902,1903,1904
1986,1987,1988
1908,1909,1910
1983,1984,1985
1410,1411,1412
1401,1402,1403
1983,1984,1985
1401,1402,1403
1986,1987,1988
1986,1987,1988
1401,1402,1403
1989,1990,1991
1986,1987,1988
1989,1990,1991
1908,1909,1910
1908,1909,1910
1989,1990,1991
1992,1993,1994
1908,1909,1910
1992,1993,1994
1917,1918,1919
1989,1990,1991
1401,1402,1403
1368,1369,1370
1989,1990,1991
1368,1369,1370
1992,1993,1994
1992,1993,1994
1368,1369,1370
1995,1996,1997
1992,1993,1994
1995,1996,1997
1917,1918,1919
1917,1918,1919
1995,1996,1997
1998,1999,2000
1917,1918,1919
1998,1999,2000
1926,1927,1928
1995,1996,1997
1368,1369,1370
1356,1357,1358
1995,1996,1997
1356,1357,1358
1998,1999,2000
1998,1999,2000
1356,1357,1358
2001,2002,2003
1998,1999,2000
2001,2002,2003
1926,1927,1928
1926,1927,1928
2001,2002,2003
2004,2005,2006
1926,1927,1928
2004,2005,2006
1938,1939,1940
2001,2002,2003
1356,1357,1358
1338,1339,1340
2001,2002,2003
1338,1339,1340
2004,2005,2006
2004,2005,2006
1338,1339,1340
2007,2008,2009
2004,2005,2006
2007,2008,2009
1938,1939,1940
1938,1939,1940
2007,2008,2009
2010,2011,2012
1938,1939,1940
2010,2011,2012
1650,1651,1652
2007,2008,2009
1338,1339,1340
1320,1321,1322
2007,2008,2009
1320,1321,1322
2010,2011,2012
2010,2011,2012
1320,1321,1322
2013,2014,2015
2010,2011,2012
2013,2014,2015
1650,1651,1652
1650,1651,1652
2013,2014,2015
2016,2017,2018
1650,1651,1652
2016,2017,2018
1629,1630,1631
2013,2014,2015
1320,1321,1322
1308,1309,1310
2013,2014,2015
1308,1309,1310
2016,2017,2018
2016,2017,2018
1308,1309,1310
2019,2020,2021
2016,2017,2018
2019,2020,2021
1629,1630,1631
1629,1630,1631
2019,2020,2021
2022,2023,2024
1629,1630,1631
2022,2023,2024
1614,1615,1616
2019,2020,2021
1308,1309,1310
1299,1300,1301
2019,2020,2021
1299,1300,1301
2022,2023,2024
2022,2023,2024
1299,1300,1301
2025,2026,2027
2022,2023,2024
2025,2026,2027
1614,1615,1616
1614,1615,1616
2025,2026,2027
2028,2029,2030
1614,1615,1616
2028,2029,2030
1596,1597,1598
2025,2026,2027
1299,1300,1301
1272,1273,1274
2025,2026,2027
1272,1273,1274
2028,2029,2030
2028,2029,2030
1272,1273,1274
2031,2032,2033
2028,2029,2030
2031,2032,2033
1596,1597,1598
1596,1597,1598
2031,2032,2033
2034,2035,2036
1596,1597,1598
2034,2035,2036
1584,1585,1586
2031,2032,2033
1272,1273,1274
1254,1255,1256
2031,2032,2033
1254,1255,1256
2034,2035,2036
2034,2035,2036
1254,1255,1256
2037,2038,2039
2034,2035,2036
2037,2038,2039
1584,1585,1586
1584,1585,1586
2037,2038,2039
2040,2041,2042
1584,1585,1586
2040,2041,2042
1569,1570,1571
2037,2038,2039
1254,1255,1256
1236,1237,1238
2037,2038,2039
1236,1237,1238
2040,2041,2042
2040,2041,2042
1236,1237,1238
2043,2044,2045
2040,2041,2042
2043,2044,2045
1569,1570,1571
1569,1570,1571
2043,2044,2045
2046,2047,2048
1569,1570,1571
2046,2047,2048
1554,1555,1556
2043,2044,2045
1236,1237,1238
1218,1219,1220
2043,2044,2045
1218,1219,1220
2046,2047,2048
2046,2047,2048
1218,1219,1220
2049,2050,2051
2046,2047,2048
2049,2050,2051
1554,1555,1556
1554,1555,1556
2049,2050,2051
2052,2053,2054
1554,1555,1556
2052,2053,2054
1536,1537,1538
2049,2050,2051
1218,1219,1220
1215,1216,1217
2049,2050,2051
1215,1216,1217
2052,2053,2054
2052,2053,2054
1215,1216,1217
2055,2056,2057
2052,2053,2054
2055,2056,2057
1536,1537,1538
1536,1537,1538
2055,2056,2057
2058,2059,2060
1536,1537,1538
2058,2059,2060
1512,1513,1514
2055,2056,2057
1215,1216,1217
1197,1198,1199
2055,2056,2057
1197,1198,1199
2058,2059,2060
2058,2059,2060
1197,1198,1199
2061,2062,2063
2058,2059,2060
2061,2062,2063
1512,1513,1514
1512,1513,1514
2061,2062,2063
2064,2065,2066
1512,1513,1514
2064,2065,2066
1494,1495,1496
2061,2062,2063
1197,1198,1199
1170,1171,1172
2061,2062,2063
1170,1171,1172
2064,2065,2066
2064,2065,2066
1170,1171,1172
2067,2068,2069
2064,2065,2066
2067,2068,2069
1494,1495,1496
1494,1495,1496
2067,2068,2069
2070,2071,2072
1494,1495,1496
2070,2071,2072
1482,1483,1484
2067,2068,2069
1170,1171,1172
1152,1153,1154
2067,2068,2069
1152,1153,1154
2070,2071,2072
2070,2071,2072
1152,1153,1154
2073,2074,2075
2070,2071,2072
2073,2074,2075
1482,1483,1484
1482,1483,1484
2073,2074,2075
2076,2077,2078
1482,1483,1484
2076,2077,2078
1467,1468,1469
2073,2074,2075
1152,1153,1154
1134,1135,1136
2073,2074,2075
1134,1135,1136
2076,2077,2078
2076,2077,2078
1134,1135,1136
2079,2080,2081
2076,2077,2078
2079,2080,2081
1467,1468,1469
1467,1468,1469
2079,2080,2081
2082,2083,2084
1467,1468,1469
2082,2083,2084
1452,1453,1454
2079,2080,2081
1134,1135,1136
1116,1117,1118
2079,2080,2081
1116,1117,1118
2082,2083,2084
2082,2083,2084
1116,1117,1118
2085,2086,2087
2082,2083,2084
2085,2086,2087
1452,1453,1454
1452,1453,1454
2085,2086,2087
2088,2089,2090
1452,1453,1454
2088,2089,2090
1434,1435,1436
2085,2086,2087
1116,1117,1118
1113,1114,1115
2085,2086,2087
1113,1114,1115
2088,2089,2090
2088,2089,2090
1113,1114,1115
2091,2092,2093
2088,2089,2090
2091,2092,2093
1434,1435,1436
1434,1435,1436
2091,2092,2093
2094,2095,2096
1434,1435,1436
2094,2095,2096
1419,1420,1421
2091,2092,2093
1113,1114,1115
1095,1096,1097
2091,2092,2093
1095,1096,1097
2094,2095,2096
2094,2095,2096
1095,1096,1097
2097,2098,2099
2094,2095,2096
2097,2098,2099
1419,1420,1421
1419,1420,1421
2097,2098,2099
2100,2101,2102
1419,1420,1421
2100,2101,2102
1392,1393,1394
2097,2098,2099
1095,1096,1097
1068,1069,1070
2097,2098,2099
1068,1069,1070
2100,2101,2102
2100,2101,2102
1068,1069,1070
2103,2104,2105
2100,2101,2102
2103,2104,2105
1392,1393,1394
1392,1393,1394
2103,2104,2105
2106,2107,2108
1392,1393,1394
2106,2107,2108
1380,1381,1382
2103,2104,2105
1068,1069,1070
1050,1051,1052
2103,2104,2105
1050,1051,1052
2106,2107,2108
2106,2107,2108
1050,1051,1052
2109,2110,2111
2106,2107,2108
2109,2110,2111
1380,1381,1382
1380,1381,1382
2109,2110,2111
2112,2113,2114
1380,1381,1382
2112,2113,2114
1365,1366,1367
2109,2110,2111
1050,1051,1052
1032,1033,1034
2109,2110,2111
1032,1033,1034
2112,2113,2114
2112,2113,2114
1032,1033,1034
2115,2116,2117
2112,2113,2114
2115,2116,2117
1365,1366,1367
1365,1366,1367
2115,2116,2117
2118,2119,2120
1365,1366,1367
2118,2119,2120
1350,1351,1352
2115,2116,2117
1032,1033,1034
1020,1021,1022
2115,2116,2117
1020,1021,1022
2118,2119,2120
2118,2119,2120
1020,1021,1022
2121,2122,2123
2118,2119,2120
2121,2122,2123
1350,1351,1352
1350,1351,1352
2121,2122,2123
2124,2125,2126
1350,1351,1352
2124,2125,2126
1332,1333,1334
2121,2122,2123
1020,1021,1022
1011,1012,1013
2121,2122,2123
1011,1012,1013
2124,2125,2126
2124,2125,2126
1011,1012,1013
2127,2128,2129
2124,2125,2126
2127,2128,2129
1332,1333,1334
1332,1333,1334
2127,2128,2129
2130,2131,2132
1332,1333,1334
2130,2131,2132
1317,1318,1319
2127,2128,2129
1011,1012,1013
978,979,980
2127,2128,2129
978,979,980
2130,2131,2132
2130,2131,2132
978,979,980
2133,2134,2135
2130,2131,2132
2133,2134,2135
1317,1318,1319
1317,1318,1319
2133,2134,2135
2136,2137,2138
1317,1318,1319
2136,2137,2138
1290,1291,1292
2133,2134,2135
978,979,980
966,967,968
2133,2134,2135
966,967,968
2136,2137,2138
2136,2137,2138
966,967,968
2139,2140,2141
2136,2137,2138
2139,2140,2141
1290,1291,1292
1290,1291,1292
2139,2140,2141
2142,2143,2144
1290,1291,1292
2142,2143,2144
1284,1285,1286
2139,2140,2141
966,967,968
948,949,950
2139,2140,2141
948,949,950
2142,2143,2144
2142,2143,2144
948,949,950
2145,2146,2147
2142,2143,2144
2145,2146,2147
1284,1285,1286
1284,1285,1286
2145,2146,2147
2148,2149,2150
1284,1285,1286
2148,2149,2150
1266,1267,1268
2145,2146,2147
948,949,950
930,931,932
2145,2146,2147
930,931,932
2148,2149,2150
2148,2149,2150
930,931,932
2151,2152,2153
2148,2149,2150
2151,2152,2153
1266,1267,1268
1266,1267,1268
2151,2152,2153
2154,2155,2156
1266,1267,1268
2154,2155,2156
1248,1249,1250
2151,2152,2153
930,931,932
927,928,929
2151,2152,2153
927,928,929
2154,2155,2156
2154,2155,2156
927,928,929
2157,2158,2159
2154,2155,2156
2157,2158,2159
1248,1249,1250
1248,1249,1250
2157,2158,2159
2160,2161,2162
1248,1249,1250
2160,2161,2162
1230,1231,1232
2157,2158,2159
927,928,929
909,910,911
2157,2158,2159
909,910,911
2160,2161,2162
2160,2161,2162
909,910,911
2163,2164,2165
2160,2161,2162
2163,2164,2165
1230,1231,1232
1230,1231,1232
2163,2164,2165
2166,2167,2168
1230,1231,1232
2166,2167,2168
1206,1207,1208
2163,2164,2165
909,910,911
882,883,884
2163,2164,2165
882,883,884
2166,2167,2168
2166,2167,2168
882,883,884
2169,2170,2171
2166,2167,2168
2169,2170,2171
1206,1207,1208
1206,1207,1208
2169,2170,2171
2172,2173,2174
1206,1207,1208
2172,2173,2174
1188,1189,1190
2169,2170,2171
882,883,884
864,865,866
2169,2170,2171
864,865,866
2172,2173,2174
2172,2173,2174
864,865,866
2175,2176,2177
2172,2173,2174
2175,2176,2177
1188,1189,1190
1188,1189,1190
2175,2176,2177
2178,2179,2180
1188,1189,1190
2178,2179,2180
1182,1183,1184
2175,2176,2177
864,865,866
846,847,848
2175,2176,2177
846,847,848
2178,2179,2180
2178,2179,2180
846,847,848
2181,2182,2183
2178,2179,2180
2181,2182,2183
1182,1183,1184
1182,1183,1184
2181,2182,2183
2184,2185,2186
1182,1183,1184
2184,2185,2186
1164,1165,1166
2181,2182,2183
846,847,848
828,829,830
2181,2182,2183
828,829,830
2184,2185,2186
2184,2185,2186
828,829,830
2187,2188,2189
2184,2185,2186
2187,2188,2189
1164,1165,1166
1164,1165,1166
2187,2188,2189
2190,2191,2192
1164,1165,1166
2190,2191,2192
1146,1147,1148
2187,2188,2189
828,829,830
825,826,827
2187,2188,2189
825,826,827
2190,2191,2192
2190,2191,2192
825,826,827
2193,2194,2195
2190,2191,2192
2193,2194,2195
1146,1147,1148
1146,1147,1148
2193,2194,2195
2196,2197,2198
1146,1147,1148
2196,2197,2198
1128,1129,1130
2193,2194,2195
825,826,827
807,808,809
2193,2194,2195
807,808,809
2196,2197,2198
2196,2197,2198
807,808,809
2199,2200,2201
2196,2197,2198
2199,2200,2201
1128,1129,1130
1128,1129,1130
2199,2200,2201
2202,2203,2204
1128,1129,1130
2202,2203,2204
1104,1105,1106
2199,2200,2201
807,808,809
780,781,782
2199,2200,2201
780,781,782
2202,2203,2204
2202,2203,2204
780,781,782
2205,2206,2207
2202,2203,2204
2205,2206,2207
1104,1105,1106
1104,1105,1106
2205,2206,2207
2208,2209,2210
1104,1105,1106
2208,2209,2210
1086,1087,1088
2205,2206,2207
780,781,782
762,763,764
2205,2206,2207
762,763,764
2208,2209,2210
2208,2209,2210
762,763,764
2211,2212,2213
2208,2209,2210
2211,2212,2213
1086,1087,1088
1086,1087,1088
2211,2212,2213
2214,2215,2216
1086,1087,1088
2214,2215,2216
1080,1081,1082
2211,2212,2213
762,763,764
744,745,746
2211,2212,2213
744,745,746
2214,2215,2216
2214,2215,2216
744,745,746
2217,2218,2219
2214,2215,2216
2217,2218,2219
1080,1081,1082
1080,1081,1082
2217,2218,2219
2220,2221,2222
1080,1081,1082
2220,2221,2222
1062,1063,1064
2217,2218,2219
744,745,746
732,733,734
2217,2218,2219
732,733,734
2220,2221,2222
2220,2221,2222
732,733,734
2223,2224,2225
2220,2221,2222
2223,2224,2225
1062,1063,1064
1062,1063,1064
2223,2224,2225
2226,2227,2228
1062,1063,1064
2226,2227,2228
1044,1045,1046
2223,2224,2225
732,733,734
723,724,725
2223,2224,2225
723,724,725
2226,2227,2228
2226,2227,2228
723,724,725
2229,2230,2231
2226,2227,2228
2229,2230,2231
1044,1045,1046
1044,1045,1046
2229,2230,2231
2232,2233,2234
1044,1045,1046
2232,2233,2234
1029,1030,1031
2229,2230,2231
723,724,725
705,706,707
2229,2230,2231
705,706,707
2232,2233,2234
2232,2233,2234
705,706,707
2235,2236,2237
2232,2233,2234
2235,2236,2237
1029,1030,1031
1029,1030,1031
2235,2236,2237
2238,2239,2240
1029,1030,1031
2238,2239,2240
1002,1003,1004
2235,2236,2237
705,706,707
678,679,680
2235,2236,2237
678,679,680
2238,2239,2240
2238,2239,2240
678,679,680
2241,2242,2243
2238,2239,2240
2241,2242,2243
1002,1003,1004
1002,1003,1004
2241,2242,2243
2244,2245,2246
1002,1003,1004
2244,2245,2246
990,991,992
2241,2242,2243
678,679,680
660,661,662
2241,2242,2243
660,661,662
2244,2245,2246
2244,2245,2246
660,661,662
2247,2248,2249
2244,2245,2246
2247,2248,2249
990,991,992
990,991,992
2247,2248,2249
2250,2251,2252
990,991,992
2250,2251,2252
975,976,977
2247,2248,2249
660,661,662
642,643,644
2247,2248,2249
642,643,644
2250,2251,2252
2250,2251,2252
642,643,644
2253,2254,2255
2250,2251,2252
2253,2254,2255
975,976,977
975,976,977
2253,2254,2255
2256,2257,2258
975,976,977
2256,2257,2258
960,961,962
2253,2254,2255
642,643,644
630,631,632
2253,2254,2255
630,631,632
2256,2257,2258
2256,2257,2258
630,631,632
2259,2260,2261
2256,2257,2258
2259,2260,2261
960,961,962
960,961,962
2259,2260,2261
2262,2263,2264
960,961,962
2262,2263,2264
942,943,944
2259,2260,2261
630,631,632
621,622,623
2259,2260,2261
621,622,623
2262,2263,2264
2262,2263,2264
621,622,623
2265,2266,2267
2262,2263,2264
2265,2266,2267
942,943,944
942,943,944
2265,2266,2267
2268,2269,2270
942,943,944
2268,2269,2270
918,919,920
2265,2266,2267
621,622,623
603,604,605
2265,2266,2267
603,604,605
2268,2269,2270
2268,2269,2270
603,604,605
2271,2272,2273
2268,2269,2270
2271,2272,2273
918,919,920
918,919,920
2271,2272,2273
2274,2275,2276
918,919,920
2274,2275,2276
900,901,902
2271,2272,2273
603,604,605
576,577,578
2271,2272,2273
576,577,578
2274,2275,2276
2274,2275,2276
576,577,578
2277,2278,2279
2274,2275,2276
2277,2278,2279
900,901,902
900,901,902
2277,2278,2279
2280,2281,2282
900,901,902
2280,2281,2282
894,895,896
2277,2278,2279
576,577,578
558,559,560
2277,2278,2279
558,559,560
2280,2281,2282
2280,2281,2282
558,559,560
2283,2284,2285
2280,2281,2282
2283,2284,2285
894,895,896
894,895,896
2283,2284,2285
2286,2287,2288
894,895,896
2286,2287,2288
873,874,875
2283,2284,2285
558,559,560
540,541,542
2283,2284,2285
540,541,542
2286,2287,2288
2286,2287,2288
540,541,542
2289,2290,2291
2286,2287,2288
2289,2290,2291
873,874,875
873,874,875
2289,2290,2291
2292,2293,2294
873,874,875
2292,2293,2294
858,859,860
2289,2290,2291
540,541,542
522,523,524
2289,2290,2291
522,523,524
2292,2293,2294
2292,2293,2294
522,523,524
2295,2296,2297
2292,2293,2294
2295,2296,2297
858,859,860
858,859,860
2295,2296,2297
2298,2299,2300
858,859,860
2298,2299,2300
840,841,842
2295,2296,2297
522,523,524
519,520,521
2295,2296,2297
519,520,521
2298,2299,2300
2298,2299,2300
519,520,521
2301,2302,2303
2298,2299,2300
2301,2302,2303
840,841,842
840,841,842
2301,2302,2303
2304,2305,2306
840,841,842
2304,2305,2306
816,817,818
2301,2302,2303
519,520,521
492,493,494
2301,2302,2303
492,493,494
2304,2305,2306
2304,2305,2306
492,493,494
2307,2308,2309
2304,2305,2306
2307,2308,2309
816,817,818
816,817,818
2307,2308,2309
2310,2311,2312
816,817,818
2310,2311,2312
798,799,800
2307,2308,2309
492,493,494
474,475,476
2307,2308,2309
474,475,476
2310,2311,2312
2310,2311,2312
474,475,476
2313,2314,2315
2310,2311,2312
2313,2314,2315
798,799,800
798,799,800
2313,2314,2315
2316,2317,2318
798,799,800
2316,2317,2318
792,793,794
2313,2314,2315
474,475,476
456,457,458
2313,2314,2315
456,457,458
2316,2317,2318
2316,2317,2318
456,457,458
2319,2320,2321
2316,2317,2318
2319,2320,2321
792,793,794
792,793,794
2319,2320,2321
2322,2323,2324
792,793,794
2322,2323,2324
771,772,773
2319,2320,2321
456,457,458
438,439,440
2319,2320,2321
438,439,440
2322,2323,2324
2322,2323,2324
438,439,440
2325,2326,2327
2322,2323,2324
2325,2326,2327
771,772,773
771,772,773
2325,2326,2327
2328,2329,2330
771,772,773
2328,2329,2330
756,757,758
2325,2326,2327
438,439,440
420,421,422
2325,2326,2327
420,421,422
2328,2329,2330
2328,2329,2330
420,421,422
2331,2332,2333
2328,2329,2330
2331,2332,2333
756,757,758
756,757,758
2331,2332,2333
2334,2335,2336
756,757,758
2334,2335,2336
741,742,743
2331,2332,2333
420,421,422
417,418,419
2331,2332,2333
417,418,419
2334,2335,2336
2334,2335,2336
417,418,419
2337,2338,2339
2334,2335,2336
2337,2338,2339
741,742,743
741,742,743
2337,2338,2339
2340,2341,2342
741,742,743
2340,2341,2342
714,715,716
2337,2338,2339
417,418,419
390,391,392
2337,2338,2339
390,391,392
2340,2341,2342
2340,2341,2342
390,391,392
2343,2344,2345
2340,2341,2342
2343,2344,2345
714,715,716
714,715,716
2343,2344,2345
2346,2347,2348
714,715,716
2346,2347,2348
696,697,698
2343,2344,2345
390,391,392
372,373,374
2343,2344,2345
372,373,374
2346,2347,2348
2346,2347,2348
372,373,374
2349,2350,2351
2346,2347,2348
2349,2350,2351
696,697,698
696,697,698
2349,2350,2351
2352,2353,2354
696,697,698
2352,2353,2354
690,691,692
2349,2350,2351
372,373,374
354,355,356
2349,2350,2351
354,355,356
2352,2353,2354
2352,2353,2354
354,355,356
2355,2356,2357
2352,2353,2354
2355,2356,2357
690,691,692
690,691,692
2355,2356,2357
2358,2359,2360
690,691,692
2358,2359,2360
669,670,671
2355,2356,2357
354,355,356
345,346,347
2355,2356,2357
345,346,347
2358,2359,2360
2358,2359,2360
345,346,347
2361,2362,2363
2358,2359,2360
2361,2362,2363
669,670,671
669,670,671
2361,2362,2363
2364,2365,2366
669,670,671
2364,2365,2366
654,655,656
2361,2362,2363
345,346,347
336,337,338
2361,2362,2363
336,337,338
2364,2365,2366
2364,2365,2366
336,337,338
2367,2368,2369
2364,2365,2366
2367,2368,2369
654,655,656
654,655,656
2367,2368,2369
2370,2371,2372
654,655,656
2370,2371,2372
639,640,641
2367,2368,2369
336,337,338
318,319,320
2367,2368,2369
318,319,320
2370,2371,2372
2370,2371,2372
318,319,320
2373,2374,2375
2370,2371,2372
2373,2374,2375
639,640,641
639,640,641
2373,2374,2375
2376,2377,2378
639,640,641
2376,2377,2378
612,613,614
2373,2374,2375
318,319,320
270,271,272
2373,2374,2375
270,271,272
2376,2377,2378
2376,2377,2378
270,271,272
2379,2380,2381
2376,2377,2378
2379,2380,2381
612,613,614
612,613,614
2379,2380,2381
2382,2383,2384
612,613,614
2382,2383,2384
594,595,596
2379,2380,2381
270,271,272
267,268,269
2379,2380,2381
267,268,269
2382,2383,2384
2382,2383,2384
267,268,269
2385,2386,2387
2382,2383,2384
2385,2386,2387
594,595,596
594,595,596
2385,2386,2387
2388,2389,2390
594,595,596
2388,2389,2390
588,589,590
2385,2386,2387
267,268,269
246,247,248
2385,2386,2387
246,247,248
2388,2389,2390
2388,2389,2390
246,247,248
2391,2392,2393
2388,2389,2390
2391,2392,2393
588,589,590
588,589,590
2391,2392,2393
2394,2395,2396
588,589,590
2394,2395,2396
570,571,572
2391,2392,2393
246,247,248
210,211,212
2391,2392,2393
210,211,212
2394,2395,2396
2394,2395,2396
210,211,212
2397,2398,2399
2394,2395,2396
2397,2398,2399
570,571,572
570,571,572
2397,2398,2399
2400,2401,2402
570,571,572
2400,2401,2402
552,553,554
2397,2398,2399
210,211,212
201,202,203
2397,2398,2399
201,202,203
2400,2401,2402
2400,2401,2402
201,202,203
2403,2404,2405
2400,2401,2402
2403,2404,2405
552,553,554
552,553,554
2403,2404,2405
2406,2407,2408
552,553,554
2406,2407,2408
534,535,536
2403,2404,2405
201,202,203
189,190,191
2403,2404,2405
189,190,191
2406,2407,2408
2406,2407,2408
189,190,191
2409,2410,2411
2406,2407,2408
2409,2410,2411
534,535,536
534,535,536
2409,2410,2411
2412,2413,2414
534,535,536
2412,2413,2414
510,511,512
2409,2410,2411
189,190,191
177,178,179
2409,2410,2411
177,178,179
2412,2413,2414
2412,2413,2414
177,178,179
2415,2416,2417
2412,2413,2414
2415,2416,2417
510,511,512
177,178,179
174,175,176
2415,2416,2417
2415,2416,2417
174,175,176
2418,2419,2420
2415,2416,2417
2418,2419,2420
510,511,512
510,511,512
2418,2419,2420
504,505,506
2418,2419,2420
174,175,176
2421,2422,2423
2418,2419,2420
2421,2422,2423
504,505,506
174,175,176
165,166,167
2421,2422,2423
2421,2422,2423
165,166,167
2424,2425,2426
2421,2422,2423
2424,2425,2426
504,505,506
504,505,506
2424,2425,2426
486,487,488
2424,2425,2426
165,166,167
2427,2428,2429
2424,2425,2426
2427,2428,2429
486,487,488
165,166,167
156,157,158
2427,2428,2429
2427,2428,2429
156,157,158
2430,2431,2432
2427,2428,2429
2430,2431,2432
486,487,488
486,487,488
2430,2431,2432
468,469,470
2430,2431,2432
156,157,158
2433,2434,2435
2430,2431,2432
2433,2434,2435
468,469,470
156,157,158
147,148,149
2433,2434,2435
2433,2434,2435
147,148,149
2436,2437,2438
2433,2434,2435
2436,2437,2438
468,469,470
468,469,470
2436,2437,2438
450,451,452
2436,2437,2438
147,148,149
2439,2440,2441
2436,2437,2438
2439,2440,2441
450,451,452
147,148,149
138,139,140
2439,2440,2441
2439,2440,2441
138,139,140
2442,2443,2444
2439,2440,2441
2442,2443,2444
450,451,452
450,451,452
2442,2443,2444
432,433,434
2442,2443,2444
138,139,140
2445,2446,2447
2442,2443,2444
2445,2446,2447
432,433,434
138,139,140
129,130,131
2445,2446,2447
78,79,80
294,295,296
81,82,83
2445,2446,2447
129,130,131
2448,2449,2450
2445,2446,2447
2448,2449,2450
432,433,434
432,433,434
2448,2449,2450
408,409,410
2448,2449,2450
129,130,131
2451,2452,2453
2448,2449,2450
2451,2452,2453
408,409,410
129,130,131
117,118,119
2451,2452,2453
2451,2452,2453
117,118,119
2454,2455,2456
2451,2452,2453
2454,2455,2456
408,409,410
408,409,410
2454,2455,2456
402,403,404
2454,2455,2456
117,118,119
2457,2458,2459
2454,2455,2456
2457,2458,2459
402,403,404
402,403,404
2457,2458,2459
2460,2461,2462
402,403,404
2460,2461,2462
384,385,386
2457,2458,2459
117,118,119
2463,2464,2465
2457,2458,2459
2463,2464,2465
2460,2461,2462
117,118,119
111,112,113
2463,2464,2465
2460,2461,2462
2463,2464,2465
2466,2467,2468
2460,2461,2462
2466,2467,2468
384,385,386
384,385,386
2466,2467,2468
2469,2470,2471
384,385,386
2469,2470,2471
366,367,368
2466,2467,2468
2463,2464,2465
2472,2473,2474
2466,2467,2468
2472,2473,2474
2469,2470,2471
2469,2470,2471
2472,2473,2474
2475,2476,2477
2469,2470,2471
2475,2476,2477
366,367,368
366,367,368
2475,2476,2477
9,10,11
366,367,368
9,10,11
24,25,26
24,25,26
21,22,23
327,328,329
2475,2476,2477
2472,2473,2474
12,13,14
2475,2476,2477
12,13,14
9,10,11
327,328,329
21,22,23
2478,2479,2480
327,328,329
2478,2479,2480
309,310,311
21,22,23
33,34,35
2478,2479,2480
294,295,296
297,298,299
2481,2482,2483
294,295,296
2481,2482,2483
81,82,83
2481,2482,2483
297,298,299
2484,2485,2486
2481,2482,2483
2484,2485,2486
81,82,83
2484,2485,2486
297,298,299
2487,2488,2489
2484,2485,2486
2487,2488,2489
81,82,83
297,298,299
309,310,311
2487,2488,2489
81,82,83
2487,2488,2489
84,85,86
2487,2488,2489
309,310,311
2490,2491,2492
2487,2488,2489
2490,2491,2492
84,85,86
2490,2491,2492
309,310,311
2493,2494,2495
2490,2491,2492
2493,2494,2495
84,85,86
309,310,311
2478,2479,2480
2496,2497,2498
309,310,311
2496,2497,2498
2493,2494,2495
2493,2494,2495
2496,2497,2498
2499,2500,2501
2493,2494,2495
2499,2500,2501
84,85,86
2499,2500,2501
2496,2497,2498
2502,2503,2504
2499,2500,2501
2502,2503,2504
84,85,86
2496,2497,2498
2478,2479,2480
2502,2503,2504
84,85,86
2502,2503,2504
30,31,32
2502,2503,2504
2478,2479,2480
2505,2506,2507
2502,2503,2504
2505,2506,2507
30,31,32
2478,2479,2480
33,34,35
2505,2506,2507
2505,2506,2507
33,34,35
30,31,32
111,112,113
39,40,41
2508,2509,2510
111,112,113
2508,2509,2510
2463,2464,2465
2508,2509,2510
39,40,41
2511,2512,2513
2508,2509,2510
2511,2512,2513
2463,2464,2465
2511,2512,2513
39,40,41
2514,2515,2516
2511,2512,2513
2514,2515,2516
2463,2464,2465
2463,2464,2465
2514,2515,2516
2472,2473,2474
39,40,41
36,37,38
2514,2515,2516
2514,2515,2516
36,37,38
2517,2518,2519
2514,2515,2516
2517,2518,2519
2472,2473,2474
2517,2518,2519
36,37,38
2520,2521,2522
2517,2518,2519
2520,2521,2522
2472,2473,2474
2472,2473,2474
2520,2521,2522
12,13,14
2520,2521,2522
36,37,38
12,13,14
2523,2524,2525
2526,2527,2528
2529,2530,2531
2529,2530,2531
2526,2527,2528
2532,2533,2534
2529,2530,2531
2532,2533,2534
2535,2536,2537
2529,2530,2531
2535,2536,2537
2538,2539,2540
2595,2596,2597
2592,2593,2594
2598,2599,2600
2595,2596,2597
2598,2599,2600
2523,2524,2525
2583,2584,2585
2580,2581,2582
2601,2602,2603
2583,2584,2585
2601,2602,2603
2586,2587,2588
2571,2572,2573
2568,2569,2570
2604,2605,2606
2571,2572,2573
2604,2605,2606
2574,2575,2576
2562,2563,2564
2559,2560,2561
2607,2608,2609
2562,2563,2564
2607,2608,2609
2565,2566,2567
2550,2551,2552
2547,2548,2549
2610,2611,2612
2550,2551,2552
2610,2611,2612
2553,2554,2555
2592,2593,2594
2589,2590,2591
2613,2614,2615
2592,2593,2594
2613,2614,2615
2616,2617,2618
2592,2593,2594
2616,2617,2618
2598,2599,2600
2616,2617,2618
2613,2614,2615
2619,2620,2621
2616,2617,2618
2619,2620,2621
2622,2623,2624
2616,2617,2618
2622,2623,2624
2598,2599,2600
2598,2599,2600
2622,2623,2624
2625,2626,2627
2598,2599,2600
2625,2626,2627
2523,2524,2525
2625,2626,2627
2622,2623,2624
2628,2629,2630
2625,2626,2627
2628,2629,2630
2631,2632,2633
2625,2626,2627
2631,2632,2633
2523,2524,2525
2622,2623,2624
2619,2620,2621
2634,2635,2636
2622,2623,2624
2634,2635,2636
2628,2629,2630
2634,2635,2636
2619,2620,2621
2637,2638,2639
2634,2635,2636
2697,2698,2699
2628,2629,2630
2694,2695,2696
2691,2692,2693
2700,2701,2702
2694,2695,2696
2700,2701,2702
2697,2698,2699
2682,2683,2684
2679,2680,2681
2703,2704,2705
2682,2683,2684
2703,2704,2705
2685,2686,2687
2670,2671,2672
2667,2668,2669
2706,2707,2708
2670,2671,2672
2706,2707,2708
2673,2674,2675
2661,2662,2663
2658,2659,2660
2709,2710,2711
2661,2662,2663
2709,2710,2711
2664,2665,2666
2697,2698,2699
2700,2701,2702
2712,2713,2714
2697,2698,2699
2712,2713,2714
2715,2716,2717
2697,2698,2699
2715,2716,2717
2628,2629,2630
2715,2716,2717
2712,2713,2714
2526,2527,2528
2715,2716,2717
2526,2527,2528
2631,2632,2633
2715,2716,2717
2631,2632,2633
2628,2629,2630
2712,2713,2714
2700,2701,2702
2532,2533,2534
2712,2713,2714
2532,2533,2534
2526,2527,2528
2649,2650,2651
2646,2647,2648
2718,2719,2720
2649,2650,2651
2718,2719,2720
2652,2653,2654
2700,2701,2702
2691,2692,2693
2721,2722,2723
2700,2701,2702
2721,2722,2723
2535,2536,2537
2700,2701,2702
2535,2536,2537
2532,2533,2534
2691,2692,2693
2688,2689,2690
2724,2725,2726
2691,2692,2693
2724,2725,2726
2721,2722,2723
2721,2722,2723
2724,2725,2726
2727,2728,2729
2721,2722,2723
2727,2728,2729
2535,2536,2537
2724,2725,2726
2688,2689,2690
2730,2731,2732
2724,2725,2726
2730,2731,2732
2727,2728,2729
2688,2689,2690
2685,2686,2687
2733,2734,2735
2688,2689,2690
2733,2734,2735
2730,2731,2732
2685,2686,2687
2703,2704,2705
2736,2737,2738
2685,2686,2687
2736,2737,2738
2733,2734,2735
2736,2737,2738
2703,2704,2705
2739,2740,2741
2736,2737,2738
2739,2740,2741
2742,2743,2744
2736,2737,2738
2742,2743,2744
2733,2734,2735
2733,2734,2735
2742,2743,2744
2745,2746,2747
2733,2734,2735
2745,2746,2747
2748,2749,2750
2733,2734,2735
2748,2749,2750
2730,2731,2732
2748,2749,2750
2745,2746,2747
2751,2752,2753
2748,2749,2750
2751,2752,2753
2730,2731,2732
2745,2746,2747
2742,2743,2744
2751,2752,2753
2730,2731,2732
2751,2752,2753
2727,2728,2729
2751,2752,2753
2742,2743,2744
2541,2542,2543
2751,2752,2753
2541,2542,2543
2727,2728,2729
2727,2728,2729
2541,2542,2543
2535,2536,2537
2742,2743,2744
2739,2740,2741
2544,2545,2546
2742,2743,2744
2544,2545,2546
2541,2542,2543
2739,2740,2741
2703,2704,2705
2754,2755,2756
2739,2740,2741
2754,2755,2756
2547,2548,2549
2739,2740,2741
2547,2548,2549
2544,2545,2546
2703,2704,2705
2679,2680,2681
2757,2758,2759
2703,2704,2705
2757,2758,2759
2754,2755,2756
2754,2755,2756
2757,2758,2759
2610,2611,2612
2754,2755,2756
2610,2611,2612
2547,2548,2549
2637,2638,2639
2619,2620,2621
2640,2641,2642
2631,2632,2633
2526,2527,2528
2523,2524,2525
2679,2680,2681
2676,2677,2678
2760,2761,2762
2679,2680,2681
2760,2761,2762
2757,2758,2759
2676,2677,2678
2673,2674,2675
2763,2764,2765
2676,2677,2678
2763,2764,2765
2760,2761,2762
2760,2761,2762
2763,2764,2765
2766,2767,2768
2760,2761,2762
2766,2767,2768
2757,2758,2759
2757,2758,2759
2766,2767,2768
2769,2770,2771
2757,2758,2759
2769,2770,2771
2610,2611,2612
2769,2770,2771
2766,2767,2768
2553,2554,2555
2769,2770,2771
2553,2554,2555
2610,2611,2612
2619,2620,2621
2613,2614,2615
2772,2773,2774
2619,2620,2621
2772,2773,2774
2640,2641,2642
2772,2773,2774
2613,2614,2615
2775,2776,2777
2772,2773,2774
2775,2776,2777
2640,2641,2642
2640,2641,2642
2775,2776,2777
2778,2779,2780
2640,2641,2642
2778,2779,2780
2643,2644,2645
2643,2644,2645
2778,2779,2780
2781,2782,2783
2643,2644,2645
2781,2782,2783
2646,2647,2648
2646,2647,2648
2781,2782,2783
2784,2785,2786
2646,2647,2648
2784,2785,2786
2718,2719,2720
2781,2782,2783
2778,2779,2780
2787,2788,2789
2781,2782,2783
2787,2788,2789
2784,2785,2786
2613,2614,2615
2589,2590,2591
2790,2791,2792
2613,2614,2615
2790,2791,2792
2775,2776,2777
2775,2776,2777
2790,2791,2792
2793,2794,2795
2775,2776,2777
2793,2794,2795
2778,2779,2780
2793,2794,2795
2790,2791,2792
2796,2797,2798
2793,2794,2795
2796,2797,2798
2778,2779,2780
2778,2779,2780
2796,2797,2798
2787,2788,2789
2796,2797,2798
2790,2791,2792
2787,2788,2789
2790,2791,2792
2589,2590,2591
2787,2788,2789
2787,2788,2789
2589,2590,2591
2586,2587,2588
2787,2788,2789
2586,2587,2588
2799,2800,2801
2787,2788,2789
2799,2800,2801
2784,2785,2786
2799,2800,2801
2586,2587,2588
2601,2602,2603
2799,2800,2801
2601,2602,2603
2784,2785,2786
2784,2785,2786
2601,2602,2603
2718,2719,2720
2601,2602,2603
2580,2581,2582
2802,2803,2804
2601,2602,2603
2802,2803,2804
2718,2719,2720
2802,2803,2804
2580,2581,2582
2805,2806,2807
2802,2803,2804
2805,2806,2807
2718,2719,2720
2580,2581,2582
2577,2578,2579
2805,2806,2807
2718,2719,2720
2805,2806,2807
2808,2809,2810
2718,2719,2720
2808,2809,2810
2652,2653,2654
2805,2806,2807
2577,2578,2579
2811,2812,2813
2805,2806,2807
2811,2812,2813
2808,2809,2810
2577,2578,2579
2574,2575,2576
2811,2812,2813
2808,2809,2810
2811,2812,2813
2814,2815,2816
2808,2809,2810
2814,2815,2816
2652,2653,2654
2652,2653,2654
2814,2815,2816
2655,2656,2657
2811,2812,2813
2574,2575,2576
2817,2818,2819
2811,2812,2813
2817,2818,2819
2820,2821,2822
2811,2812,2813
2820,2821,2822
2814,2815,2816
2820,2821,2822
2817,2818,2819
2823,2824,2825
2820,2821,2822
2823,2824,2825
2814,2815,2816
2823,2824,2825
2817,2818,2819
2826,2827,2828
2823,2824,2825
2826,2827,2828
2814,2815,2816
2814,2815,2816
2826,2827,2828
2655,2656,2657
2817,2818,2819
2574,2575,2576
2829,2830,2831
2817,2818,2819
2829,2830,2831
2826,2827,2828
2574,2575,2576
2604,2605,2606
2829,2830,2831
2826,2827,2828
2829,2830,2831
2832,2833,2834
2826,2827,2828
2832,2833,2834
2655,2656,2657
2655,2656,2657
2832,2833,2834
2658,2659,2660
2832,2833,2834
2829,2830,2831
2835,2836,2837
2832,2833,2834
2835,2836,2837
2658,2659,2660
2829,2830,2831
2604,2605,2606
2835,2836,2837
2658,2659,2660
2835,2836,2837
2709,2710,2711
2835,2836,2837
2604,2605,2606
2709,2710,2711
2553,2554,2555
2766,2767,2768
2556,2557,2558
2541,2542,2543
2538,2539,2540
2535,2536,2537
2604,2605,2606
2568,2569,2570
2838,2839,2840
2604,2605,2606
2838,2839,2840
2709,2710,2711
2709,2710,2711
2838,2839,2840
2841,2842,2843
2709,2710,2711
2841,2842,2843
2664,2665,2666
2838,2839,2840
2568,2569,2570
2844,2845,2846
2838,2839,2840
2844,2845,2846
2841,2842,2843
2568,2569,2570
2565,2566,2567
2844,2845,2846
2841,2842,2843
2844,2845,2846
2847,2848,2849
2841,2842,2843
2847,2848,2849
2664,2665,2666
2844,2845,2846
2565,2566,2567
2850,2851,2852
2844,2845,2846
2850,2851,2852
2847,2848,2849
2850,2851,2852
2565,2566,2567
2853,2854,2855
2850,2851,2852
2853,2854,2855
2847,2848,2849
2565,2566,2567
2607,2608,2609
2853,2854,2855
2853,2854,2855
2607,2608,2609
2856,2857,2858
2853,2854,2855
2856,2857,2858
2847,2848,2849
2847,2848,2849
2856,2857,2858
2664,2665,2666
2664,2665,2666
2856,2857,2858
2667,2668,2669
2856,2857,2858
2607,2608,2609
2859,2860,2861
2856,2857,2858
2859,2860,2861
2667,2668,2669
2667,2668,2669
2859,2860,2861
2706,2707,2708
2859,2860,2861
2607,2608,2609
2706,2707,2708
2607,2608,2609
2559,2560,2561
2862,2863,2864
2607,2608,2609
2862,2863,2864
2706,2707,2708
2706,2707,2708
2862,2863,2864
2865,2866,2867
2706,2707,2708
2865,2866,2867
2673,2674,2675
2862,2863,2864
2559,2560,2561
2868,2869,2870
2862,2863,2864
2868,2869,2870
2865,2866,2867
2559,2560,2561
2556,2557,2558
2868,2869,2870
2865,2866,2867
2868,2869,2870
2871,2872,2873
2865,2866,2867
2871,2872,2873
2673,2674,2675
2673,2674,2675
2871,2872,2873
2763,2764,2765
2868,2869,2870
2556,2557,2558
2874,2875,2876
2868,2869,2870
2874,2875,2876
2871,2872,2873
2556,2557,2558
2766,2767,2768
2874,2875,2876
2871,2872,2873
2874,2875,2876
2877,2878,2879
2871,2872,2873
2877,2878,2879
2763,2764,2765
2877,2878,2879
2874,2875,2876
2880,2881,2882
2877,2878,2879
2880,2881,2882
2763,2764,2765
2874,2875,2876
2766,2767,2768
2880,2881,2882
2880,2881,2882
2766,2767,2768
2763,2764,2765
