0,1,2
3,4,5
6,7,8
6,7,8
3,4,5
9,10,11
6,7,8
9,10,11
12,13,14
6,7,8
12,13,14
15,16,17
6,7,8
15,16,17
18,19,20
6,7,8
18,19,20
0,1,2
12,13,14
9,10,11
21,22,23
12,13,14
21,22,23
24,25,26
12,13,14
24,25,26
15,16,17
9,10,11
3,4,5
27,28,29
9,10,11
27,28,29
21,22,23
21,22,23
27,28,29
30,31,32
21,22,23
30,31,32
24,25,26
24,25,26
30,31,32
33,34,35
24,25,26
33,34,35
15,16,17
30,31,32
27,28,29
36,37,38
30,31,32
36,37,38
33,34,35
33,34,35
36,37,38
39,40,41
33,34,35
39,40,41
15,16,17
3,4,5
0,1,2
42,43,44
3,4,5
42,43,44
45,46,47
3,4,5
45,46,47
27,28,29
45,46,47
42,43,44
48,49,50
45,46,47
48,49,50
51,52,53
45,46,47
51,52,53
54,55,56
45,46,47
54,55,56
27,28,29
54,55,56
51,52,53
0,1,2
54,55,56
0,1,2
18,19,20
54,55,56
18,19,20
27,28,29
27,28,29
18,19,20
57,58,59
27,28,29
57,58,59
36,37,38
18,19,20
15,16,17
57,58,59
57,58,59
15,16,17
60,61,62
57,58,59
60,61,62
36,37,38
15,16,17
39,40,41
63,64,65
15,16,17
63,64,65
60,61,62
60,61,62
63,64,65
66,67,68
60,61,62
66,67,68
36,37,38
63,64,65
39,40,41
69,70,71
63,64,65
69,70,71
66,67,68
36,37,38
66,67,68
72,73,74
36,37,38
72,73,74
39,40,41
66,67,68
69,70,71
75,76,77
66,67,68
75,76,77
72,73,74
69,70,71
39,40,41
78,79,80
69,70,71
78,79,80
75,76,77
75,76,77
78,79,80
81,82,83
75,76,77
81,82,83
72,73,74
39,40,41
72,73,74
84,85,86
39,40,41
84,85,86
78,79,80
78,79,80
84,85,86
87,88,89
78,79,80
87,88,89
81,82,83
81,82,83
87,88,89
90,91,92
81,82,83
90,91,92
72,73,74
87,88,89
84,85,86
93,94,95
87,88,89
93,94,95
90,91,92
90,91,92
93,94,95
96,97,98
90,91,92
96,97,98
72,73,74
93,94,95
84,85,86
99,100,101
93,94,95
99,100,101
96,97,98
96,97,98
99,100,101
102,103,104
96,97,98
102,103,104
72,73,74
99,100,101
84,85,86
105,106,107
99,100,101
105,106,107
102,103,104
102,103,104
105,106,107
108,109,110
102,103,104
108,109,110
72,73,74
105,106,107
84,85,86
111,112,113
105,106,107
111,112,113
108,109,110
84,85,86
72,73,74
114,115,116
84,85,86
114,115,116
111,112,113
72,73,74
108,109,110
117,118,119
72,73,74
117,118,119
114,115,116
108,109,110
111,112,113
120,121,122
108,109,110
120,121,122
117,118,119
120,121,122
111,112,113
123,124,125
120,121,122
123,124,125
117,118,119
111,112,113
114,115,116
126,127,128
111,112,113
126,127,128
123,124,125
123,124,125
126,127,128
129,130,131
123,124,125
129,130,131
117,118,119
126,127,128
114,115,116
132,133,134
126,127,128
132,133,134
129,130,131
129,130,131
132,133,134
135,136,137
129,130,131
135,136,137
117,118,119
132,133,134
114,115,116
138,139,140
132,133,134
138,139,140
135,136,137
135,136,137
138,139,140
141,142,143
135,136,137
141,142,143
117,118,119
138,139,140
114,115,116
144,145,146
138,139,140
144,145,146
141,142,143
117,118,119
141,142,143
147,148,149
117,118,119
147,148,149
114,115,116
141,142,143
144,145,146
150,151,152
141,142,143
150,151,152
147,148,149
144,145,146
114,115,116
153,154,155
144,145,146
153,154,155
150,151,152
150,151,152
153,154,155
156,157,158
150,151,152
156,157,158
147,148,149
114,115,116
147,148,149
159,160,161
114,115,116
159,160,161
153,154,155
153,154,155
159,160,161
162,163,164
153,154,155
162,163,164
156,157,158
156,157,158
162,163,164
165,166,167
156,157,158
165,166,167
147,148,149
162,163,164
159,160,161
168,169,170
162,163,164
168,169,170
165,166,167
147,148,149
165,166,167
171,172,173
147,148,149
171,172,173
159,160,161
159,160,161
171,172,173
174,175,176
159,160,161
174,175,176
168,169,170
171,172,173
165,166,167
177,178,179
171,172,173
177,178,179
174,175,176
174,175,176
177,178,179
180,181,182
174,175,176
180,181,182
168,169,170
177,178,179
165,166,167
183,184,185
177,178,179
183,184,185
180,181,182
180,181,182
183,184,185
186,187,188
180,181,182
186,187,188
168,169,170
183,184,185
165,166,167
189,190,191
183,184,185
189,190,191
186,187,188
165,166,167
168,169,170
192,193,194
165,166,167
192,193,194
189,190,191
168,169,170
186,187,188
195,196,197
168,169,170
195,196,197
192,193,194
186,187,188
189,190,191
198,199,200
186,187,188
198,199,200
195,196,197
189,190,191
192,193,194
201,202,203
189,190,191
201,202,203
198,199,200
192,193,194
195,196,197
204,205,206
192,193,194
204,205,206
201,202,203
195,196,197
198,199,200
207,208,209
195,196,197
207,208,209
204,205,206
204,205,206
207,208,209
210,211,212
204,205,206
210,211,212
201,202,203
198,199,200
201,202,203
213,214,215
198,199,200
213,214,215
207,208,209
207,208,209
213,214,215
216,217,218
207,208,209
216,217,218
210,211,212
201,202,203
210,211,212
42,43,44
201,202,203
42,43,44
213,214,215
210,211,212
216,217,218
48,49,50
210,211,212
48,49,50
42,43,44
48,49,50
216,217,218
51,52,53
216,217,218
213,214,215
51,52,53
51,52,53
213,214,215
0,1,2
213,214,215
42,43,44
0,1,2
