0,1,2
3,4,5
6,7,8
3,4,5
0,1,2
9,10,11
3,4,5
9,10,11
12,13,14
3,4,5
12,13,14
15,16,17
3,4,5
15,16,17
6,7,8
12,13,14
9,10,11
18,19,20
12,13,14
18,19,20
15,16,17
15,16,17
18,19,20
21,22,23
15,16,17
21,22,23
6,7,8
9,10,11
0,1,2
24,25,26
9,10,11
24,25,26
18,19,20
18,19,20
24,25,26
27,28,29
18,19,20
27,28,29
21,22,23
0,1,2
6,7,8
30,31,32
0,1,2
30,31,32
24,25,26
21,22,23
27,28,29
33,34,35
21,22,23
33,34,35
36,37,38
21,22,23
36,37,38
6,7,8
33,34,35
27,28,29
39,40,41
33,34,35
39,40,41
42,43,44
33,34,35
42,43,44
36,37,38
27,28,29
24,25,26
45,46,47
27,28,29
45,46,47
39,40,41
39,40,41
45,46,47
48,49,50
39,40,41
48,49,50
42,43,44
48,49,50
45,46,47
51,52,53
48,49,50
51,52,53
42,43,44
51,52,53
45,46,47
54,55,56
51,52,53
54,55,56
42,43,44
42,43,44
54,55,56
36,37,38
45,46,47
24,25,26
57,58,59
45,46,47
57,58,59
60,61,62
45,46,47
60,61,62
54,55,56
24,25,26
30,31,32
63,64,65
24,25,26
63,64,65
57,58,59
60,61,62
57,58,59
66,67,68
60,61,62
66,67,68
69,70,71
60,61,62
69,70,71
54,55,56
54,55,56
69,70,71
72,73,74
54,55,56
72,73,74
36,37,38
69,70,71
66,67,68
75,76,77
69,70,71
75,76,77
72,73,74
66,67,68
57,58,59
78,79,80
66,67,68
78,79,80
75,76,77
78,79,80
57,58,59
81,82,83
78,79,80
81,82,83
75,76,77
81,82,83
57,58,59
84,85,86
81,82,83
84,85,86
75,76,77
75,76,77
84,85,86
72,73,74
57,58,59
63,64,65
87,88,89
57,58,59
87,88,89
84,85,86
87,88,89
63,64,65
90,91,92
87,88,89
90,91,92
93,94,95
87,88,89
93,94,95
84,85,86
84,85,86
93,94,95
96,97,98
84,85,86
96,97,98
72,73,74
93,94,95
90,91,92
99,100,101
93,94,95
99,100,101
102,103,104
93,94,95
102,103,104
96,97,98
99,100,101
90,91,92
105,106,107
99,100,101
105,106,107
102,103,104
90,91,92
63,64,65
105,106,107
105,106,107
63,64,65
102,103,104
63,64,65
30,31,32
102,103,104
102,103,104
30,31,32
96,97,98
30,31,32
6,7,8
96,97,98
96,97,98
6,7,8
108,109,110
96,97,98
108,109,110
111,112,113
96,97,98
111,112,113
72,73,74
72,73,74
111,112,113
114,115,116
72,73,74
114,115,116
36,37,38
36,37,38
114,115,116
117,118,119
36,37,38
117,118,119
6,7,8
6,7,8
117,118,119
108,109,110
117,118,119
114,115,116
120,121,122
117,118,119
120,121,122
123,124,125
117,118,119
123,124,125
108,109,110
114,115,116
111,112,113
126,127,128
114,115,116
126,127,128
120,121,122
111,112,113
108,109,110
129,130,131
111,112,113
129,130,131
126,127,128
108,109,110
123,124,125
129,130,131
129,130,131
123,124,125
132,133,134
129,130,131
132,133,134
135,136,137
129,130,131
135,136,137
126,127,128
132,133,134
123,124,125
138,139,140
132,133,134
138,139,140
135,136,137
123,124,125
120,121,122
138,139,140
138,139,140
120,121,122
141,142,143
138,139,140
141,142,143
135,136,137
135,136,137
141,142,143
126,127,128
141,142,143
120,121,122
126,127,128
