0,1,2
3,4,5
6,7,8
6,7,8
3,4,5
9,10,11
6,7,8
9,10,11
12,13,14
6,7,8
12,13,14
15,16,17
6,7,8
15,16,17
18,19,20
6,7,8
18,19,20
0,1,2
18,19,20
15,16,17
21,22,23
18,19,20
21,22,23
24,25,26
18,19,20
24,25,26
0,1,2
21,22,23
15,16,17
27,28,29
21,22,23
27,28,29
30,31,32
21,22,23
30,31,32
24,25,26
15,16,17
12,13,14
33,34,35
15,16,17
33,34,35
27,28,29
30,31,32
27,28,29
36,37,38
30,31,32
36,37,38
39,40,41
30,31,32
39,40,41
24,25,26
24,25,26
39,40,41
42,43,44
24,25,26
42,43,44
0,1,2
39,40,41
36,37,38
45,46,47
39,40,41
45,46,47
48,49,50
39,40,41
48,49,50
42,43,44
42,43,44
48,49,50
51,52,53
42,43,44
51,52,53
54,55,56
42,43,44
54,55,56
0,1,2
0,1,2
54,55,56
57,58,59
0,1,2
57,58,59
3,4,5
54,55,56
51,52,53
60,61,62
54,55,56
60,61,62
63,64,65
54,55,56
63,64,65
57,58,59
57,58,59
63,64,65
66,67,68
57,58,59
66,67,68
69,70,71
57,58,59
69,70,71
3,4,5
3,4,5
69,70,71
72,73,74
3,4,5
72,73,74
9,10,11
72,73,74
69,70,71
75,76,77
72,73,74
75,76,77
78,79,80
72,73,74
78,79,80
9,10,11
69,70,71
66,67,68
81,82,83
69,70,71
81,82,83
75,76,77
75,76,77
81,82,83
84,85,86
75,76,77
84,85,86
87,88,89
75,76,77
87,88,89
78,79,80
78,79,80
87,88,89
90,91,92
78,79,80
90,91,92
93,94,95
78,79,80
93,94,95
9,10,11
9,10,11
93,94,95
96,97,98
9,10,11
96,97,98
12,13,14
12,13,14
96,97,98
99,100,101
12,13,14
99,100,101
33,34,35
96,97,98
93,94,95
102,103,104
96,97,98
102,103,104
99,100,101
102,103,104
93,94,95
105,106,107
102,103,104
105,106,107
108,109,110
102,103,104
108,109,110
99,100,101
108,109,110
105,106,107
111,112,113
108,109,110
111,112,113
114,115,116
108,109,110
114,115,116
99,100,101
105,106,107
93,94,95
117,118,119
105,106,107
117,118,119
111,112,113
93,94,95
90,91,92
120,121,122
93,94,95
120,121,122
123,124,125
93,94,95
123,124,125
117,118,119
90,91,92
87,88,89
126,127,128
90,91,92
126,127,128
120,121,122
120,121,122
126,127,128
129,130,131
120,121,122
129,130,131
123,124,125
87,88,89
84,85,86
132,133,134
87,88,89
132,133,134
126,127,128
126,127,128
132,133,134
135,136,137
126,127,128
135,136,137
129,130,131
129,130,131
135,136,137
138,139,140
129,130,131
138,139,140
141,142,143
129,130,131
141,142,143
123,124,125
51,52,53
48,49,50
144,145,146
51,52,53
144,145,146
147,148,149
51,52,53
147,148,149
60,61,62
144,145,146
48,49,50
150,151,152
144,145,146
150,151,152
153,154,155
144,145,146
153,154,155
156,157,158
144,145,146
156,157,158
147,148,149
150,151,152
48,49,50
159,160,161
150,151,152
159,160,161
162,163,164
150,151,152
162,163,164
165,166,167
150,151,152
165,166,167
153,154,155
165,166,167
162,163,164
168,169,170
165,166,167
168,169,170
171,172,173
165,166,167
171,172,173
153,154,155
153,154,155
171,172,173
174,175,176
153,154,155
174,175,176
177,178,179
153,154,155
177,178,179
156,157,158
171,172,173
168,169,170
180,181,182
171,172,173
180,181,182
183,184,185
171,172,173
183,184,185
174,175,176
180,181,182
168,169,170
186,187,188
180,181,182
186,187,188
189,190,191
180,181,182
189,190,191
192,193,194
180,181,182
192,193,194
183,184,185
168,169,170
162,163,164
195,196,197
168,169,170
195,196,197
198,199,200
168,169,170
198,199,200
186,187,188
195,196,197
162,163,164
201,202,203
195,196,197
201,202,203
204,205,206
195,196,197
204,205,206
198,199,200
162,163,164
159,160,161
207,208,209
162,163,164
207,208,209
201,202,203
201,202,203
207,208,209
210,211,212
201,202,203
210,211,212
204,205,206
207,208,209
159,160,161
213,214,215
207,208,209
213,214,215
210,211,212
204,205,206
210,211,212
216,217,218
204,205,206
216,217,218
219,220,221
204,205,206
219,220,221
198,199,200
219,220,221
216,217,218
222,223,224
219,220,221
222,223,224
198,199,200
198,199,200
222,223,224
225,226,227
198,199,200
225,226,227
186,187,188
186,187,188
225,226,227
228,229,230
186,187,188
228,229,230
189,190,191
225,226,227
222,223,224
231,232,233
225,226,227
231,232,233
234,235,236
225,226,227
234,235,236
228,229,230
222,223,224
216,217,218
237,238,239
222,223,224
237,238,239
231,232,233
231,232,233
237,238,239
240,241,242
231,232,233
240,241,242
234,235,236
240,241,242
237,238,239
243,244,245
240,241,242
243,244,245
246,247,248
240,241,242
246,247,248
234,235,236
243,244,245
237,238,239
249,250,251
243,244,245
249,250,251
252,253,254
243,244,245
252,253,254
246,247,248
216,217,218
210,211,212
255,256,257
216,217,218
255,256,257
258,259,260
216,217,218
258,259,260
237,238,239
237,238,239
258,259,260
261,262,263
237,238,239
261,262,263
264,265,266
237,238,239
264,265,266
249,250,251
258,259,260
255,256,257
267,268,269
258,259,260
267,268,269
270,271,272
258,259,260
270,271,272
261,262,263
261,262,263
270,271,272
273,274,275
261,262,263
273,274,275
276,277,278
261,262,263
276,277,278
264,265,266
270,271,272
267,268,269
279,280,281
270,271,272
279,280,281
282,283,284
270,271,272
282,283,284
273,274,275
264,265,266
276,277,278
210,211,212
264,265,266
210,211,212
213,214,215
264,265,266
213,214,215
249,250,251
210,211,212
276,277,278
255,256,257
276,277,278
273,274,275
285,286,287
276,277,278
285,286,287
255,256,257
255,256,257
285,286,287
267,268,269
249,250,251
213,214,215
288,289,290
249,250,251
288,289,290
252,253,254
213,214,215
159,160,161
288,289,290
288,289,290
159,160,161
45,46,47
288,289,290
45,46,47
252,253,254
159,160,161
48,49,50
45,46,47
252,253,254
45,46,47
291,292,293
252,253,254
291,292,293
294,295,296
252,253,254
294,295,296
246,247,248
189,190,191
228,229,230
297,298,299
189,190,191
297,298,299
300,301,302
189,190,191
300,301,302
192,193,194
297,298,299
228,229,230
303,304,305
297,298,299
303,304,305
300,301,302
228,229,230
234,235,236
306,307,308
228,229,230
306,307,308
303,304,305
306,307,308
234,235,236
309,310,311
306,307,308
309,310,311
312,313,314
306,307,308
312,313,314
303,304,305
309,310,311
234,235,236
315,316,317
309,310,311
315,316,317
312,313,314
234,235,236
246,247,248
315,316,317
303,304,305
312,313,314
318,319,320
303,304,305
318,319,320
300,301,302
315,316,317
246,247,248
321,322,323
315,316,317
321,322,323
324,325,326
315,316,317
324,325,326
312,313,314
312,313,314
324,325,326
327,328,329
312,313,314
327,328,329
318,319,320
246,247,248
294,295,296
330,331,332
246,247,248
330,331,332
321,322,323
324,325,326
321,322,323
333,334,335
324,325,326
333,334,335
336,337,338
324,325,326
336,337,338
327,328,329
321,322,323
330,331,332
339,340,341
321,322,323
339,340,341
342,343,344
321,322,323
342,343,344
333,334,335
333,334,335
342,343,344
345,346,347
333,334,335
345,346,347
348,349,350
333,334,335
348,349,350
336,337,338
342,343,344
339,340,341
351,352,353
342,343,344
351,352,353
354,355,356
342,343,344
354,355,356
345,346,347
345,346,347
354,355,356
141,142,143
345,346,347
141,142,143
357,358,359
345,346,347
357,358,359
348,349,350
354,355,356
351,352,353
360,361,362
354,355,356
360,361,362
123,124,125
354,355,356
123,124,125
141,142,143
351,352,353
339,340,341
363,364,365
351,352,353
363,364,365
366,367,368
351,352,353
366,367,368
360,361,362
339,340,341
330,331,332
369,370,371
339,340,341
369,370,371
363,364,365
366,367,368
363,364,365
372,373,374
366,367,368
372,373,374
375,376,377
366,367,368
375,376,377
360,361,362
363,364,365
369,370,371
378,379,380
363,364,365
378,379,380
372,373,374
360,361,362
375,376,377
381,382,383
360,361,362
381,382,383
123,124,125
381,382,383
375,376,377
384,385,386
381,382,383
384,385,386
117,118,119
381,382,383
117,118,119
123,124,125
375,376,377
372,373,374
387,388,389
375,376,377
387,388,389
390,391,392
375,376,377
390,391,392
384,385,386
387,388,389
372,373,374
393,394,395
387,388,389
393,394,395
396,397,398
387,388,389
396,397,398
390,391,392
393,394,395
372,373,374
399,400,401
393,394,395
399,400,401
402,403,404
393,394,395
402,403,404
396,397,398
372,373,374
378,379,380
405,406,407
372,373,374
405,406,407
399,400,401
399,400,401
405,406,407
408,409,410
399,400,401
408,409,410
402,403,404
405,406,407
378,379,380
411,412,413
405,406,407
411,412,413
414,415,416
405,406,407
414,415,416
408,409,410
411,412,413
378,379,380
417,418,419
411,412,413
417,418,419
414,415,416
378,379,380
369,370,371
420,421,422
378,379,380
420,421,422
417,418,419
417,418,419
420,421,422
423,424,425
417,418,419
423,424,425
414,415,416
369,370,371
330,331,332
426,427,428
369,370,371
426,427,428
420,421,422
330,331,332
294,295,296
429,430,431
330,331,332
429,430,431
426,427,428
426,427,428
429,430,431
432,433,434
426,427,428
432,433,434
420,421,422
429,430,431
294,295,296
435,436,437
429,430,431
435,436,437
432,433,434
420,421,422
432,433,434
438,439,440
420,421,422
438,439,440
423,424,425
423,424,425
438,439,440
441,442,443
423,424,425
441,442,443
414,415,416
438,439,440
432,433,434
444,445,446
438,439,440
444,445,446
441,442,443
444,445,446
432,433,434
447,448,449
444,445,446
447,448,449
450,451,452
444,445,446
450,451,452
441,442,443
432,433,434
435,436,437
453,454,455
432,433,434
453,454,455
447,448,449
447,448,449
453,454,455
456,457,458
447,448,449
456,457,458
450,451,452
456,457,458
453,454,455
459,460,461
456,457,458
459,460,461
462,463,464
456,457,458
462,463,464
450,451,452
459,460,461
453,454,455
465,466,467
459,460,461
465,466,467
468,469,470
459,460,461
468,469,470
462,463,464
453,454,455
435,436,437
471,472,473
453,454,455
471,472,473
465,466,467
435,436,437
294,295,296
291,292,293
435,436,437
291,292,293
471,472,473
468,469,470
465,466,467
474,475,476
468,469,470
474,475,476
477,478,479
468,469,470
477,478,479
462,463,464
465,466,467
471,472,473
480,481,482
465,466,467
480,481,482
474,475,476
474,475,476
480,481,482
483,484,485
474,475,476
483,484,485
477,478,479
483,484,485
480,481,482
486,487,488
483,484,485
486,487,488
489,490,491
483,484,485
489,490,491
477,478,479
486,487,488
480,481,482
492,493,494
486,487,488
492,493,494
495,496,497
486,487,488
495,496,497
489,490,491
480,481,482
471,472,473
498,499,500
480,481,482
498,499,500
492,493,494
471,472,473
291,292,293
501,502,503
471,472,473
501,502,503
498,499,500
501,502,503
291,292,293
111,112,113
501,502,503
111,112,113
117,118,119
501,502,503
117,118,119
498,499,500
498,499,500
117,118,119
384,385,386
498,499,500
384,385,386
492,493,494
384,385,386
390,391,392
492,493,494
492,493,494
390,391,392
504,505,506
492,493,494
504,505,506
495,496,497
390,391,392
396,397,398
504,505,506
504,505,506
396,397,398
507,508,509
504,505,506
507,508,509
495,496,497
495,496,497
507,508,509
489,490,491
396,397,398
402,403,404
507,508,509
291,292,293
45,46,47
111,112,113
489,490,491
507,508,509
510,511,512
489,490,491
510,511,512
513,514,515
489,490,491
513,514,515
477,478,479
507,508,509
402,403,404
516,517,518
507,508,509
516,517,518
519,520,521
507,508,509
519,520,521
510,511,512
519,520,521
516,517,518
522,523,524
519,520,521
522,523,524
525,526,527
519,520,521
525,526,527
510,511,512
510,511,512
525,526,527
528,529,530
510,511,512
528,529,530
513,514,515
525,526,527
522,523,524
531,532,533
525,526,527
531,532,533
534,535,536
525,526,527
534,535,536
528,529,530
528,529,530
534,535,536
537,538,539
528,529,530
537,538,539
540,541,542
528,529,530
540,541,542
513,514,515
513,514,515
540,541,542
543,544,545
513,514,515
543,544,545
477,478,479
543,544,545
540,541,542
546,547,548
543,544,545
546,547,548
549,550,551
543,544,545
549,550,551
477,478,479
540,541,542
537,538,539
552,553,554
540,541,542
552,553,554
546,547,548
477,478,479
549,550,551
555,556,557
477,478,479
555,556,557
462,463,464
549,550,551
546,547,548
558,559,560
549,550,551
558,559,560
555,556,557
546,547,548
552,553,554
561,562,563
546,547,548
561,562,563
558,559,560
558,559,560
561,562,563
564,565,566
558,559,560
564,565,566
567,568,569
558,559,560
567,568,569
555,556,557
555,556,557
567,568,569
570,571,572
555,556,557
570,571,572
462,463,464
462,463,464
570,571,572
573,574,575
462,463,464
573,574,575
450,451,452
570,571,572
567,568,569
576,577,578
570,571,572
576,577,578
579,580,581
570,571,572
579,580,581
573,574,575
567,568,569
564,565,566
582,583,584
567,568,569
582,583,584
576,577,578
576,577,578
582,583,584
585,586,587
576,577,578
585,586,587
588,589,590
576,577,578
588,589,590
579,580,581
582,583,584
564,565,566
591,592,593
582,583,584
591,592,593
594,595,596
582,583,584
594,595,596
585,586,587
564,565,566
561,562,563
597,598,599
564,565,566
597,598,599
591,592,593
591,592,593
597,598,599
132,133,134
591,592,593
132,133,134
594,595,596
561,562,563
552,553,554
600,601,602
561,562,563
600,601,602
597,598,599
597,598,599
600,601,602
135,136,137
597,598,599
135,136,137
132,133,134
600,601,602
552,553,554
603,604,605
600,601,602
603,604,605
135,136,137
552,553,554
537,538,539
603,604,605
537,538,539
534,535,536
606,607,608
537,538,539
606,607,608
603,604,605
603,604,605
606,607,608
138,139,140
603,604,605
138,139,140
135,136,137
606,607,608
534,535,536
609,610,611
606,607,608
609,610,611
138,139,140
534,535,536
531,532,533
609,610,611
609,610,611
531,532,533
612,613,614
609,610,611
612,613,614
615,616,617
609,610,611
615,616,617
138,139,140
531,532,533
522,523,524
618,619,620
531,532,533
618,619,620
612,613,614
612,613,614
618,619,620
621,622,623
612,613,614
621,622,623
615,616,617
522,523,524
516,517,518
624,625,626
522,523,524
624,625,626
618,619,620
618,619,620
624,625,626
627,628,629
618,619,620
627,628,629
621,622,623
516,517,518
402,403,404
630,631,632
516,517,518
630,631,632
624,625,626
624,625,626
630,631,632
633,634,635
624,625,626
633,634,635
627,628,629
630,631,632
402,403,404
636,637,638
630,631,632
636,637,638
633,634,635
402,403,404
408,409,410
636,637,638
636,637,638
408,409,410
639,640,641
636,637,638
639,640,641
642,643,644
636,637,638
642,643,644
633,634,635
633,634,635
642,643,644
645,646,647
633,634,635
645,646,647
627,628,629
627,628,629
645,646,647
648,649,650
627,628,629
648,649,650
621,622,623
621,622,623
648,649,650
357,358,359
621,622,623
357,358,359
615,616,617
648,649,650
645,646,647
651,652,653
648,649,650
651,652,653
357,358,359
645,646,647
642,643,644
654,655,656
645,646,647
654,655,656
651,652,653
642,643,644
639,640,641
657,658,659
642,643,644
657,658,659
654,655,656
639,640,641
408,409,410
660,661,662
639,640,641
660,661,662
657,658,659
408,409,410
414,415,416
660,661,662
615,616,617
357,358,359
141,142,143
615,616,617
141,142,143
138,139,140
357,358,359
651,652,653
348,349,350
651,652,653
654,655,656
663,664,665
651,652,653
663,664,665
348,349,350
654,655,656
657,658,659
666,667,668
654,655,656
666,667,668
663,664,665
663,664,665
666,667,668
669,670,671
663,664,665
669,670,671
348,349,350
348,349,350
669,670,671
336,337,338
657,658,659
660,661,662
672,673,674
657,658,659
672,673,674
666,667,668
666,667,668
672,673,674
675,676,677
666,667,668
675,676,677
669,670,671
669,670,671
675,676,677
678,679,680
669,670,671
678,679,680
336,337,338
336,337,338
678,679,680
681,682,683
336,337,338
681,682,683
327,328,329
678,679,680
675,676,677
684,685,686
678,679,680
684,685,686
681,682,683
675,676,677
672,673,674
687,688,689
675,676,677
687,688,689
684,685,686
672,673,674
660,661,662
690,691,692
672,673,674
690,691,692
687,688,689
660,661,662
414,415,416
693,694,695
660,661,662
693,694,695
690,691,692
690,691,692
693,694,695
696,697,698
690,691,692
696,697,698
687,688,689
687,688,689
696,697,698
699,700,701
687,688,689
699,700,701
684,685,686
684,685,686
699,700,701
702,703,704
684,685,686
702,703,704
681,682,683
681,682,683
702,703,704
705,706,707
681,682,683
705,706,707
327,328,329
414,415,416
441,442,443
708,709,710
414,415,416
708,709,710
693,694,695
441,442,443
450,451,452
711,712,713
441,442,443
711,712,713
708,709,710
450,451,452
573,574,575
714,715,716
450,451,452
714,715,716
711,712,713
327,328,329
705,706,707
717,718,719
327,328,329
717,718,719
318,319,320
705,706,707
702,703,704
720,721,722
705,706,707
720,721,722
717,718,719
702,703,704
699,700,701
723,724,725
702,703,704
723,724,725
720,721,722
699,700,701
696,697,698
726,727,728
699,700,701
726,727,728
723,724,725
696,697,698
693,694,695
285,286,287
696,697,698
285,286,287
726,727,728
726,727,728
285,286,287
273,274,275
726,727,728
273,274,275
729,730,731
726,727,728
729,730,731
723,724,725
723,724,725
729,730,731
732,733,734
723,724,725
732,733,734
720,721,722
729,730,731
273,274,275
735,736,737
729,730,731
735,736,737
732,733,734
720,721,722
732,733,734
738,739,740
720,721,722
738,739,740
717,718,719
732,733,734
735,736,737
741,742,743
732,733,734
741,742,743
738,739,740
735,736,737
273,274,275
744,745,746
735,736,737
744,745,746
741,742,743
717,718,719
738,739,740
747,748,749
717,718,719
747,748,749
318,319,320
738,739,740
741,742,743
750,751,752
738,739,740
750,751,752
747,748,749
747,748,749
750,751,752
753,754,755
747,748,749
753,754,755
318,319,320
318,319,320
753,754,755
300,301,302
741,742,743
744,745,746
756,757,758
741,742,743
756,757,758
750,751,752
750,751,752
756,757,758
759,760,761
750,751,752
759,760,761
753,754,755
753,754,755
759,760,761
762,763,764
753,754,755
762,763,764
300,301,302
744,745,746
273,274,275
765,766,767
744,745,746
765,766,767
756,757,758
756,757,758
765,766,767
768,769,770
756,757,758
768,769,770
759,760,761
765,766,767
273,274,275
771,772,773
765,766,767
771,772,773
768,769,770
759,760,761
768,769,770
774,775,776
759,760,761
774,775,776
762,763,764
768,769,770
771,772,773
777,778,779
768,769,770
777,778,779
774,775,776
771,772,773
273,274,275
780,781,782
771,772,773
780,781,782
777,778,779
762,763,764
774,775,776
783,784,785
762,763,764
783,784,785
300,301,302
300,301,302
783,784,785
192,193,194
774,775,776
777,778,779
786,787,788
774,775,776
786,787,788
783,784,785
783,784,785
786,787,788
789,790,791
783,784,785
789,790,791
192,193,194
777,778,779
780,781,782
792,793,794
777,778,779
792,793,794
786,787,788
786,787,788
792,793,794
795,796,797
786,787,788
795,796,797
789,790,791
789,790,791
795,796,797
798,799,800
789,790,791
798,799,800
192,193,194
780,781,782
273,274,275
801,802,803
780,781,782
801,802,803
792,793,794
792,793,794
801,802,803
804,805,806
792,793,794
804,805,806
795,796,797
801,802,803
273,274,275
282,283,284
801,802,803
282,283,284
804,805,806
795,796,797
804,805,806
807,808,809
795,796,797
807,808,809
798,799,800
804,805,806
282,283,284
810,811,812
804,805,806
810,811,812
807,808,809
282,283,284
279,280,281
810,811,812
192,193,194
798,799,800
183,184,185
798,799,800
807,808,809
813,814,815
798,799,800
813,814,815
183,184,185
807,808,809
810,811,812
816,817,818
807,808,809
816,817,818
813,814,815
813,814,815
816,817,818
819,820,821
813,814,815
819,820,821
183,184,185
183,184,185
819,820,821
174,175,176
810,811,812
279,280,281
822,823,824
810,811,812
822,823,824
816,817,818
816,817,818
822,823,824
825,826,827
816,817,818
825,826,827
819,820,821
819,820,821
825,826,827
828,829,830
819,820,821
828,829,830
174,175,176
279,280,281
267,268,269
831,832,833
279,280,281
831,832,833
822,823,824
822,823,824
831,832,833
834,835,836
822,823,824
834,835,836
825,826,827
831,832,833
267,268,269
837,838,839
831,832,833
837,838,839
834,835,836
825,826,827
834,835,836
840,841,842
825,826,827
840,841,842
828,829,830
834,835,836
837,838,839
843,844,845
834,835,836
843,844,845
840,841,842
837,838,839
267,268,269
846,847,848
837,838,839
846,847,848
843,844,845
828,829,830
840,841,842
849,850,851
828,829,830
849,850,851
174,175,176
840,841,842
843,844,845
852,853,854
840,841,842
852,853,854
849,850,851
843,844,845
846,847,848
855,856,857
843,844,845
855,856,857
852,853,854
852,853,854
855,856,857
858,859,860
852,853,854
858,859,860
861,862,863
852,853,854
861,862,863
849,850,851
849,850,851
861,862,863
177,178,179
849,850,851
177,178,179
174,175,176
861,862,863
858,859,860
864,865,866
861,862,863
864,865,866
177,178,179
177,178,179
864,865,866
156,157,158
864,865,866
858,859,860
867,868,869
864,865,866
867,868,869
870,871,872
864,865,866
870,871,872
156,157,158
858,859,860
855,856,857
873,874,875
858,859,860
873,874,875
867,868,869
855,856,857
846,847,848
876,877,878
855,856,857
876,877,878
873,874,875
846,847,848
267,268,269
879,880,881
846,847,848
879,880,881
876,877,878
876,877,878
879,880,881
882,883,884
876,877,878
882,883,884
873,874,875
873,874,875
882,883,884
885,886,887
873,874,875
885,886,887
867,868,869
882,883,884
879,880,881
888,889,890
882,883,884
888,889,890
885,886,887
867,868,869
885,886,887
891,892,893
867,868,869
891,892,893
870,871,872
885,886,887
888,889,890
894,895,896
885,886,887
894,895,896
891,892,893
888,889,890
879,880,881
897,898,899
888,889,890
897,898,899
894,895,896
870,871,872
891,892,893
900,901,902
870,871,872
900,901,902
156,157,158
891,892,893
894,895,896
903,904,905
891,892,893
903,904,905
900,901,902
894,895,896
897,898,899
906,907,908
894,895,896
906,907,908
903,904,905
897,898,899
879,880,881
909,910,911
897,898,899
909,910,911
906,907,908
909,910,911
879,880,881
912,913,914
909,910,911
912,913,914
915,916,917
909,910,911
915,916,917
906,907,908
906,907,908
915,916,917
918,919,920
906,907,908
918,919,920
903,904,905
903,904,905
918,919,920
921,922,923
903,904,905
921,922,923
900,901,902
900,901,902
921,922,923
147,148,149
900,901,902
147,148,149
156,157,158
921,922,923
918,919,920
924,925,926
921,922,923
924,925,926
147,148,149
918,919,920
915,916,917
927,928,929
918,919,920
927,928,929
924,925,926
915,916,917
912,913,914
930,931,932
915,916,917
930,931,932
927,928,929
927,928,929
930,931,932
933,934,935
927,928,929
933,934,935
936,937,938
927,928,929
936,937,938
924,925,926
924,925,926
936,937,938
60,61,62
924,925,926
60,61,62
147,148,149
936,937,938
933,934,935
939,940,941
936,937,938
939,940,941
60,61,62
933,934,935
930,931,932
942,943,944
933,934,935
942,943,944
945,946,947
933,934,935
945,946,947
939,940,941
930,931,932
912,913,914
948,949,950
930,931,932
948,949,950
942,943,944
912,913,914
879,880,881
951,952,953
912,913,914
951,952,953
948,949,950
948,949,950
951,952,953
954,955,956
948,949,950
954,955,956
957,958,959
948,949,950
957,958,959
942,943,944
942,943,944
957,958,959
960,961,962
942,943,944
960,961,962
945,946,947
957,958,959
954,955,956
963,964,965
957,958,959
963,964,965
960,961,962
963,964,965
954,955,956
966,967,968
963,964,965
966,967,968
969,970,971
963,964,965
969,970,971
960,961,962
960,961,962
969,970,971
972,973,974
960,961,962
972,973,974
945,946,947
945,946,947
972,973,974
975,976,977
945,946,947
975,976,977
939,940,941
939,940,941
975,976,977
63,64,65
939,940,941
63,64,65
60,61,62
975,976,977
972,973,974
978,979,980
975,976,977
978,979,980
63,64,65
972,973,974
969,970,971
981,982,983
972,973,974
981,982,983
978,979,980
969,970,971
966,967,968
984,985,986
969,970,971
984,985,986
981,982,983
966,967,968
954,955,956
987,988,989
966,967,968
987,988,989
984,985,986
987,988,989
954,955,956
990,991,992
987,988,989
990,991,992
993,994,995
987,988,989
993,994,995
984,985,986
984,985,986
993,994,995
996,997,998
984,985,986
996,997,998
981,982,983
981,982,983
996,997,998
999,1000,1001
981,982,983
999,1000,1001
978,979,980
978,979,980
999,1000,1001
66,67,68
978,979,980
66,67,68
63,64,65
999,1000,1001
996,997,998
1002,1003,1004
999,1000,1001
1002,1003,1004
66,67,68
996,997,998
993,994,995
1005,1006,1007
996,997,998
1005,1006,1007
1002,1003,1004
993,994,995
990,991,992
1008,1009,1010
993,994,995
1008,1009,1010
1005,1006,1007
990,991,992
954,955,956
1011,1012,1013
990,991,992
1011,1012,1013
1008,1009,1010
1011,1012,1013
954,955,956
1014,1015,1016
1011,1012,1013
1014,1015,1016
1017,1018,1019
1011,1012,1013
1017,1018,1019
1008,1009,1010
1008,1009,1010
1017,1018,1019
1020,1021,1022
1008,1009,1010
1020,1021,1022
1005,1006,1007
1005,1006,1007
1020,1021,1022
1023,1024,1025
1005,1006,1007
1023,1024,1025
1002,1003,1004
1002,1003,1004
1023,1024,1025
81,82,83
1002,1003,1004
81,82,83
66,67,68
1023,1024,1025
1020,1021,1022
1026,1027,1028
1023,1024,1025
1026,1027,1028
81,82,83
1020,1021,1022
1017,1018,1019
1029,1030,1031
1020,1021,1022
1029,1030,1031
1026,1027,1028
1017,1018,1019
1014,1015,1016
588,589,590
1017,1018,1019
588,589,590
1029,1030,1031
1014,1015,1016
954,955,956
579,580,581
1014,1015,1016
579,580,581
588,589,590
588,589,590
585,586,587
1029,1030,1031
579,580,581
954,955,956
573,574,575
132,133,134
84,85,86
594,595,596
111,112,113
45,46,47
114,115,116
1029,1030,1031
585,586,587
1032,1033,1034
1029,1030,1031
1032,1033,1034
1026,1027,1028
585,586,587
594,595,596
1032,1033,1034
594,595,596
84,85,86
1032,1033,1034
1032,1033,1034
84,85,86
1026,1027,1028
1026,1027,1028
84,85,86
81,82,83
45,46,47
36,37,38
1035,1036,1037
45,46,47
1035,1036,1037
114,115,116
1035,1036,1037
36,37,38
1038,1039,1040
1035,1036,1037
1038,1039,1040
114,115,116
114,115,116
1038,1039,1040
99,100,101
36,37,38
27,28,29
1038,1039,1040
1038,1039,1040
27,28,29
1041,1042,1043
1038,1039,1040
1041,1042,1043
1044,1045,1046
1038,1039,1040
1044,1045,1046
99,100,101
99,100,101
1044,1045,1046
1047,1048,1049
99,100,101
1047,1048,1049
33,34,35
33,34,35
1047,1048,1049
1050,1051,1052
33,34,35
1050,1051,1052
27,28,29
27,28,29
1050,1051,1052
1041,1042,1043
1050,1051,1052
1047,1048,1049
573,574,575
1050,1051,1052
573,574,575
954,955,956
1050,1051,1052
954,955,956
1041,1042,1043
954,955,956
951,952,953
1041,1042,1043
1041,1042,1043
951,952,953
1044,1045,1046
951,952,953
879,880,881
1044,1045,1046
1044,1045,1046
879,880,881
1047,1048,1049
1047,1048,1049
879,880,881
573,574,575
879,880,881
267,268,269
573,574,575
711,712,713
714,715,716
1053,1054,1055
711,712,713
1053,1054,1055
1056,1057,1058
711,712,713
1056,1057,1058
708,709,710
708,709,710
1056,1057,1058
1059,1060,1061
708,709,710
1059,1060,1061
693,694,695
1056,1057,1058
1053,1054,1055
1062,1063,1064
1056,1057,1058
1062,1063,1064
1059,1060,1061
1059,1060,1061
1062,1063,1064
1065,1066,1067
1059,1060,1061
1065,1066,1067
693,694,695
1053,1054,1055
714,715,716
1068,1069,1070
1053,1054,1055
1068,1069,1070
1062,1063,1064
714,715,716
573,574,575
1071,1072,1073
714,715,716
1071,1072,1073
1068,1069,1070
1068,1069,1070
1071,1072,1073
1074,1075,1076
1068,1069,1070
1074,1075,1076
1062,1063,1064
1071,1072,1073
573,574,575
1077,1078,1079
1071,1072,1073
1077,1078,1079
1074,1075,1076
573,574,575
267,268,269
1077,1078,1079
1074,1075,1076
1077,1078,1079
1080,1081,1082
1074,1075,1076
1080,1081,1082
1062,1063,1064
1077,1078,1079
267,268,269
1083,1084,1085
1077,1078,1079
1083,1084,1085
1080,1081,1082
1080,1081,1082
1083,1084,1085
1086,1087,1088
1080,1081,1082
1086,1087,1088
1062,1063,1064
1083,1084,1085
267,268,269
1089,1090,1091
1083,1084,1085
1089,1090,1091
1086,1087,1088
267,268,269
285,286,287
1089,1090,1091
1086,1087,1088
1089,1090,1091
1092,1093,1094
1086,1087,1088
1092,1093,1094
1062,1063,1064
1089,1090,1091
285,286,287
1095,1096,1097
1089,1090,1091
1095,1096,1097
1092,1093,1094
1092,1093,1094
1095,1096,1097
1098,1099,1100
1092,1093,1094
1098,1099,1100
1062,1063,1064
1062,1063,1064
1098,1099,1100
1065,1066,1067
1098,1099,1100
1095,1096,1097
1101,1102,1103
1098,1099,1100
1101,1102,1103
1065,1066,1067
1095,1096,1097
285,286,287
1101,1102,1103
1065,1066,1067
1101,1102,1103
693,694,695
1101,1102,1103
285,286,287
693,694,695
