0,1,2
3,4,5
6,7,8
0,1,2
6,7,8
9,10,11
0,1,2
9,10,11
12,13,14
0,1,2
12,13,14
15,16,17
0,1,2
15,16,17
3,4,5
15,16,17
12,13,14
18,19,20
15,16,17
18,19,20
21,22,23
15,16,17
21,22,23
3,4,5
18,19,20
12,13,14
24,25,26
18,19,20
24,25,26
27,28,29
18,19,20
27,28,29
21,22,23
24,25,26
12,13,14
30,31,32
24,25,26
30,31,32
33,34,35
24,25,26
33,34,35
27,28,29
30,31,32
12,13,14
36,37,38
30,31,32
36,37,38
39,40,41
30,31,32
39,40,41
33,34,35
36,37,38
12,13,14
42,43,44
36,37,38
42,43,44
45,46,47
36,37,38
45,46,47
39,40,41
42,43,44
12,13,14
48,49,50
42,43,44
48,49,50
51,52,53
42,43,44
51,52,53
45,46,47
48,49,50
12,13,14
54,55,56
48,49,50
54,55,56
57,58,59
48,49,50
57,58,59
51,52,53
54,55,56
12,13,14
60,61,62
54,55,56
60,61,62
63,64,65
54,55,56
63,64,65
57,58,59
60,61,62
12,13,14
66,67,68
60,61,62
66,67,68
69,70,71
60,61,62
69,70,71
63,64,65
66,67,68
12,13,14
72,73,74
66,67,68
72,73,74
75,76,77
66,67,68
75,76,77
69,70,71
72,73,74
12,13,14
78,79,80
72,73,74
78,79,80
81,82,83
72,73,74
81,82,83
75,76,77
78,79,80
12,13,14
84,85,86
78,79,80
84,85,86
87,88,89
78,79,80
87,88,89
81,82,83
84,85,86
12,13,14
90,91,92
84,85,86
90,91,92
93,94,95
84,85,86
93,94,95
87,88,89
90,91,92
12,13,14
96,97,98
90,91,92
96,97,98
99,100,101
90,91,92
99,100,101
93,94,95
96,97,98
12,13,14
102,103,104
96,97,98
102,103,104
105,106,107
96,97,98
105,106,107
99,100,101
102,103,104
12,13,14
108,109,110
102,103,104
108,109,110
111,112,113
102,103,104
111,112,113
105,106,107
108,109,110
12,13,14
114,115,116
108,109,110
114,115,116
117,118,119
108,109,110
117,118,119
111,112,113
114,115,116
12,13,14
120,121,122
114,115,116
120,121,122
123,124,125
114,115,116
123,124,125
117,118,119
120,121,122
12,13,14
126,127,128
120,121,122
126,127,128
129,130,131
120,121,122
129,130,131
123,124,125
126,127,128
12,13,14
132,133,134
126,127,128
132,133,134
135,136,137
126,127,128
135,136,137
129,130,131
132,133,134
12,13,14
138,139,140
132,133,134
138,139,140
141,142,143
132,133,134
141,142,143
135,136,137
138,139,140
12,13,14
144,145,146
138,139,140
144,145,146
147,148,149
138,139,140
147,148,149
141,142,143
144,145,146
12,13,14
150,151,152
144,145,146
150,151,152
153,154,155
144,145,146
153,154,155
147,148,149
150,151,152
12,13,14
156,157,158
150,151,152
156,157,158
159,160,161
150,151,152
159,160,161
153,154,155
156,157,158
12,13,14
162,163,164
156,157,158
162,163,164
165,166,167
156,157,158
165,166,167
159,160,161
162,163,164
12,13,14
168,169,170
162,163,164
168,169,170
171,172,173
162,163,164
171,172,173
165,166,167
168,169,170
12,13,14
174,175,176
168,169,170
174,175,176
177,178,179
168,169,170
177,178,179
171,172,173
174,175,176
12,13,14
180,181,182
174,175,176
180,181,182
183,184,185
174,175,176
183,184,185
177,178,179
180,181,182
12,13,14
186,187,188
180,181,182
186,187,188
189,190,191
180,181,182
189,190,191
183,184,185
186,187,188
12,13,14
192,193,194
186,187,188
192,193,194
195,196,197
186,187,188
195,196,197
189,190,191
192,193,194
12,13,14
198,199,200
192,193,194
198,199,200
201,202,203
192,193,194
201,202,203
195,196,197
198,199,200
12,13,14
204,205,206
198,199,200
204,205,206
207,208,209
198,199,200
207,208,209
201,202,203
204,205,206
12,13,14
210,211,212
204,205,206
210,211,212
213,214,215
204,205,206
213,214,215
207,208,209
210,211,212
12,13,14
9,10,11
210,211,212
9,10,11
216,217,218
210,211,212
216,217,218
213,214,215
213,214,215
216,217,218
219,220,221
213,214,215
219,220,221
222,223,224
213,214,215
222,223,224
207,208,209
207,208,209
222,223,224
225,226,227
207,208,209
225,226,227
201,202,203
201,202,203
225,226,227
228,229,230
201,202,203
228,229,230
195,196,197
195,196,197
228,229,230
231,232,233
195,196,197
231,232,233
189,190,191
189,190,191
231,232,233
234,235,236
189,190,191
234,235,236
183,184,185
183,184,185
234,235,236
237,238,239
183,184,185
237,238,239
177,178,179
177,178,179
237,238,239
240,241,242
177,178,179
240,241,242
171,172,173
171,172,173
240,241,242
243,244,245
171,172,173
243,244,245
165,166,167
165,166,167
243,244,245
246,247,248
165,166,167
246,247,248
159,160,161
159,160,161
246,247,248
249,250,251
159,160,161
249,250,251
153,154,155
153,154,155
249,250,251
252,253,254
153,154,155
252,253,254
147,148,149
147,148,149
252,253,254
255,256,257
147,148,149
255,256,257
141,142,143
141,142,143
255,256,257
258,259,260
141,142,143
258,259,260
135,136,137
135,136,137
258,259,260
261,262,263
135,136,137
261,262,263
129,130,131
258,259,260
255,256,257
264,265,266
258,259,260
264,265,266
267,268,269
258,259,260
267,268,269
261,262,263
255,256,257
252,253,254
270,271,272
255,256,257
270,271,272
264,265,266
252,253,254
249,250,251
273,274,275
252,253,254
273,274,275
270,271,272
249,250,251
246,247,248
276,277,278
249,250,251
276,277,278
273,274,275
246,247,248
243,244,245
279,280,281
246,247,248
279,280,281
276,277,278
243,244,245
240,241,242
282,283,284
243,244,245
282,283,284
279,280,281
240,241,242
237,238,239
285,286,287
240,241,242
285,286,287
282,283,284
237,238,239
234,235,236
288,289,290
237,238,239
288,289,290
285,286,287
234,235,236
231,232,233
291,292,293
234,235,236
291,292,293
288,289,290
231,232,233
228,229,230
294,295,296
231,232,233
294,295,296
291,292,293
228,229,230
225,226,227
297,298,299
228,229,230
297,298,299
294,295,296
225,226,227
222,223,224
300,301,302
225,226,227
300,301,302
297,298,299
222,223,224
219,220,221
303,304,305
222,223,224
303,304,305
300,301,302
300,301,302
303,304,305
306,307,308
300,301,302
306,307,308
309,310,311
300,301,302
309,310,311
297,298,299
297,298,299
309,310,311
312,313,314
297,298,299
312,313,314
294,295,296
294,295,296
312,313,314
315,316,317
294,295,296
315,316,317
291,292,293
291,292,293
315,316,317
318,319,320
291,292,293
318,319,320
288,289,290
288,289,290
318,319,320
321,322,323
288,289,290
321,322,323
285,286,287
285,286,287
321,322,323
324,325,326
285,286,287
324,325,326
282,283,284
282,283,284
324,325,326
327,328,329
282,283,284
327,328,329
279,280,281
279,280,281
327,328,329
330,331,332
279,280,281
330,331,332
276,277,278
276,277,278
330,331,332
333,334,335
276,277,278
333,334,335
273,274,275
273,274,275
333,334,335
336,337,338
273,274,275
336,337,338
270,271,272
270,271,272
336,337,338
339,340,341
270,271,272
339,340,341
264,265,266
264,265,266
339,340,341
342,343,344
264,265,266
342,343,344
267,268,269
339,340,341
336,337,338
345,346,347
339,340,341
345,346,347
348,349,350
339,340,341
348,349,350
342,343,344
336,337,338
333,334,335
351,352,353
336,337,338
351,352,353
345,346,347
333,334,335
330,331,332
354,355,356
333,334,335
354,355,356
351,352,353
330,331,332
327,328,329
357,358,359
330,331,332
357,358,359
354,355,356
327,328,329
324,325,326
360,361,362
327,328,329
360,361,362
357,358,359
324,325,326
321,322,323
363,364,365
324,325,326
363,364,365
360,361,362
321,322,323
318,319,320
366,367,368
321,322,323
366,367,368
363,364,365
318,319,320
315,316,317
369,370,371
318,319,320
369,370,371
366,367,368
315,316,317
312,313,314
372,373,374
315,316,317
372,373,374
369,370,371
312,313,314
309,310,311
375,376,377
312,313,314
375,376,377
372,373,374
309,310,311
306,307,308
378,379,380
309,310,311
378,379,380
375,376,377
375,376,377
378,379,380
381,382,383
375,376,377
381,382,383
384,385,386
375,376,377
384,385,386
372,373,374
372,373,374
384,385,386
387,388,389
372,373,374
387,388,389
369,370,371
369,370,371
387,388,389
390,391,392
369,370,371
390,391,392
366,367,368
366,367,368
390,391,392
393,394,395
366,367,368
393,394,395
363,364,365
363,364,365
393,394,395
396,397,398
363,364,365
396,397,398
360,361,362
360,361,362
396,397,398
399,400,401
360,361,362
399,400,401
357,358,359
357,358,359
399,400,401
402,403,404
357,358,359
402,403,404
354,355,356
354,355,356
402,403,404
405,406,407
354,355,356
405,406,407
351,352,353
351,352,353
405,406,407
408,409,410
351,352,353
408,409,410
345,346,347
345,346,347
408,409,410
411,412,413
345,346,347
411,412,413
348,349,350
408,409,410
405,406,407
414,415,416
408,409,410
414,415,416
417,418,419
408,409,410
417,418,419
411,412,413
405,406,407
402,403,404
420,421,422
405,406,407
420,421,422
414,415,416
402,403,404
399,400,401
423,424,425
402,403,404
423,424,425
420,421,422
399,400,401
396,397,398
426,427,428
399,400,401
426,427,428
423,424,425
396,397,398
393,394,395
429,430,431
396,397,398
429,430,431
426,427,428
393,394,395
390,391,392
432,433,434
393,394,395
432,433,434
429,430,431
390,391,392
387,388,389
435,436,437
390,391,392
435,436,437
432,433,434
387,388,389
384,385,386
438,439,440
387,388,389
438,439,440
435,436,437
384,385,386
381,382,383
441,442,443
384,385,386
441,442,443
438,439,440
438,439,440
441,442,443
444,445,446
438,439,440
444,445,446
447,448,449
438,439,440
447,448,449
435,436,437
435,436,437
447,448,449
450,451,452
435,436,437
450,451,452
432,433,434
432,433,434
450,451,452
453,454,455
432,433,434
453,454,455
429,430,431
429,430,431
453,454,455
456,457,458
429,430,431
456,457,458
426,427,428
426,427,428
456,457,458
459,460,461
426,427,428
459,460,461
423,424,425
423,424,425
459,460,461
462,463,464
423,424,425
462,463,464
420,421,422
420,421,422
462,463,464
465,466,467
420,421,422
465,466,467
414,415,416
414,415,416
465,466,467
468,469,470
414,415,416
468,469,470
417,418,419
465,466,467
462,463,464
471,472,473
465,466,467
471,472,473
474,475,476
465,466,467
474,475,476
468,469,470
462,463,464
459,460,461
477,478,479
462,463,464
477,478,479
471,472,473
471,472,473
477,478,479
480,481,482
471,472,473
480,481,482
474,475,476
477,478,479
459,460,461
483,484,485
477,478,479
483,484,485
480,481,482
459,460,461
456,457,458
483,484,485
483,484,485
456,457,458
486,487,488
483,484,485
486,487,488
480,481,482
456,457,458
453,454,455
486,487,488
486,487,488
453,454,455
489,490,491
486,487,488
489,490,491
480,481,482
453,454,455
450,451,452
489,490,491
489,490,491
450,451,452
492,493,494
489,490,491
492,493,494
480,481,482
450,451,452
447,448,449
492,493,494
492,493,494
447,448,449
495,496,497
492,493,494
495,496,497
480,481,482
447,448,449
444,445,446
495,496,497
495,496,497
444,445,446
498,499,500
495,496,497
498,499,500
480,481,482
474,475,476
480,481,482
501,502,503
474,475,476
501,502,503
468,469,470
468,469,470
501,502,503
504,505,506
468,469,470
504,505,506
417,418,419
501,502,503
480,481,482
507,508,509
501,502,503
507,508,509
504,505,506
444,445,446
441,442,443
510,511,512
444,445,446
510,511,512
498,499,500
498,499,500
510,511,512
513,514,515
498,499,500
513,514,515
480,481,482
441,442,443
381,382,383
516,517,518
441,442,443
516,517,518
510,511,512
510,511,512
516,517,518
519,520,521
510,511,512
519,520,521
513,514,515
513,514,515
519,520,521
522,523,524
513,514,515
522,523,524
480,481,482
417,418,419
504,505,506
525,526,527
417,418,419
525,526,527
411,412,413
504,505,506
507,508,509
528,529,530
504,505,506
528,529,530
525,526,527
507,508,509
480,481,482
531,532,533
507,508,509
531,532,533
528,529,530
411,412,413
525,526,527
534,535,536
411,412,413
534,535,536
348,349,350
525,526,527
528,529,530
537,538,539
525,526,527
537,538,539
534,535,536
528,529,530
531,532,533
540,541,542
528,529,530
540,541,542
537,538,539
531,532,533
480,481,482
543,544,545
531,532,533
543,544,545
540,541,542
381,382,383
378,379,380
546,547,548
381,382,383
546,547,548
516,517,518
516,517,518
546,547,548
549,550,551
516,517,518
549,550,551
519,520,521
519,520,521
549,550,551
552,553,554
519,520,521
552,553,554
522,523,524
522,523,524
552,553,554
555,556,557
522,523,524
555,556,557
480,481,482
378,379,380
306,307,308
558,559,560
378,379,380
558,559,560
546,547,548
546,547,548
558,559,560
561,562,563
546,547,548
561,562,563
549,550,551
549,550,551
561,562,563
564,565,566
549,550,551
564,565,566
552,553,554
552,553,554
564,565,566
567,568,569
552,553,554
567,568,569
555,556,557
555,556,557
567,568,569
570,571,572
555,556,557
570,571,572
480,481,482
348,349,350
534,535,536
573,574,575
348,349,350
573,574,575
342,343,344
534,535,536
537,538,539
576,577,578
534,535,536
576,577,578
573,574,575
537,538,539
540,541,542
579,580,581
537,538,539
579,580,581
576,577,578
540,541,542
543,544,545
582,583,584
540,541,542
582,583,584
579,580,581
543,544,545
480,481,482
585,586,587
543,544,545
585,586,587
582,583,584
342,343,344
573,574,575
588,589,590
342,343,344
588,589,590
267,268,269
573,574,575
576,577,578
591,592,593
573,574,575
591,592,593
588,589,590
576,577,578
579,580,581
594,595,596
576,577,578
594,595,596
591,592,593
579,580,581
582,583,584
597,598,599
579,580,581
597,598,599
594,595,596
582,583,584
585,586,587
600,601,602
582,583,584
600,601,602
597,598,599
585,586,587
480,481,482
603,604,605
585,586,587
603,604,605
600,601,602
306,307,308
303,304,305
606,607,608
306,307,308
606,607,608
558,559,560
558,559,560
606,607,608
609,610,611
558,559,560
609,610,611
561,562,563
561,562,563
609,610,611
612,613,614
561,562,563
612,613,614
564,565,566
564,565,566
612,613,614
615,616,617
564,565,566
615,616,617
567,568,569
567,568,569
615,616,617
618,619,620
567,568,569
618,619,620
570,571,572
570,571,572
618,619,620
621,622,623
570,571,572
621,622,623
480,481,482
303,304,305
219,220,221
624,625,626
303,304,305
624,625,626
606,607,608
606,607,608
624,625,626
627,628,629
606,607,608
627,628,629
609,610,611
609,610,611
627,628,629
630,631,632
609,610,611
630,631,632
612,613,614
612,613,614
630,631,632
633,634,635
612,613,614
633,634,635
615,616,617
615,616,617
633,634,635
636,637,638
615,616,617
636,637,638
618,619,620
618,619,620
636,637,638
639,640,641
618,619,620
639,640,641
621,622,623
621,622,623
639,640,641
642,643,644
621,622,623
642,643,644
480,481,482
267,268,269
588,589,590
645,646,647
267,268,269
645,646,647
261,262,263
588,589,590
591,592,593
648,649,650
588,589,590
648,649,650
645,646,647
591,592,593
594,595,596
651,652,653
591,592,593
651,652,653
648,649,650
594,595,596
597,598,599
654,655,656
594,595,596
654,655,656
651,652,653
597,598,599
600,601,602
657,658,659
597,598,599
657,658,659
654,655,656
600,601,602
603,604,605
660,661,662
600,601,602
660,661,662
657,658,659
603,604,605
480,481,482
663,664,665
603,604,605
663,664,665
660,661,662
261,262,263
645,646,647
666,667,668
261,262,263
666,667,668
129,130,131
645,646,647
648,649,650
669,670,671
645,646,647
669,670,671
666,667,668
648,649,650
651,652,653
672,673,674
648,649,650
672,673,674
669,670,671
651,652,653
654,655,656
675,676,677
651,652,653
675,676,677
672,673,674
654,655,656
657,658,659
678,679,680
654,655,656
678,679,680
675,676,677
657,658,659
660,661,662
681,682,683
657,658,659
681,682,683
678,679,680
660,661,662
663,664,665
684,685,686
660,661,662
684,685,686
681,682,683
663,664,665
480,481,482
687,688,689
663,664,665
687,688,689
684,685,686
687,688,689
480,481,482
690,691,692
687,688,689
690,691,692
693,694,695
687,688,689
693,694,695
684,685,686
684,685,686
693,694,695
696,697,698
684,685,686
696,697,698
681,682,683
681,682,683
696,697,698
699,700,701
681,682,683
699,700,701
678,679,680
678,679,680
699,700,701
702,703,704
678,679,680
702,703,704
675,676,677
675,676,677
702,703,704
705,706,707
675,676,677
705,706,707
672,673,674
672,673,674
705,706,707
708,709,710
672,673,674
708,709,710
669,670,671
669,670,671
708,709,710
711,712,713
669,670,671
711,712,713
666,667,668
666,667,668
711,712,713
123,124,125
666,667,668
123,124,125
129,130,131
711,712,713
708,709,710
714,715,716
711,712,713
714,715,716
117,118,119
711,712,713
117,118,119
123,124,125
708,709,710
705,706,707
717,718,719
708,709,710
717,718,719
714,715,716
705,706,707
702,703,704
720,721,722
705,706,707
720,721,722
717,718,719
702,703,704
699,700,701
723,724,725
702,703,704
723,724,725
720,721,722
699,700,701
696,697,698
726,727,728
699,700,701
726,727,728
723,724,725
696,697,698
693,694,695
729,730,731
696,697,698
729,730,731
726,727,728
693,694,695
690,691,692
732,733,734
693,694,695
732,733,734
729,730,731
690,691,692
480,481,482
735,736,737
690,691,692
735,736,737
732,733,734
735,736,737
480,481,482
738,739,740
735,736,737
738,739,740
741,742,743
735,736,737
741,742,743
732,733,734
732,733,734
741,742,743
744,745,746
732,733,734
744,745,746
729,730,731
729,730,731
744,745,746
747,748,749
729,730,731
747,748,749
726,727,728
726,727,728
747,748,749
750,751,752
726,727,728
750,751,752
723,724,725
723,724,725
750,751,752
753,754,755
723,724,725
753,754,755
720,721,722
720,721,722
753,754,755
756,757,758
720,721,722
756,757,758
717,718,719
717,718,719
756,757,758
759,760,761
717,718,719
759,760,761
714,715,716
714,715,716
759,760,761
111,112,113
714,715,716
111,112,113
117,118,119
759,760,761
756,757,758
762,763,764
759,760,761
762,763,764
105,106,107
759,760,761
105,106,107
111,112,113
756,757,758
753,754,755
765,766,767
756,757,758
765,766,767
762,763,764
753,754,755
750,751,752
768,769,770
753,754,755
768,769,770
765,766,767
750,751,752
747,748,749
771,772,773
750,751,752
771,772,773
768,769,770
747,748,749
744,745,746
774,775,776
747,748,749
774,775,776
771,772,773
744,745,746
741,742,743
777,778,779
744,745,746
777,778,779
774,775,776
741,742,743
738,739,740
780,781,782
741,742,743
780,781,782
777,778,779
738,739,740
480,481,482
783,784,785
738,739,740
783,784,785
780,781,782
783,784,785
480,481,482
786,787,788
783,784,785
786,787,788
789,790,791
783,784,785
789,790,791
780,781,782
780,781,782
789,790,791
792,793,794
780,781,782
792,793,794
777,778,779
777,778,779
792,793,794
795,796,797
777,778,779
795,796,797
774,775,776
774,775,776
795,796,797
798,799,800
774,775,776
798,799,800
771,772,773
771,772,773
798,799,800
801,802,803
771,772,773
801,802,803
768,769,770
768,769,770
801,802,803
804,805,806
768,769,770
804,805,806
765,766,767
765,766,767
804,805,806
807,808,809
765,766,767
807,808,809
762,763,764
762,763,764
807,808,809
99,100,101
762,763,764
99,100,101
105,106,107
807,808,809
804,805,806
810,811,812
807,808,809
810,811,812
93,94,95
807,808,809
93,94,95
99,100,101
804,805,806
801,802,803
813,814,815
804,805,806
813,814,815
810,811,812
801,802,803
798,799,800
816,817,818
801,802,803
816,817,818
813,814,815
798,799,800
795,796,797
819,820,821
798,799,800
819,820,821
816,817,818
795,796,797
792,793,794
822,823,824
795,796,797
822,823,824
819,820,821
792,793,794
789,790,791
825,826,827
792,793,794
825,826,827
822,823,824
789,790,791
786,787,788
828,829,830
789,790,791
828,829,830
825,826,827
786,787,788
480,481,482
831,832,833
786,787,788
831,832,833
828,829,830
831,832,833
480,481,482
834,835,836
831,832,833
834,835,836
837,838,839
831,832,833
837,838,839
828,829,830
828,829,830
837,838,839
840,841,842
828,829,830
840,841,842
825,826,827
825,826,827
840,841,842
843,844,845
825,826,827
843,844,845
822,823,824
822,823,824
843,844,845
846,847,848
822,823,824
846,847,848
819,820,821
819,820,821
846,847,848
849,850,851
819,820,821
849,850,851
816,817,818
816,817,818
849,850,851
852,853,854
816,817,818
852,853,854
813,814,815
813,814,815
852,853,854
855,856,857
813,814,815
855,856,857
810,811,812
810,811,812
855,856,857
87,88,89
810,811,812
87,88,89
93,94,95
855,856,857
852,853,854
858,859,860
855,856,857
858,859,860
81,82,83
855,856,857
81,82,83
87,88,89
852,853,854
849,850,851
861,862,863
852,853,854
861,862,863
858,859,860
849,850,851
846,847,848
864,865,866
849,850,851
864,865,866
861,862,863
846,847,848
843,844,845
867,868,869
846,847,848
867,868,869
864,865,866
843,844,845
840,841,842
870,871,872
843,844,845
870,871,872
867,868,869
840,841,842
837,838,839
873,874,875
840,841,842
873,874,875
870,871,872
837,838,839
834,835,836
876,877,878
837,838,839
876,877,878
873,874,875
834,835,836
480,481,482
879,880,881
834,835,836
879,880,881
876,877,878
879,880,881
480,481,482
882,883,884
879,880,881
882,883,884
885,886,887
879,880,881
885,886,887
876,877,878
876,877,878
885,886,887
888,889,890
876,877,878
888,889,890
873,874,875
873,874,875
888,889,890
891,892,893
873,874,875
891,892,893
870,871,872
870,871,872
891,892,893
894,895,896
870,871,872
894,895,896
867,868,869
867,868,869
894,895,896
897,898,899
867,868,869
897,898,899
864,865,866
864,865,866
897,898,899
900,901,902
864,865,866
900,901,902
861,862,863
861,862,863
900,901,902
903,904,905
861,862,863
903,904,905
858,859,860
858,859,860
903,904,905
75,76,77
858,859,860
75,76,77
81,82,83
903,904,905
900,901,902
906,907,908
903,904,905
906,907,908
69,70,71
903,904,905
69,70,71
75,76,77
900,901,902
897,898,899
909,910,911
900,901,902
909,910,911
906,907,908
897,898,899
894,895,896
912,913,914
897,898,899
912,913,914
909,910,911
894,895,896
891,892,893
915,916,917
894,895,896
915,916,917
912,913,914
891,892,893
888,889,890
918,919,920
891,892,893
918,919,920
915,916,917
888,889,890
885,886,887
921,922,923
888,889,890
921,922,923
918,919,920
885,886,887
882,883,884
924,925,926
885,886,887
924,925,926
921,922,923
882,883,884
480,481,482
927,928,929
882,883,884
927,928,929
924,925,926
927,928,929
480,481,482
930,931,932
927,928,929
930,931,932
933,934,935
927,928,929
933,934,935
924,925,926
924,925,926
933,934,935
936,937,938
924,925,926
936,937,938
921,922,923
921,922,923
936,937,938
939,940,941
921,922,923
939,940,941
918,919,920
918,919,920
939,940,941
942,943,944
918,919,920
942,943,944
915,916,917
915,916,917
942,943,944
945,946,947
915,916,917
945,946,947
912,913,914
912,913,914
945,946,947
948,949,950
912,913,914
948,949,950
909,910,911
909,910,911
948,949,950
951,952,953
909,910,911
951,952,953
906,907,908
906,907,908
951,952,953
63,64,65
906,907,908
63,64,65
69,70,71
951,952,953
948,949,950
954,955,956
951,952,953
954,955,956
57,58,59
951,952,953
57,58,59
63,64,65
948,949,950
945,946,947
957,958,959
948,949,950
957,958,959
954,955,956
945,946,947
942,943,944
960,961,962
945,946,947
960,961,962
957,958,959
942,943,944
939,940,941
963,964,965
942,943,944
963,964,965
960,961,962
939,940,941
936,937,938
966,967,968
939,940,941
966,967,968
963,964,965
936,937,938
933,934,935
969,970,971
936,937,938
969,970,971
966,967,968
933,934,935
930,931,932
972,973,974
933,934,935
972,973,974
969,970,971
930,931,932
480,481,482
975,976,977
930,931,932
975,976,977
972,973,974
480,481,482
642,643,644
978,979,980
480,481,482
978,979,980
975,976,977
975,976,977
978,979,980
981,982,983
975,976,977
981,982,983
972,973,974
978,979,980
642,643,644
984,985,986
978,979,980
984,985,986
981,982,983
642,643,644
639,640,641
984,985,986
972,973,974
981,982,983
987,988,989
972,973,974
987,988,989
969,970,971
981,982,983
984,985,986
990,991,992
981,982,983
990,991,992
987,988,989
984,985,986
639,640,641
993,994,995
984,985,986
993,994,995
990,991,992
639,640,641
636,637,638
993,994,995
969,970,971
987,988,989
996,997,998
969,970,971
996,997,998
966,967,968
987,988,989
990,991,992
999,1000,1001
987,988,989
999,1000,1001
996,997,998
990,991,992
993,994,995
1002,1003,1004
990,991,992
1002,1003,1004
999,1000,1001
993,994,995
636,637,638
1005,1006,1007
993,994,995
1005,1006,1007
1002,1003,1004
636,637,638
633,634,635
1005,1006,1007
57,58,59
954,955,956
51,52,53
966,967,968
996,997,998
1008,1009,1010
966,967,968
1008,1009,1010
963,964,965
996,997,998
999,1000,1001
1011,1012,1013
996,997,998
1011,1012,1013
1008,1009,1010
999,1000,1001
1002,1003,1004
1014,1015,1016
999,1000,1001
1014,1015,1016
1011,1012,1013
1002,1003,1004
1005,1006,1007
1017,1018,1019
1002,1003,1004
1017,1018,1019
1014,1015,1016
1005,1006,1007
633,634,635
1020,1021,1022
1005,1006,1007
1020,1021,1022
1017,1018,1019
633,634,635
630,631,632
1020,1021,1022
963,964,965
1008,1009,1010
1023,1024,1025
963,964,965
1023,1024,1025
960,961,962
1008,1009,1010
1011,1012,1013
1026,1027,1028
1008,1009,1010
1026,1027,1028
1023,1024,1025
1011,1012,1013
1014,1015,1016
1029,1030,1031
1011,1012,1013
1029,1030,1031
1026,1027,1028
1014,1015,1016
1017,1018,1019
1032,1033,1034
1014,1015,1016
1032,1033,1034
1029,1030,1031
1017,1018,1019
1020,1021,1022
1035,1036,1037
1017,1018,1019
1035,1036,1037
1032,1033,1034
1020,1021,1022
630,631,632
1038,1039,1040
1020,1021,1022
1038,1039,1040
1035,1036,1037
630,631,632
627,628,629
1038,1039,1040
960,961,962
1023,1024,1025
1041,1042,1043
960,961,962
1041,1042,1043
957,958,959
1023,1024,1025
1026,1027,1028
1044,1045,1046
1023,1024,1025
1044,1045,1046
1041,1042,1043
1026,1027,1028
1029,1030,1031
1047,1048,1049
1026,1027,1028
1047,1048,1049
1044,1045,1046
1029,1030,1031
1032,1033,1034
1050,1051,1052
1029,1030,1031
1050,1051,1052
1047,1048,1049
1032,1033,1034
1035,1036,1037
1053,1054,1055
1032,1033,1034
1053,1054,1055
1050,1051,1052
1035,1036,1037
1038,1039,1040
1056,1057,1058
1035,1036,1037
1056,1057,1058
1053,1054,1055
1038,1039,1040
627,628,629
1059,1060,1061
1038,1039,1040
1059,1060,1061
1056,1057,1058
627,628,629
624,625,626
1059,1060,1061
957,958,959
1041,1042,1043
1062,1063,1064
957,958,959
1062,1063,1064
954,955,956
954,955,956
1062,1063,1064
51,52,53
51,52,53
1062,1063,1064
45,46,47
1062,1063,1064
1041,1042,1043
1065,1066,1067
1062,1063,1064
1065,1066,1067
45,46,47
1041,1042,1043
1044,1045,1046
1065,1066,1067
45,46,47
1065,1066,1067
39,40,41
9,10,11
6,7,8
216,217,218
1065,1066,1067
1044,1045,1046
1068,1069,1070
1065,1066,1067
1068,1069,1070
39,40,41
1044,1045,1046
1047,1048,1049
1068,1069,1070
39,40,41
1068,1069,1070
33,34,35
1068,1069,1070
1047,1048,1049
1071,1072,1073
1068,1069,1070
1071,1072,1073
33,34,35
1047,1048,1049
1050,1051,1052
1071,1072,1073
33,34,35
1071,1072,1073
27,28,29
1071,1072,1073
1050,1051,1052
1074,1075,1076
1071,1072,1073
1074,1075,1076
27,28,29
1050,1051,1052
1053,1054,1055
1074,1075,1076
27,28,29
1074,1075,1076
21,22,23
1074,1075,1076
1053,1054,1055
1077,1078,1079
1074,1075,1076
1077,1078,1079
21,22,23
1053,1054,1055
1056,1057,1058
1077,1078,1079
21,22,23
1077,1078,1079
3,4,5
1077,1078,1079
1056,1057,1058
1080,1081,1082
1077,1078,1079
1080,1081,1082
3,4,5
1056,1057,1058
1059,1060,1061
1080,1081,1082
3,4,5
1080,1081,1082
6,7,8
1080,1081,1082
1059,1060,1061
1083,1084,1085
1080,1081,1082
1083,1084,1085
6,7,8
1059,1060,1061
624,625,626
1083,1084,1085
624,625,626
219,220,221
1083,1084,1085
219,220,221
216,217,218
1083,1084,1085
1083,1084,1085
216,217,218
6,7,8
1086,1087,1088
1089,1090,1091
1092,1093,1094
1092,1093,1094
1089,1090,1091
1095,1096,1097
1092,1093,1094
1095,1096,1097
1098,1099,1100
1092,1093,1094
1098,1099,1100
1086,1087,1088
1095,1096,1097
1089,1090,1091
1101,1102,1103
1095,1096,1097
1101,1102,1103
1104,1105,1106
1095,1096,1097
1104,1105,1106
1098,1099,1100
1101,1102,1103
1089,1090,1091
1107,1108,1109
1101,1102,1103
1107,1108,1109
1104,1105,1106
1089,1090,1091
1086,1087,1088
1107,1108,1109
1107,1108,1109
1086,1087,1088
1110,1111,1112
1107,1108,1109
1110,1111,1112
1113,1114,1115
1107,1108,1109
1113,1114,1115
1104,1105,1106
1113,1114,1115
1110,1111,1112
1116,1117,1118
1113,1114,1115
1116,1117,1118
1104,1105,1106
1104,1105,1106
1116,1117,1118
1098,1099,1100
1116,1117,1118
1110,1111,1112
1098,1099,1100
1110,1111,1112
1086,1087,1088
1119,1120,1121
1110,1111,1112
1119,1120,1121
1098,1099,1100
1119,1120,1121
1086,1087,1088
1098,1099,1100
1122,1123,1124
1125,1126,1127
1128,1129,1130
1122,1123,1124
1128,1129,1130
1131,1132,1133
1122,1123,1124
1131,1132,1133
1134,1135,1136
1122,1123,1124
1134,1135,1136
1137,1138,1139
1122,1123,1124
1137,1138,1139
1125,1126,1127
1137,1138,1139
1134,1135,1136
1140,1141,1142
1137,1138,1139
1140,1141,1142
1125,1126,1127
1134,1135,1136
1131,1132,1133
1143,1144,1145
1134,1135,1136
1143,1144,1145
1140,1141,1142
1131,1132,1133
1128,1129,1130
1143,1144,1145
1143,1144,1145
1128,1129,1130
1146,1147,1148
1143,1144,1145
1146,1147,1148
1149,1150,1151
1143,1144,1145
1149,1150,1151
1140,1141,1142
1146,1147,1148
1128,1129,1130
1149,1150,1151
1140,1141,1142
1149,1150,1151
1152,1153,1154
1140,1141,1142
1152,1153,1154
1125,1126,1127
1152,1153,1154
1149,1150,1151
1155,1156,1157
1152,1153,1154
1155,1156,1157
1125,1126,1127
1149,1150,1151
1128,1129,1130
1155,1156,1157
1155,1156,1157
1128,1129,1130
1125,1126,1127
