0,1,2
3,4,5
6,7,8
3,4,5
0,1,2
9,10,11
3,4,5
9,10,11
12,13,14
3,4,5
12,13,14
6,7,8
0,1,2
6,7,8
15,16,17
0,1,2
15,16,17
9,10,11
15,16,17
6,7,8
18,19,20
15,16,17
18,19,20
21,22,23
15,16,17
21,22,23
9,10,11
18,19,20
6,7,8
24,25,26
18,19,20
24,25,26
27,28,29
18,19,20
27,28,29
21,22,23
27,28,29
24,25,26
30,31,32
27,28,29
30,31,32
33,34,35
27,28,29
33,34,35
21,22,23
30,31,32
24,25,26
36,37,38
30,31,32
36,37,38
33,34,35
36,37,38
24,25,26
39,40,41
36,37,38
39,40,41
42,43,44
36,37,38
42,43,44
33,34,35
42,43,44
39,40,41
45,46,47
42,43,44
45,46,47
48,49,50
42,43,44
48,49,50
33,34,35
45,46,47
39,40,41
51,52,53
45,46,47
51,52,53
48,49,50
33,34,35
48,49,50
54,55,56
33,34,35
54,55,56
21,22,23
51,52,53
39,40,41
57,58,59
51,52,53
57,58,59
60,61,62
51,52,53
60,61,62
48,49,50
60,61,62
57,58,59
63,64,65
60,61,62
63,64,65
66,67,68
60,61,62
66,67,68
48,49,50
63,64,65
57,58,59
69,70,71
63,64,65
69,70,71
66,67,68
48,49,50
66,67,68
72,73,74
48,49,50
72,73,74
75,76,77
48,49,50
75,76,77
54,55,56
72,73,74
66,67,68
78,79,80
72,73,74
78,79,80
81,82,83
72,73,74
81,82,83
75,76,77
75,76,77
81,82,83
84,85,86
75,76,77
84,85,86
87,88,89
75,76,77
87,88,89
54,55,56
84,85,86
81,82,83
90,91,92
84,85,86
90,91,92
87,88,89
81,82,83
78,79,80
93,94,95
81,82,83
93,94,95
96,97,98
81,82,83
96,97,98
90,91,92
93,94,95
78,79,80
99,100,101
93,94,95
99,100,101
96,97,98
99,100,101
78,79,80
102,103,104
99,100,101
102,103,104
96,97,98
78,79,80
66,67,68
102,103,104
66,67,68
69,70,71
105,106,107
66,67,68
105,106,107
102,103,104
96,97,98
102,103,104
108,109,110
96,97,98
108,109,110
111,112,113
96,97,98
111,112,113
90,91,92
108,109,110
102,103,104
114,115,116
108,109,110
114,115,116
117,118,119
108,109,110
117,118,119
111,112,113
102,103,104
105,106,107
120,121,122
102,103,104
120,121,122
114,115,116
120,121,122
105,106,107
123,124,125
120,121,122
123,124,125
114,115,116
114,115,116
123,124,125
126,127,128
114,115,116
126,127,128
117,118,119
111,112,113
117,118,119
129,130,131
111,112,113
129,130,131
132,133,134
111,112,113
132,133,134
90,91,92
117,118,119
126,127,128
135,136,137
117,118,119
135,136,137
138,139,140
117,118,119
138,139,140
129,130,131
135,136,137
126,127,128
141,142,143
135,136,137
141,142,143
138,139,140
126,127,128
123,124,125
144,145,146
126,127,128
144,145,146
147,148,149
126,127,128
147,148,149
141,142,143
147,148,149
144,145,146
150,151,152
147,148,149
150,151,152
141,142,143
144,145,146
123,124,125
153,154,155
144,145,146
153,154,155
156,157,158
144,145,146
156,157,158
150,151,152
123,124,125
105,106,107
159,160,161
123,124,125
159,160,161
153,154,155
156,157,158
153,154,155
162,163,164
156,157,158
162,163,164
165,166,167
156,157,158
165,166,167
150,151,152
141,142,143
150,151,152
168,169,170
141,142,143
168,169,170
171,172,173
141,142,143
171,172,173
138,139,140
150,151,152
165,166,167
174,175,176
150,151,152
174,175,176
177,178,179
150,151,152
177,178,179
168,169,170
174,175,176
165,166,167
180,181,182
174,175,176
180,181,182
177,178,179
180,181,182
165,166,167
183,184,185
180,181,182
183,184,185
177,178,179
177,178,179
183,184,185
186,187,188
177,178,179
186,187,188
168,169,170
165,166,167
162,163,164
189,190,191
165,166,167
189,190,191
183,184,185
183,184,185
189,190,191
192,193,194
183,184,185
192,193,194
195,196,197
183,184,185
195,196,197
186,187,188
186,187,188
195,196,197
198,199,200
186,187,188
198,199,200
201,202,203
186,187,188
201,202,203
168,169,170
168,169,170
201,202,203
204,205,206
168,169,170
204,205,206
171,172,173
201,202,203
198,199,200
207,208,209
201,202,203
207,208,209
210,211,212
201,202,203
210,211,212
204,205,206
195,196,197
192,193,194
213,214,215
195,196,197
213,214,215
216,217,218
195,196,197
216,217,218
198,199,200
198,199,200
216,217,218
219,220,221
198,199,200
219,220,221
222,223,224
198,199,200
222,223,224
207,208,209
219,220,221
216,217,218
225,226,227
219,220,221
225,226,227
222,223,224
225,226,227
216,217,218
228,229,230
225,226,227
228,229,230
222,223,224
216,217,218
213,214,215
228,229,230
222,223,224
228,229,230
231,232,233
222,223,224
231,232,233
234,235,236
222,223,224
234,235,236
207,208,209
207,208,209
234,235,236
237,238,239
207,208,209
237,238,239
210,211,212
234,235,236
231,232,233
240,241,242
234,235,236
240,241,242
243,244,245
234,235,236
243,244,245
237,238,239
231,232,233
228,229,230
246,247,248
231,232,233
246,247,248
240,241,242
228,229,230
213,214,215
249,250,251
228,229,230
249,250,251
252,253,254
228,229,230
252,253,254
246,247,248
252,253,254
249,250,251
255,256,257
252,253,254
255,256,257
246,247,248
246,247,248
255,256,257
258,259,260
246,247,248
258,259,260
240,241,242
240,241,242
258,259,260
261,262,263
240,241,242
261,262,263
264,265,266
240,241,242
264,265,266
243,244,245
261,262,263
258,259,260
267,268,269
261,262,263
267,268,269
270,271,272
261,262,263
270,271,272
264,265,266
258,259,260
255,256,257
273,274,275
258,259,260
273,274,275
276,277,278
258,259,260
276,277,278
267,268,269
276,277,278
273,274,275
279,280,281
276,277,278
279,280,281
267,268,269
267,268,269
279,280,281
282,283,284
267,268,269
282,283,284
270,271,272
273,274,275
255,256,257
285,286,287
273,274,275
285,286,287
288,289,290
273,274,275
288,289,290
279,280,281
255,256,257
249,250,251
291,292,293
255,256,257
291,292,293
285,286,287
288,289,290
285,286,287
294,295,296
288,289,290
294,295,296
297,298,299
288,289,290
297,298,299
279,280,281
279,280,281
297,298,299
300,301,302
279,280,281
300,301,302
303,304,305
279,280,281
303,304,305
282,283,284
300,301,302
297,298,299
306,307,308
300,301,302
306,307,308
303,304,305
306,307,308
297,298,299
309,310,311
306,307,308
309,310,311
303,304,305
303,304,305
309,310,311
312,313,314
303,304,305
312,313,314
282,283,284
297,298,299
294,295,296
315,316,317
297,298,299
315,316,317
309,310,311
312,313,314
309,310,311
318,319,320
312,313,314
318,319,320
321,322,323
312,313,314
321,322,323
282,283,284
309,310,311
315,316,317
324,325,326
309,310,311
324,325,326
318,319,320
324,325,326
315,316,317
327,328,329
324,325,326
327,328,329
318,319,320
318,319,320
327,328,329
330,331,332
318,319,320
330,331,332
321,322,323
282,283,284
321,322,323
333,334,335
282,283,284
333,334,335
270,271,272
321,322,323
330,331,332
336,337,338
321,322,323
336,337,338
339,340,341
321,322,323
339,340,341
333,334,335
336,337,338
330,331,332
342,343,344
336,337,338
342,343,344
339,340,341
330,331,332
327,328,329
345,346,347
330,331,332
345,346,347
348,349,350
330,331,332
348,349,350
342,343,344
348,349,350
345,346,347
351,352,353
348,349,350
351,352,353
342,343,344
345,346,347
327,328,329
354,355,356
345,346,347
354,355,356
357,358,359
345,346,347
357,358,359
351,352,353
327,328,329
315,316,317
360,361,362
327,328,329
360,361,362
354,355,356
357,358,359
354,355,356
363,364,365
357,358,359
363,364,365
366,367,368
357,358,359
366,367,368
351,352,353
354,355,356
360,361,362
369,370,371
354,355,356
369,370,371
372,373,374
354,355,356
372,373,374
363,364,365
372,373,374
369,370,371
375,376,377
372,373,374
375,376,377
378,379,380
372,373,374
378,379,380
363,364,365
369,370,371
360,361,362
381,382,383
369,370,371
381,382,383
375,376,377
381,382,383
360,361,362
384,385,386
381,382,383
384,385,386
375,376,377
360,361,362
315,316,317
387,388,389
360,361,362
387,388,389
384,385,386
384,385,386
387,388,389
390,391,392
384,385,386
390,391,392
375,376,377
387,388,389
315,316,317
393,394,395
387,388,389
393,394,395
390,391,392
393,394,395
315,316,317
396,397,398
393,394,395
396,397,398
390,391,392
315,316,317
294,295,296
399,400,401
315,316,317
399,400,401
396,397,398
396,397,398
399,400,401
402,403,404
396,397,398
402,403,404
390,391,392
402,403,404
399,400,401
405,406,407
402,403,404
405,406,407
408,409,410
402,403,404
408,409,410
390,391,392
405,406,407
399,400,401
411,412,413
405,406,407
411,412,413
408,409,410
399,400,401
294,295,296
411,412,413
390,391,392
408,409,410
414,415,416
390,391,392
414,415,416
375,376,377
411,412,413
294,295,296
417,418,419
411,412,413
417,418,419
420,421,422
411,412,413
420,421,422
408,409,410
417,418,419
294,295,296
423,424,425
417,418,419
423,424,425
420,421,422
294,295,296
285,286,287
423,424,425
423,424,425
285,286,287
426,427,428
423,424,425
426,427,428
420,421,422
426,427,428
285,286,287
429,430,431
426,427,428
429,430,431
432,433,434
426,427,428
432,433,434
420,421,422
429,430,431
285,286,287
435,436,437
429,430,431
435,436,437
432,433,434
285,286,287
291,292,293
435,436,437
435,436,437
291,292,293
438,439,440
435,436,437
438,439,440
432,433,434
438,439,440
291,292,293
441,442,443
438,439,440
441,442,443
444,445,446
438,439,440
444,445,446
432,433,434
441,442,443
291,292,293
447,448,449
441,442,443
447,448,449
444,445,446
291,292,293
249,250,251
447,448,449
447,448,449
249,250,251
450,451,452
447,448,449
450,451,452
444,445,446
450,451,452
249,250,251
453,454,455
450,451,452
453,454,455
456,457,458
450,451,452
456,457,458
444,445,446
453,454,455
249,250,251
213,214,215
453,454,455
213,214,215
459,460,461
453,454,455
459,460,461
456,457,458
459,460,461
213,214,215
462,463,464
459,460,461
462,463,464
456,457,458
462,463,464
213,214,215
465,466,467
462,463,464
465,466,467
456,457,458
378,379,380
375,376,377
468,469,470
378,379,380
468,469,470
471,472,473
378,379,380
471,472,473
363,364,365
471,472,473
468,469,470
474,475,476
471,472,473
474,475,476
363,364,365
375,376,377
414,415,416
477,478,479
375,376,377
477,478,479
468,469,470
474,475,476
468,469,470
480,481,482
474,475,476
480,481,482
483,484,485
474,475,476
483,484,485
363,364,365
468,469,470
477,478,479
486,487,488
468,469,470
486,487,488
480,481,482
363,364,365
483,484,485
489,490,491
363,364,365
489,490,491
366,367,368
483,484,485
480,481,482
492,493,494
483,484,485
492,493,494
489,490,491
492,493,494
480,481,482
495,496,497
492,493,494
495,496,497
498,499,500
492,493,494
498,499,500
489,490,491
489,490,491
498,499,500
501,502,503
489,490,491
501,502,503
366,367,368
495,496,497
480,481,482
504,505,506
495,496,497
504,505,506
507,508,509
495,496,497
507,508,509
498,499,500
507,508,509
504,505,506
510,511,512
507,508,509
510,511,512
498,499,500
480,481,482
486,487,488
513,514,515
480,481,482
513,514,515
504,505,506
510,511,512
504,505,506
6,7,8
510,511,512
6,7,8
12,13,14
510,511,512
12,13,14
498,499,500
504,505,506
513,514,515
516,517,518
504,505,506
516,517,518
519,520,521
504,505,506
519,520,521
6,7,8
498,499,500
12,13,14
9,10,11
498,499,500
9,10,11
522,523,524
498,499,500
522,523,524
501,502,503
366,367,368
501,502,503
525,526,527
366,367,368
525,526,527
528,529,530
366,367,368
528,529,530
351,352,353
528,529,530
525,526,527
531,532,533
528,529,530
531,532,533
351,352,353
525,526,527
501,502,503
531,532,533
501,502,503
522,523,524
534,535,536
501,502,503
534,535,536
531,532,533
531,532,533
534,535,536
537,538,539
531,532,533
537,538,539
351,352,353
351,352,353
537,538,539
342,343,344
342,343,344
537,538,539
540,541,542
342,343,344
540,541,542
339,340,341
537,538,539
534,535,536
543,544,545
537,538,539
543,544,545
546,547,548
537,538,539
546,547,548
540,541,542
534,535,536
522,523,524
549,550,551
534,535,536
549,550,551
543,544,545
522,523,524
9,10,11
552,553,554
522,523,524
552,553,554
549,550,551
543,544,545
549,550,551
555,556,557
543,544,545
555,556,557
558,559,560
543,544,545
558,559,560
546,547,548
555,556,557
549,550,551
561,562,563
555,556,557
561,562,563
564,565,566
555,556,557
564,565,566
558,559,560
549,550,551
552,553,554
567,568,569
549,550,551
567,568,569
561,562,563
567,568,569
552,553,554
570,571,572
567,568,569
570,571,572
561,562,563
570,571,572
552,553,554
573,574,575
570,571,572
573,574,575
561,562,563
552,553,554
9,10,11
573,574,575
561,562,563
573,574,575
576,577,578
561,562,563
576,577,578
564,565,566
576,577,578
573,574,575
579,580,581
576,577,578
579,580,581
582,583,584
576,577,578
582,583,584
564,565,566
564,565,566
582,583,584
585,586,587
564,565,566
585,586,587
558,559,560
573,574,575
9,10,11
21,22,23
573,574,575
21,22,23
588,589,590
573,574,575
588,589,590
579,580,581
588,589,590
21,22,23
54,55,56
588,589,590
54,55,56
579,580,581
579,580,581
54,55,56
87,88,89
579,580,581
87,88,89
582,583,584
582,583,584
87,88,89
591,592,593
582,583,584
591,592,593
594,595,596
582,583,584
594,595,596
585,586,587
591,592,593
87,88,89
90,91,92
591,592,593
90,91,92
594,595,596
585,586,587
594,595,596
597,598,599
585,586,587
597,598,599
600,601,602
585,586,587
600,601,602
603,604,605
585,586,587
603,604,605
558,559,560
603,604,605
600,601,602
606,607,608
603,604,605
606,607,608
609,610,611
603,604,605
609,610,611
558,559,560
600,601,602
597,598,599
612,613,614
600,601,602
612,613,614
606,607,608
597,598,599
594,595,596
615,616,617
597,598,599
615,616,617
612,613,614
558,559,560
609,610,611
618,619,620
558,559,560
618,619,620
546,547,548
609,610,611
606,607,608
621,622,623
609,610,611
621,622,623
618,619,620
618,619,620
621,622,623
624,625,626
618,619,620
624,625,626
546,547,548
546,547,548
624,625,626
627,628,629
546,547,548
627,628,629
540,541,542
624,625,626
621,622,623
630,631,632
624,625,626
630,631,632
627,628,629
627,628,629
630,631,632
633,634,635
627,628,629
633,634,635
540,541,542
540,541,542
633,634,635
636,637,638
540,541,542
636,637,638
339,340,341
633,634,635
630,631,632
639,640,641
633,634,635
639,640,641
636,637,638
636,637,638
639,640,641
642,643,644
636,637,638
642,643,644
339,340,341
642,643,644
639,640,641
645,646,647
642,643,644
645,646,647
648,649,650
642,643,644
648,649,650
339,340,341
648,649,650
645,646,647
651,652,653
648,649,650
651,652,653
654,655,656
648,649,650
654,655,656
339,340,341
654,655,656
651,652,653
657,658,659
654,655,656
657,658,659
333,334,335
654,655,656
333,334,335
339,340,341
657,658,659
651,652,653
660,661,662
657,658,659
660,661,662
663,664,665
657,658,659
663,664,665
333,334,335
663,664,665
660,661,662
666,667,668
663,664,665
666,667,668
270,271,272
663,664,665
270,271,272
333,334,335
666,667,668
660,661,662
669,670,671
666,667,668
669,670,671
672,673,674
666,667,668
672,673,674
270,271,272
672,673,674
669,670,671
675,676,677
672,673,674
675,676,677
264,265,266
672,673,674
264,265,266
270,271,272
675,676,677
669,670,671
678,679,680
675,676,677
678,679,680
681,682,683
675,676,677
681,682,683
264,265,266
681,682,683
678,679,680
684,685,686
681,682,683
684,685,686
687,688,689
681,682,683
687,688,689
264,265,266
687,688,689
684,685,686
690,691,692
687,688,689
690,691,692
243,244,245
687,688,689
243,244,245
264,265,266
690,691,692
684,685,686
693,694,695
690,691,692
693,694,695
243,244,245
615,616,617
594,595,596
696,697,698
615,616,617
696,697,698
699,700,701
615,616,617
699,700,701
612,613,614
696,697,698
594,595,596
702,703,704
696,697,698
702,703,704
699,700,701
594,595,596
90,91,92
132,133,134
594,595,596
132,133,134
702,703,704
702,703,704
132,133,134
705,706,707
702,703,704
705,706,707
708,709,710
702,703,704
708,709,710
699,700,701
705,706,707
132,133,134
711,712,713
705,706,707
711,712,713
714,715,716
705,706,707
714,715,716
708,709,710
711,712,713
132,133,134
129,130,131
711,712,713
129,130,131
717,718,719
711,712,713
717,718,719
714,715,716
717,718,719
129,130,131
720,721,722
717,718,719
720,721,722
723,724,725
717,718,719
723,724,725
714,715,716
720,721,722
129,130,131
138,139,140
720,721,722
138,139,140
726,727,728
720,721,722
726,727,728
723,724,725
726,727,728
138,139,140
729,730,731
726,727,728
729,730,731
732,733,734
726,727,728
732,733,734
723,724,725
729,730,731
138,139,140
171,172,173
729,730,731
171,172,173
735,736,737
729,730,731
735,736,737
732,733,734
735,736,737
171,172,173
738,739,740
735,736,737
738,739,740
741,742,743
735,736,737
741,742,743
732,733,734
738,739,740
171,172,173
204,205,206
738,739,740
204,205,206
744,745,746
738,739,740
744,745,746
741,742,743
744,745,746
204,205,206
747,748,749
744,745,746
747,748,749
750,751,752
744,745,746
750,751,752
741,742,743
747,748,749
204,205,206
210,211,212
747,748,749
210,211,212
753,754,755
747,748,749
753,754,755
750,751,752
753,754,755
210,211,212
237,238,239
753,754,755
237,238,239
756,757,758
753,754,755
756,757,758
750,751,752
750,751,752
756,757,758
759,760,761
750,751,752
759,760,761
762,763,764
750,751,752
762,763,764
741,742,743
756,757,758
237,238,239
693,694,695
756,757,758
693,694,695
765,766,767
756,757,758
765,766,767
759,760,761
759,760,761
765,766,767
768,769,770
759,760,761
768,769,770
771,772,773
759,760,761
771,772,773
762,763,764
765,766,767
693,694,695
774,775,776
765,766,767
774,775,776
777,778,779
765,766,767
777,778,779
768,769,770
693,694,695
684,685,686
774,775,776
693,694,695
237,238,239
243,244,245
768,769,770
777,778,779
780,781,782
768,769,770
780,781,782
783,784,785
768,769,770
783,784,785
771,772,773
780,781,782
777,778,779
783,784,785
783,784,785
777,778,779
786,787,788
783,784,785
786,787,788
789,790,791
783,784,785
789,790,791
771,772,773
777,778,779
774,775,776
792,793,794
777,778,779
792,793,794
786,787,788
771,772,773
789,790,791
795,796,797
771,772,773
795,796,797
762,763,764
762,763,764
795,796,797
798,799,800
762,763,764
798,799,800
741,742,743
798,799,800
795,796,797
801,802,803
798,799,800
801,802,803
741,742,743
741,742,743
801,802,803
732,733,734
801,802,803
795,796,797
804,805,806
801,802,803
804,805,806
807,808,809
801,802,803
807,808,809
732,733,734
807,808,809
804,805,806
810,811,812
807,808,809
810,811,812
732,733,734
732,733,734
810,811,812
723,724,725
810,811,812
804,805,806
813,814,815
810,811,812
813,814,815
723,724,725
795,796,797
789,790,791
816,817,818
795,796,797
816,817,818
804,805,806
789,790,791
786,787,788
819,820,821
789,790,791
819,820,821
816,817,818
816,817,818
819,820,821
822,823,824
816,817,818
822,823,824
804,805,806
804,805,806
822,823,824
825,826,827
804,805,806
825,826,827
813,814,815
813,814,815
825,826,827
828,829,830
813,814,815
828,829,830
723,724,725
723,724,725
828,829,830
714,715,716
828,829,830
825,826,827
831,832,833
828,829,830
831,832,833
714,715,716
714,715,716
831,832,833
834,835,836
714,715,716
834,835,836
708,709,710
831,832,833
825,826,827
837,838,839
831,832,833
837,838,839
834,835,836
834,835,836
837,838,839
840,841,842
834,835,836
840,841,842
708,709,710
825,826,827
822,823,824
843,844,845
825,826,827
843,844,845
837,838,839
822,823,824
819,820,821
846,847,848
822,823,824
846,847,848
843,844,845
708,709,710
840,841,842
849,850,851
708,709,710
849,850,851
699,700,701
840,841,842
837,838,839
852,853,854
840,841,842
852,853,854
849,850,851
849,850,851
852,853,854
855,856,857
849,850,851
855,856,857
699,700,701
837,838,839
843,844,845
858,859,860
837,838,839
858,859,860
852,853,854
843,844,845
846,847,848
861,862,863
843,844,845
861,862,863
858,859,860
699,700,701
855,856,857
864,865,866
699,700,701
864,865,866
612,613,614
855,856,857
852,853,854
867,868,869
855,856,857
867,868,869
864,865,866
864,865,866
867,868,869
870,871,872
864,865,866
870,871,872
612,613,614
852,853,854
858,859,860
873,874,875
852,853,854
873,874,875
867,868,869
858,859,860
861,862,863
876,877,878
858,859,860
876,877,878
873,874,875
873,874,875
876,877,878
879,880,881
873,874,875
879,880,881
882,883,884
873,874,875
882,883,884
867,868,869
867,868,869
882,883,884
885,886,887
867,868,869
885,886,887
870,871,872
870,871,872
885,886,887
888,889,890
870,871,872
888,889,890
612,613,614
888,889,890
885,886,887
891,892,893
888,889,890
891,892,893
606,607,608
888,889,890
606,607,608
612,613,614
891,892,893
885,886,887
894,895,896
891,892,893
894,895,896
897,898,899
891,892,893
897,898,899
606,607,608
897,898,899
894,895,896
900,901,902
897,898,899
900,901,902
606,607,608
885,886,887
882,883,884
903,904,905
885,886,887
903,904,905
894,895,896
882,883,884
879,880,881
906,907,908
882,883,884
906,907,908
903,904,905
903,904,905
906,907,908
909,910,911
903,904,905
909,910,911
912,913,914
903,904,905
912,913,914
894,895,896
894,895,896
912,913,914
915,916,917
894,895,896
915,916,917
900,901,902
912,913,914
909,910,911
918,919,920
912,913,914
918,919,920
921,922,923
912,913,914
921,922,923
915,916,917
915,916,917
921,922,923
924,925,926
915,916,917
924,925,926
927,928,929
915,916,917
927,928,929
900,901,902
900,901,902
927,928,929
621,622,623
900,901,902
621,622,623
606,607,608
927,928,929
924,925,926
930,931,932
927,928,929
930,931,932
621,622,623
930,931,932
924,925,926
933,934,935
930,931,932
933,934,935
630,631,632
930,931,932
630,631,632
621,622,623
933,934,935
924,925,926
936,937,938
933,934,935
936,937,938
939,940,941
933,934,935
939,940,941
630,631,632
924,925,926
921,922,923
942,943,944
924,925,926
942,943,944
936,937,938
921,922,923
918,919,920
945,946,947
921,922,923
945,946,947
942,943,944
942,943,944
945,946,947
948,949,950
942,943,944
948,949,950
951,952,953
942,943,944
951,952,953
936,937,938
939,940,941
936,937,938
954,955,956
939,940,941
954,955,956
639,640,641
939,940,941
639,640,641
630,631,632
936,937,938
951,952,953
957,958,959
936,937,938
957,958,959
954,955,956
954,955,956
957,958,959
960,961,962
954,955,956
960,961,962
639,640,641
960,961,962
957,958,959
963,964,965
960,961,962
963,964,965
645,646,647
960,961,962
645,646,647
639,640,641
963,964,965
957,958,959
966,967,968
963,964,965
966,967,968
969,970,971
963,964,965
969,970,971
645,646,647
957,958,959
951,952,953
972,973,974
957,958,959
972,973,974
966,967,968
951,952,953
948,949,950
975,976,977
951,952,953
975,976,977
972,973,974
972,973,974
975,976,977
978,979,980
972,973,974
978,979,980
981,982,983
972,973,974
981,982,983
966,967,968
969,970,971
966,967,968
984,985,986
969,970,971
984,985,986
651,652,653
969,970,971
651,652,653
645,646,647
966,967,968
981,982,983
987,988,989
966,967,968
987,988,989
984,985,986
984,985,986
987,988,989
990,991,992
984,985,986
990,991,992
651,652,653
990,991,992
987,988,989
993,994,995
990,991,992
993,994,995
660,661,662
990,991,992
660,661,662
651,652,653
993,994,995
987,988,989
996,997,998
993,994,995
996,997,998
999,1000,1001
993,994,995
999,1000,1001
660,661,662
987,988,989
981,982,983
1002,1003,1004
987,988,989
1002,1003,1004
996,997,998
981,982,983
978,979,980
1005,1006,1007
981,982,983
1005,1006,1007
1002,1003,1004
1002,1003,1004
1005,1006,1007
1008,1009,1010
1002,1003,1004
1008,1009,1010
1011,1012,1013
1002,1003,1004
1011,1012,1013
996,997,998
999,1000,1001
996,997,998
1014,1015,1016
999,1000,1001
1014,1015,1016
669,670,671
999,1000,1001
669,670,671
660,661,662
996,997,998
1011,1012,1013
1017,1018,1019
996,997,998
1017,1018,1019
1014,1015,1016
1014,1015,1016
1017,1018,1019
1020,1021,1022
1014,1015,1016
1020,1021,1022
669,670,671
1020,1021,1022
1017,1018,1019
1023,1024,1025
1020,1021,1022
1023,1024,1025
678,679,680
1020,1021,1022
678,679,680
669,670,671
1023,1024,1025
1017,1018,1019
1026,1027,1028
1023,1024,1025
1026,1027,1028
1029,1030,1031
1023,1024,1025
1029,1030,1031
678,679,680
1017,1018,1019
1011,1012,1013
1032,1033,1034
1017,1018,1019
1032,1033,1034
1026,1027,1028
1011,1012,1013
1008,1009,1010
1035,1036,1037
1011,1012,1013
1035,1036,1037
1032,1033,1034
1032,1033,1034
1035,1036,1037
1038,1039,1040
1032,1033,1034
1038,1039,1040
1041,1042,1043
1032,1033,1034
1041,1042,1043
1026,1027,1028
1029,1030,1031
1026,1027,1028
1044,1045,1046
1029,1030,1031
1044,1045,1046
684,685,686
1029,1030,1031
684,685,686
678,679,680
1026,1027,1028
1041,1042,1043
1047,1048,1049
1026,1027,1028
1047,1048,1049
1044,1045,1046
1044,1045,1046
1047,1048,1049
1050,1051,1052
1044,1045,1046
1050,1051,1052
684,685,686
1050,1051,1052
1047,1048,1049
1053,1054,1055
1050,1051,1052
1053,1054,1055
774,775,776
1050,1051,1052
774,775,776
684,685,686
1053,1054,1055
1047,1048,1049
1056,1057,1058
1053,1054,1055
1056,1057,1058
792,793,794
1053,1054,1055
792,793,794
774,775,776
1047,1048,1049
1041,1042,1043
1059,1060,1061
1047,1048,1049
1059,1060,1061
1056,1057,1058
1041,1042,1043
1038,1039,1040
1062,1063,1064
1041,1042,1043
1062,1063,1064
1059,1060,1061
1059,1060,1061
1062,1063,1064
1065,1066,1067
1059,1060,1061
1065,1066,1067
1068,1069,1070
1059,1060,1061
1068,1069,1070
1056,1057,1058
1056,1057,1058
1068,1069,1070
1071,1072,1073
1056,1057,1058
1071,1072,1073
1074,1075,1076
1056,1057,1058
1074,1075,1076
792,793,794
1074,1075,1076
1071,1072,1073
1077,1078,1079
1074,1075,1076
1077,1078,1079
786,787,788
1074,1075,1076
786,787,788
792,793,794
1071,1072,1073
1068,1069,1070
1080,1081,1082
1071,1072,1073
1080,1081,1082
1083,1084,1085
1071,1072,1073
1083,1084,1085
1077,1078,1079
1068,1069,1070
1065,1066,1067
1086,1087,1088
1068,1069,1070
1086,1087,1088
1080,1081,1082
1080,1081,1082
1086,1087,1088
1089,1090,1091
1080,1081,1082
1089,1090,1091
1092,1093,1094
1080,1081,1082
1092,1093,1094
1083,1084,1085
1077,1078,1079
1083,1084,1085
1095,1096,1097
1077,1078,1079
1095,1096,1097
819,820,821
1077,1078,1079
819,820,821
786,787,788
1095,1096,1097
1083,1084,1085
1098,1099,1100
1095,1096,1097
1098,1099,1100
819,820,821
1083,1084,1085
1092,1093,1094
1101,1102,1103
1083,1084,1085
1101,1102,1103
1098,1099,1100
1098,1099,1100
1101,1102,1103
1104,1105,1106
1098,1099,1100
1104,1105,1106
846,847,848
1098,1099,1100
846,847,848
819,820,821
1104,1105,1106
1101,1102,1103
1107,1108,1109
1104,1105,1106
1107,1108,1109
846,847,848
1101,1102,1103
1092,1093,1094
1110,1111,1112
1101,1102,1103
1110,1111,1112
1113,1114,1115
1101,1102,1103
1113,1114,1115
1107,1108,1109
1092,1093,1094
1089,1090,1091
1116,1117,1118
1092,1093,1094
1116,1117,1118
1110,1111,1112
1110,1111,1112
1116,1117,1118
1119,1120,1121
1110,1111,1112
1119,1120,1121
1122,1123,1124
1110,1111,1112
1122,1123,1124
1113,1114,1115
1107,1108,1109
1113,1114,1115
1125,1126,1127
1107,1108,1109
1125,1126,1127
861,862,863
1107,1108,1109
861,862,863
846,847,848
1125,1126,1127
1113,1114,1115
1128,1129,1130
1125,1126,1127
1128,1129,1130
861,862,863
1113,1114,1115
1122,1123,1124
1131,1132,1133
1113,1114,1115
1131,1132,1133
1128,1129,1130
1128,1129,1130
1131,1132,1133
1134,1135,1136
1128,1129,1130
1134,1135,1136
876,877,878
1128,1129,1130
876,877,878
861,862,863
1134,1135,1136
1131,1132,1133
1137,1138,1139
1134,1135,1136
1137,1138,1139
876,877,878
1131,1132,1133
1122,1123,1124
1140,1141,1142
1131,1132,1133
1140,1141,1142
1143,1144,1145
1131,1132,1133
1143,1144,1145
1137,1138,1139
1122,1123,1124
1119,1120,1121
1146,1147,1148
1122,1123,1124
1146,1147,1148
1140,1141,1142
1140,1141,1142
1146,1147,1148
1149,1150,1151
1140,1141,1142
1149,1150,1151
1152,1153,1154
1140,1141,1142
1152,1153,1154
1143,1144,1145
1137,1138,1139
1143,1144,1145
1155,1156,1157
1137,1138,1139
1155,1156,1157
879,880,881
1137,1138,1139
879,880,881
876,877,878
1155,1156,1157
1143,1144,1145
1158,1159,1160
1155,1156,1157
1158,1159,1160
879,880,881
1143,1144,1145
1152,1153,1154
1161,1162,1163
1143,1144,1145
1161,1162,1163
1158,1159,1160
1158,1159,1160
1161,1162,1163
1164,1165,1166
1158,1159,1160
1164,1165,1166
906,907,908
1158,1159,1160
906,907,908
879,880,881
1164,1165,1166
1161,1162,1163
1167,1168,1169
1164,1165,1166
1167,1168,1169
906,907,908
1161,1162,1163
1152,1153,1154
1170,1171,1172
1161,1162,1163
1170,1171,1172
1173,1174,1175
1161,1162,1163
1173,1174,1175
1167,1168,1169
1152,1153,1154
1149,1150,1151
1176,1177,1178
1152,1153,1154
1176,1177,1178
1170,1171,1172
1170,1171,1172
1176,1177,1178
1179,1180,1181
1170,1171,1172
1179,1180,1181
1182,1183,1184
1170,1171,1172
1182,1183,1184
1173,1174,1175
1167,1168,1169
1173,1174,1175
1185,1186,1187
1167,1168,1169
1185,1186,1187
909,910,911
1167,1168,1169
909,910,911
906,907,908
1185,1186,1187
1173,1174,1175
1188,1189,1190
1185,1186,1187
1188,1189,1190
909,910,911
1173,1174,1175
1182,1183,1184
1191,1192,1193
1173,1174,1175
1191,1192,1193
1188,1189,1190
1188,1189,1190
1191,1192,1193
1194,1195,1196
1188,1189,1190
1194,1195,1196
918,919,920
1188,1189,1190
918,919,920
909,910,911
1194,1195,1196
1191,1192,1193
1197,1198,1199
1194,1195,1196
1197,1198,1199
918,919,920
1191,1192,1193
1182,1183,1184
1200,1201,1202
1191,1192,1193
1200,1201,1202
1203,1204,1205
1191,1192,1193
1203,1204,1205
1197,1198,1199
1182,1183,1184
1179,1180,1181
1206,1207,1208
1182,1183,1184
1206,1207,1208
1200,1201,1202
1200,1201,1202
1206,1207,1208
1209,1210,1211
1200,1201,1202
1209,1210,1211
1212,1213,1214
1200,1201,1202
1212,1213,1214
1203,1204,1205
1197,1198,1199
1203,1204,1205
1215,1216,1217
1197,1198,1199
1215,1216,1217
945,946,947
1197,1198,1199
945,946,947
918,919,920
1215,1216,1217
1203,1204,1205
1218,1219,1220
1215,1216,1217
1218,1219,1220
945,946,947
1203,1204,1205
1212,1213,1214
1221,1222,1223
1203,1204,1205
1221,1222,1223
1218,1219,1220
1218,1219,1220
1221,1222,1223
1224,1225,1226
1218,1219,1220
1224,1225,1226
948,949,950
1218,1219,1220
948,949,950
945,946,947
1224,1225,1226
1221,1222,1223
1227,1228,1229
1224,1225,1226
1227,1228,1229
948,949,950
1221,1222,1223
1212,1213,1214
1230,1231,1232
1221,1222,1223
1230,1231,1232
1233,1234,1235
1221,1222,1223
1233,1234,1235
1227,1228,1229
1212,1213,1214
1209,1210,1211
1236,1237,1238
1212,1213,1214
1236,1237,1238
1230,1231,1232
1230,1231,1232
1236,1237,1238
1239,1240,1241
1230,1231,1232
1239,1240,1241
1242,1243,1244
1230,1231,1232
1242,1243,1244
1233,1234,1235
1236,1237,1238
1209,1210,1211
1245,1246,1247
1236,1237,1238
1245,1246,1247
1248,1249,1250
1236,1237,1238
1248,1249,1250
1239,1240,1241
1248,1249,1250
1245,1246,1247
1251,1252,1253
1248,1249,1250
1251,1252,1253
1254,1255,1256
1248,1249,1250
1254,1255,1256
1239,1240,1241
1239,1240,1241
1254,1255,1256
1257,1258,1259
1239,1240,1241
1257,1258,1259
1242,1243,1244
1254,1255,1256
1251,1252,1253
1260,1261,1262
1254,1255,1256
1260,1261,1262
1263,1264,1265
1254,1255,1256
1263,1264,1265
1257,1258,1259
1257,1258,1259
1263,1264,1265
1266,1267,1268
1257,1258,1259
1266,1267,1268
1269,1270,1271
1257,1258,1259
1269,1270,1271
1242,1243,1244
1242,1243,1244
1269,1270,1271
1272,1273,1274
1242,1243,1244
1272,1273,1274
1233,1234,1235
1269,1270,1271
1266,1267,1268
1275,1276,1277
1269,1270,1271
1275,1276,1277
1278,1279,1280
1269,1270,1271
1278,1279,1280
1272,1273,1274
1266,1267,1268
1263,1264,1265
1281,1282,1283
1266,1267,1268
1281,1282,1283
1284,1285,1286
1266,1267,1268
1284,1285,1286
1275,1276,1277
1263,1264,1265
1260,1261,1262
1287,1288,1289
1263,1264,1265
1287,1288,1289
1281,1282,1283
1281,1282,1283
1287,1288,1289
1290,1291,1292
1281,1282,1283
1290,1291,1292
1293,1294,1295
1281,1282,1283
1293,1294,1295
1284,1285,1286
1284,1285,1286
1293,1294,1295
1296,1297,1298
1284,1285,1286
1296,1297,1298
1299,1300,1301
1284,1285,1286
1299,1300,1301
1275,1276,1277
1275,1276,1277
1299,1300,1301
1302,1303,1304
1275,1276,1277
1302,1303,1304
1278,1279,1280
1299,1300,1301
1296,1297,1298
1305,1306,1307
1299,1300,1301
1305,1306,1307
1308,1309,1310
1299,1300,1301
1308,1309,1310
1302,1303,1304
1296,1297,1298
1293,1294,1295
1311,1312,1313
1296,1297,1298
1311,1312,1313
1314,1315,1316
1296,1297,1298
1314,1315,1316
1305,1306,1307
1293,1294,1295
1290,1291,1292
1317,1318,1319
1293,1294,1295
1317,1318,1319
1311,1312,1313
1311,1312,1313
1317,1318,1319
1320,1321,1322
1311,1312,1313
1320,1321,1322
1323,1324,1325
1311,1312,1313
1323,1324,1325
1314,1315,1316
1314,1315,1316
1323,1324,1325
1326,1327,1328
1314,1315,1316
1326,1327,1328
1329,1330,1331
1314,1315,1316
1329,1330,1331
1305,1306,1307
1305,1306,1307
1329,1330,1331
1332,1333,1334
1305,1306,1307
1332,1333,1334
1308,1309,1310
1329,1330,1331
1326,1327,1328
1335,1336,1337
1329,1330,1331
1335,1336,1337
1338,1339,1340
1329,1330,1331
1338,1339,1340
1332,1333,1334
1326,1327,1328
1323,1324,1325
1341,1342,1343
1326,1327,1328
1341,1342,1343
1344,1345,1346
1326,1327,1328
1344,1345,1346
1335,1336,1337
1323,1324,1325
1320,1321,1322
1347,1348,1349
1323,1324,1325
1347,1348,1349
1341,1342,1343
1341,1342,1343
1347,1348,1349
1350,1351,1352
1341,1342,1343
1350,1351,1352
1353,1354,1355
1341,1342,1343
1353,1354,1355
1344,1345,1346
1344,1345,1346
1353,1354,1355
1356,1357,1358
1344,1345,1346
1356,1357,1358
1359,1360,1361
1344,1345,1346
1359,1360,1361
1335,1336,1337
1335,1336,1337
1359,1360,1361
1362,1363,1364
1335,1336,1337
1362,1363,1364
1338,1339,1340
1359,1360,1361
1356,1357,1358
1365,1366,1367
1359,1360,1361
1365,1366,1367
1368,1369,1370
1359,1360,1361
1368,1369,1370
1362,1363,1364
1356,1357,1358
1353,1354,1355
1371,1372,1373
1356,1357,1358
1371,1372,1373
1374,1375,1376
1356,1357,1358
1374,1375,1376
1365,1366,1367
1353,1354,1355
1350,1351,1352
1377,1378,1379
1353,1354,1355
1377,1378,1379
1371,1372,1373
1371,1372,1373
1377,1378,1379
1380,1381,1382
1371,1372,1373
1380,1381,1382
1383,1384,1385
1371,1372,1373
1383,1384,1385
1374,1375,1376
1374,1375,1376
1383,1384,1385
1386,1387,1388
1374,1375,1376
1386,1387,1388
1389,1390,1391
1374,1375,1376
1389,1390,1391
1365,1366,1367
1365,1366,1367
1389,1390,1391
1392,1393,1394
1365,1366,1367
1392,1393,1394
1368,1369,1370
1389,1390,1391
1386,1387,1388
1395,1396,1397
1389,1390,1391
1395,1396,1397
1398,1399,1400
1389,1390,1391
1398,1399,1400
1392,1393,1394
1386,1387,1388
1383,1384,1385
1401,1402,1403
1386,1387,1388
1401,1402,1403
1404,1405,1406
1386,1387,1388
1404,1405,1406
1395,1396,1397
1383,1384,1385
1380,1381,1382
1407,1408,1409
1383,1384,1385
1407,1408,1409
1401,1402,1403
1401,1402,1403
1407,1408,1409
1410,1411,1412
1401,1402,1403
1410,1411,1412
1413,1414,1415
1401,1402,1403
1413,1414,1415
1404,1405,1406
1404,1405,1406
1413,1414,1415
1416,1417,1418
1404,1405,1406
1416,1417,1418
1419,1420,1421
1404,1405,1406
1419,1420,1421
1395,1396,1397
1395,1396,1397
1419,1420,1421
1422,1423,1424
1395,1396,1397
1422,1423,1424
1398,1399,1400
1419,1420,1421
1416,1417,1418
1425,1426,1427
1419,1420,1421
1425,1426,1427
1428,1429,1430
1419,1420,1421
1428,1429,1430
1422,1423,1424
1416,1417,1418
1413,1414,1415
1431,1432,1433
1416,1417,1418
1431,1432,1433
1434,1435,1436
1416,1417,1418
1434,1435,1436
1425,1426,1427
1413,1414,1415
1410,1411,1412
1437,1438,1439
1413,1414,1415
1437,1438,1439
1431,1432,1433
1431,1432,1433
1437,1438,1439
1440,1441,1442
1431,1432,1433
1440,1441,1442
1443,1444,1445
1431,1432,1433
1443,1444,1445
1434,1435,1436
1434,1435,1436
1443,1444,1445
1446,1447,1448
1434,1435,1436
1446,1447,1448
1449,1450,1451
1434,1435,1436
1449,1450,1451
1425,1426,1427
1425,1426,1427
1449,1450,1451
1452,1453,1454
1425,1426,1427
1452,1453,1454
1428,1429,1430
1449,1450,1451
1446,1447,1448
1455,1456,1457
1449,1450,1451
1455,1456,1457
1458,1459,1460
1449,1450,1451
1458,1459,1460
1452,1453,1454
1446,1447,1448
1443,1444,1445
1461,1462,1463
1446,1447,1448
1461,1462,1463
1464,1465,1466
1446,1447,1448
1464,1465,1466
1455,1456,1457
1443,1444,1445
1440,1441,1442
1467,1468,1469
1443,1444,1445
1467,1468,1469
1461,1462,1463
1461,1462,1463
1467,1468,1469
1470,1471,1472
1461,1462,1463
1470,1471,1472
1473,1474,1475
1461,1462,1463
1473,1474,1475
1464,1465,1466
1464,1465,1466
1473,1474,1475
1476,1477,1478
1464,1465,1466
1476,1477,1478
1479,1480,1481
1464,1465,1466
1479,1480,1481
1455,1456,1457
1455,1456,1457
1479,1480,1481
1482,1483,1484
1455,1456,1457
1482,1483,1484
1458,1459,1460
1479,1480,1481
1476,1477,1478
1485,1486,1487
1479,1480,1481
1485,1486,1487
1488,1489,1490
1479,1480,1481
1488,1489,1490
1482,1483,1484
1485,1486,1487
1476,1477,1478
1491,1492,1493
1485,1486,1487
1491,1492,1493
1494,1495,1496
1485,1486,1487
1494,1495,1496
1488,1489,1490
1476,1477,1478
1473,1474,1475
1497,1498,1499
1476,1477,1478
1497,1498,1499
1491,1492,1493
1473,1474,1475
1470,1471,1472
1500,1501,1502
1473,1474,1475
1500,1501,1502
1497,1498,1499
1497,1498,1499
1500,1501,1502
1503,1504,1505
1497,1498,1499
1503,1504,1505
1506,1507,1508
1497,1498,1499
1506,1507,1508
1491,1492,1493
1491,1492,1493
1506,1507,1508
1509,1510,1511
1491,1492,1493
1509,1510,1511
1494,1495,1496
1506,1507,1508
1503,1504,1505
1512,1513,1514
1506,1507,1508
1512,1513,1514
1515,1516,1517
1506,1507,1508
1515,1516,1517
1509,1510,1511
1509,1510,1511
1515,1516,1517
1518,1519,1520
1509,1510,1511
1518,1519,1520
1521,1522,1523
1509,1510,1511
1521,1522,1523
1494,1495,1496
1494,1495,1496
1521,1522,1523
1524,1525,1526
1494,1495,1496
1524,1525,1526
1488,1489,1490
1521,1522,1523
1518,1519,1520
1527,1528,1529
1521,1522,1523
1527,1528,1529
1251,1252,1253
1521,1522,1523
1251,1252,1253
1524,1525,1526
1527,1528,1529
1518,1519,1520
1530,1531,1532
1527,1528,1529
1530,1531,1532
1251,1252,1253
1518,1519,1520
1515,1516,1517
1533,1534,1535
1518,1519,1520
1533,1534,1535
1536,1537,1538
1518,1519,1520
1536,1537,1538
1530,1531,1532
1515,1516,1517
1512,1513,1514
1539,1540,1541
1515,1516,1517
1539,1540,1541
1533,1534,1535
1533,1534,1535
1539,1540,1541
1542,1543,1544
1533,1534,1535
1542,1543,1544
1545,1546,1547
1533,1534,1535
1545,1546,1547
1536,1537,1538
1536,1537,1538
1545,1546,1547
1548,1549,1550
1536,1537,1538
1548,1549,1550
1551,1552,1553
1536,1537,1538
1551,1552,1553
1530,1531,1532
1530,1531,1532
1551,1552,1553
1260,1261,1262
1530,1531,1532
1260,1261,1262
1251,1252,1253
1551,1552,1553
1548,1549,1550
1554,1555,1556
1551,1552,1553
1554,1555,1556
1260,1261,1262
1554,1555,1556
1548,1549,1550
1557,1558,1559
1554,1555,1556
1557,1558,1559
1287,1288,1289
1554,1555,1556
1287,1288,1289
1260,1261,1262
1557,1558,1559
1548,1549,1550
1560,1561,1562
1557,1558,1559
1560,1561,1562
1563,1564,1565
1557,1558,1559
1563,1564,1565
1287,1288,1289
1548,1549,1550
1545,1546,1547
1566,1567,1568
1548,1549,1550
1566,1567,1568
1560,1561,1562
1545,1546,1547
1542,1543,1544
1569,1570,1571
1545,1546,1547
1569,1570,1571
1566,1567,1568
1566,1567,1568
1569,1570,1571
1572,1573,1574
1566,1567,1568
1572,1573,1574
1575,1576,1577
1566,1567,1568
1575,1576,1577
1560,1561,1562
1563,1564,1565
1560,1561,1562
1578,1579,1580
1563,1564,1565
1578,1579,1580
1290,1291,1292
1563,1564,1565
1290,1291,1292
1287,1288,1289
1560,1561,1562
1575,1576,1577
1581,1582,1583
1560,1561,1562
1581,1582,1583
1578,1579,1580
1578,1579,1580
1581,1582,1583
1584,1585,1586
1578,1579,1580
1584,1585,1586
1290,1291,1292
1584,1585,1586
1581,1582,1583
1587,1588,1589
1584,1585,1586
1587,1588,1589
1317,1318,1319
1584,1585,1586
1317,1318,1319
1290,1291,1292
1587,1588,1589
1581,1582,1583
1590,1591,1592
1587,1588,1589
1590,1591,1592
1593,1594,1595
1587,1588,1589
1593,1594,1595
1317,1318,1319
1581,1582,1583
1575,1576,1577
1596,1597,1598
1581,1582,1583
1596,1597,1598
1590,1591,1592
1575,1576,1577
1572,1573,1574
1599,1600,1601
1575,1576,1577
1599,1600,1601
1596,1597,1598
1596,1597,1598
1599,1600,1601
1602,1603,1604
1596,1597,1598
1602,1603,1604
1605,1606,1607
1596,1597,1598
1605,1606,1607
1590,1591,1592
1593,1594,1595
1590,1591,1592
1608,1609,1610
1593,1594,1595
1608,1609,1610
1320,1321,1322
1593,1594,1595
1320,1321,1322
1317,1318,1319
1590,1591,1592
1605,1606,1607
1611,1612,1613
1590,1591,1592
1611,1612,1613
1608,1609,1610
1608,1609,1610
1611,1612,1613
1614,1615,1616
1608,1609,1610
1614,1615,1616
1320,1321,1322
1614,1615,1616
1611,1612,1613
1617,1618,1619
1614,1615,1616
1617,1618,1619
1347,1348,1349
1614,1615,1616
1347,1348,1349
1320,1321,1322
1617,1618,1619
1611,1612,1613
1620,1621,1622
1617,1618,1619
1620,1621,1622
1623,1624,1625
1617,1618,1619
1623,1624,1625
1347,1348,1349
1611,1612,1613
1605,1606,1607
1626,1627,1628
1611,1612,1613
1626,1627,1628
1620,1621,1622
1605,1606,1607
1602,1603,1604
1629,1630,1631
1605,1606,1607
1629,1630,1631
1626,1627,1628
1626,1627,1628
1629,1630,1631
1632,1633,1634
1626,1627,1628
1632,1633,1634
1635,1636,1637
1626,1627,1628
1635,1636,1637
1620,1621,1622
1623,1624,1625
1620,1621,1622
1638,1639,1640
1623,1624,1625
1638,1639,1640
1350,1351,1352
1623,1624,1625
1350,1351,1352
1347,1348,1349
1620,1621,1622
1635,1636,1637
1641,1642,1643
1620,1621,1622
1641,1642,1643
1638,1639,1640
1638,1639,1640
1641,1642,1643
1644,1645,1646
1638,1639,1640
1644,1645,1646
1350,1351,1352
1644,1645,1646
1641,1642,1643
1647,1648,1649
1644,1645,1646
1647,1648,1649
1377,1378,1379
1644,1645,1646
1377,1378,1379
1350,1351,1352
1647,1648,1649
1641,1642,1643
1650,1651,1652
1647,1648,1649
1650,1651,1652
1653,1654,1655
1647,1648,1649
1653,1654,1655
1377,1378,1379
1641,1642,1643
1635,1636,1637
1656,1657,1658
1641,1642,1643
1656,1657,1658
1650,1651,1652
1635,1636,1637
1632,1633,1634
1659,1660,1661
1635,1636,1637
1659,1660,1661
1656,1657,1658
1656,1657,1658
1659,1660,1661
1662,1663,1664
1656,1657,1658
1662,1663,1664
1665,1666,1667
1656,1657,1658
1665,1666,1667
1650,1651,1652
1653,1654,1655
1650,1651,1652
1668,1669,1670
1653,1654,1655
1668,1669,1670
1380,1381,1382
1653,1654,1655
1380,1381,1382
1377,1378,1379
1650,1651,1652
1665,1666,1667
1671,1672,1673
1650,1651,1652
1671,1672,1673
1668,1669,1670
1668,1669,1670
1671,1672,1673
1674,1675,1676
1668,1669,1670
1674,1675,1676
1380,1381,1382
1674,1675,1676
1671,1672,1673
1677,1678,1679
1674,1675,1676
1677,1678,1679
1407,1408,1409
1674,1675,1676
1407,1408,1409
1380,1381,1382
1677,1678,1679
1671,1672,1673
1680,1681,1682
1677,1678,1679
1680,1681,1682
1683,1684,1685
1677,1678,1679
1683,1684,1685
1407,1408,1409
1671,1672,1673
1665,1666,1667
1686,1687,1688
1671,1672,1673
1686,1687,1688
1680,1681,1682
1665,1666,1667
1662,1663,1664
1689,1690,1691
1665,1666,1667
1689,1690,1691
1686,1687,1688
1686,1687,1688
1689,1690,1691
1692,1693,1694
1686,1687,1688
1692,1693,1694
1695,1696,1697
1686,1687,1688
1695,1696,1697
1680,1681,1682
1683,1684,1685
1680,1681,1682
1698,1699,1700
1683,1684,1685
1698,1699,1700
1410,1411,1412
1683,1684,1685
1410,1411,1412
1407,1408,1409
1680,1681,1682
1695,1696,1697
1701,1702,1703
1680,1681,1682
1701,1702,1703
1698,1699,1700
1698,1699,1700
1701,1702,1703
1704,1705,1706
1698,1699,1700
1704,1705,1706
1410,1411,1412
1704,1705,1706
1701,1702,1703
1707,1708,1709
1704,1705,1706
1707,1708,1709
1437,1438,1439
1704,1705,1706
1437,1438,1439
1410,1411,1412
1707,1708,1709
1701,1702,1703
1710,1711,1712
1707,1708,1709
1710,1711,1712
1713,1714,1715
1707,1708,1709
1713,1714,1715
1437,1438,1439
1701,1702,1703
1695,1696,1697
1716,1717,1718
1701,1702,1703
1716,1717,1718
1710,1711,1712
1695,1696,1697
1692,1693,1694
1719,1720,1721
1695,1696,1697
1719,1720,1721
1716,1717,1718
1716,1717,1718
1719,1720,1721
1722,1723,1724
1716,1717,1718
1722,1723,1724
1725,1726,1727
1716,1717,1718
1725,1726,1727
1710,1711,1712
1713,1714,1715
1710,1711,1712
1728,1729,1730
1713,1714,1715
1728,1729,1730
1440,1441,1442
1713,1714,1715
1440,1441,1442
1437,1438,1439
1710,1711,1712
1725,1726,1727
1731,1732,1733
1710,1711,1712
1731,1732,1733
1728,1729,1730
1728,1729,1730
1731,1732,1733
1734,1735,1736
1728,1729,1730
1734,1735,1736
1440,1441,1442
1734,1735,1736
1731,1732,1733
1737,1738,1739
1734,1735,1736
1737,1738,1739
1467,1468,1469
1734,1735,1736
1467,1468,1469
1440,1441,1442
1737,1738,1739
1731,1732,1733
1740,1741,1742
1737,1738,1739
1740,1741,1742
1743,1744,1745
1737,1738,1739
1743,1744,1745
1467,1468,1469
1731,1732,1733
1725,1726,1727
1746,1747,1748
1731,1732,1733
1746,1747,1748
1740,1741,1742
1725,1726,1727
1722,1723,1724
1749,1750,1751
1725,1726,1727
1749,1750,1751
1746,1747,1748
1746,1747,1748
1749,1750,1751
1752,1753,1754
1746,1747,1748
1752,1753,1754
1755,1756,1757
1746,1747,1748
1755,1756,1757
1740,1741,1742
1743,1744,1745
1740,1741,1742
1758,1759,1760
1743,1744,1745
1758,1759,1760
1470,1471,1472
1743,1744,1745
1470,1471,1472
1467,1468,1469
1740,1741,1742
1755,1756,1757
1761,1762,1763
1740,1741,1742
1761,1762,1763
1758,1759,1760
1758,1759,1760
1761,1762,1763
1764,1765,1766
1758,1759,1760
1764,1765,1766
1470,1471,1472
1764,1765,1766
1761,1762,1763
1767,1768,1769
1764,1765,1766
1767,1768,1769
1500,1501,1502
1764,1765,1766
1500,1501,1502
1470,1471,1472
1767,1768,1769
1761,1762,1763
1770,1771,1772
1767,1768,1769
1770,1771,1772
1773,1774,1775
1767,1768,1769
1773,1774,1775
1500,1501,1502
1761,1762,1763
1755,1756,1757
1776,1777,1778
1761,1762,1763
1776,1777,1778
1770,1771,1772
1755,1756,1757
1752,1753,1754
1779,1780,1781
1755,1756,1757
1779,1780,1781
1776,1777,1778
1776,1777,1778
1779,1780,1781
1782,1783,1784
1776,1777,1778
1782,1783,1784
1785,1786,1787
1776,1777,1778
1785,1786,1787
1770,1771,1772
1773,1774,1775
1770,1771,1772
1788,1789,1790
1773,1774,1775
1788,1789,1790
1503,1504,1505
1773,1774,1775
1503,1504,1505
1500,1501,1502
1770,1771,1772
1785,1786,1787
1791,1792,1793
1770,1771,1772
1791,1792,1793
1788,1789,1790
1788,1789,1790
1791,1792,1793
1794,1795,1796
1788,1789,1790
1794,1795,1796
1503,1504,1505
1794,1795,1796
1791,1792,1793
1797,1798,1799
1794,1795,1796
1797,1798,1799
1512,1513,1514
1794,1795,1796
1512,1513,1514
1503,1504,1505
1797,1798,1799
1791,1792,1793
1800,1801,1802
1797,1798,1799
1800,1801,1802
1803,1804,1805
1797,1798,1799
1803,1804,1805
1512,1513,1514
1791,1792,1793
1785,1786,1787
1806,1807,1808
1791,1792,1793
1806,1807,1808
1800,1801,1802
1785,1786,1787
1782,1783,1784
1809,1810,1811
1785,1786,1787
1809,1810,1811
1806,1807,1808
1806,1807,1808
1809,1810,1811
1812,1813,1814
1806,1807,1808
1812,1813,1814
1815,1816,1817
1806,1807,1808
1815,1816,1817
1800,1801,1802
1803,1804,1805
1800,1801,1802
1818,1819,1820
1803,1804,1805
1818,1819,1820
1539,1540,1541
1803,1804,1805
1539,1540,1541
1512,1513,1514
1800,1801,1802
1815,1816,1817
1821,1822,1823
1800,1801,1802
1821,1822,1823
1818,1819,1820
1818,1819,1820
1821,1822,1823
1824,1825,1826
1818,1819,1820
1824,1825,1826
1539,1540,1541
1824,1825,1826
1821,1822,1823
1827,1828,1829
1824,1825,1826
1827,1828,1829
1542,1543,1544
1824,1825,1826
1542,1543,1544
1539,1540,1541
1827,1828,1829
1821,1822,1823
1830,1831,1832
1827,1828,1829
1830,1831,1832
1833,1834,1835
1827,1828,1829
1833,1834,1835
1542,1543,1544
1821,1822,1823
1815,1816,1817
1836,1837,1838
1821,1822,1823
1836,1837,1838
1830,1831,1832
1815,1816,1817
1812,1813,1814
1839,1840,1841
1815,1816,1817
1839,1840,1841
1836,1837,1838
1836,1837,1838
1839,1840,1841
1842,1843,1844
1836,1837,1838
1842,1843,1844
1845,1846,1847
1836,1837,1838
1845,1846,1847
1830,1831,1832
1833,1834,1835
1830,1831,1832
1848,1849,1850
1833,1834,1835
1848,1849,1850
1569,1570,1571
1833,1834,1835
1569,1570,1571
1542,1543,1544
1830,1831,1832
1845,1846,1847
1851,1852,1853
1830,1831,1832
1851,1852,1853
1848,1849,1850
1848,1849,1850
1851,1852,1853
1854,1855,1856
1848,1849,1850
1854,1855,1856
1569,1570,1571
1854,1855,1856
1851,1852,1853
1857,1858,1859
1854,1855,1856
1857,1858,1859
1572,1573,1574
1854,1855,1856
1572,1573,1574
1569,1570,1571
1857,1858,1859
1851,1852,1853
1860,1861,1862
1857,1858,1859
1860,1861,1862
1863,1864,1865
1857,1858,1859
1863,1864,1865
1572,1573,1574
1851,1852,1853
1845,1846,1847
1866,1867,1868
1851,1852,1853
1866,1867,1868
1860,1861,1862
1845,1846,1847
1842,1843,1844
1869,1870,1871
1845,1846,1847
1869,1870,1871
1866,1867,1868
1866,1867,1868
1869,1870,1871
1872,1873,1874
1866,1867,1868
1872,1873,1874
1875,1876,1877
1866,1867,1868
1875,1876,1877
1860,1861,1862
1863,1864,1865
1860,1861,1862
1878,1879,1880
1863,1864,1865
1878,1879,1880
1599,1600,1601
1863,1864,1865
1599,1600,1601
1572,1573,1574
1860,1861,1862
1875,1876,1877
1881,1882,1883
1860,1861,1862
1881,1882,1883
1878,1879,1880
1878,1879,1880
1881,1882,1883
1884,1885,1886
1878,1879,1880
1884,1885,1886
1599,1600,1601
1884,1885,1886
1881,1882,1883
1887,1888,1889
1884,1885,1886
1887,1888,1889
1602,1603,1604
1884,1885,1886
1602,1603,1604
1599,1600,1601
1887,1888,1889
1881,1882,1883
1890,1891,1892
1887,1888,1889
1890,1891,1892
1893,1894,1895
1887,1888,1889
1893,1894,1895
1602,1603,1604
1881,1882,1883
1875,1876,1877
1896,1897,1898
1881,1882,1883
1896,1897,1898
1890,1891,1892
1875,1876,1877
1872,1873,1874
1899,1900,1901
1875,1876,1877
1899,1900,1901
1896,1897,1898
1896,1897,1898
1899,1900,1901
1902,1903,1904
1896,1897,1898
1902,1903,1904
1905,1906,1907
1896,1897,1898
1905,1906,1907
1890,1891,1892
1893,1894,1895
1890,1891,1892
1908,1909,1910
1893,1894,1895
1908,1909,1910
1629,1630,1631
1893,1894,1895
1629,1630,1631
1602,1603,1604
1890,1891,1892
1905,1906,1907
1911,1912,1913
1890,1891,1892
1911,1912,1913
1908,1909,1910
1908,1909,1910
1911,1912,1913
1914,1915,1916
1908,1909,1910
1914,1915,1916
1629,1630,1631
1914,1915,1916
1911,1912,1913
1917,1918,1919
1914,1915,1916
1917,1918,1919
1632,1633,1634
1914,1915,1916
1632,1633,1634
1629,1630,1631
1917,1918,1919
1911,1912,1913
1920,1921,1922
1917,1918,1919
1920,1921,1922
1923,1924,1925
1917,1918,1919
1923,1924,1925
1632,1633,1634
1911,1912,1913
1905,1906,1907
1926,1927,1928
1911,1912,1913
1926,1927,1928
1920,1921,1922
1905,1906,1907
1902,1903,1904
1929,1930,1931
1905,1906,1907
1929,1930,1931
1926,1927,1928
1926,1927,1928
1929,1930,1931
1932,1933,1934
1926,1927,1928
1932,1933,1934
1935,1936,1937
1926,1927,1928
1935,1936,1937
1920,1921,1922
1923,1924,1925
1920,1921,1922
1938,1939,1940
1923,1924,1925
1938,1939,1940
1659,1660,1661
1923,1924,1925
1659,1660,1661
1632,1633,1634
1920,1921,1922
1935,1936,1937
1941,1942,1943
1920,1921,1922
1941,1942,1943
1938,1939,1940
1938,1939,1940
1941,1942,1943
1944,1945,1946
1938,1939,1940
1944,1945,1946
1659,1660,1661
1944,1945,1946
1941,1942,1943
1947,1948,1949
1944,1945,1946
1947,1948,1949
1662,1663,1664
1944,1945,1946
1662,1663,1664
1659,1660,1661
1947,1948,1949
1941,1942,1943
1950,1951,1952
1947,1948,1949
1950,1951,1952
1953,1954,1955
1947,1948,1949
1953,1954,1955
1662,1663,1664
1941,1942,1943
1935,1936,1937
1956,1957,1958
1941,1942,1943
1956,1957,1958
1950,1951,1952
1935,1936,1937
1932,1933,1934
1959,1960,1961
1935,1936,1937
1959,1960,1961
1956,1957,1958
1956,1957,1958
1959,1960,1961
1962,1963,1964
1956,1957,1958
1962,1963,1964
1965,1966,1967
1956,1957,1958
1965,1966,1967
1950,1951,1952
1953,1954,1955
1950,1951,1952
1968,1969,1970
1953,1954,1955
1968,1969,1970
1689,1690,1691
1953,1954,1955
1689,1690,1691
1662,1663,1664
1950,1951,1952
1965,1966,1967
1971,1972,1973
1950,1951,1952
1971,1972,1973
1968,1969,1970
1968,1969,1970
1971,1972,1973
1974,1975,1976
1968,1969,1970
1974,1975,1976
1689,1690,1691
1974,1975,1976
1971,1972,1973
1977,1978,1979
1974,1975,1976
1977,1978,1979
1692,1693,1694
1974,1975,1976
1692,1693,1694
1689,1690,1691
1977,1978,1979
1971,1972,1973
1980,1981,1982
1977,1978,1979
1980,1981,1982
1983,1984,1985
1977,1978,1979
1983,1984,1985
1692,1693,1694
1971,1972,1973
1965,1966,1967
1986,1987,1988
1971,1972,1973
1986,1987,1988
1980,1981,1982
1965,1966,1967
1962,1963,1964
1989,1990,1991
1965,1966,1967
1989,1990,1991
1986,1987,1988
1986,1987,1988
1989,1990,1991
1992,1993,1994
1986,1987,1988
1992,1993,1994
1995,1996,1997
1986,1987,1988
1995,1996,1997
1980,1981,1982
1983,1984,1985
1980,1981,1982
1998,1999,2000
1983,1984,1985
1998,1999,2000
1719,1720,1721
1983,1984,1985
1719,1720,1721
1692,1693,1694
1980,1981,1982
1995,1996,1997
2001,2002,2003
1980,1981,1982
2001,2002,2003
1998,1999,2000
1998,1999,2000
2001,2002,2003
2004,2005,2006
1998,1999,2000
2004,2005,2006
1719,1720,1721
2004,2005,2006
2001,2002,2003
2007,2008,2009
2004,2005,2006
2007,2008,2009
1722,1723,1724
2004,2005,2006
1722,1723,1724
1719,1720,1721
2007,2008,2009
2001,2002,2003
2010,2011,2012
2007,2008,2009
2010,2011,2012
2013,2014,2015
2007,2008,2009
2013,2014,2015
1722,1723,1724
2001,2002,2003
1995,1996,1997
2016,2017,2018
2001,2002,2003
2016,2017,2018
2010,2011,2012
1995,1996,1997
1992,1993,1994
2019,2020,2021
1995,1996,1997
2019,2020,2021
2016,2017,2018
2016,2017,2018
2019,2020,2021
2022,2023,2024
2016,2017,2018
2022,2023,2024
2025,2026,2027
2016,2017,2018
2025,2026,2027
2010,2011,2012
2013,2014,2015
2010,2011,2012
2028,2029,2030
2013,2014,2015
2028,2029,2030
1749,1750,1751
2013,2014,2015
1749,1750,1751
1722,1723,1724
2010,2011,2012
2025,2026,2027
2031,2032,2033
2010,2011,2012
2031,2032,2033
2028,2029,2030
2028,2029,2030
2031,2032,2033
2034,2035,2036
2028,2029,2030
2034,2035,2036
1749,1750,1751
2034,2035,2036
2031,2032,2033
2037,2038,2039
2034,2035,2036
2037,2038,2039
1752,1753,1754
2034,2035,2036
1752,1753,1754
1749,1750,1751
2037,2038,2039
2031,2032,2033
2040,2041,2042
2037,2038,2039
2040,2041,2042
2043,2044,2045
2037,2038,2039
2043,2044,2045
1752,1753,1754
2031,2032,2033
2025,2026,2027
2046,2047,2048
2031,2032,2033
2046,2047,2048
2040,2041,2042
2025,2026,2027
2022,2023,2024
2049,2050,2051
2025,2026,2027
2049,2050,2051
2046,2047,2048
2046,2047,2048
2049,2050,2051
2052,2053,2054
2046,2047,2048
2052,2053,2054
2055,2056,2057
2046,2047,2048
2055,2056,2057
2040,2041,2042
2043,2044,2045
2040,2041,2042
2058,2059,2060
2043,2044,2045
2058,2059,2060
1779,1780,1781
2043,2044,2045
1779,1780,1781
1752,1753,1754
2040,2041,2042
2055,2056,2057
2061,2062,2063
2040,2041,2042
2061,2062,2063
2058,2059,2060
2058,2059,2060
2061,2062,2063
2064,2065,2066
2058,2059,2060
2064,2065,2066
1779,1780,1781
2064,2065,2066
2061,2062,2063
2067,2068,2069
2064,2065,2066
2067,2068,2069
1782,1783,1784
2064,2065,2066
1782,1783,1784
1779,1780,1781
2067,2068,2069
2061,2062,2063
2070,2071,2072
2067,2068,2069
2070,2071,2072
2073,2074,2075
2067,2068,2069
2073,2074,2075
1782,1783,1784
2061,2062,2063
2055,2056,2057
2076,2077,2078
2061,2062,2063
2076,2077,2078
2070,2071,2072
2055,2056,2057
2052,2053,2054
2079,2080,2081
2055,2056,2057
2079,2080,2081
2076,2077,2078
2076,2077,2078
2079,2080,2081
2082,2083,2084
2076,2077,2078
2082,2083,2084
2085,2086,2087
2076,2077,2078
2085,2086,2087
2070,2071,2072
2073,2074,2075
2070,2071,2072
2088,2089,2090
2073,2074,2075
2088,2089,2090
1809,1810,1811
2073,2074,2075
1809,1810,1811
1782,1783,1784
2070,2071,2072
2085,2086,2087
2091,2092,2093
2070,2071,2072
2091,2092,2093
2088,2089,2090
2088,2089,2090
2091,2092,2093
2094,2095,2096
2088,2089,2090
2094,2095,2096
1809,1810,1811
2094,2095,2096
2091,2092,2093
2097,2098,2099
2094,2095,2096
2097,2098,2099
1812,1813,1814
2094,2095,2096
1812,1813,1814
1809,1810,1811
2097,2098,2099
2091,2092,2093
2100,2101,2102
2097,2098,2099
2100,2101,2102
2103,2104,2105
2097,2098,2099
2103,2104,2105
1812,1813,1814
2091,2092,2093
2085,2086,2087
2106,2107,2108
2091,2092,2093
2106,2107,2108
2100,2101,2102
2085,2086,2087
2082,2083,2084
2109,2110,2111
2085,2086,2087
2109,2110,2111
2106,2107,2108
2106,2107,2108
2109,2110,2111
2112,2113,2114
2106,2107,2108
2112,2113,2114
2115,2116,2117
2106,2107,2108
2115,2116,2117
2100,2101,2102
2103,2104,2105
2100,2101,2102
2118,2119,2120
2103,2104,2105
2118,2119,2120
1839,1840,1841
2103,2104,2105
1839,1840,1841
1812,1813,1814
2118,2119,2120
2100,2101,2102
2121,2122,2123
2118,2119,2120
2121,2122,2123
1839,1840,1841
2100,2101,2102
2115,2116,2117
2124,2125,2126
2100,2101,2102
2124,2125,2126
2121,2122,2123
2121,2122,2123
2124,2125,2126
2127,2128,2129
2121,2122,2123
2127,2128,2129
1842,1843,1844
2121,2122,2123
1842,1843,1844
1839,1840,1841
2127,2128,2129
2124,2125,2126
2130,2131,2132
2127,2128,2129
2130,2131,2132
2133,2134,2135
2127,2128,2129
2133,2134,2135
1842,1843,1844
2124,2125,2126
2115,2116,2117
2136,2137,2138
2124,2125,2126
2136,2137,2138
2130,2131,2132
2115,2116,2117
2112,2113,2114
2139,2140,2141
2115,2116,2117
2139,2140,2141
2136,2137,2138
2136,2137,2138
2139,2140,2141
2142,2143,2144
2136,2137,2138
2142,2143,2144
2145,2146,2147
2136,2137,2138
2145,2146,2147
2130,2131,2132
2133,2134,2135
2130,2131,2132
2148,2149,2150
2133,2134,2135
2148,2149,2150
1869,1870,1871
2133,2134,2135
1869,1870,1871
1842,1843,1844
2130,2131,2132
2145,2146,2147
2151,2152,2153
2130,2131,2132
2151,2152,2153
2148,2149,2150
2148,2149,2150
2151,2152,2153
2154,2155,2156
2148,2149,2150
2154,2155,2156
1869,1870,1871
2154,2155,2156
2151,2152,2153
2157,2158,2159
2154,2155,2156
2157,2158,2159
1872,1873,1874
2154,2155,2156
1872,1873,1874
1869,1870,1871
2157,2158,2159
2151,2152,2153
2160,2161,2162
2157,2158,2159
2160,2161,2162
2163,2164,2165
2157,2158,2159
2163,2164,2165
1872,1873,1874
2151,2152,2153
2145,2146,2147
2166,2167,2168
2151,2152,2153
2166,2167,2168
2160,2161,2162
2145,2146,2147
2142,2143,2144
2169,2170,2171
2145,2146,2147
2169,2170,2171
2166,2167,2168
2166,2167,2168
2169,2170,2171
2172,2173,2174
2166,2167,2168
2172,2173,2174
2175,2176,2177
2166,2167,2168
2175,2176,2177
2160,2161,2162
2163,2164,2165
2160,2161,2162
2178,2179,2180
2163,2164,2165
2178,2179,2180
1899,1900,1901
2163,2164,2165
1899,1900,1901
1872,1873,1874
2160,2161,2162
2175,2176,2177
2181,2182,2183
2160,2161,2162
2181,2182,2183
2178,2179,2180
2178,2179,2180
2181,2182,2183
2184,2185,2186
2178,2179,2180
2184,2185,2186
1899,1900,1901
2184,2185,2186
2181,2182,2183
2187,2188,2189
2184,2185,2186
2187,2188,2189
1902,1903,1904
2184,2185,2186
1902,1903,1904
1899,1900,1901
2187,2188,2189
2181,2182,2183
2190,2191,2192
2187,2188,2189
2190,2191,2192
2193,2194,2195
2187,2188,2189
2193,2194,2195
1902,1903,1904
2181,2182,2183
2175,2176,2177
2196,2197,2198
2181,2182,2183
2196,2197,2198
2190,2191,2192
2175,2176,2177
2172,2173,2174
2199,2200,2201
2175,2176,2177
2199,2200,2201
2196,2197,2198
2196,2197,2198
2199,2200,2201
2202,2203,2204
2196,2197,2198
2202,2203,2204
2205,2206,2207
2196,2197,2198
2205,2206,2207
2190,2191,2192
2193,2194,2195
2190,2191,2192
2208,2209,2210
2193,2194,2195
2208,2209,2210
1929,1930,1931
2193,2194,2195
1929,1930,1931
1902,1903,1904
2190,2191,2192
2205,2206,2207
2211,2212,2213
2190,2191,2192
2211,2212,2213
2208,2209,2210
2208,2209,2210
2211,2212,2213
2214,2215,2216
2208,2209,2210
2214,2215,2216
1929,1930,1931
2214,2215,2216
2211,2212,2213
2217,2218,2219
2214,2215,2216
2217,2218,2219
1932,1933,1934
2214,2215,2216
1932,1933,1934
1929,1930,1931
2217,2218,2219
2211,2212,2213
2220,2221,2222
2217,2218,2219
2220,2221,2222
2223,2224,2225
2217,2218,2219
2223,2224,2225
1932,1933,1934
2211,2212,2213
2205,2206,2207
2226,2227,2228
2211,2212,2213
2226,2227,2228
2220,2221,2222
2205,2206,2207
2202,2203,2204
2229,2230,2231
2205,2206,2207
2229,2230,2231
2226,2227,2228
2226,2227,2228
2229,2230,2231
2232,2233,2234
2226,2227,2228
2232,2233,2234
2235,2236,2237
2226,2227,2228
2235,2236,2237
2220,2221,2222
2223,2224,2225
2220,2221,2222
2238,2239,2240
2223,2224,2225
2238,2239,2240
1959,1960,1961
2223,2224,2225
1959,1960,1961
1932,1933,1934
2220,2221,2222
2235,2236,2237
2241,2242,2243
2220,2221,2222
2241,2242,2243
2238,2239,2240
2238,2239,2240
2241,2242,2243
2244,2245,2246
2238,2239,2240
2244,2245,2246
1959,1960,1961
2244,2245,2246
2241,2242,2243
2247,2248,2249
2244,2245,2246
2247,2248,2249
1962,1963,1964
2244,2245,2246
1962,1963,1964
1959,1960,1961
2247,2248,2249
2241,2242,2243
2250,2251,2252
2247,2248,2249
2250,2251,2252
2253,2254,2255
2247,2248,2249
2253,2254,2255
1962,1963,1964
2241,2242,2243
2235,2236,2237
2256,2257,2258
2241,2242,2243
2256,2257,2258
2250,2251,2252
2235,2236,2237
2232,2233,2234
2259,2260,2261
2235,2236,2237
2259,2260,2261
2256,2257,2258
2256,2257,2258
2259,2260,2261
2262,2263,2264
2256,2257,2258
2262,2263,2264
2265,2266,2267
2256,2257,2258
2265,2266,2267
2250,2251,2252
2253,2254,2255
2250,2251,2252
2268,2269,2270
2253,2254,2255
2268,2269,2270
1989,1990,1991
2253,2254,2255
1989,1990,1991
1962,1963,1964
2268,2269,2270
2250,2251,2252
2271,2272,2273
2268,2269,2270
2271,2272,2273
1989,1990,1991
2250,2251,2252
2265,2266,2267
2274,2275,2276
2250,2251,2252
2274,2275,2276
2271,2272,2273
2271,2272,2273
2274,2275,2276
2277,2278,2279
2271,2272,2273
2277,2278,2279
1992,1993,1994
2271,2272,2273
1992,1993,1994
1989,1990,1991
2277,2278,2279
2274,2275,2276
2280,2281,2282
2277,2278,2279
2280,2281,2282
2283,2284,2285
2277,2278,2279
2283,2284,2285
1992,1993,1994
2274,2275,2276
2265,2266,2267
2286,2287,2288
2274,2275,2276
2286,2287,2288
2280,2281,2282
2265,2266,2267
2262,2263,2264
2289,2290,2291
2265,2266,2267
2289,2290,2291
2286,2287,2288
2286,2287,2288
2289,2290,2291
2292,2293,2294
2286,2287,2288
2292,2293,2294
2295,2296,2297
2286,2287,2288
2295,2296,2297
2280,2281,2282
2283,2284,2285
2280,2281,2282
2298,2299,2300
2283,2284,2285
2298,2299,2300
2019,2020,2021
2283,2284,2285
2019,2020,2021
1992,1993,1994
2280,2281,2282
2295,2296,2297
2301,2302,2303
2280,2281,2282
2301,2302,2303
2298,2299,2300
2298,2299,2300
2301,2302,2303
2304,2305,2306
2298,2299,2300
2304,2305,2306
2019,2020,2021
2304,2305,2306
2301,2302,2303
2307,2308,2309
2304,2305,2306
2307,2308,2309
2022,2023,2024
2304,2305,2306
2022,2023,2024
2019,2020,2021
2307,2308,2309
2301,2302,2303
2310,2311,2312
2307,2308,2309
2310,2311,2312
2313,2314,2315
2307,2308,2309
2313,2314,2315
2022,2023,2024
2301,2302,2303
2295,2296,2297
2316,2317,2318
2301,2302,2303
2316,2317,2318
2310,2311,2312
2295,2296,2297
2292,2293,2294
2319,2320,2321
2295,2296,2297
2319,2320,2321
2316,2317,2318
2316,2317,2318
2319,2320,2321
2322,2323,2324
2316,2317,2318
2322,2323,2324
2325,2326,2327
2316,2317,2318
2325,2326,2327
2310,2311,2312
2313,2314,2315
2310,2311,2312
2328,2329,2330
2313,2314,2315
2328,2329,2330
2049,2050,2051
2313,2314,2315
2049,2050,2051
2022,2023,2024
2310,2311,2312
2325,2326,2327
2331,2332,2333
2310,2311,2312
2331,2332,2333
2328,2329,2330
2328,2329,2330
2331,2332,2333
2334,2335,2336
2328,2329,2330
2334,2335,2336
2049,2050,2051
2334,2335,2336
2331,2332,2333
2337,2338,2339
2334,2335,2336
2337,2338,2339
2052,2053,2054
2334,2335,2336
2052,2053,2054
2049,2050,2051
2337,2338,2339
2331,2332,2333
2340,2341,2342
2337,2338,2339
2340,2341,2342
2343,2344,2345
2337,2338,2339
2343,2344,2345
2052,2053,2054
2331,2332,2333
2325,2326,2327
2346,2347,2348
2331,2332,2333
2346,2347,2348
2340,2341,2342
2325,2326,2327
2322,2323,2324
2349,2350,2351
2325,2326,2327
2349,2350,2351
2346,2347,2348
2346,2347,2348
2349,2350,2351
2352,2353,2354
2346,2347,2348
2352,2353,2354
2355,2356,2357
2346,2347,2348
2355,2356,2357
2340,2341,2342
2343,2344,2345
2340,2341,2342
2358,2359,2360
2343,2344,2345
2358,2359,2360
2079,2080,2081
2343,2344,2345
2079,2080,2081
2052,2053,2054
2340,2341,2342
2355,2356,2357
2361,2362,2363
2340,2341,2342
2361,2362,2363
2358,2359,2360
2358,2359,2360
2361,2362,2363
2364,2365,2366
2358,2359,2360
2364,2365,2366
2079,2080,2081
2364,2365,2366
2361,2362,2363
2367,2368,2369
2364,2365,2366
2367,2368,2369
2082,2083,2084
2364,2365,2366
2082,2083,2084
2079,2080,2081
2367,2368,2369
2361,2362,2363
2370,2371,2372
2367,2368,2369
2370,2371,2372
2373,2374,2375
2367,2368,2369
2373,2374,2375
2082,2083,2084
2361,2362,2363
2355,2356,2357
2376,2377,2378
2361,2362,2363
2376,2377,2378
2370,2371,2372
2355,2356,2357
2352,2353,2354
2379,2380,2381
2355,2356,2357
2379,2380,2381
2376,2377,2378
2376,2377,2378
2379,2380,2381
2382,2383,2384
2376,2377,2378
2382,2383,2384
2385,2386,2387
2376,2377,2378
2385,2386,2387
2370,2371,2372
2373,2374,2375
2370,2371,2372
2388,2389,2390
2373,2374,2375
2388,2389,2390
2109,2110,2111
2373,2374,2375
2109,2110,2111
2082,2083,2084
2370,2371,2372
2385,2386,2387
2391,2392,2393
2370,2371,2372
2391,2392,2393
2388,2389,2390
2388,2389,2390
2391,2392,2393
2394,2395,2396
2388,2389,2390
2394,2395,2396
2109,2110,2111
2394,2395,2396
2391,2392,2393
2397,2398,2399
2394,2395,2396
2397,2398,2399
2112,2113,2114
2394,2395,2396
2112,2113,2114
2109,2110,2111
2397,2398,2399
2391,2392,2393
2400,2401,2402
2397,2398,2399
2400,2401,2402
2403,2404,2405
2397,2398,2399
2403,2404,2405
2112,2113,2114
2391,2392,2393
2385,2386,2387
2406,2407,2408
2391,2392,2393
2406,2407,2408
2400,2401,2402
2385,2386,2387
2382,2383,2384
2409,2410,2411
2385,2386,2387
2409,2410,2411
2406,2407,2408
2406,2407,2408
2409,2410,2411
2412,2413,2414
2406,2407,2408
2412,2413,2414
2415,2416,2417
2406,2407,2408
2415,2416,2417
2400,2401,2402
2403,2404,2405
2400,2401,2402
2418,2419,2420
2403,2404,2405
2418,2419,2420
2139,2140,2141
2403,2404,2405
2139,2140,2141
2112,2113,2114
2418,2419,2420
2400,2401,2402
2421,2422,2423
2418,2419,2420
2421,2422,2423
2139,2140,2141
2400,2401,2402
2415,2416,2417
2424,2425,2426
2400,2401,2402
2424,2425,2426
2421,2422,2423
2421,2422,2423
2424,2425,2426
2427,2428,2429
2421,2422,2423
2427,2428,2429
2142,2143,2144
2421,2422,2423
2142,2143,2144
2139,2140,2141
2427,2428,2429
2424,2425,2426
2430,2431,2432
2427,2428,2429
2430,2431,2432
2433,2434,2435
2427,2428,2429
2433,2434,2435
2142,2143,2144
2424,2425,2426
2415,2416,2417
2436,2437,2438
2424,2425,2426
2436,2437,2438
2430,2431,2432
2415,2416,2417
2412,2413,2414
2439,2440,2441
2415,2416,2417
2439,2440,2441
2436,2437,2438
2436,2437,2438
2439,2440,2441
2442,2443,2444
2436,2437,2438
2442,2443,2444
2445,2446,2447
2436,2437,2438
2445,2446,2447
2430,2431,2432
2433,2434,2435
2430,2431,2432
2448,2449,2450
2433,2434,2435
2448,2449,2450
2169,2170,2171
2433,2434,2435
2169,2170,2171
2142,2143,2144
2430,2431,2432
2445,2446,2447
2451,2452,2453
2430,2431,2432
2451,2452,2453
2448,2449,2450
2448,2449,2450
2451,2452,2453
2454,2455,2456
2448,2449,2450
2454,2455,2456
2169,2170,2171
2454,2455,2456
2451,2452,2453
2457,2458,2459
2454,2455,2456
2457,2458,2459
2172,2173,2174
2454,2455,2456
2172,2173,2174
2169,2170,2171
2457,2458,2459
2451,2452,2453
2460,2461,2462
2457,2458,2459
2460,2461,2462
2463,2464,2465
2457,2458,2459
2463,2464,2465
2172,2173,2174
2451,2452,2453
2445,2446,2447
2466,2467,2468
2451,2452,2453
2466,2467,2468
2460,2461,2462
2445,2446,2447
2442,2443,2444
2469,2470,2471
2445,2446,2447
2469,2470,2471
2466,2467,2468
2466,2467,2468
2469,2470,2471
2472,2473,2474
2466,2467,2468
2472,2473,2474
2475,2476,2477
2466,2467,2468
2475,2476,2477
2460,2461,2462
2463,2464,2465
2460,2461,2462
2478,2479,2480
2463,2464,2465
2478,2479,2480
2199,2200,2201
2463,2464,2465
2199,2200,2201
2172,2173,2174
2460,2461,2462
2475,2476,2477
2481,2482,2483
2460,2461,2462
2481,2482,2483
2478,2479,2480
2478,2479,2480
2481,2482,2483
2484,2485,2486
2478,2479,2480
2484,2485,2486
2199,2200,2201
2484,2485,2486
2481,2482,2483
2487,2488,2489
2484,2485,2486
2487,2488,2489
2202,2203,2204
2484,2485,2486
2202,2203,2204
2199,2200,2201
2487,2488,2489
2481,2482,2483
2490,2491,2492
2487,2488,2489
2490,2491,2492
2493,2494,2495
2487,2488,2489
2493,2494,2495
2202,2203,2204
2481,2482,2483
2475,2476,2477
2496,2497,2498
2481,2482,2483
2496,2497,2498
2490,2491,2492
2475,2476,2477
2472,2473,2474
2499,2500,2501
2475,2476,2477
2499,2500,2501
2496,2497,2498
2496,2497,2498
2499,2500,2501
2502,2503,2504
2496,2497,2498
2502,2503,2504
2505,2506,2507
2496,2497,2498
2505,2506,2507
2490,2491,2492
2493,2494,2495
2490,2491,2492
2508,2509,2510
2493,2494,2495
2508,2509,2510
2229,2230,2231
2493,2494,2495
2229,2230,2231
2202,2203,2204
2490,2491,2492
2505,2506,2507
2511,2512,2513
2490,2491,2492
2511,2512,2513
2508,2509,2510
2508,2509,2510
2511,2512,2513
2514,2515,2516
2508,2509,2510
2514,2515,2516
2229,2230,2231
2514,2515,2516
2511,2512,2513
2517,2518,2519
2514,2515,2516
2517,2518,2519
2232,2233,2234
2514,2515,2516
2232,2233,2234
2229,2230,2231
2517,2518,2519
2511,2512,2513
2520,2521,2522
2517,2518,2519
2520,2521,2522
2523,2524,2525
2517,2518,2519
2523,2524,2525
2232,2233,2234
2511,2512,2513
2505,2506,2507
2526,2527,2528
2511,2512,2513
2526,2527,2528
2520,2521,2522
2505,2506,2507
2502,2503,2504
2529,2530,2531
2505,2506,2507
2529,2530,2531
2526,2527,2528
2526,2527,2528
2529,2530,2531
2532,2533,2534
2526,2527,2528
2532,2533,2534
2535,2536,2537
2526,2527,2528
2535,2536,2537
2520,2521,2522
2523,2524,2525
2520,2521,2522
2538,2539,2540
2523,2524,2525
2538,2539,2540
2259,2260,2261
2523,2524,2525
2259,2260,2261
2232,2233,2234
2520,2521,2522
2535,2536,2537
2541,2542,2543
2520,2521,2522
2541,2542,2543
2538,2539,2540
2538,2539,2540
2541,2542,2543
2544,2545,2546
2538,2539,2540
2544,2545,2546
2259,2260,2261
2544,2545,2546
2541,2542,2543
2547,2548,2549
2544,2545,2546
2547,2548,2549
2262,2263,2264
2544,2545,2546
2262,2263,2264
2259,2260,2261
2547,2548,2549
2541,2542,2543
2550,2551,2552
2547,2548,2549
2550,2551,2552
2553,2554,2555
2547,2548,2549
2553,2554,2555
2262,2263,2264
2541,2542,2543
2535,2536,2537
2556,2557,2558
2541,2542,2543
2556,2557,2558
2550,2551,2552
2535,2536,2537
2532,2533,2534
2559,2560,2561
2535,2536,2537
2559,2560,2561
2556,2557,2558
2556,2557,2558
2559,2560,2561
2562,2563,2564
2556,2557,2558
2562,2563,2564
2565,2566,2567
2556,2557,2558
2565,2566,2567
2550,2551,2552
2553,2554,2555
2550,2551,2552
2568,2569,2570
2553,2554,2555
2568,2569,2570
2289,2290,2291
2553,2554,2555
2289,2290,2291
2262,2263,2264
2550,2551,2552
2565,2566,2567
2571,2572,2573
2550,2551,2552
2571,2572,2573
2568,2569,2570
2568,2569,2570
2571,2572,2573
2574,2575,2576
2568,2569,2570
2574,2575,2576
2289,2290,2291
2574,2575,2576
2571,2572,2573
2577,2578,2579
2574,2575,2576
2577,2578,2579
2292,2293,2294
2574,2575,2576
2292,2293,2294
2289,2290,2291
2577,2578,2579
2571,2572,2573
2580,2581,2582
2577,2578,2579
2580,2581,2582
2583,2584,2585
2577,2578,2579
2583,2584,2585
2292,2293,2294
2583,2584,2585
2580,2581,2582
2586,2587,2588
2583,2584,2585
2586,2587,2588
2319,2320,2321
2583,2584,2585
2319,2320,2321
2292,2293,2294
2586,2587,2588
2580,2581,2582
2589,2590,2591
2586,2587,2588
2589,2590,2591
2592,2593,2594
2586,2587,2588
2592,2593,2594
2319,2320,2321
2592,2593,2594
2589,2590,2591
2595,2596,2597
2592,2593,2594
2595,2596,2597
2322,2323,2324
2592,2593,2594
2322,2323,2324
2319,2320,2321
2595,2596,2597
2589,2590,2591
2598,2599,2600
2595,2596,2597
2598,2599,2600
2601,2602,2603
2595,2596,2597
2601,2602,2603
2322,2323,2324
2601,2602,2603
2598,2599,2600
2604,2605,2606
2601,2602,2603
2604,2605,2606
2349,2350,2351
2601,2602,2603
2349,2350,2351
2322,2323,2324
2604,2605,2606
2598,2599,2600
2607,2608,2609
2604,2605,2606
2607,2608,2609
2610,2611,2612
2604,2605,2606
2610,2611,2612
2349,2350,2351
2610,2611,2612
2607,2608,2609
2613,2614,2615
2610,2611,2612
2613,2614,2615
2352,2353,2354
2610,2611,2612
2352,2353,2354
2349,2350,2351
2613,2614,2615
2607,2608,2609
2616,2617,2618
2613,2614,2615
2616,2617,2618
2619,2620,2621
2613,2614,2615
2619,2620,2621
2352,2353,2354
2619,2620,2621
2616,2617,2618
2622,2623,2624
2619,2620,2621
2622,2623,2624
2379,2380,2381
2619,2620,2621
2379,2380,2381
2352,2353,2354
2622,2623,2624
2616,2617,2618
2625,2626,2627
2622,2623,2624
2625,2626,2627
2628,2629,2630
2622,2623,2624
2628,2629,2630
2379,2380,2381
2628,2629,2630
2625,2626,2627
2631,2632,2633
2628,2629,2630
2631,2632,2633
2382,2383,2384
2628,2629,2630
2382,2383,2384
2379,2380,2381
2631,2632,2633
2625,2626,2627
2634,2635,2636
2631,2632,2633
2634,2635,2636
2637,2638,2639
2631,2632,2633
2637,2638,2639
2382,2383,2384
2637,2638,2639
2634,2635,2636
2640,2641,2642
2637,2638,2639
2640,2641,2642
2409,2410,2411
2637,2638,2639
2409,2410,2411
2382,2383,2384
2640,2641,2642
2634,2635,2636
2643,2644,2645
2640,2641,2642
2643,2644,2645
2646,2647,2648
2640,2641,2642
2646,2647,2648
2409,2410,2411
2646,2647,2648
2643,2644,2645
2649,2650,2651
2646,2647,2648
2649,2650,2651
2412,2413,2414
2646,2647,2648
2412,2413,2414
2409,2410,2411
2649,2650,2651
2643,2644,2645
2652,2653,2654
2649,2650,2651
2652,2653,2654
2655,2656,2657
2649,2650,2651
2655,2656,2657
2412,2413,2414
2655,2656,2657
2652,2653,2654
2658,2659,2660
2655,2656,2657
2658,2659,2660
2439,2440,2441
2655,2656,2657
2439,2440,2441
2412,2413,2414
2658,2659,2660
2652,2653,2654
2661,2662,2663
2658,2659,2660
2661,2662,2663
2664,2665,2666
2658,2659,2660
2664,2665,2666
2439,2440,2441
2664,2665,2666
2661,2662,2663
2667,2668,2669
2664,2665,2666
2667,2668,2669
2442,2443,2444
2664,2665,2666
2442,2443,2444
2439,2440,2441
2667,2668,2669
2661,2662,2663
2670,2671,2672
2667,2668,2669
2670,2671,2672
2673,2674,2675
2667,2668,2669
2673,2674,2675
2442,2443,2444
2673,2674,2675
2670,2671,2672
2676,2677,2678
2673,2674,2675
2676,2677,2678
2469,2470,2471
2673,2674,2675
2469,2470,2471
2442,2443,2444
2676,2677,2678
2670,2671,2672
516,517,518
2676,2677,2678
516,517,518
2679,2680,2681
2676,2677,2678
2679,2680,2681
2469,2470,2471
2679,2680,2681
516,517,518
2682,2683,2684
2679,2680,2681
2682,2683,2684
2472,2473,2474
2679,2680,2681
2472,2473,2474
2469,2470,2471
2682,2683,2684
516,517,518
513,514,515
2682,2683,2684
513,514,515
2685,2686,2687
2682,2683,2684
2685,2686,2687
2472,2473,2474
2685,2686,2687
513,514,515
2688,2689,2690
2685,2686,2687
2688,2689,2690
2499,2500,2501
2685,2686,2687
2499,2500,2501
2472,2473,2474
2688,2689,2690
513,514,515
486,487,488
2688,2689,2690
486,487,488
2691,2692,2693
2688,2689,2690
2691,2692,2693
2499,2500,2501
2691,2692,2693
486,487,488
2694,2695,2696
2691,2692,2693
2694,2695,2696
2502,2503,2504
2691,2692,2693
2502,2503,2504
2499,2500,2501
2694,2695,2696
486,487,488
477,478,479
2694,2695,2696
477,478,479
2697,2698,2699
2694,2695,2696
2697,2698,2699
2502,2503,2504
2697,2698,2699
477,478,479
2700,2701,2702
2697,2698,2699
2700,2701,2702
2529,2530,2531
2697,2698,2699
2529,2530,2531
2502,2503,2504
2700,2701,2702
477,478,479
414,415,416
2700,2701,2702
414,415,416
2703,2704,2705
2700,2701,2702
2703,2704,2705
2529,2530,2531
2703,2704,2705
414,415,416
2706,2707,2708
2703,2704,2705
2706,2707,2708
2532,2533,2534
2703,2704,2705
2532,2533,2534
2529,2530,2531
2706,2707,2708
414,415,416
408,409,410
2706,2707,2708
408,409,410
2709,2710,2711
2706,2707,2708
2709,2710,2711
2532,2533,2534
2709,2710,2711
408,409,410
2712,2713,2714
2709,2710,2711
2712,2713,2714
2559,2560,2561
2709,2710,2711
2559,2560,2561
2532,2533,2534
2559,2560,2561
2712,2713,2714
2715,2716,2717
2559,2560,2561
2715,2716,2717
2562,2563,2564
2712,2713,2714
408,409,410
420,421,422
2712,2713,2714
420,421,422
2715,2716,2717
2715,2716,2717
420,421,422
2718,2719,2720
2715,2716,2717
2718,2719,2720
2562,2563,2564
2718,2719,2720
420,421,422
432,433,434
2718,2719,2720
432,433,434
2721,2722,2723
2718,2719,2720
2721,2722,2723
2562,2563,2564
2562,2563,2564
2721,2722,2723
2724,2725,2726
2562,2563,2564
2724,2725,2726
2565,2566,2567
2721,2722,2723
432,433,434
2727,2728,2729
2721,2722,2723
2727,2728,2729
2724,2725,2726
2565,2566,2567
2724,2725,2726
2730,2731,2732
2565,2566,2567
2730,2731,2732
2571,2572,2573
2571,2572,2573
2730,2731,2732
2733,2734,2735
2571,2572,2573
2733,2734,2735
2580,2581,2582
2730,2731,2732
2724,2725,2726
2736,2737,2738
2730,2731,2732
2736,2737,2738
2733,2734,2735
2733,2734,2735
2736,2737,2738
2739,2740,2741
2733,2734,2735
2739,2740,2741
2580,2581,2582
2580,2581,2582
2739,2740,2741
2589,2590,2591
2724,2725,2726
2727,2728,2729
2742,2743,2744
2724,2725,2726
2742,2743,2744
2736,2737,2738
2727,2728,2729
432,433,434
444,445,446
2727,2728,2729
444,445,446
2742,2743,2744
2742,2743,2744
444,445,446
2745,2746,2747
2742,2743,2744
2745,2746,2747
2736,2737,2738
2589,2590,2591
2739,2740,2741
2748,2749,2750
2589,2590,2591
2748,2749,2750
2598,2599,2600
2739,2740,2741
2736,2737,2738
2751,2752,2753
2739,2740,2741
2751,2752,2753
2748,2749,2750
2736,2737,2738
2745,2746,2747
2754,2755,2756
2736,2737,2738
2754,2755,2756
2751,2752,2753
2745,2746,2747
444,445,446
456,457,458
2745,2746,2747
456,457,458
2754,2755,2756
2754,2755,2756
456,457,458
2757,2758,2759
2754,2755,2756
2757,2758,2759
2751,2752,2753
2598,2599,2600
2748,2749,2750
2760,2761,2762
2598,2599,2600
2760,2761,2762
2607,2608,2609
2748,2749,2750
2751,2752,2753
2763,2764,2765
2748,2749,2750
2763,2764,2765
2760,2761,2762
2751,2752,2753
2757,2758,2759
2766,2767,2768
2751,2752,2753
2766,2767,2768
2763,2764,2765
2757,2758,2759
456,457,458
2769,2770,2771
2757,2758,2759
2769,2770,2771
2766,2767,2768
2607,2608,2609
2760,2761,2762
2772,2773,2774
2607,2608,2609
2772,2773,2774
2616,2617,2618
2760,2761,2762
2763,2764,2765
2775,2776,2777
2760,2761,2762
2775,2776,2777
2772,2773,2774
2616,2617,2618
2772,2773,2774
2778,2779,2780
2616,2617,2618
2778,2779,2780
2625,2626,2627
2772,2773,2774
2775,2776,2777
2781,2782,2783
2772,2773,2774
2781,2782,2783
2778,2779,2780
2625,2626,2627
2778,2779,2780
2784,2785,2786
2625,2626,2627
2784,2785,2786
2634,2635,2636
2778,2779,2780
2781,2782,2783
2787,2788,2789
2778,2779,2780
2787,2788,2789
2784,2785,2786
2634,2635,2636
2784,2785,2786
2790,2791,2792
2634,2635,2636
2790,2791,2792
2643,2644,2645
2784,2785,2786
2787,2788,2789
2793,2794,2795
2784,2785,2786
2793,2794,2795
2790,2791,2792
2643,2644,2645
2790,2791,2792
2796,2797,2798
2643,2644,2645
2796,2797,2798
2652,2653,2654
2790,2791,2792
2793,2794,2795
2799,2800,2801
2790,2791,2792
2799,2800,2801
2796,2797,2798
2652,2653,2654
2796,2797,2798
2802,2803,2804
2652,2653,2654
2802,2803,2804
2661,2662,2663
2796,2797,2798
2799,2800,2801
57,58,59
2796,2797,2798
57,58,59
2802,2803,2804
2661,2662,2663
2802,2803,2804
2805,2806,2807
2661,2662,2663
2805,2806,2807
2670,2671,2672
2802,2803,2804
57,58,59
39,40,41
2802,2803,2804
39,40,41
2805,2806,2807
2670,2671,2672
2805,2806,2807
519,520,521
2670,2671,2672
519,520,521
516,517,518
2805,2806,2807
39,40,41
24,25,26
2805,2806,2807
24,25,26
519,520,521
2766,2767,2768
2769,2770,2771
2808,2809,2810
2766,2767,2768
2808,2809,2810
2811,2812,2813
2766,2767,2768
2811,2812,2813
2763,2764,2765
2763,2764,2765
2811,2812,2813
2814,2815,2816
2763,2764,2765
2814,2815,2816
2775,2776,2777
2811,2812,2813
2808,2809,2810
2817,2818,2819
2811,2812,2813
2817,2818,2819
2814,2815,2816
2817,2818,2819
2808,2809,2810
192,193,194
2817,2818,2819
192,193,194
2820,2821,2822
2817,2818,2819
2820,2821,2822
2814,2815,2816
2808,2809,2810
2769,2770,2771
2823,2824,2825
2808,2809,2810
2823,2824,2825
192,193,194
2823,2824,2825
2769,2770,2771
465,466,467
2823,2824,2825
465,466,467
192,193,194
2769,2770,2771
456,457,458
465,466,467
2820,2821,2822
192,193,194
189,190,191
2820,2821,2822
189,190,191
2826,2827,2828
2820,2821,2822
2826,2827,2828
2814,2815,2816
2814,2815,2816
2826,2827,2828
2829,2830,2831
2814,2815,2816
2829,2830,2831
2775,2776,2777
2826,2827,2828
189,190,191
2832,2833,2834
2826,2827,2828
2832,2833,2834
2829,2830,2831
2829,2830,2831
2832,2833,2834
2835,2836,2837
2829,2830,2831
2835,2836,2837
2775,2776,2777
2775,2776,2777
2835,2836,2837
2781,2782,2783
2832,2833,2834
189,190,191
2838,2839,2840
2832,2833,2834
2838,2839,2840
2835,2836,2837
2835,2836,2837
2838,2839,2840
2841,2842,2843
2835,2836,2837
2841,2842,2843
2781,2782,2783
2781,2782,2783
2841,2842,2843
2844,2845,2846
2781,2782,2783
2844,2845,2846
2787,2788,2789
2841,2842,2843
2838,2839,2840
2847,2848,2849
2841,2842,2843
2847,2848,2849
2850,2851,2852
2841,2842,2843
2850,2851,2852
2844,2845,2846
2847,2848,2849
2838,2839,2840
162,163,164
2847,2848,2849
162,163,164
2850,2851,2852
2838,2839,2840
189,190,191
162,163,164
2850,2851,2852
162,163,164
153,154,155
2850,2851,2852
153,154,155
2853,2854,2855
2850,2851,2852
2853,2854,2855
2844,2845,2846
2844,2845,2846
2853,2854,2855
2856,2857,2858
2844,2845,2846
2856,2857,2858
2787,2788,2789
2853,2854,2855
153,154,155
2859,2860,2861
2853,2854,2855
2859,2860,2861
2856,2857,2858
2859,2860,2861
153,154,155
2862,2863,2864
2859,2860,2861
2862,2863,2864
2856,2857,2858
2856,2857,2858
2862,2863,2864
2865,2866,2867
2856,2857,2858
2865,2866,2867
2787,2788,2789
2787,2788,2789
2865,2866,2867
2793,2794,2795
2865,2866,2867
2862,2863,2864
2868,2869,2870
2865,2866,2867
2868,2869,2870
2871,2872,2873
2865,2866,2867
2871,2872,2873
2793,2794,2795
2862,2863,2864
153,154,155
159,160,161
2862,2863,2864
159,160,161
2868,2869,2870
2868,2869,2870
159,160,161
2874,2875,2876
2868,2869,2870
2874,2875,2876
2871,2872,2873
2874,2875,2876
159,160,161
2877,2878,2879
2874,2875,2876
2877,2878,2879
2871,2872,2873
2871,2872,2873
2877,2878,2879
2880,2881,2882
2871,2872,2873
2880,2881,2882
2793,2794,2795
2793,2794,2795
2880,2881,2882
2799,2800,2801
2880,2881,2882
2877,2878,2879
2883,2884,2885
2880,2881,2882
2883,2884,2885
2886,2887,2888
2880,2881,2882
2886,2887,2888
2799,2800,2801
2886,2887,2888
2883,2884,2885
69,70,71
2886,2887,2888
69,70,71
2799,2800,2801
2799,2800,2801
69,70,71
57,58,59
2883,2884,2885
2877,2878,2879
105,106,107
2883,2884,2885
105,106,107
69,70,71
2877,2878,2879
159,160,161
105,106,107
1524,1525,1526
1251,1252,1253
1245,1246,1247
1524,1525,1526
1245,1246,1247
2889,2890,2891
1524,1525,1526
2889,2890,2891
2892,2893,2894
1524,1525,1526
2892,2893,2894
1488,1489,1490
2889,2890,2891
1245,1246,1247
1209,1210,1211
2889,2890,2891
1209,1210,1211
2892,2893,2894
2892,2893,2894
1209,1210,1211
1206,1207,1208
2892,2893,2894
1206,1207,1208
2895,2896,2897
2892,2893,2894
2895,2896,2897
1488,1489,1490
2895,2896,2897
1206,1207,1208
2898,2899,2900
2895,2896,2897
2898,2899,2900
1488,1489,1490
1488,1489,1490
2898,2899,2900
1482,1483,1484
2898,2899,2900
1206,1207,1208
1179,1180,1181
2898,2899,2900
1179,1180,1181
2901,2902,2903
2898,2899,2900
2901,2902,2903
1482,1483,1484
2901,2902,2903
1179,1180,1181
2904,2905,2906
2901,2902,2903
2904,2905,2906
1482,1483,1484
1482,1483,1484
2904,2905,2906
1458,1459,1460
2904,2905,2906
1179,1180,1181
1176,1177,1178
2904,2905,2906
1176,1177,1178
2907,2908,2909
2904,2905,2906
2907,2908,2909
1458,1459,1460
2907,2908,2909
1176,1177,1178
2910,2911,2912
2907,2908,2909
2910,2911,2912
1458,1459,1460
1458,1459,1460
2910,2911,2912
1452,1453,1454
2910,2911,2912
1176,1177,1178
1149,1150,1151
2910,2911,2912
1149,1150,1151
2913,2914,2915
2910,2911,2912
2913,2914,2915
1452,1453,1454
2913,2914,2915
1149,1150,1151
2916,2917,2918
2913,2914,2915
2916,2917,2918
1452,1453,1454
1452,1453,1454
2916,2917,2918
1428,1429,1430
1149,1150,1151
1146,1147,1148
2916,2917,2918
2916,2917,2918
1146,1147,1148
2919,2920,2921
2916,2917,2918
2919,2920,2921
1428,1429,1430
2919,2920,2921
1146,1147,1148
2922,2923,2924
2919,2920,2921
2922,2923,2924
1428,1429,1430
1428,1429,1430
2922,2923,2924
1422,1423,1424
1146,1147,1148
1119,1120,1121
2922,2923,2924
2922,2923,2924
1119,1120,1121
2925,2926,2927
2922,2923,2924
2925,2926,2927
1422,1423,1424
2925,2926,2927
1119,1120,1121
2928,2929,2930
2925,2926,2927
2928,2929,2930
1422,1423,1424
1422,1423,1424
2928,2929,2930
1398,1399,1400
1119,1120,1121
1116,1117,1118
2928,2929,2930
2928,2929,2930
1116,1117,1118
2931,2932,2933
2928,2929,2930
2931,2932,2933
1398,1399,1400
2931,2932,2933
1116,1117,1118
2934,2935,2936
2931,2932,2933
2934,2935,2936
1398,1399,1400
1398,1399,1400
2934,2935,2936
1392,1393,1394
1116,1117,1118
1089,1090,1091
2934,2935,2936
2934,2935,2936
1089,1090,1091
2937,2938,2939
2934,2935,2936
2937,2938,2939
1392,1393,1394
2937,2938,2939
1089,1090,1091
2940,2941,2942
2937,2938,2939
2940,2941,2942
1392,1393,1394
1392,1393,1394
2940,2941,2942
1368,1369,1370
1089,1090,1091
1086,1087,1088
2940,2941,2942
2940,2941,2942
1086,1087,1088
2943,2944,2945
2940,2941,2942
2943,2944,2945
1368,1369,1370
2943,2944,2945
1086,1087,1088
2946,2947,2948
2943,2944,2945
2946,2947,2948
1368,1369,1370
1368,1369,1370
2946,2947,2948
1362,1363,1364
1086,1087,1088
1065,1066,1067
2946,2947,2948
2946,2947,2948
1065,1066,1067
2949,2950,2951
2946,2947,2948
2949,2950,2951
1362,1363,1364
2949,2950,2951
1065,1066,1067
2952,2953,2954
2949,2950,2951
2952,2953,2954
1362,1363,1364
1362,1363,1364
2952,2953,2954
1338,1339,1340
1065,1066,1067
1062,1063,1064
2952,2953,2954
2952,2953,2954
1062,1063,1064
2955,2956,2957
2952,2953,2954
2955,2956,2957
1338,1339,1340
2955,2956,2957
1062,1063,1064
2958,2959,2960
2955,2956,2957
2958,2959,2960
1338,1339,1340
1338,1339,1340
2958,2959,2960
1332,1333,1334
1062,1063,1064
1038,1039,1040
2958,2959,2960
948,949,950
1227,1228,1229
975,976,977
519,520,521
24,25,26
6,7,8
465,466,467
213,214,215
192,193,194
2958,2959,2960
1038,1039,1040
2961,2962,2963
2958,2959,2960
2961,2962,2963
1332,1333,1334
2961,2962,2963
1038,1039,1040
2964,2965,2966
2961,2962,2963
2964,2965,2966
1332,1333,1334
1332,1333,1334
2964,2965,2966
1308,1309,1310
1038,1039,1040
1035,1036,1037
2964,2965,2966
2964,2965,2966
1035,1036,1037
2967,2968,2969
2964,2965,2966
2967,2968,2969
1308,1309,1310
2967,2968,2969
1035,1036,1037
2970,2971,2972
2967,2968,2969
2970,2971,2972
1308,1309,1310
1308,1309,1310
2970,2971,2972
1302,1303,1304
1035,1036,1037
1008,1009,1010
2970,2971,2972
2970,2971,2972
1008,1009,1010
2973,2974,2975
2970,2971,2972
2973,2974,2975
1302,1303,1304
2973,2974,2975
1008,1009,1010
2976,2977,2978
2973,2974,2975
2976,2977,2978
1302,1303,1304
1302,1303,1304
2976,2977,2978
1278,1279,1280
1008,1009,1010
1005,1006,1007
2976,2977,2978
2976,2977,2978
1005,1006,1007
2979,2980,2981
2976,2977,2978
2979,2980,2981
1278,1279,1280
2979,2980,2981
1005,1006,1007
2982,2983,2984
2979,2980,2981
2982,2983,2984
1278,1279,1280
1278,1279,1280
2982,2983,2984
1272,1273,1274
1005,1006,1007
978,979,980
2982,2983,2984
2982,2983,2984
978,979,980
2985,2986,2987
2982,2983,2984
2985,2986,2987
1272,1273,1274
2985,2986,2987
978,979,980
2988,2989,2990
2985,2986,2987
2988,2989,2990
1272,1273,1274
1272,1273,1274
2988,2989,2990
1233,1234,1235
978,979,980
975,976,977
2988,2989,2990
2988,2989,2990
975,976,977
2991,2992,2993
2988,2989,2990
2991,2992,2993
1233,1234,1235
1233,1234,1235
2991,2992,2993
1227,1228,1229
2991,2992,2993
975,976,977
1227,1228,1229
