0,1,2
3,4,5
6,7,8
3,4,5
0,1,2
9,10,11
3,4,5
9,10,11
12,13,14
3,4,5
12,13,14
15,16,17
3,4,5
15,16,17
6,7,8
15,16,17
12,13,14
18,19,20
15,16,17
18,19,20
21,22,23
15,16,17
21,22,23
6,7,8
21,22,23
18,19,20
24,25,26
21,22,23
24,25,26
27,28,29
21,22,23
27,28,29
6,7,8
27,28,29
24,25,26
30,31,32
27,28,29
30,31,32
33,34,35
27,28,29
33,34,35
6,7,8
33,34,35
30,31,32
36,37,38
33,34,35
36,37,38
39,40,41
33,34,35
39,40,41
6,7,8
39,40,41
36,37,38
42,43,44
39,40,41
42,43,44
45,46,47
39,40,41
45,46,47
6,7,8
45,46,47
42,43,44
48,49,50
45,46,47
48,49,50
51,52,53
45,46,47
51,52,53
6,7,8
51,52,53
48,49,50
54,55,56
51,52,53
54,55,56
57,58,59
51,52,53
57,58,59
6,7,8
57,58,59
54,55,56
60,61,62
57,58,59
60,61,62
63,64,65
57,58,59
63,64,65
6,7,8
63,64,65
60,61,62
66,67,68
63,64,65
66,67,68
69,70,71
63,64,65
69,70,71
6,7,8
69,70,71
66,67,68
72,73,74
69,70,71
72,73,74
75,76,77
69,70,71
75,76,77
6,7,8
66,67,68
60,61,62
78,79,80
66,67,68
78,79,80
81,82,83
66,67,68
81,82,83
72,73,74
60,61,62
54,55,56
84,85,86
60,61,62
84,85,86
78,79,80
54,55,56
48,49,50
87,88,89
54,55,56
87,88,89
84,85,86
84,85,86
87,88,89
90,91,92
84,85,86
90,91,92
93,94,95
84,85,86
93,94,95
78,79,80
72,73,74
81,82,83
96,97,98
72,73,74
96,97,98
99,100,101
72,73,74
99,100,101
75,76,77
99,100,101
96,97,98
102,103,104
99,100,101
102,103,104
105,106,107
99,100,101
105,106,107
75,76,77
75,76,77
105,106,107
108,109,110
75,76,77
108,109,110
6,7,8
108,109,110
105,106,107
111,112,113
108,109,110
111,112,113
114,115,116
108,109,110
114,115,116
6,7,8
114,115,116
111,112,113
117,118,119
114,115,116
117,118,119
120,121,122
114,115,116
120,121,122
6,7,8
120,121,122
117,118,119
0,1,2
120,121,122
0,1,2
6,7,8
111,112,113
105,106,107
123,124,125
111,112,113
123,124,125
126,127,128
111,112,113
126,127,128
117,118,119
105,106,107
102,103,104
129,130,131
105,106,107
129,130,131
123,124,125
102,103,104
96,97,98
132,133,134
102,103,104
132,133,134
135,136,137
102,103,104
135,136,137
129,130,131
129,130,131
135,136,137
138,139,140
129,130,131
138,139,140
141,142,143
129,130,131
141,142,143
123,124,125
138,139,140
135,136,137
144,145,146
138,139,140
144,145,146
147,148,149
138,139,140
147,148,149
141,142,143
135,136,137
132,133,134
150,151,152
135,136,137
150,151,152
144,145,146
144,145,146
150,151,152
153,154,155
144,145,146
153,154,155
156,157,158
144,145,146
156,157,158
147,148,149
150,151,152
132,133,134
159,160,161
150,151,152
159,160,161
162,163,164
150,151,152
162,163,164
153,154,155
132,133,134
96,97,98
165,166,167
132,133,134
165,166,167
159,160,161
165,166,167
96,97,98
168,169,170
165,166,167
168,169,170
171,172,173
165,166,167
171,172,173
159,160,161
159,160,161
171,172,173
174,175,176
159,160,161
174,175,176
162,163,164
96,97,98
81,82,83
177,178,179
96,97,98
177,178,179
168,169,170
168,169,170
177,178,179
180,181,182
168,169,170
180,181,182
171,172,173
171,172,173
180,181,182
183,184,185
171,172,173
183,184,185
174,175,176
81,82,83
78,79,80
186,187,188
81,82,83
186,187,188
177,178,179
177,178,179
186,187,188
189,190,191
177,178,179
189,190,191
180,181,182
180,181,182
189,190,191
192,193,194
180,181,182
192,193,194
183,184,185
189,190,191
186,187,188
195,196,197
189,190,191
195,196,197
198,199,200
189,190,191
198,199,200
192,193,194
186,187,188
78,79,80
201,202,203
186,187,188
201,202,203
195,196,197
201,202,203
78,79,80
204,205,206
201,202,203
204,205,206
207,208,209
201,202,203
207,208,209
195,196,197
195,196,197
207,208,209
210,211,212
195,196,197
210,211,212
198,199,200
207,208,209
204,205,206
213,214,215
207,208,209
213,214,215
216,217,218
207,208,209
216,217,218
210,211,212
204,205,206
78,79,80
93,94,95
204,205,206
93,94,95
213,214,215
93,94,95
90,91,92
219,220,221
93,94,95
219,220,221
213,214,215
213,214,215
219,220,221
222,223,224
213,214,215
222,223,224
216,217,218
219,220,221
90,91,92
225,226,227
219,220,221
225,226,227
228,229,230
219,220,221
228,229,230
222,223,224
222,223,224
228,229,230
231,232,233
222,223,224
231,232,233
234,235,236
222,223,224
234,235,236
216,217,218
216,217,218
234,235,236
237,238,239
216,217,218
237,238,239
210,211,212
234,235,236
231,232,233
240,241,242
234,235,236
240,241,242
237,238,239
210,211,212
237,238,239
243,244,245
210,211,212
243,244,245
198,199,200
237,238,239
240,241,242
246,247,248
237,238,239
246,247,248
243,244,245
243,244,245
246,247,248
249,250,251
243,244,245
249,250,251
198,199,200
198,199,200
249,250,251
192,193,194
192,193,194
249,250,251
252,253,254
192,193,194
252,253,254
183,184,185
249,250,251
246,247,248
255,256,257
249,250,251
255,256,257
252,253,254
252,253,254
255,256,257
258,259,260
252,253,254
258,259,260
183,184,185
183,184,185
258,259,260
174,175,176
258,259,260
255,256,257
261,262,263
258,259,260
261,262,263
174,175,176
174,175,176
261,262,263
162,163,164
162,163,164
261,262,263
264,265,266
162,163,164
264,265,266
153,154,155
261,262,263
255,256,257
267,268,269
261,262,263
267,268,269
264,265,266
264,265,266
267,268,269
270,271,272
264,265,266
270,271,272
153,154,155
153,154,155
270,271,272
156,157,158
90,91,92
87,88,89
273,274,275
90,91,92
273,274,275
225,226,227
273,274,275
87,88,89
276,277,278
273,274,275
276,277,278
279,280,281
273,274,275
279,280,281
225,226,227
225,226,227
279,280,281
282,283,284
225,226,227
282,283,284
228,229,230
228,229,230
282,283,284
285,286,287
228,229,230
285,286,287
231,232,233
231,232,233
285,286,287
288,289,290
231,232,233
288,289,290
240,241,242
285,286,287
282,283,284
291,292,293
285,286,287
291,292,293
288,289,290
282,283,284
279,280,281
294,295,296
282,283,284
294,295,296
291,292,293
291,292,293
294,295,296
297,298,299
291,292,293
297,298,299
288,289,290
279,280,281
276,277,278
300,301,302
279,280,281
300,301,302
294,295,296
294,295,296
300,301,302
303,304,305
294,295,296
303,304,305
297,298,299
300,301,302
276,277,278
306,307,308
300,301,302
306,307,308
309,310,311
300,301,302
309,310,311
303,304,305
276,277,278
87,88,89
312,313,314
276,277,278
312,313,314
306,307,308
306,307,308
312,313,314
315,316,317
306,307,308
315,316,317
309,310,311
315,316,317
312,313,314
318,319,320
315,316,317
318,319,320
321,322,323
315,316,317
321,322,323
309,310,311
309,310,311
321,322,323
324,325,326
309,310,311
324,325,326
303,304,305
303,304,305
324,325,326
327,328,329
303,304,305
327,328,329
297,298,299
297,298,299
327,328,329
330,331,332
297,298,299
330,331,332
288,289,290
327,328,329
324,325,326
333,334,335
327,328,329
333,334,335
330,331,332
324,325,326
321,322,323
336,337,338
324,325,326
336,337,338
333,334,335
321,322,323
318,319,320
339,340,341
321,322,323
339,340,341
336,337,338
336,337,338
339,340,341
342,343,344
336,337,338
342,343,344
345,346,347
336,337,338
345,346,347
333,334,335
333,334,335
345,346,347
348,349,350
333,334,335
348,349,350
330,331,332
345,346,347
342,343,344
351,352,353
345,346,347
351,352,353
348,349,350
342,343,344
339,340,341
354,355,356
342,343,344
354,355,356
357,358,359
342,343,344
357,358,359
351,352,353
339,340,341
318,319,320
360,361,362
339,340,341
360,361,362
354,355,356
318,319,320
312,313,314
363,364,365
318,319,320
363,364,365
360,361,362
312,313,314
87,88,89
48,49,50
312,313,314
48,49,50
363,364,365
363,364,365
48,49,50
42,43,44
363,364,365
42,43,44
366,367,368
363,364,365
366,367,368
360,361,362
360,361,362
366,367,368
369,370,371
360,361,362
369,370,371
354,355,356
354,355,356
369,370,371
372,373,374
354,355,356
372,373,374
357,358,359
369,370,371
366,367,368
375,376,377
369,370,371
375,376,377
372,373,374
372,373,374
375,376,377
378,379,380
372,373,374
378,379,380
381,382,383
372,373,374
381,382,383
357,358,359
357,358,359
381,382,383
384,385,386
357,358,359
384,385,386
351,352,353
351,352,353
384,385,386
387,388,389
351,352,353
387,388,389
348,349,350
384,385,386
381,382,383
390,391,392
384,385,386
390,391,392
387,388,389
381,382,383
378,379,380
393,394,395
381,382,383
393,394,395
390,391,392
390,391,392
393,394,395
396,397,398
390,391,392
396,397,398
387,388,389
393,394,395
378,379,380
399,400,401
393,394,395
399,400,401
402,403,404
393,394,395
402,403,404
396,397,398
378,379,380
375,376,377
405,406,407
378,379,380
405,406,407
399,400,401
375,376,377
366,367,368
408,409,410
375,376,377
408,409,410
405,406,407
405,406,407
408,409,410
411,412,413
405,406,407
411,412,413
399,400,401
399,400,401
411,412,413
414,415,416
399,400,401
414,415,416
402,403,404
366,367,368
42,43,44
36,37,38
366,367,368
36,37,38
408,409,410
408,409,410
36,37,38
417,418,419
408,409,410
417,418,419
411,412,413
411,412,413
417,418,419
420,421,422
411,412,413
420,421,422
414,415,416
420,421,422
417,418,419
423,424,425
420,421,422
423,424,425
426,427,428
420,421,422
426,427,428
414,415,416
414,415,416
426,427,428
429,430,431
414,415,416
429,430,431
402,403,404
402,403,404
429,430,431
432,433,434
402,403,404
432,433,434
396,397,398
396,397,398
432,433,434
435,436,437
396,397,398
435,436,437
387,388,389
432,433,434
429,430,431
438,439,440
432,433,434
438,439,440
435,436,437
429,430,431
426,427,428
441,442,443
429,430,431
441,442,443
438,439,440
426,427,428
423,424,425
444,445,446
426,427,428
444,445,446
441,442,443
441,442,443
444,445,446
447,448,449
441,442,443
447,448,449
450,451,452
441,442,443
450,451,452
438,439,440
438,439,440
450,451,452
453,454,455
438,439,440
453,454,455
435,436,437
450,451,452
447,448,449
456,457,458
450,451,452
456,457,458
453,454,455
447,448,449
444,445,446
459,460,461
447,448,449
459,460,461
462,463,464
447,448,449
462,463,464
456,457,458
444,445,446
423,424,425
465,466,467
444,445,446
465,466,467
459,460,461
423,424,425
417,418,419
468,469,470
423,424,425
468,469,470
465,466,467
465,466,467
468,469,470
471,472,473
465,466,467
471,472,473
459,460,461
459,460,461
471,472,473
474,475,476
459,460,461
474,475,476
462,463,464
417,418,419
36,37,38
30,31,32
417,418,419
30,31,32
468,469,470
471,472,473
468,469,470
477,478,479
471,472,473
477,478,479
480,481,482
471,472,473
480,481,482
474,475,476
468,469,470
30,31,32
24,25,26
468,469,470
24,25,26
477,478,479
480,481,482
477,478,479
483,484,485
480,481,482
483,484,485
486,487,488
480,481,482
486,487,488
474,475,476
474,475,476
486,487,488
489,490,491
474,475,476
489,490,491
462,463,464
462,463,464
489,490,491
492,493,494
462,463,464
492,493,494
456,457,458
456,457,458
492,493,494
495,496,497
456,457,458
495,496,497
453,454,455
492,493,494
489,490,491
498,499,500
492,493,494
498,499,500
495,496,497
489,490,491
486,487,488
501,502,503
489,490,491
501,502,503
498,499,500
498,499,500
501,502,503
504,505,506
498,499,500
504,505,506
495,496,497
486,487,488
483,484,485
507,508,509
486,487,488
507,508,509
501,502,503
501,502,503
507,508,509
510,511,512
501,502,503
510,511,512
504,505,506
483,484,485
477,478,479
513,514,515
483,484,485
513,514,515
507,508,509
507,508,509
513,514,515
516,517,518
507,508,509
516,517,518
510,511,512
477,478,479
24,25,26
519,520,521
477,478,479
519,520,521
513,514,515
513,514,515
519,520,521
522,523,524
513,514,515
522,523,524
516,517,518
522,523,524
519,520,521
525,526,527
522,523,524
525,526,527
528,529,530
522,523,524
528,529,530
516,517,518
516,517,518
528,529,530
531,532,533
516,517,518
531,532,533
510,511,512
510,511,512
531,532,533
534,535,536
510,511,512
534,535,536
504,505,506
504,505,506
534,535,536
537,538,539
504,505,506
537,538,539
495,496,497
534,535,536
531,532,533
540,541,542
534,535,536
540,541,542
537,538,539
531,532,533
528,529,530
543,544,545
531,532,533
543,544,545
540,541,542
528,529,530
525,526,527
546,547,548
528,529,530
546,547,548
543,544,545
543,544,545
546,547,548
549,550,551
543,544,545
549,550,551
552,553,554
543,544,545
552,553,554
540,541,542
540,541,542
552,553,554
555,556,557
540,541,542
555,556,557
537,538,539
552,553,554
549,550,551
558,559,560
552,553,554
558,559,560
555,556,557
549,550,551
546,547,548
561,562,563
549,550,551
561,562,563
564,565,566
549,550,551
564,565,566
558,559,560
546,547,548
525,526,527
567,568,569
546,547,548
567,568,569
561,562,563
525,526,527
519,520,521
570,571,572
525,526,527
570,571,572
567,568,569
519,520,521
24,25,26
18,19,20
519,520,521
18,19,20
570,571,572
570,571,572
18,19,20
12,13,14
570,571,572
12,13,14
573,574,575
570,571,572
573,574,575
567,568,569
567,568,569
573,574,575
576,577,578
567,568,569
576,577,578
561,562,563
561,562,563
576,577,578
579,580,581
561,562,563
579,580,581
564,565,566
576,577,578
573,574,575
582,583,584
576,577,578
582,583,584
579,580,581
579,580,581
582,583,584
585,586,587
579,580,581
585,586,587
588,589,590
579,580,581
588,589,590
564,565,566
564,565,566
588,589,590
591,592,593
564,565,566
591,592,593
558,559,560
558,559,560
591,592,593
594,595,596
558,559,560
594,595,596
555,556,557
591,592,593
588,589,590
597,598,599
591,592,593
597,598,599
594,595,596
588,589,590
585,586,587
600,601,602
588,589,590
600,601,602
597,598,599
597,598,599
600,601,602
603,604,605
597,598,599
603,604,605
594,595,596
600,601,602
585,586,587
606,607,608
600,601,602
606,607,608
609,610,611
600,601,602
609,610,611
603,604,605
585,586,587
582,583,584
612,613,614
585,586,587
612,613,614
606,607,608
582,583,584
573,574,575
615,616,617
582,583,584
615,616,617
612,613,614
612,613,614
615,616,617
618,619,620
612,613,614
618,619,620
606,607,608
606,607,608
618,619,620
621,622,623
606,607,608
621,622,623
609,610,611
573,574,575
12,13,14
9,10,11
573,574,575
9,10,11
615,616,617
615,616,617
9,10,11
624,625,626
615,616,617
624,625,626
618,619,620
618,619,620
624,625,626
627,628,629
618,619,620
627,628,629
621,622,623
624,625,626
9,10,11
117,118,119
624,625,626
117,118,119
630,631,632
624,625,626
630,631,632
627,628,629
630,631,632
117,118,119
126,127,128
630,631,632
126,127,128
633,634,635
630,631,632
633,634,635
627,628,629
627,628,629
633,634,635
636,637,638
627,628,629
636,637,638
621,622,623
621,622,623
636,637,638
639,640,641
621,622,623
639,640,641
609,610,611
609,610,611
639,640,641
642,643,644
609,610,611
642,643,644
603,604,605
603,604,605
642,643,644
645,646,647
603,604,605
645,646,647
594,595,596
642,643,644
639,640,641
648,649,650
642,643,644
648,649,650
645,646,647
639,640,641
636,637,638
651,652,653
639,640,641
651,652,653
648,649,650
636,637,638
633,634,635
654,655,656
636,637,638
654,655,656
651,652,653
633,634,635
126,127,128
657,658,659
633,634,635
657,658,659
654,655,656
657,658,659
126,127,128
660,661,662
657,658,659
660,661,662
663,664,665
657,658,659
663,664,665
654,655,656
654,655,656
663,664,665
666,667,668
654,655,656
666,667,668
651,652,653
651,652,653
666,667,668
669,670,671
651,652,653
669,670,671
648,649,650
648,649,650
669,670,671
672,673,674
648,649,650
672,673,674
645,646,647
669,670,671
666,667,668
675,676,677
669,670,671
675,676,677
672,673,674
666,667,668
663,664,665
678,679,680
666,667,668
678,679,680
675,676,677
663,664,665
660,661,662
681,682,683
663,664,665
681,682,683
678,679,680
660,661,662
126,127,128
684,685,686
660,661,662
684,685,686
681,682,683
681,682,683
684,685,686
687,688,689
681,682,683
687,688,689
690,691,692
681,682,683
690,691,692
678,679,680
678,679,680
690,691,692
693,694,695
678,679,680
693,694,695
675,676,677
675,676,677
693,694,695
696,697,698
675,676,677
696,697,698
672,673,674
693,694,695
690,691,692
699,700,701
693,694,695
699,700,701
696,697,698
690,691,692
687,688,689
702,703,704
690,691,692
702,703,704
699,700,701
699,700,701
702,703,704
705,706,707
699,700,701
705,706,707
696,697,698
702,703,704
687,688,689
708,709,710
702,703,704
708,709,710
711,712,713
702,703,704
711,712,713
705,706,707
687,688,689
684,685,686
714,715,716
687,688,689
714,715,716
708,709,710
684,685,686
126,127,128
123,124,125
684,685,686
123,124,125
714,715,716
714,715,716
123,124,125
141,142,143
714,715,716
141,142,143
708,709,710
708,709,710
141,142,143
147,148,149
708,709,710
147,148,149
711,712,713
711,712,713
147,148,149
156,157,158
711,712,713
156,157,158
717,718,719
711,712,713
717,718,719
705,706,707
705,706,707
717,718,719
720,721,722
705,706,707
720,721,722
696,697,698
717,718,719
156,157,158
270,271,272
717,718,719
270,271,272
720,721,722
270,271,272
267,268,269
720,721,722
720,721,722
267,268,269
723,724,725
720,721,722
723,724,725
726,727,728
720,721,722
726,727,728
696,697,698
696,697,698
726,727,728
729,730,731
696,697,698
729,730,731
672,673,674
726,727,728
723,724,725
732,733,734
726,727,728
732,733,734
729,730,731
729,730,731
732,733,734
735,736,737
729,730,731
735,736,737
672,673,674
672,673,674
735,736,737
645,646,647
735,736,737
732,733,734
738,739,740
735,736,737
738,739,740
645,646,647
645,646,647
738,739,740
594,595,596
738,739,740
732,733,734
741,742,743
738,739,740
741,742,743
594,595,596
594,595,596
741,742,743
555,556,557
741,742,743
732,733,734
744,745,746
741,742,743
744,745,746
555,556,557
555,556,557
744,745,746
537,538,539
117,118,119
9,10,11
0,1,2
744,745,746
732,733,734
747,748,749
744,745,746
747,748,749
537,538,539
537,538,539
747,748,749
495,496,497
747,748,749
732,733,734
750,751,752
747,748,749
750,751,752
495,496,497
495,496,497
750,751,752
453,454,455
750,751,752
732,733,734
753,754,755
750,751,752
753,754,755
453,454,455
453,454,455
753,754,755
435,436,437
753,754,755
732,733,734
756,757,758
753,754,755
756,757,758
435,436,437
435,436,437
756,757,758
387,388,389
756,757,758
732,733,734
759,760,761
756,757,758
759,760,761
387,388,389
387,388,389
759,760,761
348,349,350
759,760,761
732,733,734
762,763,764
759,760,761
762,763,764
348,349,350
348,349,350
762,763,764
330,331,332
762,763,764
732,733,734
765,766,767
762,763,764
765,766,767
330,331,332
330,331,332
765,766,767
288,289,290
765,766,767
732,733,734
768,769,770
765,766,767
768,769,770
288,289,290
288,289,290
768,769,770
240,241,242
768,769,770
732,733,734
771,772,773
768,769,770
771,772,773
240,241,242
240,241,242
771,772,773
246,247,248
771,772,773
732,733,734
774,775,776
771,772,773
774,775,776
246,247,248
246,247,248
774,775,776
255,256,257
774,775,776
732,733,734
777,778,779
774,775,776
777,778,779
255,256,257
732,733,734
723,724,725
777,778,779
723,724,725
267,268,269
777,778,779
777,778,779
267,268,269
255,256,257
