0,1,2
3,4,5
6,7,8
6,7,8
3,4,5
9,10,11
6,7,8
9,10,11
12,13,14
6,7,8
12,13,14
15,16,17
6,7,8
15,16,17
18,19,20
6,7,8
18,19,20
0,1,2
18,19,20
15,16,17
21,22,23
18,19,20
21,22,23
24,25,26
18,19,20
24,25,26
27,28,29
18,19,20
27,28,29
0,1,2
15,16,17
12,13,14
30,31,32
15,16,17
30,31,32
33,34,35
15,16,17
33,34,35
21,22,23
21,22,23
33,34,35
36,37,38
21,22,23
36,37,38
39,40,41
21,22,23
39,40,41
24,25,26
33,34,35
30,31,32
42,43,44
33,34,35
42,43,44
45,46,47
33,34,35
45,46,47
36,37,38
36,37,38
45,46,47
48,49,50
36,37,38
48,49,50
51,52,53
36,37,38
51,52,53
39,40,41
45,46,47
42,43,44
54,55,56
45,46,47
54,55,56
57,58,59
45,46,47
57,58,59
48,49,50
48,49,50
57,58,59
60,61,62
48,49,50
60,61,62
63,64,65
48,49,50
63,64,65
51,52,53
57,58,59
54,55,56
66,67,68
57,58,59
66,67,68
69,70,71
57,58,59
69,70,71
60,61,62
60,61,62
69,70,71
72,73,74
60,61,62
72,73,74
75,76,77
60,61,62
75,76,77
63,64,65
69,70,71
66,67,68
78,79,80
69,70,71
78,79,80
81,82,83
69,70,71
81,82,83
72,73,74
72,73,74
81,82,83
84,85,86
72,73,74
84,85,86
87,88,89
72,73,74
87,88,89
75,76,77
81,82,83
78,79,80
90,91,92
81,82,83
90,91,92
93,94,95
81,82,83
93,94,95
84,85,86
84,85,86
93,94,95
96,97,98
84,85,86
96,97,98
99,100,101
84,85,86
99,100,101
87,88,89
93,94,95
90,91,92
102,103,104
93,94,95
102,103,104
105,106,107
93,94,95
105,106,107
96,97,98
96,97,98
105,106,107
108,109,110
96,97,98
108,109,110
111,112,113
96,97,98
111,112,113
99,100,101
105,106,107
102,103,104
114,115,116
105,106,107
114,115,116
117,118,119
105,106,107
117,118,119
108,109,110
108,109,110
117,118,119
120,121,122
108,109,110
120,121,122
123,124,125
108,109,110
123,124,125
111,112,113
117,118,119
114,115,116
126,127,128
117,118,119
126,127,128
129,130,131
117,118,119
129,130,131
120,121,122
120,121,122
129,130,131
132,133,134
120,121,122
132,133,134
135,136,137
120,121,122
135,136,137
123,124,125
129,130,131
126,127,128
138,139,140
129,130,131
138,139,140
141,142,143
129,130,131
141,142,143
132,133,134
132,133,134
141,142,143
144,145,146
132,133,134
144,145,146
147,148,149
132,133,134
147,148,149
135,136,137
141,142,143
138,139,140
150,151,152
141,142,143
150,151,152
153,154,155
141,142,143
153,154,155
144,145,146
144,145,146
153,154,155
156,157,158
144,145,146
156,157,158
159,160,161
144,145,146
159,160,161
147,148,149
153,154,155
150,151,152
162,163,164
153,154,155
162,163,164
165,166,167
153,154,155
165,166,167
156,157,158
156,157,158
165,166,167
168,169,170
156,157,158
168,169,170
171,172,173
156,157,158
171,172,173
159,160,161
165,166,167
162,163,164
174,175,176
165,166,167
174,175,176
177,178,179
165,166,167
177,178,179
168,169,170
168,169,170
177,178,179
180,181,182
168,169,170
180,181,182
183,184,185
168,169,170
183,184,185
171,172,173
177,178,179
174,175,176
186,187,188
177,178,179
186,187,188
189,190,191
177,178,179
189,190,191
180,181,182
180,181,182
189,190,191
192,193,194
180,181,182
192,193,194
195,196,197
180,181,182
195,196,197
183,184,185
189,190,191
186,187,188
198,199,200
189,190,191
198,199,200
201,202,203
189,190,191
201,202,203
192,193,194
192,193,194
201,202,203
204,205,206
192,193,194
204,205,206
207,208,209
192,193,194
207,208,209
195,196,197
201,202,203
198,199,200
210,211,212
201,202,203
210,211,212
213,214,215
201,202,203
213,214,215
204,205,206
204,205,206
213,214,215
216,217,218
204,205,206
216,217,218
219,220,221
204,205,206
219,220,221
207,208,209
213,214,215
210,211,212
222,223,224
213,214,215
222,223,224
225,226,227
213,214,215
225,226,227
216,217,218
216,217,218
225,226,227
228,229,230
216,217,218
228,229,230
231,232,233
216,217,218
231,232,233
219,220,221
225,226,227
222,223,224
234,235,236
225,226,227
234,235,236
237,238,239
225,226,227
237,238,239
228,229,230
228,229,230
237,238,239
240,241,242
228,229,230
240,241,242
243,244,245
228,229,230
243,244,245
231,232,233
237,238,239
234,235,236
246,247,248
237,238,239
246,247,248
249,250,251
237,238,239
249,250,251
240,241,242
240,241,242
249,250,251
252,253,254
240,241,242
252,253,254
255,256,257
240,241,242
255,256,257
243,244,245
249,250,251
246,247,248
258,259,260
249,250,251
258,259,260
261,262,263
249,250,251
261,262,263
252,253,254
252,253,254
261,262,263
264,265,266
252,253,254
264,265,266
267,268,269
252,253,254
267,268,269
255,256,257
261,262,263
258,259,260
270,271,272
261,262,263
270,271,272
273,274,275
261,262,263
273,274,275
264,265,266
264,265,266
273,274,275
276,277,278
264,265,266
276,277,278
279,280,281
264,265,266
279,280,281
267,268,269
273,274,275
270,271,272
282,283,284
273,274,275
282,283,284
285,286,287
273,274,275
285,286,287
276,277,278
276,277,278
285,286,287
288,289,290
276,277,278
288,289,290
291,292,293
276,277,278
291,292,293
279,280,281
285,286,287
282,283,284
294,295,296
285,286,287
294,295,296
297,298,299
285,286,287
297,298,299
288,289,290
288,289,290
297,298,299
300,301,302
288,289,290
300,301,302
303,304,305
288,289,290
303,304,305
291,292,293
297,298,299
294,295,296
306,307,308
297,298,299
306,307,308
309,310,311
297,298,299
309,310,311
300,301,302
300,301,302
309,310,311
312,313,314
300,301,302
312,313,314
315,316,317
300,301,302
315,316,317
303,304,305
309,310,311
306,307,308
318,319,320
309,310,311
318,319,320
321,322,323
309,310,311
321,322,323
312,313,314
312,313,314
321,322,323
324,325,326
312,313,314
324,325,326
327,328,329
312,313,314
327,328,329
315,316,317
321,322,323
318,319,320
330,331,332
321,322,323
330,331,332
333,334,335
321,322,323
333,334,335
324,325,326
324,325,326
333,334,335
336,337,338
324,325,326
336,337,338
339,340,341
324,325,326
339,340,341
327,328,329
333,334,335
330,331,332
342,343,344
333,334,335
342,343,344
345,346,347
333,334,335
345,346,347
336,337,338
336,337,338
345,346,347
348,349,350
336,337,338
348,349,350
351,352,353
336,337,338
351,352,353
339,340,341
345,346,347
342,343,344
354,355,356
345,346,347
354,355,356
357,358,359
345,346,347
357,358,359
348,349,350
348,349,350
357,358,359
360,361,362
348,349,350
360,361,362
363,364,365
348,349,350
363,364,365
351,352,353
357,358,359
354,355,356
366,367,368
357,358,359
366,367,368
369,370,371
357,358,359
369,370,371
360,361,362
360,361,362
369,370,371
372,373,374
360,361,362
372,373,374
375,376,377
360,361,362
375,376,377
363,364,365
369,370,371
366,367,368
378,379,380
369,370,371
378,379,380
381,382,383
369,370,371
381,382,383
372,373,374
372,373,374
381,382,383
384,385,386
372,373,374
384,385,386
387,388,389
372,373,374
387,388,389
375,376,377
381,382,383
378,379,380
390,391,392
381,382,383
390,391,392
393,394,395
381,382,383
393,394,395
384,385,386
384,385,386
393,394,395
396,397,398
384,385,386
396,397,398
399,400,401
384,385,386
399,400,401
387,388,389
393,394,395
390,391,392
402,403,404
393,394,395
402,403,404
405,406,407
393,394,395
405,406,407
396,397,398
396,397,398
405,406,407
408,409,410
396,397,398
408,409,410
411,412,413
396,397,398
411,412,413
399,400,401
405,406,407
402,403,404
414,415,416
405,406,407
414,415,416
417,418,419
405,406,407
417,418,419
408,409,410
408,409,410
417,418,419
420,421,422
408,409,410
420,421,422
423,424,425
408,409,410
423,424,425
411,412,413
417,418,419
414,415,416
426,427,428
417,418,419
426,427,428
429,430,431
417,418,419
429,430,431
420,421,422
420,421,422
429,430,431
432,433,434
420,421,422
432,433,434
435,436,437
420,421,422
435,436,437
423,424,425
429,430,431
426,427,428
438,439,440
429,430,431
438,439,440
441,442,443
429,430,431
441,442,443
432,433,434
432,433,434
441,442,443
444,445,446
432,433,434
444,445,446
447,448,449
432,433,434
447,448,449
435,436,437
441,442,443
438,439,440
450,451,452
441,442,443
450,451,452
453,454,455
441,442,443
453,454,455
444,445,446
444,445,446
453,454,455
456,457,458
444,445,446
456,457,458
459,460,461
444,445,446
459,460,461
447,448,449
453,454,455
450,451,452
462,463,464
453,454,455
462,463,464
465,466,467
453,454,455
465,466,467
456,457,458
456,457,458
465,466,467
468,469,470
456,457,458
468,469,470
471,472,473
456,457,458
471,472,473
459,460,461
465,466,467
462,463,464
474,475,476
465,466,467
474,475,476
477,478,479
465,466,467
477,478,479
468,469,470
468,469,470
477,478,479
480,481,482
468,469,470
480,481,482
483,484,485
468,469,470
483,484,485
471,472,473
477,478,479
474,475,476
486,487,488
477,478,479
486,487,488
489,490,491
477,478,479
489,490,491
480,481,482
480,481,482
489,490,491
492,493,494
480,481,482
492,493,494
495,496,497
480,481,482
495,496,497
483,484,485
489,490,491
486,487,488
498,499,500
489,490,491
498,499,500
501,502,503
489,490,491
501,502,503
492,493,494
492,493,494
501,502,503
504,505,506
492,493,494
504,505,506
507,508,509
492,493,494
507,508,509
495,496,497
501,502,503
498,499,500
3,4,5
501,502,503
3,4,5
0,1,2
501,502,503
0,1,2
504,505,506
504,505,506
0,1,2
27,28,29
504,505,506
27,28,29
510,511,512
504,505,506
510,511,512
507,508,509
507,508,509
510,511,512
513,514,515
507,508,509
513,514,515
516,517,518
507,508,509
516,517,518
495,496,497
495,496,497
516,517,518
519,520,521
495,496,497
519,520,521
483,484,485
483,484,485
519,520,521
522,523,524
483,484,485
522,523,524
471,472,473
471,472,473
522,523,524
525,526,527
471,472,473
525,526,527
459,460,461
459,460,461
525,526,527
528,529,530
459,460,461
528,529,530
447,448,449
447,448,449
528,529,530
531,532,533
447,448,449
531,532,533
435,436,437
435,436,437
531,532,533
534,535,536
435,436,437
534,535,536
423,424,425
531,532,533
528,529,530
402,403,404
531,532,533
402,403,404
390,391,392
531,532,533
390,391,392
534,535,536
528,529,530
525,526,527
414,415,416
528,529,530
414,415,416
402,403,404
414,415,416
525,526,527
426,427,428
525,526,527
522,523,524
426,427,428
426,427,428
522,523,524
438,439,440
522,523,524
519,520,521
438,439,440
438,439,440
519,520,521
450,451,452
519,520,521
516,517,518
450,451,452
450,451,452
516,517,518
462,463,464
516,517,518
513,514,515
462,463,464
462,463,464
513,514,515
474,475,476
390,391,392
378,379,380
534,535,536
534,535,536
378,379,380
537,538,539
534,535,536
537,538,539
423,424,425
423,424,425
537,538,539
411,412,413
378,379,380
366,367,368
537,538,539
537,538,539
366,367,368
540,541,542
537,538,539
540,541,542
411,412,413
411,412,413
540,541,542
399,400,401
366,367,368
354,355,356
540,541,542
540,541,542
354,355,356
543,544,545
540,541,542
543,544,545
399,400,401
399,400,401
543,544,545
387,388,389
354,355,356
342,343,344
543,544,545
543,544,545
342,343,344
546,547,548
543,544,545
546,547,548
387,388,389
387,388,389
546,547,548
375,376,377
342,343,344
330,331,332
546,547,548
546,547,548
330,331,332
549,550,551
546,547,548
549,550,551
375,376,377
375,376,377
549,550,551
363,364,365
330,331,332
318,319,320
549,550,551
549,550,551
318,319,320
552,553,554
549,550,551
552,553,554
363,364,365
363,364,365
552,553,554
351,352,353
318,319,320
306,307,308
552,553,554
552,553,554
306,307,308
555,556,557
552,553,554
555,556,557
351,352,353
351,352,353
555,556,557
339,340,341
306,307,308
294,295,296
555,556,557
555,556,557
294,295,296
558,559,560
555,556,557
558,559,560
339,340,341
339,340,341
558,559,560
327,328,329
294,295,296
282,283,284
558,559,560
558,559,560
282,283,284
561,562,563
558,559,560
561,562,563
327,328,329
327,328,329
561,562,563
315,316,317
282,283,284
270,271,272
561,562,563
561,562,563
270,271,272
564,565,566
561,562,563
564,565,566
315,316,317
315,316,317
564,565,566
303,304,305
270,271,272
258,259,260
564,565,566
564,565,566
258,259,260
567,568,569
564,565,566
567,568,569
303,304,305
303,304,305
567,568,569
291,292,293
258,259,260
246,247,248
567,568,569
567,568,569
246,247,248
570,571,572
567,568,569
570,571,572
291,292,293
291,292,293
570,571,572
279,280,281
246,247,248
234,235,236
570,571,572
570,571,572
234,235,236
573,574,575
570,571,572
573,574,575
279,280,281
279,280,281
573,574,575
267,268,269
234,235,236
222,223,224
573,574,575
573,574,575
222,223,224
576,577,578
573,574,575
576,577,578
267,268,269
267,268,269
576,577,578
255,256,257
222,223,224
210,211,212
576,577,578
576,577,578
210,211,212
579,580,581
576,577,578
579,580,581
255,256,257
255,256,257
579,580,581
243,244,245
210,211,212
198,199,200
579,580,581
579,580,581
198,199,200
582,583,584
579,580,581
582,583,584
243,244,245
243,244,245
582,583,584
231,232,233
198,199,200
186,187,188
582,583,584
582,583,584
186,187,188
585,586,587
582,583,584
585,586,587
231,232,233
231,232,233
585,586,587
219,220,221
186,187,188
174,175,176
585,586,587
585,586,587
174,175,176
588,589,590
585,586,587
588,589,590
219,220,221
219,220,221
588,589,590
207,208,209
174,175,176
162,163,164
588,589,590
588,589,590
162,163,164
591,592,593
588,589,590
591,592,593
207,208,209
207,208,209
591,592,593
195,196,197
162,163,164
150,151,152
591,592,593
591,592,593
150,151,152
594,595,596
591,592,593
594,595,596
195,196,197
195,196,197
594,595,596
183,184,185
150,151,152
138,139,140
594,595,596
594,595,596
138,139,140
597,598,599
594,595,596
597,598,599
183,184,185
183,184,185
597,598,599
171,172,173
138,139,140
126,127,128
597,598,599
597,598,599
126,127,128
600,601,602
597,598,599
600,601,602
171,172,173
171,172,173
600,601,602
159,160,161
126,127,128
114,115,116
600,601,602
600,601,602
114,115,116
603,604,605
600,601,602
603,604,605
159,160,161
159,160,161
603,604,605
147,148,149
114,115,116
102,103,104
603,604,605
603,604,605
102,103,104
606,607,608
603,604,605
606,607,608
147,148,149
147,148,149
606,607,608
135,136,137
102,103,104
90,91,92
606,607,608
606,607,608
90,91,92
609,610,611
606,607,608
609,610,611
135,136,137
135,136,137
609,610,611
123,124,125
90,91,92
78,79,80
609,610,611
609,610,611
78,79,80
612,613,614
609,610,611
612,613,614
123,124,125
123,124,125
612,613,614
111,112,113
78,79,80
66,67,68
612,613,614
612,613,614
66,67,68
615,616,617
612,613,614
615,616,617
111,112,113
111,112,113
615,616,617
99,100,101
66,67,68
54,55,56
615,616,617
615,616,617
54,55,56
618,619,620
615,616,617
618,619,620
99,100,101
99,100,101
618,619,620
87,88,89
54,55,56
42,43,44
618,619,620
618,619,620
42,43,44
621,622,623
618,619,620
621,622,623
87,88,89
87,88,89
621,622,623
75,76,77
42,43,44
30,31,32
621,622,623
621,622,623
30,31,32
624,625,626
621,622,623
624,625,626
75,76,77
75,76,77
624,625,626
63,64,65
30,31,32
12,13,14
624,625,626
624,625,626
12,13,14
627,628,629
624,625,626
627,628,629
63,64,65
63,64,65
627,628,629
51,52,53
12,13,14
9,10,11
627,628,629
627,628,629
9,10,11
630,631,632
627,628,629
630,631,632
51,52,53
51,52,53
630,631,632
39,40,41
513,514,515
510,511,512
633,634,635
513,514,515
633,634,635
474,475,476
474,475,476
633,634,635
486,487,488
510,511,512
27,28,29
636,637,638
510,511,512
636,637,638
633,634,635
27,28,29
24,25,26
636,637,638
633,634,635
636,637,638
639,640,641
633,634,635
639,640,641
486,487,488
486,487,488
639,640,641
498,499,500
636,637,638
24,25,26
642,643,644
636,637,638
642,643,644
639,640,641
24,25,26
39,40,41
642,643,644
39,40,41
630,631,632
642,643,644
642,643,644
630,631,632
645,646,647
642,643,644
645,646,647
639,640,641
639,640,641
645,646,647
498,499,500
630,631,632
9,10,11
645,646,647
498,499,500
645,646,647
3,4,5
645,646,647
9,10,11
3,4,5
