0,1,2
3,4,5
6,7,8
0,1,2
6,7,8
9,10,11
0,1,2
9,10,11
12,13,14
0,1,2
12,13,14
15,16,17
0,1,2
15,16,17
3,4,5
15,16,17
12,13,14
18,19,20
15,16,17
18,19,20
21,22,23
15,16,17
21,22,23
3,4,5
12,13,14
9,10,11
24,25,26
12,13,14
24,25,26
18,19,20
9,10,11
6,7,8
27,28,29
9,10,11
27,28,29
24,25,26
24,25,26
27,28,29
30,31,32
24,25,26
30,31,32
33,34,35
24,25,26
33,34,35
18,19,20
30,31,32
27,28,29
36,37,38
30,31,32
36,37,38
39,40,41
30,31,32
39,40,41
33,34,35
27,28,29
6,7,8
42,43,44
27,28,29
42,43,44
36,37,38
36,37,38
42,43,44
45,46,47
36,37,38
45,46,47
48,49,50
36,37,38
48,49,50
39,40,41
39,40,41
48,49,50
51,52,53
39,40,41
51,52,53
54,55,56
39,40,41
54,55,56
33,34,35
48,49,50
45,46,47
57,58,59
48,49,50
57,58,59
60,61,62
48,49,50
60,61,62
51,52,53
60,61,62
57,58,59
63,64,65
60,61,62
63,64,65
66,67,68
60,61,62
66,67,68
51,52,53
51,52,53
66,67,68
69,70,71
51,52,53
69,70,71
54,55,56
66,67,68
63,64,65
72,73,74
66,67,68
72,73,74
75,76,77
66,67,68
75,76,77
69,70,71
72,73,74
63,64,65
78,79,80
72,73,74
78,79,80
81,82,83
72,73,74
81,82,83
75,76,77
81,82,83
78,79,80
84,85,86
81,82,83
84,85,86
21,22,23
81,82,83
21,22,23
75,76,77
78,79,80
63,64,65
87,88,89
78,79,80
87,88,89
84,85,86
84,85,86
87,88,89
3,4,5
84,85,86
3,4,5
21,22,23
21,22,23
18,19,20
75,76,77
3,4,5
87,88,89
6,7,8
63,64,65
57,58,59
90,91,92
63,64,65
90,91,92
87,88,89
75,76,77
18,19,20
87,88,89
75,76,77
87,88,89
93,94,95
75,76,77
93,94,95
69,70,71
87,88,89
90,91,92
96,97,98
87,88,89
96,97,98
93,94,95
87,88,89
18,19,20
6,7,8
90,91,92
57,58,59
99,100,101
90,91,92
99,100,101
102,103,104
90,91,92
102,103,104
96,97,98
57,58,59
45,46,47
105,106,107
57,58,59
105,106,107
99,100,101
99,100,101
105,106,107
18,19,20
99,100,101
18,19,20
102,103,104
105,106,107
45,46,47
108,109,110
105,106,107
108,109,110
18,19,20
45,46,47
42,43,44
108,109,110
102,103,104
18,19,20
33,34,35
102,103,104
33,34,35
96,97,98
96,97,98
33,34,35
111,112,113
96,97,98
111,112,113
93,94,95
33,34,35
54,55,56
111,112,113
111,112,113
54,55,56
114,115,116
111,112,113
114,115,116
93,94,95
54,55,56
69,70,71
117,118,119
54,55,56
117,118,119
114,115,116
114,115,116
117,118,119
120,121,122
114,115,116
120,121,122
93,94,95
117,118,119
69,70,71
123,124,125
117,118,119
123,124,125
120,121,122
93,94,95
120,121,122
126,127,128
93,94,95
126,127,128
69,70,71
120,121,122
123,124,125
129,130,131
120,121,122
129,130,131
126,127,128
69,70,71
126,127,128
132,133,134
69,70,71
132,133,134
123,124,125
123,124,125
132,133,134
135,136,137
123,124,125
135,136,137
129,130,131
129,130,131
135,136,137
138,139,140
129,130,131
138,139,140
126,127,128
135,136,137
132,133,134
141,142,143
135,136,137
141,142,143
138,139,140
138,139,140
141,142,143
42,43,44
138,139,140
42,43,44
126,127,128
141,142,143
132,133,134
108,109,110
141,142,143
108,109,110
42,43,44
108,109,110
132,133,134
18,19,20
42,43,44
6,7,8
126,127,128
126,127,128
6,7,8
132,133,134
132,133,134
6,7,8
18,19,20
