0,1,2
3,4,5
6,7,8
0,1,2
6,7,8
9,10,11
0,1,2
9,10,11
12,13,14
0,1,2
12,13,14
15,16,17
0,1,2
15,16,17
3,4,5
15,16,17
12,13,14
18,19,20
15,16,17
18,19,20
21,22,23
15,16,17
21,22,23
3,4,5
12,13,14
9,10,11
24,25,26
12,13,14
24,25,26
18,19,20
9,10,11
6,7,8
27,28,29
9,10,11
27,28,29
24,25,26
27,28,29
6,7,8
30,31,32
27,28,29
30,31,32
33,34,35
27,28,29
33,34,35
24,25,26
24,25,26
33,34,35
36,37,38
24,25,26
36,37,38
18,19,20
33,34,35
30,31,32
39,40,41
33,34,35
39,40,41
36,37,38
39,40,41
30,31,32
42,43,44
39,40,41
42,43,44
45,46,47
39,40,41
45,46,47
36,37,38
30,31,32
6,7,8
48,49,50
30,31,32
48,49,50
42,43,44
42,43,44
48,49,50
51,52,53
42,43,44
51,52,53
45,46,47
45,46,47
51,52,53
54,55,56
45,46,47
54,55,56
36,37,38
51,52,53
48,49,50
57,58,59
51,52,53
57,58,59
54,55,56
54,55,56
57,58,59
60,61,62
54,55,56
60,61,62
36,37,38
57,58,59
48,49,50
63,64,65
57,58,59
63,64,65
60,61,62
60,61,62
63,64,65
66,67,68
60,61,62
66,67,68
36,37,38
63,64,65
48,49,50
69,70,71
63,64,65
69,70,71
66,67,68
66,67,68
69,70,71
72,73,74
66,67,68
72,73,74
75,76,77
66,67,68
75,76,77
36,37,38
72,73,74
69,70,71
78,79,80
72,73,74
78,79,80
81,82,83
72,73,74
81,82,83
75,76,77
69,70,71
48,49,50
84,85,86
69,70,71
84,85,86
78,79,80
78,79,80
84,85,86
87,88,89
78,79,80
87,88,89
81,82,83
81,82,83
87,88,89
90,91,92
81,82,83
90,91,92
75,76,77
87,88,89
84,85,86
93,94,95
87,88,89
93,94,95
90,91,92
90,91,92
93,94,95
96,97,98
90,91,92
96,97,98
75,76,77
93,94,95
84,85,86
99,100,101
93,94,95
99,100,101
96,97,98
96,97,98
99,100,101
102,103,104
96,97,98
102,103,104
75,76,77
99,100,101
84,85,86
105,106,107
99,100,101
105,106,107
102,103,104
105,106,107
84,85,86
108,109,110
105,106,107
108,109,110
111,112,113
105,106,107
111,112,113
102,103,104
102,103,104
111,112,113
114,115,116
102,103,104
114,115,116
117,118,119
102,103,104
117,118,119
75,76,77
111,112,113
108,109,110
120,121,122
111,112,113
120,121,122
123,124,125
111,112,113
123,124,125
114,115,116
114,115,116
123,124,125
126,127,128
114,115,116
126,127,128
129,130,131
114,115,116
129,130,131
117,118,119
126,127,128
123,124,125
132,133,134
126,127,128
132,133,134
3,4,5
126,127,128
3,4,5
129,130,131
123,124,125
120,121,122
135,136,137
123,124,125
135,136,137
132,133,134
132,133,134
135,136,137
138,139,140
132,133,134
138,139,140
3,4,5
135,136,137
120,121,122
141,142,143
135,136,137
141,142,143
138,139,140
138,139,140
141,142,143
144,145,146
138,139,140
144,145,146
3,4,5
141,142,143
120,121,122
147,148,149
141,142,143
147,148,149
144,145,146
144,145,146
147,148,149
150,151,152
144,145,146
150,151,152
6,7,8
144,145,146
6,7,8
3,4,5
3,4,5
21,22,23
153,154,155
3,4,5
153,154,155
129,130,131
129,130,131
153,154,155
156,157,158
129,130,131
156,157,158
117,118,119
117,118,119
156,157,158
159,160,161
117,118,119
159,160,161
75,76,77
159,160,161
156,157,158
162,163,164
159,160,161
162,163,164
165,166,167
159,160,161
165,166,167
75,76,77
165,166,167
162,163,164
168,169,170
165,166,167
168,169,170
171,172,173
165,166,167
171,172,173
75,76,77
168,169,170
162,163,164
84,85,86
168,169,170
84,85,86
174,175,176
168,169,170
174,175,176
171,172,173
162,163,164
156,157,158
108,109,110
162,163,164
108,109,110
84,85,86
108,109,110
156,157,158
177,178,179
108,109,110
177,178,179
120,121,122
156,157,158
153,154,155
180,181,182
156,157,158
180,181,182
177,178,179
177,178,179
180,181,182
183,184,185
177,178,179
183,184,185
120,121,122
120,121,122
183,184,185
147,148,149
183,184,185
180,181,182
186,187,188
183,184,185
186,187,188
147,148,149
180,181,182
153,154,155
186,187,188
153,154,155
21,22,23
186,187,188
186,187,188
21,22,23
147,148,149
21,22,23
18,19,20
147,148,149
147,148,149
18,19,20
189,190,191
147,148,149
189,190,191
150,151,152
150,151,152
189,190,191
192,193,194
150,151,152
192,193,194
6,7,8
189,190,191
18,19,20
195,196,197
189,190,191
195,196,197
192,193,194
192,193,194
195,196,197
198,199,200
192,193,194
198,199,200
6,7,8
195,196,197
18,19,20
201,202,203
195,196,197
201,202,203
198,199,200
198,199,200
201,202,203
204,205,206
198,199,200
204,205,206
6,7,8
201,202,203
18,19,20
207,208,209
201,202,203
207,208,209
204,205,206
204,205,206
207,208,209
210,211,212
204,205,206
210,211,212
6,7,8
207,208,209
18,19,20
213,214,215
207,208,209
213,214,215
210,211,212
213,214,215
18,19,20
216,217,218
213,214,215
216,217,218
219,220,221
213,214,215
219,220,221
210,211,212
210,211,212
219,220,221
222,223,224
210,211,212
222,223,224
6,7,8
219,220,221
216,217,218
225,226,227
219,220,221
225,226,227
222,223,224
225,226,227
216,217,218
228,229,230
225,226,227
228,229,230
231,232,233
225,226,227
231,232,233
222,223,224
216,217,218
18,19,20
234,235,236
216,217,218
234,235,236
228,229,230
228,229,230
234,235,236
237,238,239
228,229,230
237,238,239
231,232,233
231,232,233
237,238,239
240,241,242
231,232,233
240,241,242
222,223,224
237,238,239
234,235,236
243,244,245
237,238,239
243,244,245
240,241,242
240,241,242
243,244,245
246,247,248
240,241,242
246,247,248
222,223,224
243,244,245
234,235,236
249,250,251
243,244,245
249,250,251
246,247,248
246,247,248
249,250,251
174,175,176
246,247,248
174,175,176
222,223,224
249,250,251
234,235,236
171,172,173
249,250,251
171,172,173
174,175,176
174,175,176
84,85,86
222,223,224
171,172,173
234,235,236
75,76,77
234,235,236
18,19,20
222,223,224
234,235,236
222,223,224
84,85,86
234,235,236
84,85,86
75,76,77
222,223,224
18,19,20
6,7,8
84,85,86
48,49,50
75,76,77
75,76,77
48,49,50
36,37,38
48,49,50
6,7,8
36,37,38
36,37,38
6,7,8
18,19,20
