0,1,2
3,4,5
6,7,8
6,7,8
3,4,5
9,10,11
6,7,8
9,10,11
12,13,14
6,7,8
12,13,14
15,16,17
6,7,8
15,16,17
0,1,2
15,16,17
12,13,14
18,19,20
15,16,17
18,19,20
21,22,23
15,16,17
21,22,23
24,25,26
15,16,17
24,25,26
0,1,2
12,13,14
9,10,11
27,28,29
12,13,14
27,28,29
30,31,32
12,13,14
30,31,32
18,19,20
18,19,20
30,31,32
33,34,35
18,19,20
33,34,35
36,37,38
18,19,20
36,37,38
21,22,23
30,31,32
27,28,29
39,40,41
30,31,32
39,40,41
42,43,44
30,31,32
42,43,44
33,34,35
42,43,44
39,40,41
45,46,47
42,43,44
45,46,47
48,49,50
42,43,44
48,49,50
33,34,35
39,40,41
27,28,29
51,52,53
39,40,41
51,52,53
45,46,47
45,46,47
51,52,53
54,55,56
45,46,47
54,55,56
48,49,50
33,34,35
48,49,50
57,58,59
33,34,35
57,58,59
36,37,38
48,49,50
54,55,56
60,61,62
48,49,50
60,61,62
57,58,59
54,55,56
51,52,53
63,64,65
54,55,56
63,64,65
60,61,62
60,61,62
63,64,65
66,67,68
60,61,62
66,67,68
57,58,59
63,64,65
51,52,53
69,70,71
63,64,65
69,70,71
66,67,68
51,52,53
27,28,29
69,70,71
69,70,71
27,28,29
72,73,74
69,70,71
72,73,74
75,76,77
69,70,71
75,76,77
66,67,68
66,67,68
75,76,77
78,79,80
66,67,68
78,79,80
57,58,59
75,76,77
72,73,74
81,82,83
75,76,77
81,82,83
84,85,86
75,76,77
84,85,86
78,79,80
78,79,80
84,85,86
87,88,89
78,79,80
87,88,89
90,91,92
78,79,80
90,91,92
57,58,59
87,88,89
84,85,86
93,94,95
87,88,89
93,94,95
96,97,98
87,88,89
96,97,98
90,91,92
84,85,86
81,82,83
99,100,101
84,85,86
99,100,101
93,94,95
93,94,95
99,100,101
102,103,104
93,94,95
102,103,104
105,106,107
93,94,95
105,106,107
96,97,98
102,103,104
99,100,101
108,109,110
102,103,104
108,109,110
111,112,113
102,103,104
111,112,113
105,106,107
99,100,101
81,82,83
114,115,116
99,100,101
114,115,116
108,109,110
108,109,110
114,115,116
117,118,119
108,109,110
117,118,119
111,112,113
117,118,119
114,115,116
120,121,122
117,118,119
120,121,122
123,124,125
117,118,119
123,124,125
111,112,113
111,112,113
123,124,125
126,127,128
111,112,113
126,127,128
105,106,107
123,124,125
120,121,122
129,130,131
123,124,125
129,130,131
126,127,128
129,130,131
120,121,122
132,133,134
129,130,131
132,133,134
24,25,26
129,130,131
24,25,26
126,127,128
120,121,122
114,115,116
135,136,137
120,121,122
135,136,137
132,133,134
132,133,134
135,136,137
0,1,2
132,133,134
0,1,2
24,25,26
24,25,26
21,22,23
126,127,128
0,1,2
135,136,137
3,4,5
135,136,137
114,115,116
126,127,128
135,136,137
126,127,128
21,22,23
135,136,137
21,22,23
3,4,5
126,127,128
114,115,116
105,106,107
114,115,116
81,82,83
105,106,107
105,106,107
81,82,83
96,97,98
81,82,83
72,73,74
96,97,98
96,97,98
72,73,74
90,91,92
72,73,74
27,28,29
90,91,92
90,91,92
27,28,29
57,58,59
27,28,29
9,10,11
57,58,59
57,58,59
9,10,11
36,37,38
21,22,23
36,37,38
3,4,5
36,37,38
9,10,11
3,4,5
