0,1,2
3,4,5
6,7,8
3,4,5
0,1,2
9,10,11
3,4,5
9,10,11
12,13,14
3,4,5
12,13,14
15,16,17
3,4,5
15,16,17
6,7,8
9,10,11
0,1,2
18,19,20
9,10,11
18,19,20
12,13,14
6,7,8
15,16,17
21,22,23
6,7,8
21,22,23
24,25,26
6,7,8
24,25,26
27,28,29
6,7,8
27,28,29
0,1,2
0,1,2
27,28,29
30,31,32
0,1,2
30,31,32
33,34,35
0,1,2
33,34,35
18,19,20
27,28,29
24,25,26
36,37,38
27,28,29
36,37,38
39,40,41
27,28,29
39,40,41
30,31,32
30,31,32
39,40,41
42,43,44
30,31,32
42,43,44
45,46,47
30,31,32
45,46,47
33,34,35
24,25,26
21,22,23
48,49,50
24,25,26
48,49,50
51,52,53
24,25,26
51,52,53
36,37,38
48,49,50
21,22,23
54,55,56
48,49,50
54,55,56
57,58,59
48,49,50
57,58,59
51,52,53
21,22,23
15,16,17
60,61,62
21,22,23
60,61,62
54,55,56
60,61,62
15,16,17
63,64,65
60,61,62
63,64,65
54,55,56
57,58,59
54,55,56
66,67,68
57,58,59
66,67,68
69,70,71
57,58,59
69,70,71
51,52,53
51,52,53
69,70,71
72,73,74
51,52,53
72,73,74
75,76,77
51,52,53
75,76,77
36,37,38
72,73,74
69,70,71
78,79,80
72,73,74
78,79,80
75,76,77
75,76,77
78,79,80
81,82,83
75,76,77
81,82,83
36,37,38
81,82,83
78,79,80
84,85,86
81,82,83
84,85,86
36,37,38
36,37,38
84,85,86
39,40,41
69,70,71
66,67,68
87,88,89
69,70,71
87,88,89
78,79,80
78,79,80
87,88,89
90,91,92
78,79,80
90,91,92
93,94,95
78,79,80
93,94,95
84,85,86
93,94,95
90,91,92
96,97,98
93,94,95
96,97,98
99,100,101
93,94,95
99,100,101
84,85,86
99,100,101
96,97,98
102,103,104
99,100,101
102,103,104
84,85,86
84,85,86
102,103,104
105,106,107
84,85,86
105,106,107
39,40,41
39,40,41
105,106,107
108,109,110
39,40,41
108,109,110
42,43,44
105,106,107
102,103,104
111,112,113
105,106,107
111,112,113
108,109,110
102,103,104
96,97,98
114,115,116
102,103,104
114,115,116
111,112,113
111,112,113
114,115,116
117,118,119
111,112,113
117,118,119
108,109,110
108,109,110
117,118,119
120,121,122
108,109,110
120,121,122
42,43,44
120,121,122
117,118,119
123,124,125
120,121,122
123,124,125
126,127,128
120,121,122
126,127,128
42,43,44
117,118,119
114,115,116
129,130,131
117,118,119
129,130,131
123,124,125
123,124,125
129,130,131
132,133,134
123,124,125
132,133,134
126,127,128
42,43,44
126,127,128
135,136,137
42,43,44
135,136,137
45,46,47
126,127,128
132,133,134
138,139,140
126,127,128
138,139,140
135,136,137
138,139,140
132,133,134
141,142,143
138,139,140
141,142,143
144,145,146
138,139,140
144,145,146
135,136,137
132,133,134
129,130,131
147,148,149
132,133,134
147,148,149
141,142,143
141,142,143
147,148,149
150,151,152
141,142,143
150,151,152
153,154,155
141,142,143
153,154,155
144,145,146
147,148,149
129,130,131
156,157,158
147,148,149
156,157,158
159,160,161
147,148,149
159,160,161
150,151,152
129,130,131
114,115,116
162,163,164
129,130,131
162,163,164
156,157,158
114,115,116
96,97,98
165,166,167
114,115,116
165,166,167
162,163,164
96,97,98
90,91,92
168,169,170
96,97,98
168,169,170
165,166,167
165,166,167
168,169,170
171,172,173
165,166,167
171,172,173
174,175,176
165,166,167
174,175,176
162,163,164
162,163,164
174,175,176
177,178,179
162,163,164
177,178,179
156,157,158
156,157,158
177,178,179
180,181,182
156,157,158
180,181,182
159,160,161
177,178,179
174,175,176
183,184,185
177,178,179
183,184,185
186,187,188
177,178,179
186,187,188
180,181,182
186,187,188
183,184,185
189,190,191
186,187,188
189,190,191
192,193,194
186,187,188
192,193,194
180,181,182
192,193,194
189,190,191
195,196,197
192,193,194
195,196,197
180,181,182
183,184,185
174,175,176
198,199,200
183,184,185
198,199,200
201,202,203
183,184,185
201,202,203
189,190,191
174,175,176
171,172,173
204,205,206
174,175,176
204,205,206
198,199,200
198,199,200
204,205,206
207,208,209
198,199,200
207,208,209
201,202,203
201,202,203
207,208,209
210,211,212
201,202,203
210,211,212
189,190,191
207,208,209
204,205,206
213,214,215
207,208,209
213,214,215
33,34,35
207,208,209
33,34,35
210,211,212
213,214,215
204,205,206
216,217,218
213,214,215
216,217,218
33,34,35
216,217,218
204,205,206
18,19,20
216,217,218
18,19,20
33,34,35
204,205,206
171,172,173
219,220,221
204,205,206
219,220,221
18,19,20
219,220,221
171,172,173
222,223,224
219,220,221
222,223,224
18,19,20
222,223,224
171,172,173
12,13,14
222,223,224
12,13,14
18,19,20
171,172,173
168,169,170
225,226,227
171,172,173
225,226,227
12,13,14
168,169,170
90,91,92
228,229,230
168,169,170
228,229,230
225,226,227
90,91,92
87,88,89
231,232,233
90,91,92
231,232,233
228,229,230
87,88,89
66,67,68
234,235,236
87,88,89
234,235,236
231,232,233
66,67,68
54,55,56
237,238,239
66,67,68
237,238,239
234,235,236
237,238,239
54,55,56
240,241,242
237,238,239
240,241,242
234,235,236
234,235,236
240,241,242
231,232,233
240,241,242
54,55,56
243,244,245
240,241,242
243,244,245
231,232,233
54,55,56
63,64,65
243,244,245
33,34,35
45,46,47
210,211,212
231,232,233
243,244,245
246,247,248
231,232,233
246,247,248
228,229,230
243,244,245
63,64,65
249,250,251
243,244,245
249,250,251
246,247,248
246,247,248
249,250,251
252,253,254
246,247,248
252,253,254
228,229,230
228,229,230
252,253,254
225,226,227
249,250,251
63,64,65
255,256,257
249,250,251
255,256,257
252,253,254
63,64,65
15,16,17
255,256,257
255,256,257
15,16,17
258,259,260
255,256,257
258,259,260
252,253,254
258,259,260
15,16,17
261,262,263
258,259,260
261,262,263
252,253,254
252,253,254
261,262,263
225,226,227
225,226,227
261,262,263
12,13,14
261,262,263
15,16,17
12,13,14
45,46,47
135,136,137
264,265,266
45,46,47
264,265,266
210,211,212
210,211,212
264,265,266
267,268,269
210,211,212
267,268,269
189,190,191
189,190,191
267,268,269
270,271,272
189,190,191
270,271,272
195,196,197
270,271,272
267,268,269
273,274,275
270,271,272
273,274,275
195,196,197
195,196,197
273,274,275
276,277,278
195,196,197
276,277,278
180,181,182
180,181,182
276,277,278
279,280,281
180,181,182
279,280,281
159,160,161
276,277,278
273,274,275
282,283,284
276,277,278
282,283,284
279,280,281
159,160,161
279,280,281
285,286,287
159,160,161
285,286,287
150,151,152
279,280,281
282,283,284
288,289,290
279,280,281
288,289,290
285,286,287
150,151,152
285,286,287
291,292,293
150,151,152
291,292,293
153,154,155
285,286,287
288,289,290
294,295,296
285,286,287
294,295,296
291,292,293
135,136,137
144,145,146
297,298,299
135,136,137
297,298,299
264,265,266
264,265,266
297,298,299
300,301,302
264,265,266
300,301,302
267,268,269
267,268,269
300,301,302
303,304,305
267,268,269
303,304,305
273,274,275
273,274,275
303,304,305
306,307,308
273,274,275
306,307,308
282,283,284
144,145,146
153,154,155
309,310,311
144,145,146
309,310,311
297,298,299
297,298,299
309,310,311
312,313,314
297,298,299
312,313,314
300,301,302
309,310,311
153,154,155
315,316,317
309,310,311
315,316,317
312,313,314
300,301,302
312,313,314
318,319,320
300,301,302
318,319,320
303,304,305
312,313,314
315,316,317
321,322,323
312,313,314
321,322,323
318,319,320
303,304,305
318,319,320
324,325,326
303,304,305
324,325,326
306,307,308
318,319,320
321,322,323
327,328,329
318,319,320
327,328,329
324,325,326
306,307,308
324,325,326
330,331,332
306,307,308
330,331,332
282,283,284
330,331,332
324,325,326
333,334,335
330,331,332
333,334,335
282,283,284
324,325,326
327,328,329
336,337,338
324,325,326
336,337,338
333,334,335
282,283,284
333,334,335
339,340,341
282,283,284
339,340,341
288,289,290
339,340,341
333,334,335
342,343,344
339,340,341
342,343,344
288,289,290
333,334,335
336,337,338
345,346,347
333,334,335
345,346,347
342,343,344
345,346,347
336,337,338
348,349,350
345,346,347
348,349,350
342,343,344
288,289,290
342,343,344
351,352,353
288,289,290
351,352,353
294,295,296
342,343,344
348,349,350
354,355,356
342,343,344
354,355,356
351,352,353
354,355,356
348,349,350
357,358,359
354,355,356
357,358,359
351,352,353
357,358,359
348,349,350
360,361,362
357,358,359
360,361,362
351,352,353
153,154,155
291,292,293
363,364,365
153,154,155
363,364,365
315,316,317
363,364,365
291,292,293
366,367,368
363,364,365
366,367,368
315,316,317
315,316,317
366,367,368
369,370,371
315,316,317
369,370,371
321,322,323
369,370,371
366,367,368
372,373,374
369,370,371
372,373,374
321,322,323
321,322,323
372,373,374
375,376,377
321,322,323
375,376,377
327,328,329
327,328,329
375,376,377
378,379,380
327,328,329
378,379,380
336,337,338
336,337,338
378,379,380
381,382,383
336,337,338
381,382,383
348,349,350
348,349,350
381,382,383
384,385,386
348,349,350
384,385,386
360,361,362
384,385,386
381,382,383
387,388,389
384,385,386
387,388,389
360,361,362
387,388,389
381,382,383
390,391,392
387,388,389
390,391,392
360,361,362
291,292,293
294,295,296
393,394,395
291,292,293
393,394,395
366,367,368
366,367,368
393,394,395
396,397,398
366,367,368
396,397,398
372,373,374
396,397,398
393,394,395
399,400,401
396,397,398
399,400,401
372,373,374
372,373,374
399,400,401
402,403,404
372,373,374
402,403,404
375,376,377
402,403,404
399,400,401
405,406,407
402,403,404
405,406,407
375,376,377
375,376,377
405,406,407
408,409,410
375,376,377
408,409,410
378,379,380
378,379,380
408,409,410
411,412,413
378,379,380
411,412,413
381,382,383
381,382,383
411,412,413
414,415,416
381,382,383
414,415,416
390,391,392
294,295,296
351,352,353
417,418,419
294,295,296
417,418,419
393,394,395
393,394,395
417,418,419
420,421,422
393,394,395
420,421,422
399,400,401
399,400,401
420,421,422
423,424,425
399,400,401
423,424,425
405,406,407
423,424,425
420,421,422
426,427,428
423,424,425
426,427,428
405,406,407
405,406,407
426,427,428
429,430,431
405,406,407
429,430,431
408,409,410
429,430,431
426,427,428
432,433,434
429,430,431
432,433,434
408,409,410
408,409,410
432,433,434
435,436,437
408,409,410
435,436,437
411,412,413
432,433,434
426,427,428
438,439,440
432,433,434
438,439,440
435,436,437
411,412,413
435,436,437
441,442,443
411,412,413
441,442,443
414,415,416
351,352,353
360,361,362
444,445,446
351,352,353
444,445,446
417,418,419
417,418,419
444,445,446
447,448,449
417,418,419
447,448,449
420,421,422
420,421,422
447,448,449
450,451,452
420,421,422
450,451,452
426,427,428
426,427,428
450,451,452
453,454,455
426,427,428
453,454,455
438,439,440
453,454,455
450,451,452
456,457,458
453,454,455
456,457,458
438,439,440
360,361,362
390,391,392
459,460,461
360,361,362
459,460,461
444,445,446
459,460,461
390,391,392
462,463,464
459,460,461
462,463,464
444,445,446
444,445,446
462,463,464
465,466,467
444,445,446
465,466,467
447,448,449
462,463,464
390,391,392
468,469,470
462,463,464
468,469,470
465,466,467
447,448,449
465,466,467
471,472,473
447,448,449
471,472,473
450,451,452
465,466,467
468,469,470
474,475,476
465,466,467
474,475,476
471,472,473
450,451,452
471,472,473
477,478,479
450,451,452
477,478,479
456,457,458
471,472,473
474,475,476
480,481,482
471,472,473
480,481,482
477,478,479
456,457,458
477,478,479
483,484,485
456,457,458
483,484,485
438,439,440
483,484,485
477,478,479
486,487,488
483,484,485
486,487,488
438,439,440
477,478,479
480,481,482
489,490,491
477,478,479
489,490,491
486,487,488
438,439,440
486,487,488
492,493,494
438,439,440
492,493,494
435,436,437
435,436,437
492,493,494
495,496,497
435,436,437
495,496,497
441,442,443
492,493,494
486,487,488
498,499,500
492,493,494
498,499,500
495,496,497
486,487,488
489,490,491
501,502,503
486,487,488
501,502,503
498,499,500
390,391,392
414,415,416
504,505,506
390,391,392
504,505,506
468,469,470
414,415,416
441,442,443
507,508,509
414,415,416
507,508,509
504,505,506
504,505,506
507,508,509
510,511,512
504,505,506
510,511,512
468,469,470
510,511,512
507,508,509
513,514,515
510,511,512
513,514,515
468,469,470
468,469,470
513,514,515
516,517,518
468,469,470
516,517,518
474,475,476
441,442,443
495,496,497
519,520,521
441,442,443
519,520,521
507,508,509
507,508,509
519,520,521
522,523,524
507,508,509
522,523,524
513,514,515
513,514,515
522,523,524
525,526,527
513,514,515
525,526,527
516,517,518
519,520,521
495,496,497
528,529,530
519,520,521
528,529,530
531,532,533
519,520,521
531,532,533
522,523,524
495,496,497
498,499,500
534,535,536
495,496,497
534,535,536
528,529,530
522,523,524
531,532,533
537,538,539
522,523,524
537,538,539
540,541,542
522,523,524
540,541,542
525,526,527
531,532,533
528,529,530
543,544,545
531,532,533
543,544,545
546,547,548
531,532,533
546,547,548
537,538,539
537,538,539
546,547,548
549,550,551
537,538,539
549,550,551
552,553,554
537,538,539
552,553,554
540,541,542
552,553,554
549,550,551
555,556,557
552,553,554
555,556,557
558,559,560
552,553,554
558,559,560
540,541,542
555,556,557
549,550,551
561,562,563
555,556,557
561,562,563
558,559,560
549,550,551
546,547,548
564,565,566
549,550,551
564,565,566
567,568,569
549,550,551
567,568,569
561,562,563
546,547,548
543,544,545
570,571,572
546,547,548
570,571,572
564,565,566
564,565,566
570,571,572
573,574,575
564,565,566
573,574,575
576,577,578
564,565,566
576,577,578
567,568,569
528,529,530
534,535,536
579,580,581
528,529,530
579,580,581
582,583,584
528,529,530
582,583,584
543,544,545
579,580,581
534,535,536
585,586,587
579,580,581
585,586,587
582,583,584
582,583,584
585,586,587
588,589,590
582,583,584
588,589,590
543,544,545
543,544,545
588,589,590
591,592,593
543,544,545
591,592,593
570,571,572
588,589,590
585,586,587
594,595,596
588,589,590
594,595,596
591,592,593
585,586,587
534,535,536
597,598,599
585,586,587
597,598,599
600,601,602
585,586,587
600,601,602
594,595,596
534,535,536
498,499,500
603,604,605
534,535,536
603,604,605
597,598,599
597,598,599
603,604,605
606,607,608
597,598,599
606,607,608
600,601,602
594,595,596
600,601,602
609,610,611
594,595,596
609,610,611
612,613,614
594,595,596
612,613,614
591,592,593
612,613,614
609,610,611
615,616,617
612,613,614
615,616,617
591,592,593
591,592,593
615,616,617
618,619,620
591,592,593
618,619,620
570,571,572
618,619,620
615,616,617
621,622,623
618,619,620
621,622,623
570,571,572
570,571,572
621,622,623
573,574,575
615,616,617
609,610,611
624,625,626
615,616,617
624,625,626
627,628,629
615,616,617
627,628,629
621,622,623
627,628,629
624,625,626
630,631,632
627,628,629
630,631,632
621,622,623
621,622,623
630,631,632
633,634,635
621,622,623
633,634,635
573,574,575
633,634,635
630,631,632
636,637,638
633,634,635
636,637,638
573,574,575
573,574,575
636,637,638
639,640,641
573,574,575
639,640,641
576,577,578
630,631,632
624,625,626
642,643,644
630,631,632
642,643,644
645,646,647
630,631,632
645,646,647
636,637,638
645,646,647
642,643,644
648,649,650
645,646,647
648,649,650
636,637,638
636,637,638
648,649,650
651,652,653
636,637,638
651,652,653
639,640,641
651,652,653
648,649,650
654,655,656
651,652,653
654,655,656
639,640,641
648,649,650
642,643,644
657,658,659
648,649,650
657,658,659
660,661,662
648,649,650
660,661,662
654,655,656
660,661,662
657,658,659
663,664,665
660,661,662
663,664,665
666,667,668
660,661,662
666,667,668
654,655,656
657,658,659
642,643,644
669,670,671
657,658,659
669,670,671
672,673,674
657,658,659
672,673,674
663,664,665
642,643,644
624,625,626
675,676,677
642,643,644
675,676,677
669,670,671
624,625,626
609,610,611
678,679,680
624,625,626
678,679,680
675,676,677
609,610,611
600,601,602
681,682,683
609,610,611
681,682,683
678,679,680
600,601,602
606,607,608
684,685,686
600,601,602
684,685,686
681,682,683
681,682,683
684,685,686
687,688,689
681,682,683
687,688,689
690,691,692
681,682,683
690,691,692
678,679,680
678,679,680
690,691,692
693,694,695
678,679,680
693,694,695
675,676,677
675,676,677
693,694,695
696,697,698
675,676,677
696,697,698
669,670,671
669,670,671
696,697,698
699,700,701
669,670,671
699,700,701
672,673,674
684,685,686
606,607,608
702,703,704
684,685,686
702,703,704
705,706,707
684,685,686
705,706,707
687,688,689
687,688,689
705,706,707
708,709,710
687,688,689
708,709,710
558,559,560
687,688,689
558,559,560
690,691,692
708,709,710
705,706,707
711,712,713
708,709,710
711,712,713
540,541,542
708,709,710
540,541,542
558,559,560
711,712,713
705,706,707
714,715,716
711,712,713
714,715,716
540,541,542
705,706,707
702,703,704
717,718,719
705,706,707
717,718,719
714,715,716
714,715,716
717,718,719
720,721,722
714,715,716
720,721,722
525,526,527
714,715,716
525,526,527
540,541,542
702,703,704
606,607,608
723,724,725
702,703,704
723,724,725
726,727,728
702,703,704
726,727,728
717,718,719
606,607,608
603,604,605
729,730,731
606,607,608
729,730,731
723,724,725
717,718,719
726,727,728
732,733,734
717,718,719
732,733,734
735,736,737
717,718,719
735,736,737
720,721,722
726,727,728
723,724,725
738,739,740
726,727,728
738,739,740
741,742,743
726,727,728
741,742,743
732,733,734
732,733,734
741,742,743
744,745,746
732,733,734
744,745,746
747,748,749
732,733,734
747,748,749
735,736,737
747,748,749
744,745,746
750,751,752
747,748,749
750,751,752
753,754,755
747,748,749
753,754,755
735,736,737
750,751,752
744,745,746
756,757,758
750,751,752
756,757,758
753,754,755
744,745,746
741,742,743
759,760,761
744,745,746
759,760,761
762,763,764
744,745,746
762,763,764
756,757,758
741,742,743
738,739,740
765,766,767
741,742,743
765,766,767
759,760,761
759,760,761
765,766,767
768,769,770
759,760,761
768,769,770
771,772,773
759,760,761
771,772,773
762,763,764
723,724,725
729,730,731
774,775,776
723,724,725
774,775,776
777,778,779
723,724,725
777,778,779
738,739,740
774,775,776
729,730,731
780,781,782
774,775,776
780,781,782
777,778,779
777,778,779
780,781,782
783,784,785
777,778,779
783,784,785
738,739,740
783,784,785
780,781,782
786,787,788
783,784,785
786,787,788
738,739,740
738,739,740
786,787,788
765,766,767
765,766,767
786,787,788
789,790,791
765,766,767
789,790,791
792,793,794
765,766,767
792,793,794
768,769,770
789,790,791
786,787,788
795,796,797
789,790,791
795,796,797
792,793,794
786,787,788
780,781,782
798,799,800
786,787,788
798,799,800
801,802,803
786,787,788
801,802,803
795,796,797
801,802,803
798,799,800
804,805,806
801,802,803
804,805,806
795,796,797
798,799,800
780,781,782
807,808,809
798,799,800
807,808,809
804,805,806
780,781,782
729,730,731
810,811,812
780,781,782
810,811,812
807,808,809
729,730,731
603,604,605
813,814,815
729,730,731
813,814,815
810,811,812
810,811,812
813,814,815
816,817,818
810,811,812
816,817,818
807,808,809
807,808,809
816,817,818
819,820,821
807,808,809
819,820,821
822,823,824
807,808,809
822,823,824
804,805,806
804,805,806
822,823,824
825,826,827
804,805,806
825,826,827
828,829,830
804,805,806
828,829,830
795,796,797
795,796,797
828,829,830
831,832,833
795,796,797
831,832,833
792,793,794
831,832,833
828,829,830
834,835,836
831,832,833
834,835,836
792,793,794
792,793,794
834,835,836
837,838,839
792,793,794
837,838,839
768,769,770
837,838,839
834,835,836
840,841,842
837,838,839
840,841,842
768,769,770
768,769,770
840,841,842
843,844,845
768,769,770
843,844,845
771,772,773
834,835,836
828,829,830
846,847,848
834,835,836
846,847,848
849,850,851
834,835,836
849,850,851
840,841,842
849,850,851
846,847,848
852,853,854
849,850,851
852,853,854
840,841,842
840,841,842
852,853,854
855,856,857
840,841,842
855,856,857
843,844,845
855,856,857
852,853,854
858,859,860
855,856,857
858,859,860
843,844,845
828,829,830
825,826,827
861,862,863
828,829,830
861,862,863
846,847,848
852,853,854
846,847,848
864,865,866
852,853,854
864,865,866
867,868,869
852,853,854
867,868,869
858,859,860
846,847,848
861,862,863
870,871,872
846,847,848
870,871,872
864,865,866
867,868,869
864,865,866
873,874,875
867,868,869
873,874,875
876,877,878
867,868,869
876,877,878
858,859,860
864,865,866
870,871,872
879,880,881
864,865,866
879,880,881
873,874,875
873,874,875
879,880,881
882,883,884
873,874,875
882,883,884
885,886,887
873,874,875
885,886,887
876,877,878
879,880,881
870,871,872
888,889,890
879,880,881
888,889,890
891,892,893
879,880,881
891,892,893
882,883,884
870,871,872
861,862,863
894,895,896
870,871,872
894,895,896
888,889,890
861,862,863
825,826,827
897,898,899
861,862,863
897,898,899
894,895,896
825,826,827
822,823,824
900,901,902
825,826,827
900,901,902
897,898,899
822,823,824
819,820,821
903,904,905
822,823,824
903,904,905
900,901,902
894,895,896
897,898,899
906,907,908
894,895,896
906,907,908
909,910,911
894,895,896
909,910,911
888,889,890
909,910,911
906,907,908
912,913,914
909,910,911
912,913,914
915,916,917
909,910,911
915,916,917
888,889,890
915,916,917
912,913,914
918,919,920
915,916,917
918,919,920
888,889,890
888,889,890
918,919,920
921,922,923
888,889,890
921,922,923
891,892,893
921,922,923
918,919,920
924,925,926
921,922,923
924,925,926
927,928,929
921,922,923
927,928,929
891,892,893
918,919,920
912,913,914
930,931,932
918,919,920
930,931,932
924,925,926
930,931,932
912,913,914
933,934,935
930,931,932
933,934,935
924,925,926
891,892,893
927,928,929
936,937,938
891,892,893
936,937,938
882,883,884
882,883,884
936,937,938
939,940,941
882,883,884
939,940,941
885,886,887
924,925,926
933,934,935
942,943,944
924,925,926
942,943,944
945,946,947
924,925,926
945,946,947
927,928,929
945,946,947
942,943,944
948,949,950
945,946,947
948,949,950
951,952,953
945,946,947
951,952,953
927,928,929
951,952,953
948,949,950
954,955,956
951,952,953
954,955,956
927,928,929
927,928,929
954,955,956
957,958,959
927,928,929
957,958,959
936,937,938
957,958,959
954,955,956
960,961,962
957,958,959
960,961,962
963,964,965
957,958,959
963,964,965
936,937,938
954,955,956
948,949,950
966,967,968
954,955,956
966,967,968
960,961,962
960,961,962
966,967,968
969,970,971
960,961,962
969,970,971
963,964,965
936,937,938
963,964,965
972,973,974
936,937,938
972,973,974
939,940,941
963,964,965
969,970,971
975,976,977
963,964,965
975,976,977
972,973,974
975,976,977
969,970,971
978,979,980
975,976,977
978,979,980
972,973,974
978,979,980
969,970,971
981,982,983
978,979,980
981,982,983
972,973,974
972,973,974
981,982,983
984,985,986
972,973,974
984,985,986
987,988,989
972,973,974
987,988,989
939,940,941
939,940,941
987,988,989
990,991,992
939,940,941
990,991,992
885,886,887
987,988,989
984,985,986
993,994,995
987,988,989
993,994,995
996,997,998
987,988,989
996,997,998
990,991,992
969,970,971
966,967,968
999,1000,1001
969,970,971
999,1000,1001
1002,1003,1004
969,970,971
1002,1003,1004
981,982,983
1002,1003,1004
999,1000,1001
1005,1006,1007
1002,1003,1004
1005,1006,1007
981,982,983
1005,1006,1007
999,1000,1001
1008,1009,1010
1005,1006,1007
1008,1009,1010
981,982,983
981,982,983
1008,1009,1010
1011,1012,1013
981,982,983
1011,1012,1013
984,985,986
1011,1012,1013
1008,1009,1010
1014,1015,1016
1011,1012,1013
1014,1015,1016
984,985,986
984,985,986
1014,1015,1016
1017,1018,1019
984,985,986
1017,1018,1019
993,994,995
1014,1015,1016
1008,1009,1010
1020,1021,1022
1014,1015,1016
1020,1021,1022
1017,1018,1019
1017,1018,1019
1020,1021,1022
1023,1024,1025
1017,1018,1019
1023,1024,1025
1026,1027,1028
1017,1018,1019
1026,1027,1028
993,994,995
993,994,995
1026,1027,1028
1029,1030,1031
993,994,995
1029,1030,1031
996,997,998
1026,1027,1028
1023,1024,1025
1032,1033,1034
1026,1027,1028
1032,1033,1034
1035,1036,1037
1026,1027,1028
1035,1036,1037
1029,1030,1031
1023,1024,1025
1020,1021,1022
1038,1039,1040
1023,1024,1025
1038,1039,1040
1041,1042,1043
1023,1024,1025
1041,1042,1043
1032,1033,1034
1038,1039,1040
1020,1021,1022
1044,1045,1046
1038,1039,1040
1044,1045,1046
1041,1042,1043
1032,1033,1034
1041,1042,1043
1047,1048,1049
1032,1033,1034
1047,1048,1049
1050,1051,1052
1032,1033,1034
1050,1051,1052
1035,1036,1037
1050,1051,1052
1047,1048,1049
1053,1054,1055
1050,1051,1052
1053,1054,1055
1056,1057,1058
1050,1051,1052
1056,1057,1058
1035,1036,1037
1053,1054,1055
1047,1048,1049
1059,1060,1061
1053,1054,1055
1059,1060,1061
1062,1063,1064
1053,1054,1055
1062,1063,1064
1056,1057,1058
1047,1048,1049
1041,1042,1043
1065,1066,1067
1047,1048,1049
1065,1066,1067
1059,1060,1061
1059,1060,1061
1065,1066,1067
1068,1069,1070
1059,1060,1061
1068,1069,1070
1062,1063,1064
1065,1066,1067
1041,1042,1043
1071,1072,1073
1065,1066,1067
1071,1072,1073
1068,1069,1070
1041,1042,1043
1044,1045,1046
1071,1072,1073
1071,1072,1073
1044,1045,1046
1074,1075,1076
1071,1072,1073
1074,1075,1076
1077,1078,1079
1071,1072,1073
1077,1078,1079
1068,1069,1070
1044,1045,1046
1020,1021,1022
1080,1081,1082
1044,1045,1046
1080,1081,1082
1074,1075,1076
1074,1075,1076
1080,1081,1082
1083,1084,1085
1074,1075,1076
1083,1084,1085
1077,1078,1079
1080,1081,1082
1020,1021,1022
1086,1087,1088
1080,1081,1082
1086,1087,1088
1083,1084,1085
1086,1087,1088
1020,1021,1022
1089,1090,1091
1086,1087,1088
1089,1090,1091
1083,1084,1085
1020,1021,1022
1008,1009,1010
1089,1090,1091
1089,1090,1091
1008,1009,1010
1092,1093,1094
1089,1090,1091
1092,1093,1094
1083,1084,1085
1008,1009,1010
999,1000,1001
1092,1093,1094
1083,1084,1085
1092,1093,1094
1095,1096,1097
1083,1084,1085
1095,1096,1097
1077,1078,1079
1077,1078,1079
1095,1096,1097
1068,1069,1070
1092,1093,1094
999,1000,1001
1098,1099,1100
1092,1093,1094
1098,1099,1100
1095,1096,1097
1095,1096,1097
1098,1099,1100
1101,1102,1103
1095,1096,1097
1101,1102,1103
1068,1069,1070
1068,1069,1070
1101,1102,1103
1062,1063,1064
1062,1063,1064
1101,1102,1103
1104,1105,1106
1062,1063,1064
1104,1105,1106
1056,1057,1058
1056,1057,1058
1104,1105,1106
1107,1108,1109
1056,1057,1058
1107,1108,1109
1035,1036,1037
1107,1108,1109
1104,1105,1106
1110,1111,1112
1107,1108,1109
1110,1111,1112
1035,1036,1037
1035,1036,1037
1110,1111,1112
1029,1030,1031
1110,1111,1112
1104,1105,1106
1113,1114,1115
1110,1111,1112
1113,1114,1115
1029,1030,1031
1113,1114,1115
1104,1105,1106
1116,1117,1118
1113,1114,1115
1116,1117,1118
1029,1030,1031
1029,1030,1031
1116,1117,1118
996,997,998
1104,1105,1106
1101,1102,1103
1119,1120,1121
1104,1105,1106
1119,1120,1121
1116,1117,1118
1101,1102,1103
1098,1099,1100
1122,1123,1124
1101,1102,1103
1122,1123,1124
1119,1120,1121
1119,1120,1121
1122,1123,1124
1125,1126,1127
1119,1120,1121
1125,1126,1127
1116,1117,1118
1125,1126,1127
1122,1123,1124
1128,1129,1130
1125,1126,1127
1128,1129,1130
1116,1117,1118
1116,1117,1118
1128,1129,1130
1131,1132,1133
1116,1117,1118
1131,1132,1133
996,997,998
1098,1099,1100
999,1000,1001
1134,1135,1136
1098,1099,1100
1134,1135,1136
1122,1123,1124
999,1000,1001
966,967,968
1134,1135,1136
1122,1123,1124
1134,1135,1136
1137,1138,1139
1122,1123,1124
1137,1138,1139
1128,1129,1130
1134,1135,1136
966,967,968
1140,1141,1142
1134,1135,1136
1140,1141,1142
1137,1138,1139
966,967,968
948,949,950
1140,1141,1142
1128,1129,1130
1137,1138,1139
1143,1144,1145
1128,1129,1130
1143,1144,1145
1131,1132,1133
1131,1132,1133
1143,1144,1145
1146,1147,1148
1131,1132,1133
1146,1147,1148
996,997,998
996,997,998
1146,1147,1148
990,991,992
1143,1144,1145
1137,1138,1139
1149,1150,1151
1143,1144,1145
1149,1150,1151
1146,1147,1148
1146,1147,1148
1149,1150,1151
1152,1153,1154
1146,1147,1148
1152,1153,1154
990,991,992
1137,1138,1139
1140,1141,1142
1155,1156,1157
1137,1138,1139
1155,1156,1157
1149,1150,1151
1149,1150,1151
1155,1156,1157
1158,1159,1160
1149,1150,1151
1158,1159,1160
1152,1153,1154
1152,1153,1154
1158,1159,1160
1161,1162,1163
1152,1153,1154
1161,1162,1163
990,991,992
990,991,992
1161,1162,1163
885,886,887
1158,1159,1160
1155,1156,1157
1164,1165,1166
1158,1159,1160
1164,1165,1166
1161,1162,1163
1161,1162,1163
1164,1165,1166
1167,1168,1169
1161,1162,1163
1167,1168,1169
885,886,887
885,886,887
1167,1168,1169
876,877,878
1167,1168,1169
1164,1165,1166
1170,1171,1172
1167,1168,1169
1170,1171,1172
876,877,878
876,877,878
1170,1171,1172
858,859,860
1164,1165,1166
1155,1156,1157
1173,1174,1175
1164,1165,1166
1173,1174,1175
1170,1171,1172
1170,1171,1172
1173,1174,1175
1176,1177,1178
1170,1171,1172
1176,1177,1178
858,859,860
858,859,860
1176,1177,1178
843,844,845
1155,1156,1157
1140,1141,1142
1179,1180,1181
1155,1156,1157
1179,1180,1181
1173,1174,1175
1140,1141,1142
948,949,950
1179,1180,1181
948,949,950
942,943,944
1179,1180,1181
1179,1180,1181
942,943,944
1182,1183,1184
1179,1180,1181
1182,1183,1184
1173,1174,1175
1173,1174,1175
1182,1183,1184
1176,1177,1178
942,943,944
933,934,935
1182,1183,1184
1182,1183,1184
933,934,935
1185,1186,1187
1182,1183,1184
1185,1186,1187
1176,1177,1178
1176,1177,1178
1185,1186,1187
843,844,845
843,844,845
1185,1186,1187
771,772,773
1185,1186,1187
933,934,935
1188,1189,1190
1185,1186,1187
1188,1189,1190
771,772,773
933,934,935
912,913,914
1188,1189,1190
771,772,773
1188,1189,1190
762,763,764
912,913,914
906,907,908
1191,1192,1193
912,913,914
1191,1192,1193
1188,1189,1190
1191,1192,1193
906,907,908
1194,1195,1196
1191,1192,1193
1194,1195,1196
1188,1189,1190
1188,1189,1190
1194,1195,1196
762,763,764
906,907,908
897,898,899
1197,1198,1199
906,907,908
1197,1198,1199
1194,1195,1196
1197,1198,1199
897,898,899
1200,1201,1202
1197,1198,1199
1200,1201,1202
1194,1195,1196
897,898,899
900,901,902
1200,1201,1202
1194,1195,1196
1200,1201,1202
1203,1204,1205
1194,1195,1196
1203,1204,1205
762,763,764
1203,1204,1205
1200,1201,1202
1206,1207,1208
1203,1204,1205
1206,1207,1208
762,763,764
762,763,764
1206,1207,1208
756,757,758
1206,1207,1208
1200,1201,1202
756,757,758
1200,1201,1202
900,901,902
1209,1210,1211
1200,1201,1202
1209,1210,1211
756,757,758
1209,1210,1211
900,901,902
1212,1213,1214
1209,1210,1211
1212,1213,1214
756,757,758
756,757,758
1212,1213,1214
753,754,755
1212,1213,1214
900,901,902
753,754,755
900,901,902
903,904,905
753,754,755
753,754,755
903,904,905
1215,1216,1217
753,754,755
1215,1216,1217
735,736,737
903,904,905
819,820,821
1218,1219,1220
903,904,905
1218,1219,1220
1215,1216,1217
1215,1216,1217
1218,1219,1220
1221,1222,1223
1215,1216,1217
1221,1222,1223
735,736,737
1221,1222,1223
1218,1219,1220
1224,1225,1226
1221,1222,1223
1224,1225,1226
735,736,737
735,736,737
1224,1225,1226
720,721,722
819,820,821
816,817,818
1227,1228,1229
819,820,821
1227,1228,1229
1218,1219,1220
1218,1219,1220
1227,1228,1229
1230,1231,1232
1218,1219,1220
1230,1231,1232
1224,1225,1226
1224,1225,1226
1230,1231,1232
1233,1234,1235
1224,1225,1226
1233,1234,1235
720,721,722
1227,1228,1229
816,817,818
1236,1237,1238
1227,1228,1229
1236,1237,1238
1239,1240,1241
1227,1228,1229
1239,1240,1241
1230,1231,1232
816,817,818
813,814,815
1242,1243,1244
816,817,818
1242,1243,1244
1236,1237,1238
1230,1231,1232
1239,1240,1241
1245,1246,1247
1230,1231,1232
1245,1246,1247
1248,1249,1250
1230,1231,1232
1248,1249,1250
1233,1234,1235
1239,1240,1241
1236,1237,1238
1251,1252,1253
1239,1240,1241
1251,1252,1253
1254,1255,1256
1239,1240,1241
1254,1255,1256
1245,1246,1247
1245,1246,1247
1254,1255,1256
1257,1258,1259
1245,1246,1247
1257,1258,1259
1260,1261,1262
1245,1246,1247
1260,1261,1262
1248,1249,1250
1260,1261,1262
1257,1258,1259
1263,1264,1265
1260,1261,1262
1263,1264,1265
1266,1267,1268
1260,1261,1262
1266,1267,1268
1248,1249,1250
1263,1264,1265
1257,1258,1259
1269,1270,1271
1263,1264,1265
1269,1270,1271
1266,1267,1268
1257,1258,1259
1254,1255,1256
1272,1273,1274
1257,1258,1259
1272,1273,1274
1275,1276,1277
1257,1258,1259
1275,1276,1277
1269,1270,1271
1254,1255,1256
1251,1252,1253
1278,1279,1280
1254,1255,1256
1278,1279,1280
1272,1273,1274
1272,1273,1274
1278,1279,1280
1281,1282,1283
1272,1273,1274
1281,1282,1283
1284,1285,1286
1272,1273,1274
1284,1285,1286
1275,1276,1277
1236,1237,1238
1242,1243,1244
1287,1288,1289
1236,1237,1238
1287,1288,1289
1290,1291,1292
1236,1237,1238
1290,1291,1292
1251,1252,1253
1287,1288,1289
1242,1243,1244
1293,1294,1295
1287,1288,1289
1293,1294,1295
1290,1291,1292
1290,1291,1292
1293,1294,1295
1296,1297,1298
1290,1291,1292
1296,1297,1298
1251,1252,1253
1251,1252,1253
1296,1297,1298
1299,1300,1301
1251,1252,1253
1299,1300,1301
1278,1279,1280
1296,1297,1298
1293,1294,1295
1302,1303,1304
1296,1297,1298
1302,1303,1304
1299,1300,1301
1293,1294,1295
1242,1243,1244
1305,1306,1307
1293,1294,1295
1305,1306,1307
1308,1309,1310
1293,1294,1295
1308,1309,1310
1302,1303,1304
1242,1243,1244
813,814,815
501,502,503
1242,1243,1244
501,502,503
1305,1306,1307
1305,1306,1307
501,502,503
489,490,491
1305,1306,1307
489,490,491
1308,1309,1310
1302,1303,1304
1308,1309,1310
1311,1312,1313
1302,1303,1304
1311,1312,1313
1314,1315,1316
1302,1303,1304
1314,1315,1316
1299,1300,1301
1314,1315,1316
1311,1312,1313
1317,1318,1319
1314,1315,1316
1317,1318,1319
1299,1300,1301
1299,1300,1301
1317,1318,1319
1320,1321,1322
1299,1300,1301
1320,1321,1322
1278,1279,1280
1320,1321,1322
1317,1318,1319
1323,1324,1325
1320,1321,1322
1323,1324,1325
1278,1279,1280
1278,1279,1280
1323,1324,1325
1281,1282,1283
1317,1318,1319
1311,1312,1313
1326,1327,1328
1317,1318,1319
1326,1327,1328
1329,1330,1331
1317,1318,1319
1329,1330,1331
1323,1324,1325
1329,1330,1331
1326,1327,1328
1332,1333,1334
1329,1330,1331
1332,1333,1334
1323,1324,1325
1323,1324,1325
1332,1333,1334
1335,1336,1337
1323,1324,1325
1335,1336,1337
1281,1282,1283
1335,1336,1337
1332,1333,1334
1338,1339,1340
1335,1336,1337
1338,1339,1340
1281,1282,1283
1281,1282,1283
1338,1339,1340
1341,1342,1343
1281,1282,1283
1341,1342,1343
1284,1285,1286
1332,1333,1334
1326,1327,1328
1344,1345,1346
1332,1333,1334
1344,1345,1346
1347,1348,1349
1332,1333,1334
1347,1348,1349
1338,1339,1340
1347,1348,1349
1344,1345,1346
1350,1351,1352
1347,1348,1349
1350,1351,1352
1338,1339,1340
1338,1339,1340
1350,1351,1352
1353,1354,1355
1338,1339,1340
1353,1354,1355
1341,1342,1343
1353,1354,1355
1350,1351,1352
1356,1357,1358
1353,1354,1355
1356,1357,1358
1341,1342,1343
1350,1351,1352
1344,1345,1346
1359,1360,1361
1350,1351,1352
1359,1360,1361
1362,1363,1364
1350,1351,1352
1362,1363,1364
1356,1357,1358
1362,1363,1364
1359,1360,1361
1365,1366,1367
1362,1363,1364
1365,1366,1367
1368,1369,1370
1362,1363,1364
1368,1369,1370
1356,1357,1358
1359,1360,1361
1344,1345,1346
1371,1372,1373
1359,1360,1361
1371,1372,1373
1374,1375,1376
1359,1360,1361
1374,1375,1376
1365,1366,1367
1344,1345,1346
1326,1327,1328
1377,1378,1379
1344,1345,1346
1377,1378,1379
1371,1372,1373
1326,1327,1328
1311,1312,1313
1380,1381,1382
1326,1327,1328
1380,1381,1382
1377,1378,1379
1311,1312,1313
1308,1309,1310
1383,1384,1385
1311,1312,1313
1383,1384,1385
1380,1381,1382
1308,1309,1310
489,490,491
1386,1387,1388
1308,1309,1310
1386,1387,1388
1383,1384,1385
1383,1384,1385
1386,1387,1388
1389,1390,1391
1383,1384,1385
1389,1390,1391
1392,1393,1394
1383,1384,1385
1392,1393,1394
1380,1381,1382
1380,1381,1382
1392,1393,1394
1395,1396,1397
1380,1381,1382
1395,1396,1397
1377,1378,1379
1377,1378,1379
1395,1396,1397
1398,1399,1400
1377,1378,1379
1398,1399,1400
1371,1372,1373
1371,1372,1373
1398,1399,1400
1401,1402,1403
1371,1372,1373
1401,1402,1403
1374,1375,1376
1398,1399,1400
1395,1396,1397
1404,1405,1406
1398,1399,1400
1404,1405,1406
1407,1408,1409
1398,1399,1400
1407,1408,1409
1401,1402,1403
1407,1408,1409
1404,1405,1406
1410,1411,1412
1407,1408,1409
1410,1411,1412
1413,1414,1415
1407,1408,1409
1413,1414,1415
1401,1402,1403
1413,1414,1415
1410,1411,1412
1416,1417,1418
1413,1414,1415
1416,1417,1418
1401,1402,1403
1401,1402,1403
1416,1417,1418
1419,1420,1421
1401,1402,1403
1419,1420,1421
1422,1423,1424
1401,1402,1403
1422,1423,1424
1374,1375,1376
1374,1375,1376
1422,1423,1424
1425,1426,1427
1374,1375,1376
1425,1426,1427
1365,1366,1367
1365,1366,1367
1425,1426,1427
1428,1429,1430
1365,1366,1367
1428,1429,1430
1368,1369,1370
1425,1426,1427
1422,1423,1424
1431,1432,1433
1425,1426,1427
1431,1432,1433
1434,1435,1436
1425,1426,1427
1434,1435,1436
1428,1429,1430
1422,1423,1424
1419,1420,1421
1437,1438,1439
1422,1423,1424
1437,1438,1439
1431,1432,1433
1419,1420,1421
1416,1417,1418
1440,1441,1442
1419,1420,1421
1440,1441,1442
1437,1438,1439
1416,1417,1418
1410,1411,1412
1443,1444,1445
1416,1417,1418
1443,1444,1445
1440,1441,1442
1443,1444,1445
1410,1411,1412
1446,1447,1448
1443,1444,1445
1446,1447,1448
1449,1450,1451
1443,1444,1445
1449,1450,1451
1440,1441,1442
1440,1441,1442
1449,1450,1451
1452,1453,1454
1440,1441,1442
1452,1453,1454
1437,1438,1439
1452,1453,1454
1449,1450,1451
1455,1456,1457
1452,1453,1454
1455,1456,1457
1437,1438,1439
1455,1456,1457
1449,1450,1451
1458,1459,1460
1455,1456,1457
1458,1459,1460
1461,1462,1463
1455,1456,1457
1461,1462,1463
1437,1438,1439
1437,1438,1439
1461,1462,1463
1464,1465,1466
1437,1438,1439
1464,1465,1466
1431,1432,1433
1464,1465,1466
1461,1462,1463
1467,1468,1469
1464,1465,1466
1467,1468,1469
1470,1471,1472
1464,1465,1466
1470,1471,1472
1431,1432,1433
1461,1462,1463
1458,1459,1460
1473,1474,1475
1461,1462,1463
1473,1474,1475
1467,1468,1469
1467,1468,1469
1473,1474,1475
1476,1477,1478
1467,1468,1469
1476,1477,1478
1470,1471,1472
1431,1432,1433
1470,1471,1472
1479,1480,1481
1431,1432,1433
1479,1480,1481
1434,1435,1436
1470,1471,1472
1476,1477,1478
1482,1483,1484
1470,1471,1472
1482,1483,1484
1479,1480,1481
1482,1483,1484
1476,1477,1478
1485,1486,1487
1482,1483,1484
1485,1486,1487
1479,1480,1481
1485,1486,1487
1476,1477,1478
1488,1489,1490
1485,1486,1487
1488,1489,1490
1479,1480,1481
1479,1480,1481
1488,1489,1490
1491,1492,1493
1479,1480,1481
1491,1492,1493
1494,1495,1496
1479,1480,1481
1494,1495,1496
1434,1435,1436
1434,1435,1436
1494,1495,1496
1497,1498,1499
1434,1435,1436
1497,1498,1499
1428,1429,1430
1494,1495,1496
1491,1492,1493
1500,1501,1502
1494,1495,1496
1500,1501,1502
1503,1504,1505
1494,1495,1496
1503,1504,1505
1497,1498,1499
1476,1477,1478
1473,1474,1475
1506,1507,1508
1476,1477,1478
1506,1507,1508
1509,1510,1511
1476,1477,1478
1509,1510,1511
1488,1489,1490
1509,1510,1511
1506,1507,1508
1512,1513,1514
1509,1510,1511
1512,1513,1514
1488,1489,1490
1512,1513,1514
1506,1507,1508
1515,1516,1517
1512,1513,1514
1515,1516,1517
1488,1489,1490
1488,1489,1490
1515,1516,1517
1518,1519,1520
1488,1489,1490
1518,1519,1520
1491,1492,1493
1518,1519,1520
1515,1516,1517
1521,1522,1523
1518,1519,1520
1521,1522,1523
1491,1492,1493
1491,1492,1493
1521,1522,1523
1524,1525,1526
1491,1492,1493
1524,1525,1526
1500,1501,1502
1521,1522,1523
1515,1516,1517
1527,1528,1529
1521,1522,1523
1527,1528,1529
1524,1525,1526
1524,1525,1526
1527,1528,1529
1530,1531,1532
1524,1525,1526
1530,1531,1532
1533,1534,1535
1524,1525,1526
1533,1534,1535
1500,1501,1502
1500,1501,1502
1533,1534,1535
1536,1537,1538
1500,1501,1502
1536,1537,1538
1503,1504,1505
1533,1534,1535
1530,1531,1532
1539,1540,1541
1533,1534,1535
1539,1540,1541
1542,1543,1544
1533,1534,1535
1542,1543,1544
1536,1537,1538
1530,1531,1532
1527,1528,1529
1545,1546,1547
1530,1531,1532
1545,1546,1547
1548,1549,1550
1530,1531,1532
1548,1549,1550
1539,1540,1541
1545,1546,1547
1527,1528,1529
1551,1552,1553
1545,1546,1547
1551,1552,1553
1548,1549,1550
1539,1540,1541
1548,1549,1550
1554,1555,1556
1539,1540,1541
1554,1555,1556
1557,1558,1559
1539,1540,1541
1557,1558,1559
1542,1543,1544
1557,1558,1559
1554,1555,1556
1560,1561,1562
1557,1558,1559
1560,1561,1562
1563,1564,1565
1557,1558,1559
1563,1564,1565
1542,1543,1544
1560,1561,1562
1554,1555,1556
1566,1567,1568
1560,1561,1562
1566,1567,1568
1569,1570,1571
1560,1561,1562
1569,1570,1571
1563,1564,1565
1554,1555,1556
1548,1549,1550
1572,1573,1574
1554,1555,1556
1572,1573,1574
1566,1567,1568
1566,1567,1568
1572,1573,1574
1575,1576,1577
1566,1567,1568
1575,1576,1577
1569,1570,1571
1548,1549,1550
1551,1552,1553
1578,1579,1580
1548,1549,1550
1578,1579,1580
1572,1573,1574
1572,1573,1574
1578,1579,1580
1581,1582,1583
1572,1573,1574
1581,1582,1583
1575,1576,1577
1578,1579,1580
1551,1552,1553
1584,1585,1586
1578,1579,1580
1584,1585,1586
1581,1582,1583
1551,1552,1553
1527,1528,1529
1587,1588,1589
1551,1552,1553
1587,1588,1589
1584,1585,1586
1584,1585,1586
1587,1588,1589
1590,1591,1592
1584,1585,1586
1590,1591,1592
1581,1582,1583
1587,1588,1589
1527,1528,1529
1593,1594,1595
1587,1588,1589
1593,1594,1595
1590,1591,1592
1593,1594,1595
1527,1528,1529
1596,1597,1598
1593,1594,1595
1596,1597,1598
1590,1591,1592
1527,1528,1529
1515,1516,1517
1596,1597,1598
1596,1597,1598
1515,1516,1517
1599,1600,1601
1596,1597,1598
1599,1600,1601
1590,1591,1592
1515,1516,1517
1506,1507,1508
1599,1600,1601
1590,1591,1592
1599,1600,1601
1602,1603,1604
1590,1591,1592
1602,1603,1604
1581,1582,1583
1581,1582,1583
1602,1603,1604
1575,1576,1577
1599,1600,1601
1506,1507,1508
1605,1606,1607
1599,1600,1601
1605,1606,1607
1602,1603,1604
1602,1603,1604
1605,1606,1607
1608,1609,1610
1602,1603,1604
1608,1609,1610
1575,1576,1577
1575,1576,1577
1608,1609,1610
1569,1570,1571
1569,1570,1571
1608,1609,1610
1611,1612,1613
1569,1570,1571
1611,1612,1613
1563,1564,1565
1563,1564,1565
1611,1612,1613
1614,1615,1616
1563,1564,1565
1614,1615,1616
1542,1543,1544
1614,1615,1616
1611,1612,1613
1617,1618,1619
1614,1615,1616
1617,1618,1619
1542,1543,1544
1542,1543,1544
1617,1618,1619
1536,1537,1538
1617,1618,1619
1611,1612,1613
1620,1621,1622
1617,1618,1619
1620,1621,1622
1536,1537,1538
1620,1621,1622
1611,1612,1613
1623,1624,1625
1620,1621,1622
1623,1624,1625
1536,1537,1538
1536,1537,1538
1623,1624,1625
1503,1504,1505
1611,1612,1613
1608,1609,1610
1626,1627,1628
1611,1612,1613
1626,1627,1628
1623,1624,1625
1608,1609,1610
1605,1606,1607
1629,1630,1631
1608,1609,1610
1629,1630,1631
1626,1627,1628
1626,1627,1628
1629,1630,1631
1632,1633,1634
1626,1627,1628
1632,1633,1634
1623,1624,1625
1632,1633,1634
1629,1630,1631
1635,1636,1637
1632,1633,1634
1635,1636,1637
1623,1624,1625
1623,1624,1625
1635,1636,1637
1638,1639,1640
1623,1624,1625
1638,1639,1640
1503,1504,1505
1605,1606,1607
1506,1507,1508
1641,1642,1643
1605,1606,1607
1641,1642,1643
1629,1630,1631
1506,1507,1508
1473,1474,1475
1641,1642,1643
1629,1630,1631
1641,1642,1643
1644,1645,1646
1629,1630,1631
1644,1645,1646
1635,1636,1637
1641,1642,1643
1473,1474,1475
1647,1648,1649
1641,1642,1643
1647,1648,1649
1644,1645,1646
1473,1474,1475
1458,1459,1460
1647,1648,1649
1635,1636,1637
1644,1645,1646
1650,1651,1652
1635,1636,1637
1650,1651,1652
1638,1639,1640
1638,1639,1640
1650,1651,1652
1653,1654,1655
1638,1639,1640
1653,1654,1655
1503,1504,1505
1503,1504,1505
1653,1654,1655
1497,1498,1499
1650,1651,1652
1644,1645,1646
1656,1657,1658
1650,1651,1652
1656,1657,1658
1653,1654,1655
1653,1654,1655
1656,1657,1658
1659,1660,1661
1653,1654,1655
1659,1660,1661
1497,1498,1499
1644,1645,1646
1647,1648,1649
1662,1663,1664
1644,1645,1646
1662,1663,1664
1656,1657,1658
1656,1657,1658
1662,1663,1664
1665,1666,1667
1656,1657,1658
1665,1666,1667
1659,1660,1661
1659,1660,1661
1665,1666,1667
1668,1669,1670
1659,1660,1661
1668,1669,1670
1497,1498,1499
1497,1498,1499
1668,1669,1670
1428,1429,1430
1665,1666,1667
1662,1663,1664
1671,1672,1673
1665,1666,1667
1671,1672,1673
1668,1669,1670
1668,1669,1670
1671,1672,1673
1674,1675,1676
1668,1669,1670
1674,1675,1676
1428,1429,1430
1428,1429,1430
1674,1675,1676
1368,1369,1370
1674,1675,1676
1671,1672,1673
1677,1678,1679
1674,1675,1676
1677,1678,1679
1368,1369,1370
1368,1369,1370
1677,1678,1679
1356,1357,1358
1671,1672,1673
1662,1663,1664
1680,1681,1682
1671,1672,1673
1680,1681,1682
1677,1678,1679
1677,1678,1679
1680,1681,1682
1683,1684,1685
1677,1678,1679
1683,1684,1685
1356,1357,1358
1356,1357,1358
1683,1684,1685
1341,1342,1343
1662,1663,1664
1647,1648,1649
1686,1687,1688
1662,1663,1664
1686,1687,1688
1680,1681,1682
1647,1648,1649
1458,1459,1460
1686,1687,1688
1458,1459,1460
1449,1450,1451
1686,1687,1688
1686,1687,1688
1449,1450,1451
1689,1690,1691
1686,1687,1688
1689,1690,1691
1680,1681,1682
1680,1681,1682
1689,1690,1691
1683,1684,1685
1449,1450,1451
1446,1447,1448
1689,1690,1691
1689,1690,1691
1446,1447,1448
1692,1693,1694
1689,1690,1691
1692,1693,1694
1683,1684,1685
1683,1684,1685
1692,1693,1694
1341,1342,1343
1341,1342,1343
1692,1693,1694
1284,1285,1286
1692,1693,1694
1446,1447,1448
1695,1696,1697
1692,1693,1694
1695,1696,1697
1284,1285,1286
1446,1447,1448
1410,1411,1412
1695,1696,1697
1284,1285,1286
1695,1696,1697
1275,1276,1277
1410,1411,1412
1404,1405,1406
1698,1699,1700
1410,1411,1412
1698,1699,1700
1695,1696,1697
1698,1699,1700
1404,1405,1406
1701,1702,1703
1698,1699,1700
1701,1702,1703
1695,1696,1697
1695,1696,1697
1701,1702,1703
1275,1276,1277
1404,1405,1406
1395,1396,1397
1704,1705,1706
1404,1405,1406
1704,1705,1706
1701,1702,1703
1704,1705,1706
1395,1396,1397
1707,1708,1709
1704,1705,1706
1707,1708,1709
1701,1702,1703
1395,1396,1397
1392,1393,1394
1707,1708,1709
1701,1702,1703
1707,1708,1709
1710,1711,1712
1701,1702,1703
1710,1711,1712
1275,1276,1277
1710,1711,1712
1707,1708,1709
1713,1714,1715
1710,1711,1712
1713,1714,1715
1275,1276,1277
1275,1276,1277
1713,1714,1715
1269,1270,1271
1713,1714,1715
1707,1708,1709
1269,1270,1271
1707,1708,1709
1392,1393,1394
1716,1717,1718
1707,1708,1709
1716,1717,1718
1269,1270,1271
1716,1717,1718
1392,1393,1394
1719,1720,1721
1716,1717,1718
1719,1720,1721
1269,1270,1271
1269,1270,1271
1719,1720,1721
1266,1267,1268
1719,1720,1721
1392,1393,1394
1266,1267,1268
1392,1393,1394
1389,1390,1391
1266,1267,1268
1266,1267,1268
1389,1390,1391
1722,1723,1724
1266,1267,1268
1722,1723,1724
1248,1249,1250
1389,1390,1391
1386,1387,1388
1725,1726,1727
1389,1390,1391
1725,1726,1727
1722,1723,1724
1722,1723,1724
1725,1726,1727
1728,1729,1730
1722,1723,1724
1728,1729,1730
1248,1249,1250
1728,1729,1730
1725,1726,1727
1731,1732,1733
1728,1729,1730
1731,1732,1733
1248,1249,1250
1248,1249,1250
1731,1732,1733
1233,1234,1235
1386,1387,1388
489,490,491
480,481,482
1386,1387,1388
480,481,482
1725,1726,1727
1725,1726,1727
480,481,482
474,475,476
1725,1726,1727
474,475,476
1731,1732,1733
1731,1732,1733
474,475,476
516,517,518
1731,1732,1733
516,517,518
1233,1234,1235
672,673,674
699,700,701
1734,1735,1736
672,673,674
1734,1735,1736
1737,1738,1739
672,673,674
1737,1738,1739
663,664,665
663,664,665
1737,1738,1739
1740,1741,1742
663,664,665
1740,1741,1742
666,667,668
1737,1738,1739
1734,1735,1736
1743,1744,1745
1737,1738,1739
1743,1744,1745
1746,1747,1748
1737,1738,1739
1746,1747,1748
1740,1741,1742
699,700,701
696,697,698
1749,1750,1751
699,700,701
1749,1750,1751
1752,1753,1754
699,700,701
1752,1753,1754
1734,1735,1736
1749,1750,1751
696,697,698
1755,1756,1757
1749,1750,1751
1755,1756,1757
1758,1759,1760
1749,1750,1751
1758,1759,1760
1752,1753,1754
1755,1756,1757
696,697,698
1761,1762,1763
1755,1756,1757
1761,1762,1763
1758,1759,1760
696,697,698
693,694,695
1761,1762,1763
1734,1735,1736
1752,1753,1754
1764,1765,1766
1734,1735,1736
1764,1765,1766
1767,1768,1769
1734,1735,1736
1767,1768,1769
1743,1744,1745
1764,1765,1766
1752,1753,1754
1770,1771,1772
1764,1765,1766
1770,1771,1772
1767,1768,1769
1752,1753,1754
1758,1759,1760
1773,1774,1775
1752,1753,1754
1773,1774,1775
1770,1771,1772
1773,1774,1775
1758,1759,1760
1776,1777,1778
1773,1774,1775
1776,1777,1778
1770,1771,1772
1770,1771,1772
1776,1777,1778
1779,1780,1781
1770,1771,1772
1779,1780,1781
1782,1783,1784
1770,1771,1772
1782,1783,1784
1767,1768,1769
1782,1783,1784
1779,1780,1781
1785,1786,1787
1782,1783,1784
1785,1786,1787
1788,1789,1790
1782,1783,1784
1788,1789,1790
1767,1768,1769
1788,1789,1790
1785,1786,1787
1791,1792,1793
1788,1789,1790
1791,1792,1793
1767,1768,1769
1767,1768,1769
1791,1792,1793
1794,1795,1796
1767,1768,1769
1794,1795,1796
1743,1744,1745
1794,1795,1796
1791,1792,1793
1797,1798,1799
1794,1795,1796
1797,1798,1799
1800,1801,1802
1794,1795,1796
1800,1801,1802
1743,1744,1745
1791,1792,1793
1785,1786,1787
1803,1804,1805
1791,1792,1793
1803,1804,1805
1797,1798,1799
1797,1798,1799
1803,1804,1805
1806,1807,1808
1797,1798,1799
1806,1807,1808
1800,1801,1802
1743,1744,1745
1800,1801,1802
1809,1810,1811
1743,1744,1745
1809,1810,1811
1746,1747,1748
1800,1801,1802
1806,1807,1808
1812,1813,1814
1800,1801,1802
1812,1813,1814
1809,1810,1811
1812,1813,1814
1806,1807,1808
1815,1816,1817
1812,1813,1814
1815,1816,1817
1809,1810,1811
1815,1816,1817
1806,1807,1808
1818,1819,1820
1815,1816,1817
1818,1819,1820
1809,1810,1811
1809,1810,1811
1818,1819,1820
1821,1822,1823
1809,1810,1811
1821,1822,1823
1824,1825,1826
1809,1810,1811
1824,1825,1826
1746,1747,1748
1746,1747,1748
1824,1825,1826
1827,1828,1829
1746,1747,1748
1827,1828,1829
1740,1741,1742
1824,1825,1826
1821,1822,1823
1830,1831,1832
1824,1825,1826
1830,1831,1832
1833,1834,1835
1824,1825,1826
1833,1834,1835
1827,1828,1829
1806,1807,1808
1803,1804,1805
1836,1837,1838
1806,1807,1808
1836,1837,1838
1839,1840,1841
1806,1807,1808
1839,1840,1841
1818,1819,1820
1839,1840,1841
1836,1837,1838
1842,1843,1844
1839,1840,1841
1842,1843,1844
1818,1819,1820
1842,1843,1844
1836,1837,1838
1845,1846,1847
1842,1843,1844
1845,1846,1847
1818,1819,1820
1818,1819,1820
1845,1846,1847
1848,1849,1850
1818,1819,1820
1848,1849,1850
1821,1822,1823
1848,1849,1850
1845,1846,1847
1851,1852,1853
1848,1849,1850
1851,1852,1853
1821,1822,1823
1821,1822,1823
1851,1852,1853
1854,1855,1856
1821,1822,1823
1854,1855,1856
1830,1831,1832
1851,1852,1853
1845,1846,1847
1857,1858,1859
1851,1852,1853
1857,1858,1859
1854,1855,1856
1854,1855,1856
1857,1858,1859
1860,1861,1862
1854,1855,1856
1860,1861,1862
1863,1864,1865
1854,1855,1856
1863,1864,1865
1830,1831,1832
1830,1831,1832
1863,1864,1865
1866,1867,1868
1830,1831,1832
1866,1867,1868
1833,1834,1835
1863,1864,1865
1860,1861,1862
1869,1870,1871
1863,1864,1865
1869,1870,1871
1872,1873,1874
1863,1864,1865
1872,1873,1874
1866,1867,1868
1860,1861,1862
1857,1858,1859
1875,1876,1877
1860,1861,1862
1875,1876,1877
1878,1879,1880
1860,1861,1862
1878,1879,1880
1869,1870,1871
1875,1876,1877
1857,1858,1859
1881,1882,1883
1875,1876,1877
1881,1882,1883
1878,1879,1880
1869,1870,1871
1878,1879,1880
1884,1885,1886
1869,1870,1871
1884,1885,1886
1887,1888,1889
1869,1870,1871
1887,1888,1889
1872,1873,1874
1887,1888,1889
1884,1885,1886
1890,1891,1892
1887,1888,1889
1890,1891,1892
1893,1894,1895
1887,1888,1889
1893,1894,1895
1872,1873,1874
1890,1891,1892
1884,1885,1886
1896,1897,1898
1890,1891,1892
1896,1897,1898
1899,1900,1901
1890,1891,1892
1899,1900,1901
1893,1894,1895
1884,1885,1886
1878,1879,1880
1902,1903,1904
1884,1885,1886
1902,1903,1904
1896,1897,1898
1896,1897,1898
1902,1903,1904
1905,1906,1907
1896,1897,1898
1905,1906,1907
1899,1900,1901
1878,1879,1880
1881,1882,1883
1908,1909,1910
1878,1879,1880
1908,1909,1910
1902,1903,1904
1902,1903,1904
1908,1909,1910
1911,1912,1913
1902,1903,1904
1911,1912,1913
1905,1906,1907
1908,1909,1910
1881,1882,1883
1914,1915,1916
1908,1909,1910
1914,1915,1916
1911,1912,1913
1881,1882,1883
1857,1858,1859
1917,1918,1919
1881,1882,1883
1917,1918,1919
1914,1915,1916
1914,1915,1916
1917,1918,1919
1920,1921,1922
1914,1915,1916
1920,1921,1922
1911,1912,1913
1917,1918,1919
1857,1858,1859
1923,1924,1925
1917,1918,1919
1923,1924,1925
1920,1921,1922
1923,1924,1925
1857,1858,1859
1926,1927,1928
1923,1924,1925
1926,1927,1928
1920,1921,1922
1857,1858,1859
1845,1846,1847
1926,1927,1928
1926,1927,1928
1845,1846,1847
1929,1930,1931
1926,1927,1928
1929,1930,1931
1920,1921,1922
1845,1846,1847
1836,1837,1838
1929,1930,1931
1920,1921,1922
1929,1930,1931
1932,1933,1934
1920,1921,1922
1932,1933,1934
1911,1912,1913
1911,1912,1913
1932,1933,1934
1905,1906,1907
1929,1930,1931
1836,1837,1838
1935,1936,1937
1929,1930,1931
1935,1936,1937
1932,1933,1934
1932,1933,1934
1935,1936,1937
1938,1939,1940
1932,1933,1934
1938,1939,1940
1905,1906,1907
1905,1906,1907
1938,1939,1940
1899,1900,1901
1899,1900,1901
1938,1939,1940
1941,1942,1943
1899,1900,1901
1941,1942,1943
1893,1894,1895
1893,1894,1895
1941,1942,1943
1944,1945,1946
1893,1894,1895
1944,1945,1946
1872,1873,1874
1944,1945,1946
1941,1942,1943
1947,1948,1949
1944,1945,1946
1947,1948,1949
1872,1873,1874
1872,1873,1874
1947,1948,1949
1866,1867,1868
1947,1948,1949
1941,1942,1943
1950,1951,1952
1947,1948,1949
1950,1951,1952
1866,1867,1868
1950,1951,1952
1941,1942,1943
1953,1954,1955
1950,1951,1952
1953,1954,1955
1866,1867,1868
1866,1867,1868
1953,1954,1955
1833,1834,1835
1941,1942,1943
1938,1939,1940
1956,1957,1958
1941,1942,1943
1956,1957,1958
1953,1954,1955
1938,1939,1940
1935,1936,1937
1959,1960,1961
1938,1939,1940
1959,1960,1961
1956,1957,1958
1956,1957,1958
1959,1960,1961
1962,1963,1964
1956,1957,1958
1962,1963,1964
1953,1954,1955
1962,1963,1964
1959,1960,1961
1965,1966,1967
1962,1963,1964
1965,1966,1967
1953,1954,1955
1953,1954,1955
1965,1966,1967
1968,1969,1970
1953,1954,1955
1968,1969,1970
1833,1834,1835
1935,1936,1937
1836,1837,1838
1971,1972,1973
1935,1936,1937
1971,1972,1973
1959,1960,1961
1836,1837,1838
1803,1804,1805
1971,1972,1973
1959,1960,1961
1971,1972,1973
1974,1975,1976
1959,1960,1961
1974,1975,1976
1965,1966,1967
1971,1972,1973
1803,1804,1805
1977,1978,1979
1971,1972,1973
1977,1978,1979
1974,1975,1976
1803,1804,1805
1785,1786,1787
1977,1978,1979
1965,1966,1967
1974,1975,1976
1980,1981,1982
1965,1966,1967
1980,1981,1982
1968,1969,1970
1968,1969,1970
1980,1981,1982
1983,1984,1985
1968,1969,1970
1983,1984,1985
1833,1834,1835
1833,1834,1835
1983,1984,1985
1827,1828,1829
1980,1981,1982
1974,1975,1976
1986,1987,1988
1980,1981,1982
1986,1987,1988
1983,1984,1985
1983,1984,1985
1986,1987,1988
1989,1990,1991
1983,1984,1985
1989,1990,1991
1827,1828,1829
1974,1975,1976
1977,1978,1979
1992,1993,1994
1974,1975,1976
1992,1993,1994
1986,1987,1988
1986,1987,1988
1992,1993,1994
1995,1996,1997
1986,1987,1988
1995,1996,1997
1989,1990,1991
1989,1990,1991
1995,1996,1997
1998,1999,2000
1989,1990,1991
1998,1999,2000
1827,1828,1829
1827,1828,1829
1998,1999,2000
1740,1741,1742
1995,1996,1997
1992,1993,1994
2001,2002,2003
1995,1996,1997
2001,2002,2003
1998,1999,2000
1998,1999,2000
2001,2002,2003
2004,2005,2006
1998,1999,2000
2004,2005,2006
1740,1741,1742
1740,1741,1742
2004,2005,2006
666,667,668
2004,2005,2006
2001,2002,2003
2007,2008,2009
2004,2005,2006
2007,2008,2009
666,667,668
666,667,668
2007,2008,2009
654,655,656
2001,2002,2003
1992,1993,1994
2010,2011,2012
2001,2002,2003
2010,2011,2012
2007,2008,2009
2007,2008,2009
2010,2011,2012
2013,2014,2015
2007,2008,2009
2013,2014,2015
654,655,656
654,655,656
2013,2014,2015
639,640,641
1992,1993,1994
1977,1978,1979
2016,2017,2018
1992,1993,1994
2016,2017,2018
2010,2011,2012
1977,1978,1979
1785,1786,1787
2016,2017,2018
1785,1786,1787
1779,1780,1781
2016,2017,2018
2016,2017,2018
1779,1780,1781
2019,2020,2021
2016,2017,2018
2019,2020,2021
2010,2011,2012
2010,2011,2012
2019,2020,2021
2013,2014,2015
1779,1780,1781
1776,1777,1778
2019,2020,2021
2019,2020,2021
1776,1777,1778
2022,2023,2024
2019,2020,2021
2022,2023,2024
2013,2014,2015
2013,2014,2015
2022,2023,2024
639,640,641
639,640,641
2022,2023,2024
576,577,578
2022,2023,2024
1776,1777,1778
2025,2026,2027
2022,2023,2024
2025,2026,2027
576,577,578
1776,1777,1778
1758,1759,1760
2025,2026,2027
576,577,578
2025,2026,2027
567,568,569
1758,1759,1760
1761,1762,1763
2028,2029,2030
1758,1759,1760
2028,2029,2030
2025,2026,2027
2028,2029,2030
1761,1762,1763
2031,2032,2033
2028,2029,2030
2031,2032,2033
2025,2026,2027
2025,2026,2027
2031,2032,2033
567,568,569
1761,1762,1763
693,694,695
2034,2035,2036
1761,1762,1763
2034,2035,2036
2031,2032,2033
2034,2035,2036
693,694,695
2037,2038,2039
2034,2035,2036
2037,2038,2039
2031,2032,2033
693,694,695
690,691,692
2037,2038,2039
2031,2032,2033
2037,2038,2039
2040,2041,2042
2031,2032,2033
2040,2041,2042
567,568,569
2040,2041,2042
2037,2038,2039
2043,2044,2045
2040,2041,2042
2043,2044,2045
567,568,569
567,568,569
2043,2044,2045
561,562,563
2043,2044,2045
2037,2038,2039
561,562,563
2037,2038,2039
690,691,692
2046,2047,2048
2037,2038,2039
2046,2047,2048
561,562,563
2046,2047,2048
690,691,692
2049,2050,2051
2046,2047,2048
2049,2050,2051
561,562,563
690,691,692
558,559,560
2049,2050,2051
2049,2050,2051
558,559,560
561,562,563
501,502,503
813,814,815
2052,2053,2054
501,502,503
2052,2053,2054
2055,2056,2057
501,502,503
2055,2056,2057
2058,2059,2060
501,502,503
2058,2059,2060
2061,2062,2063
501,502,503
2061,2062,2063
2064,2065,2066
501,502,503
2064,2065,2066
2067,2068,2069
501,502,503
2067,2068,2069
2070,2071,2072
501,502,503
2070,2071,2072
2073,2074,2075
501,502,503
2073,2074,2075
2076,2077,2078
501,502,503
2076,2077,2078
2079,2080,2081
501,502,503
2079,2080,2081
498,499,500
2076,2077,2078
2073,2074,2075
2082,2083,2084
2076,2077,2078
2082,2083,2084
2085,2086,2087
2076,2077,2078
2085,2086,2087
2079,2080,2081
2073,2074,2075
2070,2071,2072
2088,2089,2090
2073,2074,2075
2088,2089,2090
2082,2083,2084
2082,2083,2084
2088,2089,2090
516,517,518
2082,2083,2084
516,517,518
2085,2086,2087
2088,2089,2090
2070,2071,2072
2091,2092,2093
2088,2089,2090
2091,2092,2093
516,517,518
2070,2071,2072
2067,2068,2069
2091,2092,2093
2091,2092,2093
2067,2068,2069
2094,2095,2096
2091,2092,2093
2094,2095,2096
516,517,518
2067,2068,2069
2064,2065,2066
2094,2095,2096
2094,2095,2096
2064,2065,2066
2097,2098,2099
2094,2095,2096
2097,2098,2099
516,517,518
2064,2065,2066
2061,2062,2063
2097,2098,2099
2097,2098,2099
2061,2062,2063
2100,2101,2102
2097,2098,2099
2100,2101,2102
516,517,518
2061,2062,2063
2058,2059,2060
2100,2101,2102
2100,2101,2102
2058,2059,2060
2103,2104,2105
2100,2101,2102
2103,2104,2105
516,517,518
2058,2059,2060
2055,2056,2057
2103,2104,2105
2103,2104,2105
2055,2056,2057
2106,2107,2108
2103,2104,2105
2106,2107,2108
516,517,518
2055,2056,2057
2052,2053,2054
2106,2107,2108
2085,2086,2087
516,517,518
2109,2110,2111
2085,2086,2087
2109,2110,2111
2079,2080,2081
2079,2080,2081
2109,2110,2111
2112,2113,2114
2079,2080,2081
2112,2113,2114
498,499,500
2109,2110,2111
516,517,518
2115,2116,2117
2109,2110,2111
2115,2116,2117
2112,2113,2114
2112,2113,2114
2115,2116,2117
2118,2119,2120
2112,2113,2114
2118,2119,2120
498,499,500
2115,2116,2117
516,517,518
2121,2122,2123
2115,2116,2117
2121,2122,2123
2118,2119,2120
2118,2119,2120
2121,2122,2123
2124,2125,2126
2118,2119,2120
2124,2125,2126
498,499,500
2121,2122,2123
516,517,518
2127,2128,2129
2121,2122,2123
2127,2128,2129
2124,2125,2126
516,517,518
525,526,527
2127,2128,2129
516,517,518
2106,2107,2108
1233,1234,1235
2106,2107,2108
2052,2053,2054
2130,2131,2132
2106,2107,2108
2130,2131,2132
1233,1234,1235
2052,2053,2054
813,814,815
2133,2134,2135
2052,2053,2054
2133,2134,2135
2130,2131,2132
2130,2131,2132
2133,2134,2135
2136,2137,2138
2130,2131,2132
2136,2137,2138
1233,1234,1235
2133,2134,2135
813,814,815
2139,2140,2141
2133,2134,2135
2139,2140,2141
2136,2137,2138
2136,2137,2138
2139,2140,2141
2142,2143,2144
2136,2137,2138
2142,2143,2144
1233,1234,1235
2139,2140,2141
813,814,815
2145,2146,2147
2139,2140,2141
2145,2146,2147
2142,2143,2144
2142,2143,2144
2145,2146,2147
2148,2149,2150
2142,2143,2144
2148,2149,2150
1233,1234,1235
2145,2146,2147
813,814,815
2151,2152,2153
2145,2146,2147
2151,2152,2153
2148,2149,2150
2148,2149,2150
2151,2152,2153
2154,2155,2156
2148,2149,2150
2154,2155,2156
1233,1234,1235
2151,2152,2153
813,814,815
2157,2158,2159
2151,2152,2153
2157,2158,2159
2154,2155,2156
2154,2155,2156
2157,2158,2159
2160,2161,2162
2154,2155,2156
2160,2161,2162
1233,1234,1235
2157,2158,2159
813,814,815
2163,2164,2165
2157,2158,2159
2163,2164,2165
2160,2161,2162
2160,2161,2162
2163,2164,2165
2166,2167,2168
2160,2161,2162
2166,2167,2168
1233,1234,1235
2163,2164,2165
813,814,815
2169,2170,2171
2163,2164,2165
2169,2170,2171
2166,2167,2168
2166,2167,2168
2169,2170,2171
2172,2173,2174
2166,2167,2168
2172,2173,2174
1233,1234,1235
2169,2170,2171
813,814,815
2175,2176,2177
2169,2170,2171
2175,2176,2177
2172,2173,2174
2172,2173,2174
2175,2176,2177
2178,2179,2180
2172,2173,2174
2178,2179,2180
1233,1234,1235
2175,2176,2177
813,814,815
2181,2182,2183
2175,2176,2177
2181,2182,2183
2178,2179,2180
2178,2179,2180
2181,2182,2183
2184,2185,2186
2178,2179,2180
2184,2185,2186
1233,1234,1235
2181,2182,2183
813,814,815
2187,2188,2189
2181,2182,2183
2187,2188,2189
2184,2185,2186
2187,2188,2189
813,814,815
2190,2191,2192
2187,2188,2189
2190,2191,2192
2193,2194,2195
2187,2188,2189
2193,2194,2195
2184,2185,2186
2190,2191,2192
813,814,815
2196,2197,2198
2190,2191,2192
2196,2197,2198
2199,2200,2201
2190,2191,2192
2199,2200,2201
2193,2194,2195
813,814,815
603,604,605
2202,2203,2204
813,814,815
2202,2203,2204
2196,2197,2198
2196,2197,2198
2202,2203,2204
2205,2206,2207
2196,2197,2198
2205,2206,2207
2199,2200,2201
2199,2200,2201
2205,2206,2207
2208,2209,2210
2199,2200,2201
2208,2209,2210
2193,2194,2195
2205,2206,2207
2202,2203,2204
2211,2212,2213
2205,2206,2207
2211,2212,2213
2208,2209,2210
2202,2203,2204
603,604,605
2214,2215,2216
2202,2203,2204
2214,2215,2216
2211,2212,2213
2211,2212,2213
2214,2215,2216
2217,2218,2219
2211,2212,2213
2217,2218,2219
2208,2209,2210
2214,2215,2216
603,604,605
2220,2221,2222
2214,2215,2216
2220,2221,2222
2217,2218,2219
2217,2218,2219
2220,2221,2222
2223,2224,2225
2217,2218,2219
2223,2224,2225
2208,2209,2210
2220,2221,2222
603,604,605
2226,2227,2228
2220,2221,2222
2226,2227,2228
2223,2224,2225
2223,2224,2225
2226,2227,2228
2229,2230,2231
2223,2224,2225
2229,2230,2231
2208,2209,2210
2226,2227,2228
603,604,605
2232,2233,2234
2226,2227,2228
2232,2233,2234
2229,2230,2231
2229,2230,2231
2232,2233,2234
2235,2236,2237
2229,2230,2231
2235,2236,2237
2208,2209,2210
2232,2233,2234
603,604,605
2238,2239,2240
2232,2233,2234
2238,2239,2240
2235,2236,2237
2235,2236,2237
2238,2239,2240
2241,2242,2243
2235,2236,2237
2241,2242,2243
2208,2209,2210
2193,2194,2195
2208,2209,2210
2244,2245,2246
2193,2194,2195
2244,2245,2246
2184,2185,2186
2241,2242,2243
2238,2239,2240
2247,2248,2249
2241,2242,2243
2247,2248,2249
2250,2251,2252
2241,2242,2243
2250,2251,2252
2208,2209,2210
2238,2239,2240
603,604,605
2253,2254,2255
2238,2239,2240
2253,2254,2255
2247,2248,2249
2247,2248,2249
2253,2254,2255
2256,2257,2258
2247,2248,2249
2256,2257,2258
2250,2251,2252
2250,2251,2252
2256,2257,2258
2259,2260,2261
2250,2251,2252
2259,2260,2261
2208,2209,2210
2256,2257,2258
2253,2254,2255
2262,2263,2264
2256,2257,2258
2262,2263,2264
2265,2266,2267
2256,2257,2258
2265,2266,2267
2259,2260,2261
2259,2260,2261
2265,2266,2267
2268,2269,2270
2259,2260,2261
2268,2269,2270
525,526,527
2259,2260,2261
525,526,527
2208,2209,2210
2268,2269,2270
2265,2266,2267
2271,2272,2273
2268,2269,2270
2271,2272,2273
2274,2275,2276
2268,2269,2270
2274,2275,2276
525,526,527
2274,2275,2276
2271,2272,2273
2277,2278,2279
2274,2275,2276
2277,2278,2279
2127,2128,2129
2274,2275,2276
2127,2128,2129
525,526,527
2127,2128,2129
2277,2278,2279
2124,2125,2126
2277,2278,2279
2271,2272,2273
2280,2281,2282
2277,2278,2279
2280,2281,2282
2124,2125,2126
2271,2272,2273
2265,2266,2267
2280,2281,2282
2265,2266,2267
2262,2263,2264
2283,2284,2285
2265,2266,2267
2283,2284,2285
2286,2287,2288
2265,2266,2267
2286,2287,2288
2280,2281,2282
2286,2287,2288
2283,2284,2285
2289,2290,2291
2286,2287,2288
2289,2290,2291
2292,2293,2294
2286,2287,2288
2292,2293,2294
2280,2281,2282
2283,2284,2285
2262,2263,2264
2295,2296,2297
2283,2284,2285
2295,2296,2297
2289,2290,2291
2289,2290,2291
2295,2296,2297
720,721,722
2289,2290,2291
720,721,722
2292,2293,2294
2295,2296,2297
2262,2263,2264
2298,2299,2300
2295,2296,2297
2298,2299,2300
720,721,722
2262,2263,2264
2253,2254,2255
2298,2299,2300
2298,2299,2300
2253,2254,2255
2301,2302,2303
2298,2299,2300
2301,2302,2303
720,721,722
2253,2254,2255
603,604,605
2304,2305,2306
2253,2254,2255
2304,2305,2306
2301,2302,2303
2301,2302,2303
2304,2305,2306
2307,2308,2309
2301,2302,2303
2307,2308,2309
720,721,722
2304,2305,2306
603,604,605
2310,2311,2312
2304,2305,2306
2310,2311,2312
2307,2308,2309
2307,2308,2309
2310,2311,2312
2313,2314,2315
2307,2308,2309
2313,2314,2315
720,721,722
2310,2311,2312
603,604,605
2316,2317,2318
2310,2311,2312
2316,2317,2318
2313,2314,2315
2313,2314,2315
2316,2317,2318
2319,2320,2321
2313,2314,2315
2319,2320,2321
720,721,722
2316,2317,2318
603,604,605
2322,2323,2324
2316,2317,2318
2322,2323,2324
2319,2320,2321
2319,2320,2321
2322,2323,2324
2325,2326,2327
2319,2320,2321
2325,2326,2327
720,721,722
2322,2323,2324
603,604,605
2328,2329,2330
2322,2323,2324
2328,2329,2330
2325,2326,2327
2325,2326,2327
2328,2329,2330
2331,2332,2333
2325,2326,2327
2331,2332,2333
720,721,722
2328,2329,2330
603,604,605
2334,2335,2336
2328,2329,2330
2334,2335,2336
2331,2332,2333
2331,2332,2333
2334,2335,2336
2337,2338,2339
2331,2332,2333
2337,2338,2339
720,721,722
2334,2335,2336
603,604,605
2340,2341,2342
2334,2335,2336
2340,2341,2342
2337,2338,2339
2337,2338,2339
2340,2341,2342
2343,2344,2345
2337,2338,2339
2343,2344,2345
720,721,722
2340,2341,2342
603,604,605
2346,2347,2348
2340,2341,2342
2346,2347,2348
2343,2344,2345
2343,2344,2345
2346,2347,2348
2349,2350,2351
2343,2344,2345
2349,2350,2351
720,721,722
2346,2347,2348
603,604,605
2352,2353,2354
2346,2347,2348
2352,2353,2354
2349,2350,2351
2349,2350,2351
2352,2353,2354
2355,2356,2357
2349,2350,2351
2355,2356,2357
720,721,722
2352,2353,2354
603,604,605
2358,2359,2360
2352,2353,2354
2358,2359,2360
2355,2356,2357
603,604,605
498,499,500
2358,2359,2360
720,721,722
1233,1234,1235
2292,2293,2294
720,721,722
2355,2356,2357
525,526,527
2355,2356,2357
2358,2359,2360
2361,2362,2363
2355,2356,2357
2361,2362,2363
525,526,527
2358,2359,2360
498,499,500
2364,2365,2366
2358,2359,2360
2364,2365,2366
2361,2362,2363
2361,2362,2363
2364,2365,2366
2367,2368,2369
2361,2362,2363
2367,2368,2369
525,526,527
2364,2365,2366
498,499,500
2370,2371,2372
2364,2365,2366
2370,2371,2372
2367,2368,2369
2367,2368,2369
2370,2371,2372
2373,2374,2375
2367,2368,2369
2373,2374,2375
525,526,527
2370,2371,2372
498,499,500
2376,2377,2378
2370,2371,2372
2376,2377,2378
2373,2374,2375
2373,2374,2375
2376,2377,2378
2379,2380,2381
2373,2374,2375
2379,2380,2381
525,526,527
2376,2377,2378
498,499,500
2382,2383,2384
2376,2377,2378
2382,2383,2384
2379,2380,2381
2379,2380,2381
2382,2383,2384
2385,2386,2387
2379,2380,2381
2385,2386,2387
525,526,527
2382,2383,2384
498,499,500
2388,2389,2390
2382,2383,2384
2388,2389,2390
2385,2386,2387
2385,2386,2387
2388,2389,2390
2391,2392,2393
2385,2386,2387
2391,2392,2393
525,526,527
2388,2389,2390
498,499,500
2394,2395,2396
2388,2389,2390
2394,2395,2396
2391,2392,2393
2391,2392,2393
2394,2395,2396
2397,2398,2399
2391,2392,2393
2397,2398,2399
525,526,527
2394,2395,2396
498,499,500
2400,2401,2402
2394,2395,2396
2400,2401,2402
2397,2398,2399
2397,2398,2399
2400,2401,2402
2403,2404,2405
2397,2398,2399
2403,2404,2405
525,526,527
525,526,527
2403,2404,2405
2208,2209,2210
2403,2404,2405
2400,2401,2402
2406,2407,2408
2403,2404,2405
2406,2407,2408
2208,2209,2210
2400,2401,2402
498,499,500
2406,2407,2408
2406,2407,2408
498,499,500
2409,2410,2411
2406,2407,2408
2409,2410,2411
2208,2209,2210
2208,2209,2210
2409,2410,2411
2244,2245,2246
2409,2410,2411
498,499,500
2412,2413,2414
2409,2410,2411
2412,2413,2414
2244,2245,2246
2292,2293,2294
1233,1234,1235
2415,2416,2417
2292,2293,2294
2415,2416,2417
2280,2281,2282
2280,2281,2282
2415,2416,2417
2418,2419,2420
2280,2281,2282
2418,2419,2420
2124,2125,2126
2415,2416,2417
1233,1234,1235
2421,2422,2423
2415,2416,2417
2421,2422,2423
2418,2419,2420
2418,2419,2420
2421,2422,2423
2424,2425,2426
2418,2419,2420
2424,2425,2426
2124,2125,2126
2421,2422,2423
1233,1234,1235
2427,2428,2429
2421,2422,2423
2427,2428,2429
2424,2425,2426
2424,2425,2426
2427,2428,2429
2430,2431,2432
2424,2425,2426
2430,2431,2432
2124,2125,2126
2427,2428,2429
1233,1234,1235
2433,2434,2435
2427,2428,2429
2433,2434,2435
2430,2431,2432
2430,2431,2432
2433,2434,2435
2436,2437,2438
2430,2431,2432
2436,2437,2438
2124,2125,2126
2433,2434,2435
1233,1234,1235
2439,2440,2441
2433,2434,2435
2439,2440,2441
2436,2437,2438
1233,1234,1235
2184,2185,2186
2439,2440,2441
2436,2437,2438
2439,2440,2441
2442,2443,2444
2436,2437,2438
2442,2443,2444
2124,2125,2126
2439,2440,2441
2184,2185,2186
2445,2446,2447
2439,2440,2441
2445,2446,2447
2442,2443,2444
2442,2443,2444
2445,2446,2447
2448,2449,2450
2442,2443,2444
2448,2449,2450
2124,2125,2126
2445,2446,2447
2184,2185,2186
2451,2452,2453
2445,2446,2447
2451,2452,2453
2448,2449,2450
2448,2449,2450
2451,2452,2453
2454,2455,2456
2448,2449,2450
2454,2455,2456
2124,2125,2126
2124,2125,2126
2454,2455,2456
498,499,500
2451,2452,2453
2184,2185,2186
2457,2458,2459
2451,2452,2453
2457,2458,2459
2454,2455,2456
2454,2455,2456
2457,2458,2459
2460,2461,2462
2454,2455,2456
2460,2461,2462
498,499,500
2457,2458,2459
2184,2185,2186
2463,2464,2465
2457,2458,2459
2463,2464,2465
2460,2461,2462
2460,2461,2462
2463,2464,2465
2466,2467,2468
2460,2461,2462
2466,2467,2468
498,499,500
2463,2464,2465
2184,2185,2186
2469,2470,2471
2463,2464,2465
2469,2470,2471
2466,2467,2468
2466,2467,2468
2469,2470,2471
2472,2473,2474
2466,2467,2468
2472,2473,2474
498,499,500
2469,2470,2471
2184,2185,2186
2475,2476,2477
2469,2470,2471
2475,2476,2477
2472,2473,2474
2472,2473,2474
2475,2476,2477
2478,2479,2480
2472,2473,2474
2478,2479,2480
498,499,500
498,499,500
2478,2479,2480
2412,2413,2414
2478,2479,2480
2475,2476,2477
2481,2482,2483
2478,2479,2480
2481,2482,2483
2412,2413,2414
2475,2476,2477
2184,2185,2186
2481,2482,2483
2412,2413,2414
2481,2482,2483
2244,2245,2246
2481,2482,2483
2184,2185,2186
2244,2245,2246
