0,1,2
3,4,5
6,7,8
0,1,2
6,7,8
9,10,11
0,1,2
9,10,11
12,13,14
0,1,2
12,13,14
3,4,5
12,13,14
9,10,11
15,16,17
12,13,14
15,16,17
18,19,20
12,13,14
18,19,20
3,4,5
18,19,20
15,16,17
21,22,23
18,19,20
21,22,23
3,4,5
3,4,5
21,22,23
6,7,8
21,22,23
15,16,17
24,25,26
21,22,23
24,25,26
27,28,29
21,22,23
27,28,29
6,7,8
15,16,17
9,10,11
30,31,32
15,16,17
30,31,32
24,25,26
9,10,11
6,7,8
33,34,35
9,10,11
33,34,35
30,31,32
6,7,8
27,28,29
33,34,35
33,34,35
27,28,29
36,37,38
33,34,35
36,37,38
39,40,41
33,34,35
39,40,41
30,31,32
30,31,32
39,40,41
42,43,44
30,31,32
42,43,44
24,25,26
27,28,29
24,25,26
45,46,47
27,28,29
45,46,47
36,37,38
24,25,26
42,43,44
45,46,47
45,46,47
42,43,44
48,49,50
45,46,47
48,49,50
51,52,53
45,46,47
51,52,53
36,37,38
48,49,50
42,43,44
54,55,56
48,49,50
54,55,56
51,52,53
42,43,44
39,40,41
54,55,56
54,55,56
39,40,41
57,58,59
54,55,56
57,58,59
51,52,53
51,52,53
57,58,59
36,37,38
57,58,59
39,40,41
36,37,38
