0,1,2
3,4,5
6,7,8
6,7,8
3,4,5
9,10,11
6,7,8
9,10,11
12,13,14
6,7,8
12,13,14
0,1,2
3,4,5
0,1,2
15,16,17
3,4,5
15,16,17
9,10,11
15,16,17
0,1,2
18,19,20
15,16,17
18,19,20
21,22,23
15,16,17
21,22,23
24,25,26
15,16,17
24,25,26
9,10,11
24,25,26
21,22,23
27,28,29
24,25,26
27,28,29
30,31,32
24,25,26
30,31,32
9,10,11
9,10,11
30,31,32
33,34,35
9,10,11
33,34,35
12,13,14
21,22,23
18,19,20
36,37,38
21,22,23
36,37,38
39,40,41
21,22,23
39,40,41
27,28,29
39,40,41
36,37,38
42,43,44
39,40,41
42,43,44
27,28,29
18,19,20
0,1,2
45,46,47
18,19,20
45,46,47
36,37,38
45,46,47
0,1,2
48,49,50
45,46,47
48,49,50
51,52,53
45,46,47
51,52,53
36,37,38
0,1,2
12,13,14
54,55,56
0,1,2
54,55,56
48,49,50
51,52,53
48,49,50
57,58,59
51,52,53
57,58,59
60,61,62
51,52,53
60,61,62
36,37,38
60,61,62
57,58,59
63,64,65
60,61,62
63,64,65
66,67,68
60,61,62
66,67,68
36,37,38
63,64,65
57,58,59
69,70,71
63,64,65
69,70,71
72,73,74
63,64,65
72,73,74
66,67,68
72,73,74
69,70,71
75,76,77
72,73,74
75,76,77
78,79,80
72,73,74
78,79,80
66,67,68
66,67,68
78,79,80
81,82,83
66,67,68
81,82,83
36,37,38
81,82,83
78,79,80
84,85,86
81,82,83
84,85,86
87,88,89
81,82,83
87,88,89
36,37,38
87,88,89
84,85,86
90,91,92
87,88,89
90,91,92
93,94,95
87,88,89
93,94,95
36,37,38
90,91,92
84,85,86
96,97,98
90,91,92
96,97,98
99,100,101
90,91,92
99,100,101
93,94,95
99,100,101
96,97,98
102,103,104
99,100,101
102,103,104
105,106,107
99,100,101
105,106,107
93,94,95
93,94,95
105,106,107
108,109,110
93,94,95
108,109,110
36,37,38
108,109,110
105,106,107
111,112,113
108,109,110
111,112,113
114,115,116
108,109,110
114,115,116
36,37,38
114,115,116
111,112,113
117,118,119
114,115,116
117,118,119
120,121,122
114,115,116
120,121,122
36,37,38
120,121,122
117,118,119
123,124,125
120,121,122
123,124,125
126,127,128
120,121,122
126,127,128
36,37,38
126,127,128
123,124,125
129,130,131
126,127,128
129,130,131
36,37,38
117,118,119
111,112,113
132,133,134
117,118,119
132,133,134
135,136,137
117,118,119
135,136,137
123,124,125
123,124,125
135,136,137
138,139,140
123,124,125
138,139,140
141,142,143
123,124,125
141,142,143
129,130,131
138,139,140
135,136,137
144,145,146
138,139,140
144,145,146
141,142,143
144,145,146
135,136,137
147,148,149
144,145,146
147,148,149
141,142,143
135,136,137
132,133,134
150,151,152
135,136,137
150,151,152
147,148,149
147,148,149
150,151,152
153,154,155
147,148,149
153,154,155
156,157,158
147,148,149
156,157,158
141,142,143
141,142,143
156,157,158
159,160,161
141,142,143
159,160,161
129,130,131
156,157,158
153,154,155
162,163,164
156,157,158
162,163,164
159,160,161
129,130,131
159,160,161
165,166,167
129,130,131
165,166,167
36,37,38
165,166,167
159,160,161
168,169,170
165,166,167
168,169,170
36,37,38
159,160,161
162,163,164
171,172,173
159,160,161
171,172,173
168,169,170
171,172,173
162,163,164
174,175,176
171,172,173
174,175,176
177,178,179
171,172,173
177,178,179
168,169,170
168,169,170
177,178,179
42,43,44
168,169,170
42,43,44
36,37,38
177,178,179
174,175,176
180,181,182
177,178,179
180,181,182
183,184,185
177,178,179
183,184,185
42,43,44
180,181,182
174,175,176
186,187,188
180,181,182
186,187,188
183,184,185
186,187,188
174,175,176
189,190,191
186,187,188
189,190,191
183,184,185
174,175,176
162,163,164
192,193,194
174,175,176
192,193,194
189,190,191
162,163,164
153,154,155
195,196,197
162,163,164
195,196,197
192,193,194
153,154,155
150,151,152
198,199,200
153,154,155
198,199,200
195,196,197
195,196,197
198,199,200
201,202,203
195,196,197
201,202,203
192,193,194
192,193,194
201,202,203
204,205,206
192,193,194
204,205,206
189,190,191
189,190,191
204,205,206
207,208,209
189,190,191
207,208,209
183,184,185
183,184,185
207,208,209
27,28,29
183,184,185
27,28,29
42,43,44
207,208,209
204,205,206
30,31,32
207,208,209
30,31,32
27,28,29
204,205,206
201,202,203
210,211,212
204,205,206
210,211,212
213,214,215
204,205,206
213,214,215
30,31,32
213,214,215
210,211,212
216,217,218
213,214,215
216,217,218
33,34,35
213,214,215
33,34,35
30,31,32
150,151,152
132,133,134
219,220,221
150,151,152
219,220,221
222,223,224
150,151,152
222,223,224
198,199,200
132,133,134
111,112,113
225,226,227
132,133,134
225,226,227
228,229,230
132,133,134
228,229,230
219,220,221
225,226,227
111,112,113
231,232,233
225,226,227
231,232,233
228,229,230
111,112,113
105,106,107
231,232,233
231,232,233
105,106,107
228,229,230
105,106,107
102,103,104
234,235,236
105,106,107
234,235,236
228,229,230
228,229,230
234,235,236
237,238,239
228,229,230
237,238,239
219,220,221
234,235,236
102,103,104
240,241,242
234,235,236
240,241,242
237,238,239
102,103,104
96,97,98
240,241,242
219,220,221
237,238,239
243,244,245
219,220,221
243,244,245
222,223,224
237,238,239
240,241,242
246,247,248
237,238,239
246,247,248
243,244,245
240,241,242
96,97,98
249,250,251
240,241,242
249,250,251
246,247,248
243,244,245
246,247,248
252,253,254
243,244,245
252,253,254
255,256,257
243,244,245
255,256,257
222,223,224
255,256,257
252,253,254
258,259,260
255,256,257
258,259,260
261,262,263
255,256,257
261,262,263
222,223,224
252,253,254
246,247,248
264,265,266
252,253,254
264,265,266
258,259,260
264,265,266
246,247,248
267,268,269
264,265,266
267,268,269
270,271,272
264,265,266
270,271,272
258,259,260
246,247,248
249,250,251
273,274,275
246,247,248
273,274,275
267,268,269
267,268,269
273,274,275
276,277,278
267,268,269
276,277,278
279,280,281
267,268,269
279,280,281
270,271,272
276,277,278
273,274,275
282,283,284
276,277,278
282,283,284
279,280,281
282,283,284
273,274,275
285,286,287
282,283,284
285,286,287
288,289,290
282,283,284
288,289,290
279,280,281
285,286,287
273,274,275
291,292,293
285,286,287
291,292,293
294,295,296
285,286,287
294,295,296
288,289,290
279,280,281
288,289,290
297,298,299
279,280,281
297,298,299
300,301,302
279,280,281
300,301,302
270,271,272
270,271,272
300,301,302
303,304,305
270,271,272
303,304,305
258,259,260
300,301,302
297,298,299
306,307,308
300,301,302
306,307,308
309,310,311
300,301,302
309,310,311
303,304,305
303,304,305
309,310,311
312,313,314
303,304,305
312,313,314
315,316,317
303,304,305
315,316,317
258,259,260
258,259,260
315,316,317
318,319,320
258,259,260
318,319,320
261,262,263
261,262,263
318,319,320
321,322,323
261,262,263
321,322,323
222,223,224
321,322,323
318,319,320
324,325,326
321,322,323
324,325,326
222,223,224
222,223,224
324,325,326
198,199,200
324,325,326
318,319,320
327,328,329
324,325,326
327,328,329
330,331,332
324,325,326
330,331,332
198,199,200
318,319,320
315,316,317
333,334,335
318,319,320
333,334,335
327,328,329
315,316,317
312,313,314
336,337,338
315,316,317
336,337,338
333,334,335
333,334,335
336,337,338
339,340,341
333,334,335
339,340,341
342,343,344
333,334,335
342,343,344
327,328,329
327,328,329
342,343,344
345,346,347
327,328,329
345,346,347
330,331,332
330,331,332
345,346,347
348,349,350
330,331,332
348,349,350
198,199,200
348,349,350
345,346,347
351,352,353
348,349,350
351,352,353
201,202,203
348,349,350
201,202,203
198,199,200
351,352,353
345,346,347
354,355,356
351,352,353
354,355,356
357,358,359
351,352,353
357,358,359
201,202,203
345,346,347
342,343,344
360,361,362
345,346,347
360,361,362
354,355,356
342,343,344
339,340,341
363,364,365
342,343,344
363,364,365
360,361,362
360,361,362
363,364,365
366,367,368
360,361,362
366,367,368
369,370,371
360,361,362
369,370,371
354,355,356
363,364,365
339,340,341
372,373,374
363,364,365
372,373,374
375,376,377
363,364,365
375,376,377
366,367,368
357,358,359
354,355,356
378,379,380
357,358,359
378,379,380
210,211,212
357,358,359
210,211,212
201,202,203
354,355,356
369,370,371
381,382,383
354,355,356
381,382,383
378,379,380
378,379,380
381,382,383
384,385,386
378,379,380
384,385,386
210,211,212
384,385,386
381,382,383
387,388,389
384,385,386
387,388,389
216,217,218
384,385,386
216,217,218
210,211,212
387,388,389
381,382,383
390,391,392
387,388,389
390,391,392
393,394,395
387,388,389
393,394,395
216,217,218
381,382,383
369,370,371
396,397,398
381,382,383
396,397,398
390,391,392
369,370,371
366,367,368
399,400,401
369,370,371
399,400,401
396,397,398
396,397,398
399,400,401
402,403,404
396,397,398
402,403,404
405,406,407
396,397,398
405,406,407
390,391,392
390,391,392
405,406,407
408,409,410
390,391,392
408,409,410
393,394,395
393,394,395
408,409,410
411,412,413
393,394,395
411,412,413
216,217,218
411,412,413
408,409,410
414,415,416
411,412,413
414,415,416
417,418,419
411,412,413
417,418,419
216,217,218
414,415,416
408,409,410
420,421,422
414,415,416
420,421,422
417,418,419
417,418,419
420,421,422
423,424,425
417,418,419
423,424,425
33,34,35
417,418,419
33,34,35
216,217,218
423,424,425
420,421,422
426,427,428
423,424,425
426,427,428
12,13,14
423,424,425
12,13,14
33,34,35
408,409,410
405,406,407
429,430,431
408,409,410
429,430,431
432,433,434
408,409,410
432,433,434
420,421,422
405,406,407
402,403,404
435,436,437
405,406,407
435,436,437
429,430,431
429,430,431
435,436,437
438,439,440
429,430,431
438,439,440
441,442,443
429,430,431
441,442,443
432,433,434
420,421,422
432,433,434
444,445,446
420,421,422
444,445,446
447,448,449
420,421,422
447,448,449
426,427,428
444,445,446
432,433,434
450,451,452
444,445,446
450,451,452
447,448,449
432,433,434
441,442,443
453,454,455
432,433,434
453,454,455
450,451,452
450,451,452
453,454,455
456,457,458
450,451,452
456,457,458
459,460,461
450,451,452
459,460,461
447,448,449
456,457,458
453,454,455
462,463,464
456,457,458
462,463,464
459,460,461
447,448,449
459,460,461
465,466,467
447,448,449
465,466,467
426,427,428
426,427,428
465,466,467
54,55,56
426,427,428
54,55,56
12,13,14
465,466,467
459,460,461
468,469,470
465,466,467
468,469,470
471,472,473
465,466,467
471,472,473
54,55,56
468,469,470
459,460,461
474,475,476
468,469,470
474,475,476
69,70,71
468,469,470
69,70,71
471,472,473
462,463,464
453,454,455
477,478,479
462,463,464
477,478,479
480,481,482
462,463,464
480,481,482
459,460,461
459,460,461
480,481,482
483,484,485
459,460,461
483,484,485
474,475,476
480,481,482
477,478,479
486,487,488
480,481,482
486,487,488
483,484,485
453,454,455
441,442,443
489,490,491
453,454,455
489,490,491
477,478,479
441,442,443
438,439,440
492,493,494
441,442,443
492,493,494
489,490,491
489,490,491
492,493,494
495,496,497
489,490,491
495,496,497
498,499,500
489,490,491
498,499,500
477,478,479
477,478,479
498,499,500
501,502,503
477,478,479
501,502,503
486,487,488
486,487,488
501,502,503
504,505,506
486,487,488
504,505,506
483,484,485
504,505,506
501,502,503
507,508,509
504,505,506
507,508,509
273,274,275
504,505,506
273,274,275
483,484,485
507,508,509
501,502,503
510,511,512
507,508,509
510,511,512
273,274,275
501,502,503
498,499,500
513,514,515
501,502,503
513,514,515
510,511,512
498,499,500
495,496,497
516,517,518
498,499,500
516,517,518
513,514,515
483,484,485
273,274,275
519,520,521
483,484,485
519,520,521
474,475,476
513,514,515
516,517,518
522,523,524
513,514,515
522,523,524
525,526,527
513,514,515
525,526,527
510,511,512
525,526,527
522,523,524
528,529,530
525,526,527
528,529,530
510,511,512
510,511,512
528,529,530
273,274,275
528,529,530
522,523,524
291,292,293
528,529,530
291,292,293
273,274,275
522,523,524
516,517,518
531,532,533
522,523,524
531,532,533
291,292,293
495,496,497
492,493,494
534,535,536
495,496,497
534,535,536
537,538,539
495,496,497
537,538,539
516,517,518
516,517,518
537,538,539
540,541,542
516,517,518
540,541,542
543,544,545
516,517,518
543,544,545
531,532,533
543,544,545
540,541,542
546,547,548
543,544,545
546,547,548
549,550,551
543,544,545
549,550,551
531,532,533
540,541,542
537,538,539
552,553,554
540,541,542
552,553,554
546,547,548
537,538,539
534,535,536
555,556,557
537,538,539
555,556,557
552,553,554
531,532,533
549,550,551
294,295,296
531,532,533
294,295,296
291,292,293
549,550,551
546,547,548
558,559,560
549,550,551
558,559,560
294,295,296
546,547,548
552,553,554
561,562,563
546,547,548
561,562,563
558,559,560
552,553,554
555,556,557
564,565,566
552,553,554
564,565,566
561,562,563
555,556,557
534,535,536
567,568,569
555,556,557
567,568,569
564,565,566
534,535,536
492,493,494
570,571,572
534,535,536
570,571,572
567,568,569
567,568,569
570,571,572
573,574,575
567,568,569
573,574,575
564,565,566
570,571,572
492,493,494
576,577,578
570,571,572
576,577,578
573,574,575
492,493,494
438,439,440
576,577,578
576,577,578
438,439,440
579,580,581
576,577,578
579,580,581
582,583,584
576,577,578
582,583,584
573,574,575
573,574,575
582,583,584
585,586,587
573,574,575
585,586,587
564,565,566
438,439,440
435,436,437
588,589,590
438,439,440
588,589,590
579,580,581
579,580,581
588,589,590
591,592,593
579,580,581
591,592,593
582,583,584
582,583,584
591,592,593
594,595,596
582,583,584
594,595,596
585,586,587
591,592,593
588,589,590
597,598,599
591,592,593
597,598,599
594,595,596
588,589,590
435,436,437
600,601,602
588,589,590
600,601,602
597,598,599
600,601,602
435,436,437
603,604,605
600,601,602
603,604,605
597,598,599
435,436,437
402,403,404
603,604,605
402,403,404
399,400,401
606,607,608
402,403,404
606,607,608
603,604,605
603,604,605
606,607,608
609,610,611
603,604,605
609,610,611
597,598,599
597,598,599
609,610,611
612,613,614
597,598,599
612,613,614
594,595,596
609,610,611
606,607,608
615,616,617
609,610,611
615,616,617
612,613,614
615,616,617
606,607,608
618,619,620
615,616,617
618,619,620
621,622,623
615,616,617
621,622,623
612,613,614
606,607,608
399,400,401
624,625,626
606,607,608
624,625,626
618,619,620
618,619,620
624,625,626
627,628,629
618,619,620
627,628,629
621,622,623
624,625,626
399,400,401
630,631,632
624,625,626
630,631,632
627,628,629
399,400,401
366,367,368
633,634,635
399,400,401
633,634,635
630,631,632
630,631,632
633,634,635
636,637,638
630,631,632
636,637,638
627,628,629
627,628,629
636,637,638
639,640,641
627,628,629
639,640,641
621,622,623
366,367,368
375,376,377
642,643,644
366,367,368
642,643,644
633,634,635
633,634,635
642,643,644
645,646,647
633,634,635
645,646,647
636,637,638
642,643,644
375,376,377
648,649,650
642,643,644
648,649,650
645,646,647
645,646,647
648,649,650
651,652,653
645,646,647
651,652,653
636,637,638
636,637,638
651,652,653
639,640,641
375,376,377
372,373,374
654,655,656
375,376,377
654,655,656
648,649,650
648,649,650
654,655,656
657,658,659
648,649,650
657,658,659
651,652,653
654,655,656
372,373,374
660,661,662
654,655,656
660,661,662
657,658,659
372,373,374
339,340,341
663,664,665
372,373,374
663,664,665
660,661,662
660,661,662
663,664,665
666,667,668
660,661,662
666,667,668
657,658,659
663,664,665
339,340,341
669,670,671
663,664,665
669,670,671
666,667,668
339,340,341
336,337,338
669,670,671
669,670,671
336,337,338
672,673,674
669,670,671
672,673,674
675,676,677
669,670,671
675,676,677
666,667,668
666,667,668
675,676,677
678,679,680
666,667,668
678,679,680
657,658,659
675,676,677
672,673,674
681,682,683
675,676,677
681,682,683
684,685,686
675,676,677
684,685,686
678,679,680
672,673,674
336,337,338
687,688,689
672,673,674
687,688,689
681,682,683
681,682,683
687,688,689
690,691,692
681,682,683
690,691,692
684,685,686
687,688,689
336,337,338
312,313,314
687,688,689
312,313,314
693,694,695
687,688,689
693,694,695
690,691,692
693,694,695
312,313,314
696,697,698
693,694,695
696,697,698
699,700,701
693,694,695
699,700,701
690,691,692
690,691,692
699,700,701
702,703,704
690,691,692
702,703,704
684,685,686
699,700,701
696,697,698
705,706,707
699,700,701
705,706,707
702,703,704
696,697,698
312,313,314
309,310,311
696,697,698
309,310,311
708,709,710
696,697,698
708,709,710
705,706,707
705,706,707
708,709,710
711,712,713
705,706,707
711,712,713
714,715,716
705,706,707
714,715,716
702,703,704
711,712,713
708,709,710
717,718,719
711,712,713
717,718,719
720,721,722
711,712,713
720,721,722
714,715,716
708,709,710
309,310,311
306,307,308
708,709,710
306,307,308
717,718,719
717,718,719
306,307,308
723,724,725
717,718,719
723,724,725
720,721,722
723,724,725
306,307,308
726,727,728
723,724,725
726,727,728
729,730,731
723,724,725
729,730,731
720,721,722
720,721,722
729,730,731
732,733,734
720,721,722
732,733,734
714,715,716
729,730,731
726,727,728
735,736,737
729,730,731
735,736,737
738,739,740
729,730,731
738,739,740
732,733,734
735,736,737
726,727,728
741,742,743
735,736,737
741,742,743
744,745,746
735,736,737
744,745,746
738,739,740
726,727,728
306,307,308
747,748,749
726,727,728
747,748,749
741,742,743
741,742,743
747,748,749
750,751,752
741,742,743
750,751,752
744,745,746
744,745,746
750,751,752
753,754,755
744,745,746
753,754,755
756,757,758
744,745,746
756,757,758
738,739,740
753,754,755
750,751,752
759,760,761
753,754,755
759,760,761
762,763,764
753,754,755
762,763,764
756,757,758
750,751,752
747,748,749
765,766,767
750,751,752
765,766,767
759,760,761
762,763,764
759,760,761
768,769,770
762,763,764
768,769,770
771,772,773
762,763,764
771,772,773
756,757,758
759,760,761
765,766,767
774,775,776
759,760,761
774,775,776
768,769,770
768,769,770
774,775,776
777,778,779
768,769,770
777,778,779
771,772,773
777,778,779
774,775,776
780,781,782
777,778,779
780,781,782
783,784,785
777,778,779
783,784,785
771,772,773
783,784,785
780,781,782
786,787,788
783,784,785
786,787,788
789,790,791
783,784,785
789,790,791
771,772,773
771,772,773
789,790,791
792,793,794
771,772,773
792,793,794
756,757,758
789,790,791
786,787,788
795,796,797
789,790,791
795,796,797
798,799,800
789,790,791
798,799,800
792,793,794
795,796,797
786,787,788
801,802,803
795,796,797
801,802,803
804,805,806
795,796,797
804,805,806
798,799,800
786,787,788
780,781,782
807,808,809
786,787,788
807,808,809
801,802,803
804,805,806
801,802,803
810,811,812
804,805,806
810,811,812
813,814,815
804,805,806
813,814,815
798,799,800
810,811,812
801,802,803
816,817,818
810,811,812
816,817,818
819,820,821
810,811,812
819,820,821
813,814,815
801,802,803
807,808,809
822,823,824
801,802,803
822,823,824
816,817,818
816,817,818
822,823,824
825,826,827
816,817,818
825,826,827
819,820,821
819,820,821
825,826,827
828,829,830
819,820,821
828,829,830
831,832,833
819,820,821
831,832,833
813,814,815
828,829,830
825,826,827
834,835,836
828,829,830
834,835,836
837,838,839
828,829,830
837,838,839
831,832,833
825,826,827
822,823,824
840,841,842
825,826,827
840,841,842
834,835,836
834,835,836
840,841,842
843,844,845
834,835,836
843,844,845
837,838,839
843,844,845
840,841,842
846,847,848
843,844,845
846,847,848
849,850,851
843,844,845
849,850,851
837,838,839
837,838,839
849,850,851
852,853,854
837,838,839
852,853,854
831,832,833
849,850,851
846,847,848
855,856,857
849,850,851
855,856,857
858,859,860
849,850,851
858,859,860
852,853,854
855,856,857
846,847,848
861,862,863
855,856,857
861,862,863
864,865,866
855,856,857
864,865,866
858,859,860
846,847,848
840,841,842
867,868,869
846,847,848
867,868,869
861,862,863
864,865,866
861,862,863
870,871,872
864,865,866
870,871,872
873,874,875
864,865,866
873,874,875
858,859,860
861,862,863
867,868,869
876,877,878
861,862,863
876,877,878
870,871,872
870,871,872
876,877,878
879,880,881
870,871,872
879,880,881
873,874,875
873,874,875
879,880,881
882,883,884
873,874,875
882,883,884
885,886,887
873,874,875
885,886,887
858,859,860
879,880,881
876,877,878
888,889,890
879,880,881
888,889,890
891,892,893
879,880,881
891,892,893
882,883,884
891,892,893
888,889,890
894,895,896
891,892,893
894,895,896
897,898,899
891,892,893
897,898,899
882,883,884
882,883,884
897,898,899
900,901,902
882,883,884
900,901,902
885,886,887
897,898,899
894,895,896
903,904,905
897,898,899
903,904,905
900,901,902
894,895,896
888,889,890
906,907,908
894,895,896
906,907,908
909,910,911
894,895,896
909,910,911
903,904,905
909,910,911
906,907,908
912,913,914
909,910,911
912,913,914
915,916,917
909,910,911
915,916,917
903,904,905
903,904,905
915,916,917
918,919,920
903,904,905
918,919,920
900,901,902
915,916,917
912,913,914
921,922,923
915,916,917
921,922,923
918,919,920
912,913,914
906,907,908
924,925,926
912,913,914
924,925,926
927,928,929
912,913,914
927,928,929
921,922,923
921,922,923
927,928,929
930,931,932
921,922,923
930,931,932
933,934,935
921,922,923
933,934,935
918,919,920
930,931,932
927,928,929
936,937,938
930,931,932
936,937,938
939,940,941
930,931,932
939,940,941
933,934,935
927,928,929
924,925,926
942,943,944
927,928,929
942,943,944
936,937,938
936,937,938
942,943,944
945,946,947
936,937,938
945,946,947
939,940,941
945,946,947
942,943,944
948,949,950
945,946,947
948,949,950
951,952,953
945,946,947
951,952,953
939,940,941
939,940,941
951,952,953
954,955,956
939,940,941
954,955,956
933,934,935
951,952,953
948,949,950
957,958,959
951,952,953
957,958,959
960,961,962
951,952,953
960,961,962
954,955,956
957,958,959
948,949,950
963,964,965
957,958,959
963,964,965
966,967,968
957,958,959
966,967,968
960,961,962
948,949,950
942,943,944
969,970,971
948,949,950
969,970,971
963,964,965
963,964,965
969,970,971
972,973,974
963,964,965
972,973,974
966,967,968
966,967,968
972,973,974
975,976,977
966,967,968
975,976,977
978,979,980
966,967,968
978,979,980
960,961,962
975,976,977
972,973,974
981,982,983
975,976,977
981,982,983
984,985,986
975,976,977
984,985,986
978,979,980
972,973,974
969,970,971
987,988,989
972,973,974
987,988,989
981,982,983
984,985,986
981,982,983
990,991,992
984,985,986
990,991,992
993,994,995
984,985,986
993,994,995
978,979,980
981,982,983
987,988,989
996,997,998
981,982,983
996,997,998
990,991,992
990,991,992
996,997,998
999,1000,1001
990,991,992
999,1000,1001
993,994,995
993,994,995
999,1000,1001
1002,1003,1004
993,994,995
1002,1003,1004
1005,1006,1007
993,994,995
1005,1006,1007
978,979,980
999,1000,1001
996,997,998
1008,1009,1010
999,1000,1001
1008,1009,1010
1011,1012,1013
999,1000,1001
1011,1012,1013
1002,1003,1004
1011,1012,1013
1008,1009,1010
1014,1015,1016
1011,1012,1013
1014,1015,1016
1017,1018,1019
1011,1012,1013
1017,1018,1019
1002,1003,1004
1002,1003,1004
1017,1018,1019
1020,1021,1022
1002,1003,1004
1020,1021,1022
1005,1006,1007
1017,1018,1019
1014,1015,1016
1023,1024,1025
1017,1018,1019
1023,1024,1025
1020,1021,1022
1014,1015,1016
1008,1009,1010
1026,1027,1028
1014,1015,1016
1026,1027,1028
1029,1030,1031
1014,1015,1016
1029,1030,1031
1023,1024,1025
1029,1030,1031
1026,1027,1028
1032,1033,1034
1029,1030,1031
1032,1033,1034
1035,1036,1037
1029,1030,1031
1035,1036,1037
1023,1024,1025
1023,1024,1025
1035,1036,1037
1038,1039,1040
1023,1024,1025
1038,1039,1040
1020,1021,1022
1035,1036,1037
1032,1033,1034
1041,1042,1043
1035,1036,1037
1041,1042,1043
1038,1039,1040
1032,1033,1034
1026,1027,1028
1044,1045,1046
1032,1033,1034
1044,1045,1046
1047,1048,1049
1032,1033,1034
1047,1048,1049
1041,1042,1043
1041,1042,1043
1047,1048,1049
1050,1051,1052
1041,1042,1043
1050,1051,1052
1053,1054,1055
1041,1042,1043
1053,1054,1055
1038,1039,1040
1050,1051,1052
1047,1048,1049
1056,1057,1058
1050,1051,1052
1056,1057,1058
1059,1060,1061
1050,1051,1052
1059,1060,1061
1053,1054,1055
1047,1048,1049
1044,1045,1046
1062,1063,1064
1047,1048,1049
1062,1063,1064
1056,1057,1058
1056,1057,1058
1062,1063,1064
1065,1066,1067
1056,1057,1058
1065,1066,1067
1059,1060,1061
1065,1066,1067
1062,1063,1064
1068,1069,1070
1065,1066,1067
1068,1069,1070
1071,1072,1073
1065,1066,1067
1071,1072,1073
1059,1060,1061
1059,1060,1061
1071,1072,1073
1074,1075,1076
1059,1060,1061
1074,1075,1076
1053,1054,1055
1071,1072,1073
1068,1069,1070
1077,1078,1079
1071,1072,1073
1077,1078,1079
1080,1081,1082
1071,1072,1073
1080,1081,1082
1074,1075,1076
1077,1078,1079
1068,1069,1070
1083,1084,1085
1077,1078,1079
1083,1084,1085
1086,1087,1088
1077,1078,1079
1086,1087,1088
1080,1081,1082
1068,1069,1070
1062,1063,1064
1089,1090,1091
1068,1069,1070
1089,1090,1091
1083,1084,1085
1083,1084,1085
1089,1090,1091
1092,1093,1094
1083,1084,1085
1092,1093,1094
1095,1096,1097
1083,1084,1085
1095,1096,1097
1086,1087,1088
1095,1096,1097
1092,1093,1094
1098,1099,1100
1095,1096,1097
1098,1099,1100
1101,1102,1103
1095,1096,1097
1101,1102,1103
1086,1087,1088
1086,1087,1088
1101,1102,1103
1104,1105,1106
1086,1087,1088
1104,1105,1106
1080,1081,1082
1101,1102,1103
1098,1099,1100
1107,1108,1109
1101,1102,1103
1107,1108,1109
1104,1105,1106
1107,1108,1109
1098,1099,1100
1110,1111,1112
1107,1108,1109
1110,1111,1112
1113,1114,1115
1107,1108,1109
1113,1114,1115
1104,1105,1106
1098,1099,1100
1092,1093,1094
1116,1117,1118
1098,1099,1100
1116,1117,1118
1110,1111,1112
1110,1111,1112
1116,1117,1118
1119,1120,1121
1110,1111,1112
1119,1120,1121
1113,1114,1115
1119,1120,1121
1116,1117,1118
1122,1123,1124
1119,1120,1121
1122,1123,1124
1125,1126,1127
1119,1120,1121
1125,1126,1127
1113,1114,1115
1125,1126,1127
1122,1123,1124
1128,1129,1130
1125,1126,1127
1128,1129,1130
1131,1132,1133
1125,1126,1127
1131,1132,1133
1113,1114,1115
1113,1114,1115
1131,1132,1133
1134,1135,1136
1113,1114,1115
1134,1135,1136
1104,1105,1106
1131,1132,1133
1128,1129,1130
1137,1138,1139
1131,1132,1133
1137,1138,1139
1140,1141,1142
1131,1132,1133
1140,1141,1142
1134,1135,1136
1137,1138,1139
1128,1129,1130
1143,1144,1145
1137,1138,1139
1143,1144,1145
1146,1147,1148
1137,1138,1139
1146,1147,1148
1140,1141,1142
1128,1129,1130
1122,1123,1124
1149,1150,1151
1128,1129,1130
1149,1150,1151
1143,1144,1145
1146,1147,1148
1143,1144,1145
1152,1153,1154
1146,1147,1148
1152,1153,1154
1155,1156,1157
1146,1147,1148
1155,1156,1157
1140,1141,1142
1152,1153,1154
1143,1144,1145
1158,1159,1160
1152,1153,1154
1158,1159,1160
1161,1162,1163
1152,1153,1154
1161,1162,1163
1155,1156,1157
1143,1144,1145
1149,1150,1151
1164,1165,1166
1143,1144,1145
1164,1165,1166
1158,1159,1160
1158,1159,1160
1164,1165,1166
1167,1168,1169
1158,1159,1160
1167,1168,1169
1161,1162,1163
1167,1168,1169
1164,1165,1166
1170,1171,1172
1167,1168,1169
1170,1171,1172
1173,1174,1175
1167,1168,1169
1173,1174,1175
1161,1162,1163
1161,1162,1163
1173,1174,1175
1176,1177,1178
1161,1162,1163
1176,1177,1178
1155,1156,1157
1173,1174,1175
1170,1171,1172
1179,1180,1181
1173,1174,1175
1179,1180,1181
1176,1177,1178
1170,1171,1172
1164,1165,1166
1182,1183,1184
1170,1171,1172
1182,1183,1184
1185,1186,1187
1170,1171,1172
1185,1186,1187
1179,1180,1181
1185,1186,1187
1182,1183,1184
1188,1189,1190
1185,1186,1187
1188,1189,1190
1191,1192,1193
1185,1186,1187
1191,1192,1193
1179,1180,1181
1179,1180,1181
1191,1192,1193
1194,1195,1196
1179,1180,1181
1194,1195,1196
1176,1177,1178
1191,1192,1193
1188,1189,1190
1197,1198,1199
1191,1192,1193
1197,1198,1199
1200,1201,1202
1191,1192,1193
1200,1201,1202
1194,1195,1196
1197,1198,1199
1188,1189,1190
1203,1204,1205
1197,1198,1199
1203,1204,1205
1206,1207,1208
1197,1198,1199
1206,1207,1208
1200,1201,1202
1188,1189,1190
1182,1183,1184
1209,1210,1211
1188,1189,1190
1209,1210,1211
1203,1204,1205
1206,1207,1208
1203,1204,1205
1212,1213,1214
1206,1207,1208
1212,1213,1214
1215,1216,1217
1206,1207,1208
1215,1216,1217
1200,1201,1202
1203,1204,1205
1209,1210,1211
1218,1219,1220
1203,1204,1205
1218,1219,1220
1212,1213,1214
1212,1213,1214
1218,1219,1220
1221,1222,1223
1212,1213,1214
1221,1222,1223
1215,1216,1217
1215,1216,1217
1221,1222,1223
1224,1225,1226
1215,1216,1217
1224,1225,1226
1227,1228,1229
1215,1216,1217
1227,1228,1229
1200,1201,1202
1221,1222,1223
1218,1219,1220
1230,1231,1232
1221,1222,1223
1230,1231,1232
1233,1234,1235
1221,1222,1223
1233,1234,1235
1224,1225,1226
1233,1234,1235
1230,1231,1232
1236,1237,1238
1233,1234,1235
1236,1237,1238
1239,1240,1241
1233,1234,1235
1239,1240,1241
1224,1225,1226
1224,1225,1226
1239,1240,1241
1242,1243,1244
1224,1225,1226
1242,1243,1244
1227,1228,1229
1239,1240,1241
1236,1237,1238
1245,1246,1247
1239,1240,1241
1245,1246,1247
1242,1243,1244
1236,1237,1238
1230,1231,1232
1248,1249,1250
1236,1237,1238
1248,1249,1250
1251,1252,1253
1236,1237,1238
1251,1252,1253
1245,1246,1247
1251,1252,1253
1248,1249,1250
1254,1255,1256
1251,1252,1253
1254,1255,1256
1257,1258,1259
1251,1252,1253
1257,1258,1259
1245,1246,1247
1245,1246,1247
1257,1258,1259
1260,1261,1262
1245,1246,1247
1260,1261,1262
1242,1243,1244
1257,1258,1259
1254,1255,1256
1263,1264,1265
1257,1258,1259
1263,1264,1265
1260,1261,1262
1254,1255,1256
1248,1249,1250
1266,1267,1268
1254,1255,1256
1266,1267,1268
1269,1270,1271
1254,1255,1256
1269,1270,1271
1263,1264,1265
1263,1264,1265
1269,1270,1271
1272,1273,1274
1263,1264,1265
1272,1273,1274
1275,1276,1277
1263,1264,1265
1275,1276,1277
1260,1261,1262
1272,1273,1274
1269,1270,1271
1278,1279,1280
1272,1273,1274
1278,1279,1280
1281,1282,1283
1272,1273,1274
1281,1282,1283
1275,1276,1277
1269,1270,1271
1266,1267,1268
1284,1285,1286
1269,1270,1271
1284,1285,1286
1278,1279,1280
1278,1279,1280
1284,1285,1286
1287,1288,1289
1278,1279,1280
1287,1288,1289
1281,1282,1283
1287,1288,1289
1284,1285,1286
1290,1291,1292
1287,1288,1289
1290,1291,1292
1293,1294,1295
1287,1288,1289
1293,1294,1295
1281,1282,1283
1281,1282,1283
1293,1294,1295
1296,1297,1298
1281,1282,1283
1296,1297,1298
1275,1276,1277
1293,1294,1295
1290,1291,1292
1299,1300,1301
1293,1294,1295
1299,1300,1301
1302,1303,1304
1293,1294,1295
1302,1303,1304
1296,1297,1298
1299,1300,1301
1290,1291,1292
1305,1306,1307
1299,1300,1301
1305,1306,1307
1308,1309,1310
1299,1300,1301
1308,1309,1310
1302,1303,1304
1290,1291,1292
1284,1285,1286
1311,1312,1313
1290,1291,1292
1311,1312,1313
1305,1306,1307
1305,1306,1307
1311,1312,1313
1314,1315,1316
1305,1306,1307
1314,1315,1316
1308,1309,1310
1308,1309,1310
1314,1315,1316
1317,1318,1319
1308,1309,1310
1317,1318,1319
1320,1321,1322
1308,1309,1310
1320,1321,1322
1302,1303,1304
1317,1318,1319
1314,1315,1316
1323,1324,1325
1317,1318,1319
1323,1324,1325
1326,1327,1328
1317,1318,1319
1326,1327,1328
1320,1321,1322
1314,1315,1316
1311,1312,1313
1329,1330,1331
1314,1315,1316
1329,1330,1331
1323,1324,1325
1326,1327,1328
1323,1324,1325
1332,1333,1334
1326,1327,1328
1332,1333,1334
1335,1336,1337
1326,1327,1328
1335,1336,1337
1320,1321,1322
1323,1324,1325
1329,1330,1331
1338,1339,1340
1323,1324,1325
1338,1339,1340
1332,1333,1334
1332,1333,1334
1338,1339,1340
1341,1342,1343
1332,1333,1334
1341,1342,1343
1335,1336,1337
1335,1336,1337
1341,1342,1343
1344,1345,1346
1335,1336,1337
1344,1345,1346
1347,1348,1349
1335,1336,1337
1347,1348,1349
1320,1321,1322
1341,1342,1343
1338,1339,1340
1350,1351,1352
1341,1342,1343
1350,1351,1352
1353,1354,1355
1341,1342,1343
1353,1354,1355
1344,1345,1346
1353,1354,1355
1350,1351,1352
1356,1357,1358
1353,1354,1355
1356,1357,1358
1359,1360,1361
1353,1354,1355
1359,1360,1361
1344,1345,1346
1344,1345,1346
1359,1360,1361
1362,1363,1364
1344,1345,1346
1362,1363,1364
1347,1348,1349
1359,1360,1361
1356,1357,1358
1365,1366,1367
1359,1360,1361
1365,1366,1367
1362,1363,1364
1356,1357,1358
1350,1351,1352
1368,1369,1370
1356,1357,1358
1368,1369,1370
1371,1372,1373
1356,1357,1358
1371,1372,1373
1365,1366,1367
1371,1372,1373
1368,1369,1370
1374,1375,1376
1371,1372,1373
1374,1375,1376
1377,1378,1379
1371,1372,1373
1377,1378,1379
1365,1366,1367
1365,1366,1367
1377,1378,1379
1380,1381,1382
1365,1366,1367
1380,1381,1382
1362,1363,1364
1377,1378,1379
1374,1375,1376
1383,1384,1385
1377,1378,1379
1383,1384,1385
1380,1381,1382
1374,1375,1376
1368,1369,1370
1386,1387,1388
1374,1375,1376
1386,1387,1388
1389,1390,1391
1374,1375,1376
1389,1390,1391
1383,1384,1385
1383,1384,1385
1389,1390,1391
1392,1393,1394
1383,1384,1385
1392,1393,1394
1395,1396,1397
1383,1384,1385
1395,1396,1397
1380,1381,1382
1392,1393,1394
1389,1390,1391
1398,1399,1400
1392,1393,1394
1398,1399,1400
1401,1402,1403
1392,1393,1394
1401,1402,1403
1395,1396,1397
1389,1390,1391
1386,1387,1388
1404,1405,1406
1389,1390,1391
1404,1405,1406
1398,1399,1400
1398,1399,1400
1404,1405,1406
1407,1408,1409
1398,1399,1400
1407,1408,1409
1401,1402,1403
1407,1408,1409
1404,1405,1406
1410,1411,1412
1407,1408,1409
1410,1411,1412
1413,1414,1415
1407,1408,1409
1413,1414,1415
1401,1402,1403
1401,1402,1403
1413,1414,1415
1416,1417,1418
1401,1402,1403
1416,1417,1418
1395,1396,1397
1413,1414,1415
1410,1411,1412
1419,1420,1421
1413,1414,1415
1419,1420,1421
1422,1423,1424
1413,1414,1415
1422,1423,1424
1416,1417,1418
1419,1420,1421
1410,1411,1412
1425,1426,1427
1419,1420,1421
1425,1426,1427
1428,1429,1430
1419,1420,1421
1428,1429,1430
1422,1423,1424
1410,1411,1412
1404,1405,1406
1431,1432,1433
1410,1411,1412
1431,1432,1433
1425,1426,1427
1425,1426,1427
1431,1432,1433
1434,1435,1436
1425,1426,1427
1434,1435,1436
1437,1438,1439
1425,1426,1427
1437,1438,1439
1428,1429,1430
1437,1438,1439
1434,1435,1436
1440,1441,1442
1437,1438,1439
1440,1441,1442
1443,1444,1445
1437,1438,1439
1443,1444,1445
1428,1429,1430
1428,1429,1430
1443,1444,1445
1446,1447,1448
1428,1429,1430
1446,1447,1448
1422,1423,1424
1443,1444,1445
1440,1441,1442
1449,1450,1451
1443,1444,1445
1449,1450,1451
1446,1447,1448
1449,1450,1451
1440,1441,1442
1452,1453,1454
1449,1450,1451
1452,1453,1454
1455,1456,1457
1449,1450,1451
1455,1456,1457
1446,1447,1448
1440,1441,1442
1434,1435,1436
1458,1459,1460
1440,1441,1442
1458,1459,1460
1452,1453,1454
1452,1453,1454
1458,1459,1460
1461,1462,1463
1452,1453,1454
1461,1462,1463
1455,1456,1457
1461,1462,1463
1458,1459,1460
1464,1465,1466
1461,1462,1463
1464,1465,1466
1467,1468,1469
1461,1462,1463
1467,1468,1469
1455,1456,1457
1467,1468,1469
1464,1465,1466
1470,1471,1472
1467,1468,1469
1470,1471,1472
1473,1474,1475
1467,1468,1469
1473,1474,1475
1455,1456,1457
1455,1456,1457
1473,1474,1475
1476,1477,1478
1455,1456,1457
1476,1477,1478
1446,1447,1448
1473,1474,1475
1470,1471,1472
1479,1480,1481
1473,1474,1475
1479,1480,1481
1482,1483,1484
1473,1474,1475
1482,1483,1484
1476,1477,1478
1479,1480,1481
1470,1471,1472
1485,1486,1487
1479,1480,1481
1485,1486,1487
1488,1489,1490
1479,1480,1481
1488,1489,1490
1482,1483,1484
1470,1471,1472
1464,1465,1466
1491,1492,1493
1470,1471,1472
1491,1492,1493
1485,1486,1487
1488,1489,1490
1485,1486,1487
1494,1495,1496
1488,1489,1490
1494,1495,1496
1497,1498,1499
1488,1489,1490
1497,1498,1499
1482,1483,1484
1494,1495,1496
1485,1486,1487
1500,1501,1502
1494,1495,1496
1500,1501,1502
1503,1504,1505
1494,1495,1496
1503,1504,1505
1497,1498,1499
1485,1486,1487
1491,1492,1493
1506,1507,1508
1485,1486,1487
1506,1507,1508
1500,1501,1502
1500,1501,1502
1506,1507,1508
1509,1510,1511
1500,1501,1502
1509,1510,1511
1503,1504,1505
1509,1510,1511
1506,1507,1508
1512,1513,1514
1509,1510,1511
1512,1513,1514
1515,1516,1517
1509,1510,1511
1515,1516,1517
1503,1504,1505
1503,1504,1505
1515,1516,1517
1518,1519,1520
1503,1504,1505
1518,1519,1520
1497,1498,1499
1515,1516,1517
1512,1513,1514
1521,1522,1523
1515,1516,1517
1521,1522,1523
1518,1519,1520
1512,1513,1514
1506,1507,1508
1524,1525,1526
1512,1513,1514
1524,1525,1526
1527,1528,1529
1512,1513,1514
1527,1528,1529
1521,1522,1523
1527,1528,1529
1524,1525,1526
1530,1531,1532
1527,1528,1529
1530,1531,1532
1533,1534,1535
1527,1528,1529
1533,1534,1535
1521,1522,1523
1521,1522,1523
1533,1534,1535
1536,1537,1538
1521,1522,1523
1536,1537,1538
1518,1519,1520
1533,1534,1535
1530,1531,1532
1539,1540,1541
1533,1534,1535
1539,1540,1541
1542,1543,1544
1533,1534,1535
1542,1543,1544
1536,1537,1538
1539,1540,1541
1530,1531,1532
1545,1546,1547
1539,1540,1541
1545,1546,1547
1548,1549,1550
1539,1540,1541
1548,1549,1550
1542,1543,1544
1530,1531,1532
1524,1525,1526
1551,1552,1553
1530,1531,1532
1551,1552,1553
1545,1546,1547
1548,1549,1550
1545,1546,1547
1554,1555,1556
1548,1549,1550
1554,1555,1556
1557,1558,1559
1548,1549,1550
1557,1558,1559
1542,1543,1544
1545,1546,1547
1551,1552,1553
1560,1561,1562
1545,1546,1547
1560,1561,1562
1554,1555,1556
1554,1555,1556
1560,1561,1562
1563,1564,1565
1554,1555,1556
1563,1564,1565
1557,1558,1559
1557,1558,1559
1563,1564,1565
1566,1567,1568
1557,1558,1559
1566,1567,1568
1569,1570,1571
1557,1558,1559
1569,1570,1571
1542,1543,1544
1563,1564,1565
1560,1561,1562
1572,1573,1574
1563,1564,1565
1572,1573,1574
1575,1576,1577
1563,1564,1565
1575,1576,1577
1566,1567,1568
1575,1576,1577
1572,1573,1574
1578,1579,1580
1575,1576,1577
1578,1579,1580
1581,1582,1583
1575,1576,1577
1581,1582,1583
1566,1567,1568
1566,1567,1568
1581,1582,1583
1584,1585,1586
1566,1567,1568
1584,1585,1586
1569,1570,1571
1581,1582,1583
1578,1579,1580
1587,1588,1589
1581,1582,1583
1587,1588,1589
1584,1585,1586
1578,1579,1580
1572,1573,1574
1590,1591,1592
1578,1579,1580
1590,1591,1592
1593,1594,1595
1578,1579,1580
1593,1594,1595
1587,1588,1589
1593,1594,1595
1590,1591,1592
1596,1597,1598
1593,1594,1595
1596,1597,1598
1599,1600,1601
1593,1594,1595
1599,1600,1601
1587,1588,1589
1587,1588,1589
1599,1600,1601
1602,1603,1604
1587,1588,1589
1602,1603,1604
1584,1585,1586
1599,1600,1601
1596,1597,1598
1605,1606,1607
1599,1600,1601
1605,1606,1607
1602,1603,1604
1596,1597,1598
1590,1591,1592
1608,1609,1610
1596,1597,1598
1608,1609,1610
1611,1612,1613
1596,1597,1598
1611,1612,1613
1605,1606,1607
1605,1606,1607
1611,1612,1613
1614,1615,1616
1605,1606,1607
1614,1615,1616
1617,1618,1619
1605,1606,1607
1617,1618,1619
1602,1603,1604
1614,1615,1616
1611,1612,1613
1620,1621,1622
1614,1615,1616
1620,1621,1622
1623,1624,1625
1614,1615,1616
1623,1624,1625
1617,1618,1619
1611,1612,1613
1608,1609,1610
1626,1627,1628
1611,1612,1613
1626,1627,1628
1620,1621,1622
1620,1621,1622
1626,1627,1628
1629,1630,1631
1620,1621,1622
1629,1630,1631
1623,1624,1625
1629,1630,1631
1626,1627,1628
1632,1633,1634
1629,1630,1631
1632,1633,1634
1635,1636,1637
1629,1630,1631
1635,1636,1637
1623,1624,1625
1623,1624,1625
1635,1636,1637
1638,1639,1640
1623,1624,1625
1638,1639,1640
1617,1618,1619
1635,1636,1637
1632,1633,1634
1641,1642,1643
1635,1636,1637
1641,1642,1643
1644,1645,1646
1635,1636,1637
1644,1645,1646
1638,1639,1640
1641,1642,1643
1632,1633,1634
1647,1648,1649
1641,1642,1643
1647,1648,1649
1650,1651,1652
1641,1642,1643
1650,1651,1652
1644,1645,1646
1632,1633,1634
1626,1627,1628
1653,1654,1655
1632,1633,1634
1653,1654,1655
1647,1648,1649
1647,1648,1649
1653,1654,1655
1656,1657,1658
1647,1648,1649
1656,1657,1658
1650,1651,1652
1650,1651,1652
1656,1657,1658
1659,1660,1661
1650,1651,1652
1659,1660,1661
1662,1663,1664
1650,1651,1652
1662,1663,1664
1644,1645,1646
1659,1660,1661
1656,1657,1658
1665,1666,1667
1659,1660,1661
1665,1666,1667
1668,1669,1670
1659,1660,1661
1668,1669,1670
1662,1663,1664
1656,1657,1658
1653,1654,1655
1671,1672,1673
1656,1657,1658
1671,1672,1673
1665,1666,1667
1668,1669,1670
1665,1666,1667
1674,1675,1676
1668,1669,1670
1674,1675,1676
1677,1678,1679
1668,1669,1670
1677,1678,1679
1662,1663,1664
1665,1666,1667
1671,1672,1673
1680,1681,1682
1665,1666,1667
1680,1681,1682
1674,1675,1676
1674,1675,1676
1680,1681,1682
1683,1684,1685
1674,1675,1676
1683,1684,1685
1677,1678,1679
1677,1678,1679
1683,1684,1685
1686,1687,1688
1677,1678,1679
1686,1687,1688
1689,1690,1691
1677,1678,1679
1689,1690,1691
1662,1663,1664
1683,1684,1685
1680,1681,1682
1692,1693,1694
1683,1684,1685
1692,1693,1694
1695,1696,1697
1683,1684,1685
1695,1696,1697
1686,1687,1688
1695,1696,1697
1692,1693,1694
1698,1699,1700
1695,1696,1697
1698,1699,1700
1701,1702,1703
1695,1696,1697
1701,1702,1703
1686,1687,1688
1686,1687,1688
1701,1702,1703
1704,1705,1706
1686,1687,1688
1704,1705,1706
1689,1690,1691
1701,1702,1703
1698,1699,1700
1707,1708,1709
1701,1702,1703
1707,1708,1709
1704,1705,1706
1698,1699,1700
1692,1693,1694
1710,1711,1712
1698,1699,1700
1710,1711,1712
1713,1714,1715
1698,1699,1700
1713,1714,1715
1707,1708,1709
1713,1714,1715
1710,1711,1712
1716,1717,1718
1713,1714,1715
1716,1717,1718
1719,1720,1721
1713,1714,1715
1719,1720,1721
1707,1708,1709
1707,1708,1709
1719,1720,1721
1722,1723,1724
1707,1708,1709
1722,1723,1724
1704,1705,1706
1719,1720,1721
1716,1717,1718
1725,1726,1727
1719,1720,1721
1725,1726,1727
1722,1723,1724
1716,1717,1718
1710,1711,1712
1728,1729,1730
1716,1717,1718
1728,1729,1730
1731,1732,1733
1716,1717,1718
1731,1732,1733
1725,1726,1727
1725,1726,1727
1731,1732,1733
1734,1735,1736
1725,1726,1727
1734,1735,1736
1737,1738,1739
1725,1726,1727
1737,1738,1739
1722,1723,1724
1734,1735,1736
1731,1732,1733
1740,1741,1742
1734,1735,1736
1740,1741,1742
1743,1744,1745
1734,1735,1736
1743,1744,1745
1737,1738,1739
1731,1732,1733
1728,1729,1730
1746,1747,1748
1731,1732,1733
1746,1747,1748
1740,1741,1742
1740,1741,1742
1746,1747,1748
1749,1750,1751
1740,1741,1742
1749,1750,1751
1743,1744,1745
1749,1750,1751
1746,1747,1748
1752,1753,1754
1749,1750,1751
1752,1753,1754
1755,1756,1757
1749,1750,1751
1755,1756,1757
1743,1744,1745
1743,1744,1745
1755,1756,1757
1758,1759,1760
1743,1744,1745
1758,1759,1760
1737,1738,1739
1755,1756,1757
1752,1753,1754
1761,1762,1763
1755,1756,1757
1761,1762,1763
1764,1765,1766
1755,1756,1757
1764,1765,1766
1758,1759,1760
1761,1762,1763
1752,1753,1754
1767,1768,1769
1761,1762,1763
1767,1768,1769
1770,1771,1772
1761,1762,1763
1770,1771,1772
1764,1765,1766
1752,1753,1754
1746,1747,1748
1773,1774,1775
1752,1753,1754
1773,1774,1775
1767,1768,1769
1770,1771,1772
1767,1768,1769
1776,1777,1778
1770,1771,1772
1776,1777,1778
1779,1780,1781
1770,1771,1772
1779,1780,1781
1764,1765,1766
1767,1768,1769
1773,1774,1775
1782,1783,1784
1767,1768,1769
1782,1783,1784
1776,1777,1778
1776,1777,1778
1782,1783,1784
1785,1786,1787
1776,1777,1778
1785,1786,1787
1779,1780,1781
1779,1780,1781
1785,1786,1787
1788,1789,1790
1779,1780,1781
1788,1789,1790
1791,1792,1793
1779,1780,1781
1791,1792,1793
1764,1765,1766
1788,1789,1790
1785,1786,1787
1794,1795,1796
1788,1789,1790
1794,1795,1796
1797,1798,1799
1788,1789,1790
1797,1798,1799
1791,1792,1793
1785,1786,1787
1782,1783,1784
1800,1801,1802
1785,1786,1787
1800,1801,1802
1794,1795,1796
1794,1795,1796
1800,1801,1802
1803,1804,1805
1794,1795,1796
1803,1804,1805
1797,1798,1799
1803,1804,1805
1800,1801,1802
1806,1807,1808
1803,1804,1805
1806,1807,1808
1809,1810,1811
1803,1804,1805
1809,1810,1811
1797,1798,1799
1809,1810,1811
1806,1807,1808
1812,1813,1814
1809,1810,1811
1812,1813,1814
1815,1816,1817
1809,1810,1811
1815,1816,1817
1797,1798,1799
1797,1798,1799
1815,1816,1817
1818,1819,1820
1797,1798,1799
1818,1819,1820
1791,1792,1793
1815,1816,1817
1812,1813,1814
1821,1822,1823
1815,1816,1817
1821,1822,1823
1824,1825,1826
1815,1816,1817
1824,1825,1826
1818,1819,1820
1821,1822,1823
1812,1813,1814
1827,1828,1829
1821,1822,1823
1827,1828,1829
1830,1831,1832
1821,1822,1823
1830,1831,1832
1824,1825,1826
1812,1813,1814
1806,1807,1808
1833,1834,1835
1812,1813,1814
1833,1834,1835
1827,1828,1829
1830,1831,1832
1827,1828,1829
1836,1837,1838
1830,1831,1832
1836,1837,1838
1839,1840,1841
1830,1831,1832
1839,1840,1841
1824,1825,1826
1836,1837,1838
1827,1828,1829
1842,1843,1844
1836,1837,1838
1842,1843,1844
1845,1846,1847
1836,1837,1838
1845,1846,1847
1839,1840,1841
1827,1828,1829
1833,1834,1835
1848,1849,1850
1827,1828,1829
1848,1849,1850
1842,1843,1844
1842,1843,1844
1848,1849,1850
1851,1852,1853
1842,1843,1844
1851,1852,1853
1845,1846,1847
1851,1852,1853
1848,1849,1850
1854,1855,1856
1851,1852,1853
1854,1855,1856
1857,1858,1859
1851,1852,1853
1857,1858,1859
1845,1846,1847
1845,1846,1847
1857,1858,1859
1860,1861,1862
1845,1846,1847
1860,1861,1862
1839,1840,1841
1857,1858,1859
1854,1855,1856
1863,1864,1865
1857,1858,1859
1863,1864,1865
1866,1867,1868
1857,1858,1859
1866,1867,1868
1860,1861,1862
1863,1864,1865
1854,1855,1856
1869,1870,1871
1863,1864,1865
1869,1870,1871
1872,1873,1874
1863,1864,1865
1872,1873,1874
1866,1867,1868
1854,1855,1856
1848,1849,1850
1875,1876,1877
1854,1855,1856
1875,1876,1877
1869,1870,1871
1869,1870,1871
1875,1876,1877
1878,1879,1880
1869,1870,1871
1878,1879,1880
1872,1873,1874
1872,1873,1874
1878,1879,1880
1881,1882,1883
1872,1873,1874
1881,1882,1883
1884,1885,1886
1872,1873,1874
1884,1885,1886
1866,1867,1868
1881,1882,1883
1878,1879,1880
1887,1888,1889
1881,1882,1883
1887,1888,1889
1890,1891,1892
1881,1882,1883
1890,1891,1892
1884,1885,1886
1878,1879,1880
1875,1876,1877
1893,1894,1895
1878,1879,1880
1893,1894,1895
1887,1888,1889
1890,1891,1892
1887,1888,1889
1896,1897,1898
1890,1891,1892
1896,1897,1898
1899,1900,1901
1890,1891,1892
1899,1900,1901
1884,1885,1886
1887,1888,1889
1893,1894,1895
1902,1903,1904
1887,1888,1889
1902,1903,1904
1896,1897,1898
1896,1897,1898
1902,1903,1904
1905,1906,1907
1896,1897,1898
1905,1906,1907
1899,1900,1901
1899,1900,1901
1905,1906,1907
1908,1909,1910
1899,1900,1901
1908,1909,1910
1911,1912,1913
1899,1900,1901
1911,1912,1913
1884,1885,1886
1905,1906,1907
1902,1903,1904
1914,1915,1916
1905,1906,1907
1914,1915,1916
1917,1918,1919
1905,1906,1907
1917,1918,1919
1908,1909,1910
1917,1918,1919
1914,1915,1916
1920,1921,1922
1917,1918,1919
1920,1921,1922
1923,1924,1925
1917,1918,1919
1923,1924,1925
1908,1909,1910
1908,1909,1910
1923,1924,1925
1926,1927,1928
1908,1909,1910
1926,1927,1928
1911,1912,1913
1923,1924,1925
1920,1921,1922
1929,1930,1931
1923,1924,1925
1929,1930,1931
1926,1927,1928
1920,1921,1922
1914,1915,1916
1932,1933,1934
1920,1921,1922
1932,1933,1934
1935,1936,1937
1920,1921,1922
1935,1936,1937
1929,1930,1931
1935,1936,1937
1932,1933,1934
1938,1939,1940
1935,1936,1937
1938,1939,1940
1941,1942,1943
1935,1936,1937
1941,1942,1943
1929,1930,1931
1929,1930,1931
1941,1942,1943
1944,1945,1946
1929,1930,1931
1944,1945,1946
1926,1927,1928
1941,1942,1943
1938,1939,1940
1947,1948,1949
1941,1942,1943
1947,1948,1949
1944,1945,1946
1938,1939,1940
1932,1933,1934
1950,1951,1952
1938,1939,1940
1950,1951,1952
1953,1954,1955
1938,1939,1940
1953,1954,1955
1947,1948,1949
1947,1948,1949
1953,1954,1955
1956,1957,1958
1947,1948,1949
1956,1957,1958
1959,1960,1961
1947,1948,1949
1959,1960,1961
1944,1945,1946
1956,1957,1958
1953,1954,1955
1962,1963,1964
1956,1957,1958
1962,1963,1964
1965,1966,1967
1956,1957,1958
1965,1966,1967
1959,1960,1961
1953,1954,1955
1950,1951,1952
1968,1969,1970
1953,1954,1955
1968,1969,1970
1962,1963,1964
1962,1963,1964
1968,1969,1970
1971,1972,1973
1962,1963,1964
1971,1972,1973
1965,1966,1967
1971,1972,1973
1968,1969,1970
1974,1975,1976
1971,1972,1973
1974,1975,1976
1977,1978,1979
1971,1972,1973
1977,1978,1979
1965,1966,1967
1965,1966,1967
1977,1978,1979
1980,1981,1982
1965,1966,1967
1980,1981,1982
1959,1960,1961
1977,1978,1979
1974,1975,1976
1983,1984,1985
1977,1978,1979
1983,1984,1985
1986,1987,1988
1977,1978,1979
1986,1987,1988
1980,1981,1982
1983,1984,1985
1974,1975,1976
1989,1990,1991
1983,1984,1985
1989,1990,1991
1992,1993,1994
1983,1984,1985
1992,1993,1994
1986,1987,1988
1974,1975,1976
1968,1969,1970
1995,1996,1997
1974,1975,1976
1995,1996,1997
1989,1990,1991
1989,1990,1991
1995,1996,1997
1998,1999,2000
1989,1990,1991
1998,1999,2000
1992,1993,1994
1992,1993,1994
1998,1999,2000
2001,2002,2003
1992,1993,1994
2001,2002,2003
2004,2005,2006
1992,1993,1994
2004,2005,2006
1986,1987,1988
2001,2002,2003
1998,1999,2000
2007,2008,2009
2001,2002,2003
2007,2008,2009
2010,2011,2012
2001,2002,2003
2010,2011,2012
2004,2005,2006
1998,1999,2000
1995,1996,1997
2013,2014,2015
1998,1999,2000
2013,2014,2015
2007,2008,2009
2010,2011,2012
2007,2008,2009
2016,2017,2018
2010,2011,2012
2016,2017,2018
2019,2020,2021
2010,2011,2012
2019,2020,2021
2004,2005,2006
2007,2008,2009
2013,2014,2015
2022,2023,2024
2007,2008,2009
2022,2023,2024
2016,2017,2018
2016,2017,2018
2022,2023,2024
2025,2026,2027
2016,2017,2018
2025,2026,2027
2019,2020,2021
2025,2026,2027
2022,2023,2024
2028,2029,2030
2025,2026,2027
2028,2029,2030
2031,2032,2033
2025,2026,2027
2031,2032,2033
2019,2020,2021
2031,2032,2033
2028,2029,2030
2034,2035,2036
2031,2032,2033
2034,2035,2036
2037,2038,2039
2031,2032,2033
2037,2038,2039
2019,2020,2021
2019,2020,2021
2037,2038,2039
2040,2041,2042
2019,2020,2021
2040,2041,2042
2004,2005,2006
2037,2038,2039
2034,2035,2036
2043,2044,2045
2037,2038,2039
2043,2044,2045
2046,2047,2048
2037,2038,2039
2046,2047,2048
2040,2041,2042
2043,2044,2045
2034,2035,2036
2049,2050,2051
2043,2044,2045
2049,2050,2051
2046,2047,2048
2040,2041,2042
2046,2047,2048
2052,2053,2054
2040,2041,2042
2052,2053,2054
2055,2056,2057
2040,2041,2042
2055,2056,2057
2004,2005,2006
2004,2005,2006
2055,2056,2057
2058,2059,2060
2004,2005,2006
2058,2059,2060
1986,1987,1988
1986,1987,1988
2058,2059,2060
2061,2062,2063
1986,1987,1988
2061,2062,2063
1980,1981,1982
1980,1981,1982
2061,2062,2063
2064,2065,2066
1980,1981,1982
2064,2065,2066
1959,1960,1961
1959,1960,1961
2064,2065,2066
2067,2068,2069
1959,1960,1961
2067,2068,2069
1944,1945,1946
1944,1945,1946
2067,2068,2069
2070,2071,2072
1944,1945,1946
2070,2071,2072
1926,1927,1928
2067,2068,2069
2064,2065,2066
2073,2074,2075
2067,2068,2069
2073,2074,2075
2076,2077,2078
2067,2068,2069
2076,2077,2078
2070,2071,2072
2064,2065,2066
2061,2062,2063
2079,2080,2081
2064,2065,2066
2079,2080,2081
2073,2074,2075
2061,2062,2063
2058,2059,2060
2082,2083,2084
2061,2062,2063
2082,2083,2084
2079,2080,2081
2058,2059,2060
2055,2056,2057
2085,2086,2087
2058,2059,2060
2085,2086,2087
2082,2083,2084
2055,2056,2057
2052,2053,2054
2088,2089,2090
2055,2056,2057
2088,2089,2090
2085,2086,2087
2073,2074,2075
2079,2080,2081
2091,2092,2093
2073,2074,2075
2091,2092,2093
2094,2095,2096
2073,2074,2075
2094,2095,2096
2076,2077,2078
2091,2092,2093
2079,2080,2081
2097,2098,2099
2091,2092,2093
2097,2098,2099
2100,2101,2102
2091,2092,2093
2100,2101,2102
2094,2095,2096
2079,2080,2081
2082,2083,2084
2103,2104,2105
2079,2080,2081
2103,2104,2105
2097,2098,2099
2097,2098,2099
2103,2104,2105
2106,2107,2108
2097,2098,2099
2106,2107,2108
2100,2101,2102
2103,2104,2105
2082,2083,2084
2109,2110,2111
2103,2104,2105
2109,2110,2111
2106,2107,2108
2082,2083,2084
2085,2086,2087
2112,2113,2114
2082,2083,2084
2112,2113,2114
2109,2110,2111
2109,2110,2111
2112,2113,2114
2115,2116,2117
2109,2110,2111
2115,2116,2117
2106,2107,2108
2112,2113,2114
2085,2086,2087
2118,2119,2120
2112,2113,2114
2118,2119,2120
2115,2116,2117
2118,2119,2120
2085,2086,2087
2121,2122,2123
2118,2119,2120
2121,2122,2123
2115,2116,2117
2085,2086,2087
2088,2089,2090
2121,2122,2123
2106,2107,2108
2115,2116,2117
2124,2125,2126
2106,2107,2108
2124,2125,2126
2100,2101,2102
2115,2116,2117
2121,2122,2123
2127,2128,2129
2115,2116,2117
2127,2128,2129
2124,2125,2126
2121,2122,2123
2088,2089,2090
2130,2131,2132
2121,2122,2123
2130,2131,2132
2127,2128,2129
2127,2128,2129
2130,2131,2132
2133,2134,2135
2127,2128,2129
2133,2134,2135
2124,2125,2126
2100,2101,2102
2124,2125,2126
2136,2137,2138
2100,2101,2102
2136,2137,2138
2094,2095,2096
2094,2095,2096
2136,2137,2138
2139,2140,2141
2094,2095,2096
2139,2140,2141
2076,2077,2078
2139,2140,2141
2136,2137,2138
2142,2143,2144
2139,2140,2141
2142,2143,2144
2076,2077,2078
2136,2137,2138
2124,2125,2126
2145,2146,2147
2136,2137,2138
2145,2146,2147
2142,2143,2144
2088,2089,2090
2052,2053,2054
2148,2149,2150
2088,2089,2090
2148,2149,2150
2130,2131,2132
2130,2131,2132
2148,2149,2150
2151,2152,2153
2130,2131,2132
2151,2152,2153
2133,2134,2135
2151,2152,2153
2148,2149,2150
2154,2155,2156
2151,2152,2153
2154,2155,2156
2133,2134,2135
2154,2155,2156
2148,2149,2150
2157,2158,2159
2154,2155,2156
2157,2158,2159
2133,2134,2135
2133,2134,2135
2157,2158,2159
2160,2161,2162
2133,2134,2135
2160,2161,2162
2124,2125,2126
2076,2077,2078
2142,2143,2144
2163,2164,2165
2076,2077,2078
2163,2164,2165
2070,2071,2072
2142,2143,2144
2145,2146,2147
2166,2167,2168
2142,2143,2144
2166,2167,2168
2163,2164,2165
2166,2167,2168
2145,2146,2147
2169,2170,2171
2166,2167,2168
2169,2170,2171
2163,2164,2165
2145,2146,2147
2124,2125,2126
2172,2173,2174
2145,2146,2147
2172,2173,2174
2169,2170,2171
2169,2170,2171
2172,2173,2174
2175,2176,2177
2169,2170,2171
2175,2176,2177
2163,2164,2165
2070,2071,2072
2163,2164,2165
2178,2179,2180
2070,2071,2072
2178,2179,2180
1926,1927,1928
2163,2164,2165
2175,2176,2177
2181,2182,2183
2163,2164,2165
2181,2182,2183
2178,2179,2180
2175,2176,2177
2172,2173,2174
2184,2185,2186
2175,2176,2177
2184,2185,2186
2181,2182,2183
2052,2053,2054
2046,2047,2048
2187,2188,2189
2052,2053,2054
2187,2188,2189
2148,2149,2150
2148,2149,2150
2187,2188,2189
2190,2191,2192
2148,2149,2150
2190,2191,2192
2157,2158,2159
2157,2158,2159
2190,2191,2192
2193,2194,2195
2157,2158,2159
2193,2194,2195
2160,2161,2162
2193,2194,2195
2190,2191,2192
2196,2197,2198
2193,2194,2195
2196,2197,2198
2160,2161,2162
2160,2161,2162
2196,2197,2198
2199,2200,2201
2160,2161,2162
2199,2200,2201
2124,2125,2126
2046,2047,2048
2049,2050,2051
2202,2203,2204
2046,2047,2048
2202,2203,2204
2187,2188,2189
2187,2188,2189
2202,2203,2204
2205,2206,2207
2187,2188,2189
2205,2206,2207
2190,2191,2192
2190,2191,2192
2205,2206,2207
2208,2209,2210
2190,2191,2192
2208,2209,2210
2196,2197,2198
2196,2197,2198
2208,2209,2210
2211,2212,2213
2196,2197,2198
2211,2212,2213
2199,2200,2201
2211,2212,2213
2208,2209,2210
2214,2215,2216
2211,2212,2213
2214,2215,2216
2217,2218,2219
2211,2212,2213
2217,2218,2219
2199,2200,2201
2208,2209,2210
2205,2206,2207
2220,2221,2222
2208,2209,2210
2220,2221,2222
2214,2215,2216
2205,2206,2207
2202,2203,2204
2223,2224,2225
2205,2206,2207
2223,2224,2225
2220,2221,2222
2199,2200,2201
2217,2218,2219
2226,2227,2228
2199,2200,2201
2226,2227,2228
2124,2125,2126
2217,2218,2219
2214,2215,2216
2229,2230,2231
2217,2218,2219
2229,2230,2231
2226,2227,2228
2124,2125,2126
2226,2227,2228
2232,2233,2234
2124,2125,2126
2232,2233,2234
2172,2173,2174
2226,2227,2228
2229,2230,2231
2235,2236,2237
2226,2227,2228
2235,2236,2237
2232,2233,2234
2235,2236,2237
2229,2230,2231
2238,2239,2240
2235,2236,2237
2238,2239,2240
2232,2233,2234
2229,2230,2231
2214,2215,2216
2238,2239,2240
2214,2215,2216
2220,2221,2222
2241,2242,2243
2214,2215,2216
2241,2242,2243
2238,2239,2240
2220,2221,2222
2223,2224,2225
2244,2245,2246
2220,2221,2222
2244,2245,2246
2241,2242,2243
2172,2173,2174
2232,2233,2234
2247,2248,2249
2172,2173,2174
2247,2248,2249
2184,2185,2186
2241,2242,2243
2244,2245,2246
2250,2251,2252
2241,2242,2243
2250,2251,2252
2253,2254,2255
2241,2242,2243
2253,2254,2255
2238,2239,2240
2238,2239,2240
2253,2254,2255
2256,2257,2258
2238,2239,2240
2256,2257,2258
2232,2233,2234
2232,2233,2234
2256,2257,2258
2259,2260,2261
2232,2233,2234
2259,2260,2261
2247,2248,2249
2256,2257,2258
2253,2254,2255
2262,2263,2264
2256,2257,2258
2262,2263,2264
2259,2260,2261
2262,2263,2264
2253,2254,2255
2265,2266,2267
2262,2263,2264
2265,2266,2267
2259,2260,2261
2253,2254,2255
2250,2251,2252
2265,2266,2267
2259,2260,2261
2265,2266,2267
2268,2269,2270
2259,2260,2261
2268,2269,2270
2247,2248,2249
2265,2266,2267
2250,2251,2252
2271,2272,2273
2265,2266,2267
2271,2272,2273
2268,2269,2270
2268,2269,2270
2271,2272,2273
2274,2275,2276
2268,2269,2270
2274,2275,2276
2277,2278,2279
2268,2269,2270
2277,2278,2279
2247,2248,2249
2277,2278,2279
2274,2275,2276
2280,2281,2282
2277,2278,2279
2280,2281,2282
2283,2284,2285
2277,2278,2279
2283,2284,2285
2247,2248,2249
2247,2248,2249
2283,2284,2285
2286,2287,2288
2247,2248,2249
2286,2287,2288
2184,2185,2186
2286,2287,2288
2283,2284,2285
2289,2290,2291
2286,2287,2288
2289,2290,2291
2184,2185,2186
2283,2284,2285
2280,2281,2282
2289,2290,2291
2184,2185,2186
2289,2290,2291
2181,2182,2183
2181,2182,2183
2289,2290,2291
2292,2293,2294
2181,2182,2183
2292,2293,2294
2178,2179,2180
2289,2290,2291
2280,2281,2282
2295,2296,2297
2289,2290,2291
2295,2296,2297
2292,2293,2294
2178,2179,2180
2292,2293,2294
1911,1912,1913
2178,2179,2180
1911,1912,1913
1926,1927,1928
2292,2293,2294
2295,2296,2297
1884,1885,1886
2292,2293,2294
1884,1885,1886
1911,1912,1913
2295,2296,2297
2280,2281,2282
2298,2299,2300
2295,2296,2297
2298,2299,2300
1866,1867,1868
2295,2296,2297
1866,1867,1868
1884,1885,1886
2280,2281,2282
2274,2275,2276
2301,2302,2303
2280,2281,2282
2301,2302,2303
2298,2299,2300
2274,2275,2276
2271,2272,2273
2304,2305,2306
2274,2275,2276
2304,2305,2306
2301,2302,2303
2271,2272,2273
2250,2251,2252
2307,2308,2309
2271,2272,2273
2307,2308,2309
2304,2305,2306
2304,2305,2306
2307,2308,2309
2310,2311,2312
2304,2305,2306
2310,2311,2312
2301,2302,2303
2307,2308,2309
2250,2251,2252
2313,2314,2315
2307,2308,2309
2313,2314,2315
2310,2311,2312
2250,2251,2252
2244,2245,2246
2316,2317,2318
2250,2251,2252
2316,2317,2318
2313,2314,2315
2313,2314,2315
2316,2317,2318
2319,2320,2321
2313,2314,2315
2319,2320,2321
2310,2311,2312
2310,2311,2312
2319,2320,2321
2322,2323,2324
2310,2311,2312
2322,2323,2324
2301,2302,2303
2301,2302,2303
2322,2323,2324
2325,2326,2327
2301,2302,2303
2325,2326,2327
2298,2299,2300
2298,2299,2300
2325,2326,2327
1860,1861,1862
2298,2299,2300
1860,1861,1862
1866,1867,1868
2244,2245,2246
2223,2224,2225
2328,2329,2330
2244,2245,2246
2328,2329,2330
2316,2317,2318
2316,2317,2318
2328,2329,2330
2331,2332,2333
2316,2317,2318
2331,2332,2333
2319,2320,2321
2319,2320,2321
2331,2332,2333
2334,2335,2336
2319,2320,2321
2334,2335,2336
2322,2323,2324
2331,2332,2333
2328,2329,2330
2337,2338,2339
2331,2332,2333
2337,2338,2339
2334,2335,2336
2328,2329,2330
2223,2224,2225
2340,2341,2342
2328,2329,2330
2340,2341,2342
2337,2338,2339
2337,2338,2339
2340,2341,2342
2343,2344,2345
2337,2338,2339
2343,2344,2345
2334,2335,2336
2340,2341,2342
2223,2224,2225
2346,2347,2348
2340,2341,2342
2346,2347,2348
2343,2344,2345
2223,2224,2225
2202,2203,2204
2346,2347,2348
2322,2323,2324
2334,2335,2336
2349,2350,2351
2322,2323,2324
2349,2350,2351
2325,2326,2327
2325,2326,2327
2349,2350,2351
1839,1840,1841
2325,2326,2327
1839,1840,1841
1860,1861,1862
2202,2203,2204
2049,2050,2051
2352,2353,2354
2202,2203,2204
2352,2353,2354
2346,2347,2348
2346,2347,2348
2352,2353,2354
2355,2356,2357
2346,2347,2348
2355,2356,2357
2343,2344,2345
2352,2353,2354
2049,2050,2051
2358,2359,2360
2352,2353,2354
2358,2359,2360
2355,2356,2357
2049,2050,2051
2034,2035,2036
2358,2359,2360
2358,2359,2360
2034,2035,2036
2361,2362,2363
2358,2359,2360
2361,2362,2363
2355,2356,2357
2034,2035,2036
2028,2029,2030
2361,2362,2363
2355,2356,2357
2361,2362,2363
2364,2365,2366
2355,2356,2357
2364,2365,2366
2343,2344,2345
2343,2344,2345
2364,2365,2366
2334,2335,2336
2334,2335,2336
2364,2365,2366
2367,2368,2369
2334,2335,2336
2367,2368,2369
2349,2350,2351
2364,2365,2366
2361,2362,2363
2370,2371,2372
2364,2365,2366
2370,2371,2372
2367,2368,2369
2361,2362,2363
2028,2029,2030
2373,2374,2375
2361,2362,2363
2373,2374,2375
2370,2371,2372
2349,2350,2351
2367,2368,2369
1824,1825,1826
2349,2350,2351
1824,1825,1826
1839,1840,1841
2367,2368,2369
2370,2371,2372
1818,1819,1820
2367,2368,2369
1818,1819,1820
1824,1825,1826
1818,1819,1820
2370,2371,2372
1791,1792,1793
2370,2371,2372
2373,2374,2375
1791,1792,1793
2028,2029,2030
2022,2023,2024
2376,2377,2378
2028,2029,2030
2376,2377,2378
2373,2374,2375
2373,2374,2375
2376,2377,2378
1764,1765,1766
2373,2374,2375
1764,1765,1766
1791,1792,1793
2022,2023,2024
2013,2014,2015
2379,2380,2381
2022,2023,2024
2379,2380,2381
2376,2377,2378
2376,2377,2378
2379,2380,2381
1758,1759,1760
2376,2377,2378
1758,1759,1760
1764,1765,1766
2013,2014,2015
1995,1996,1997
2382,2383,2384
2013,2014,2015
2382,2383,2384
2379,2380,2381
2379,2380,2381
2382,2383,2384
1737,1738,1739
2379,2380,2381
1737,1738,1739
1758,1759,1760
1995,1996,1997
1968,1969,1970
2385,2386,2387
1995,1996,1997
2385,2386,2387
2382,2383,2384
2382,2383,2384
2385,2386,2387
1722,1723,1724
2382,2383,2384
1722,1723,1724
1737,1738,1739
1968,1969,1970
1950,1951,1952
2388,2389,2390
1968,1969,1970
2388,2389,2390
2385,2386,2387
2385,2386,2387
2388,2389,2390
1704,1705,1706
2385,2386,2387
1704,1705,1706
1722,1723,1724
1950,1951,1952
1932,1933,1934
2391,2392,2393
1950,1951,1952
2391,2392,2393
2388,2389,2390
2388,2389,2390
2391,2392,2393
1689,1690,1691
2388,2389,2390
1689,1690,1691
1704,1705,1706
1932,1933,1934
1914,1915,1916
2394,2395,2396
1932,1933,1934
2394,2395,2396
2391,2392,2393
2391,2392,2393
2394,2395,2396
1662,1663,1664
2391,2392,2393
1662,1663,1664
1689,1690,1691
1914,1915,1916
1902,1903,1904
2397,2398,2399
1914,1915,1916
2397,2398,2399
2394,2395,2396
2394,2395,2396
2397,2398,2399
1644,1645,1646
2394,2395,2396
1644,1645,1646
1662,1663,1664
1902,1903,1904
1893,1894,1895
2400,2401,2402
1902,1903,1904
2400,2401,2402
2397,2398,2399
2397,2398,2399
2400,2401,2402
1638,1639,1640
2397,2398,2399
1638,1639,1640
1644,1645,1646
1893,1894,1895
1875,1876,1877
2403,2404,2405
1893,1894,1895
2403,2404,2405
2400,2401,2402
2400,2401,2402
2403,2404,2405
1617,1618,1619
2400,2401,2402
1617,1618,1619
1638,1639,1640
1875,1876,1877
1848,1849,1850
2406,2407,2408
1875,1876,1877
2406,2407,2408
2403,2404,2405
2403,2404,2405
2406,2407,2408
1602,1603,1604
2403,2404,2405
1602,1603,1604
1617,1618,1619
1848,1849,1850
1833,1834,1835
2409,2410,2411
1848,1849,1850
2409,2410,2411
2406,2407,2408
2406,2407,2408
2409,2410,2411
1584,1585,1586
2406,2407,2408
1584,1585,1586
1602,1603,1604
1833,1834,1835
1806,1807,1808
2412,2413,2414
1833,1834,1835
2412,2413,2414
2409,2410,2411
2409,2410,2411
2412,2413,2414
1569,1570,1571
2409,2410,2411
1569,1570,1571
1584,1585,1586
1806,1807,1808
1800,1801,1802
2415,2416,2417
1806,1807,1808
2415,2416,2417
2412,2413,2414
2412,2413,2414
2415,2416,2417
1542,1543,1544
2412,2413,2414
1542,1543,1544
1569,1570,1571
1800,1801,1802
1782,1783,1784
2418,2419,2420
1800,1801,1802
2418,2419,2420
2415,2416,2417
2415,2416,2417
2418,2419,2420
1536,1537,1538
2415,2416,2417
1536,1537,1538
1542,1543,1544
1782,1783,1784
1773,1774,1775
2421,2422,2423
1782,1783,1784
2421,2422,2423
2418,2419,2420
2418,2419,2420
2421,2422,2423
1518,1519,1520
2418,2419,2420
1518,1519,1520
1536,1537,1538
1773,1774,1775
1746,1747,1748
2424,2425,2426
1773,1774,1775
2424,2425,2426
2421,2422,2423
2421,2422,2423
2424,2425,2426
1497,1498,1499
2421,2422,2423
1497,1498,1499
1518,1519,1520
1746,1747,1748
1728,1729,1730
2427,2428,2429
1746,1747,1748
2427,2428,2429
2424,2425,2426
2424,2425,2426
2427,2428,2429
1482,1483,1484
2424,2425,2426
1482,1483,1484
1497,1498,1499
1728,1729,1730
1710,1711,1712
2430,2431,2432
1728,1729,1730
2430,2431,2432
2427,2428,2429
2427,2428,2429
2430,2431,2432
1476,1477,1478
2427,2428,2429
1476,1477,1478
1482,1483,1484
1476,1477,1478
2430,2431,2432
1446,1447,1448
2430,2431,2432
1710,1711,1712
2433,2434,2435
2430,2431,2432
2433,2434,2435
1446,1447,1448
1710,1711,1712
1692,1693,1694
2433,2434,2435
1692,1693,1694
1680,1681,1682
2436,2437,2438
1692,1693,1694
2436,2437,2438
2433,2434,2435
2433,2434,2435
2436,2437,2438
1422,1423,1424
2433,2434,2435
1422,1423,1424
1446,1447,1448
1680,1681,1682
1671,1672,1673
2439,2440,2441
1680,1681,1682
2439,2440,2441
2436,2437,2438
2436,2437,2438
2439,2440,2441
1416,1417,1418
2436,2437,2438
1416,1417,1418
1422,1423,1424
1671,1672,1673
1653,1654,1655
2442,2443,2444
1671,1672,1673
2442,2443,2444
2439,2440,2441
2439,2440,2441
2442,2443,2444
1395,1396,1397
2439,2440,2441
1395,1396,1397
1416,1417,1418
1653,1654,1655
1626,1627,1628
2445,2446,2447
1653,1654,1655
2445,2446,2447
2442,2443,2444
2442,2443,2444
2445,2446,2447
1380,1381,1382
2442,2443,2444
1380,1381,1382
1395,1396,1397
1626,1627,1628
1608,1609,1610
2448,2449,2450
1626,1627,1628
2448,2449,2450
2445,2446,2447
2445,2446,2447
2448,2449,2450
1362,1363,1364
2445,2446,2447
1362,1363,1364
1380,1381,1382
1608,1609,1610
1590,1591,1592
2451,2452,2453
1608,1609,1610
2451,2452,2453
2448,2449,2450
2448,2449,2450
2451,2452,2453
1347,1348,1349
2448,2449,2450
1347,1348,1349
1362,1363,1364
1590,1591,1592
1572,1573,1574
2454,2455,2456
1590,1591,1592
2454,2455,2456
2451,2452,2453
2451,2452,2453
2454,2455,2456
1320,1321,1322
2451,2452,2453
1320,1321,1322
1347,1348,1349
1572,1573,1574
1560,1561,1562
2457,2458,2459
1572,1573,1574
2457,2458,2459
2454,2455,2456
2454,2455,2456
2457,2458,2459
1302,1303,1304
2454,2455,2456
1302,1303,1304
1320,1321,1322
1560,1561,1562
1551,1552,1553
2460,2461,2462
1560,1561,1562
2460,2461,2462
2457,2458,2459
2457,2458,2459
2460,2461,2462
1296,1297,1298
2457,2458,2459
1296,1297,1298
1302,1303,1304
1551,1552,1553
1524,1525,1526
2463,2464,2465
1551,1552,1553
2463,2464,2465
2460,2461,2462
2460,2461,2462
2463,2464,2465
1275,1276,1277
2460,2461,2462
1275,1276,1277
1296,1297,1298
1524,1525,1526
1506,1507,1508
2466,2467,2468
1524,1525,1526
2466,2467,2468
2463,2464,2465
2463,2464,2465
2466,2467,2468
1260,1261,1262
2463,2464,2465
1260,1261,1262
1275,1276,1277
1506,1507,1508
1491,1492,1493
2469,2470,2471
1506,1507,1508
2469,2470,2471
2466,2467,2468
2466,2467,2468
2469,2470,2471
1242,1243,1244
2466,2467,2468
1242,1243,1244
1260,1261,1262
1491,1492,1493
1464,1465,1466
2472,2473,2474
1491,1492,1493
2472,2473,2474
2469,2470,2471
2469,2470,2471
2472,2473,2474
1227,1228,1229
2469,2470,2471
1227,1228,1229
1242,1243,1244
1464,1465,1466
1458,1459,1460
2475,2476,2477
1464,1465,1466
2475,2476,2477
2472,2473,2474
2472,2473,2474
2475,2476,2477
1200,1201,1202
2472,2473,2474
1200,1201,1202
1227,1228,1229
1458,1459,1460
1434,1435,1436
2478,2479,2480
1458,1459,1460
2478,2479,2480
2475,2476,2477
2475,2476,2477
2478,2479,2480
1194,1195,1196
2475,2476,2477
1194,1195,1196
1200,1201,1202
1434,1435,1436
1431,1432,1433
2481,2482,2483
1434,1435,1436
2481,2482,2483
2478,2479,2480
2478,2479,2480
2481,2482,2483
1176,1177,1178
2478,2479,2480
1176,1177,1178
1194,1195,1196
1431,1432,1433
1404,1405,1406
2484,2485,2486
1431,1432,1433
2484,2485,2486
2481,2482,2483
2481,2482,2483
2484,2485,2486
1155,1156,1157
2481,2482,2483
1155,1156,1157
1176,1177,1178
1404,1405,1406
1386,1387,1388
2487,2488,2489
1404,1405,1406
2487,2488,2489
2484,2485,2486
2484,2485,2486
2487,2488,2489
1140,1141,1142
2484,2485,2486
1140,1141,1142
1155,1156,1157
1386,1387,1388
1368,1369,1370
2490,2491,2492
1386,1387,1388
2490,2491,2492
2487,2488,2489
2487,2488,2489
2490,2491,2492
1134,1135,1136
2487,2488,2489
1134,1135,1136
1140,1141,1142
1134,1135,1136
2490,2491,2492
1104,1105,1106
2490,2491,2492
1368,1369,1370
2493,2494,2495
2490,2491,2492
2493,2494,2495
1104,1105,1106
1368,1369,1370
1350,1351,1352
2493,2494,2495
1350,1351,1352
1338,1339,1340
2496,2497,2498
1350,1351,1352
2496,2497,2498
2493,2494,2495
2493,2494,2495
2496,2497,2498
1080,1081,1082
2493,2494,2495
1080,1081,1082
1104,1105,1106
1338,1339,1340
1329,1330,1331
2499,2500,2501
1338,1339,1340
2499,2500,2501
2496,2497,2498
2496,2497,2498
2499,2500,2501
1074,1075,1076
2496,2497,2498
1074,1075,1076
1080,1081,1082
1329,1330,1331
1311,1312,1313
2502,2503,2504
1329,1330,1331
2502,2503,2504
2499,2500,2501
2499,2500,2501
2502,2503,2504
1053,1054,1055
2499,2500,2501
1053,1054,1055
1074,1075,1076
1311,1312,1313
1284,1285,1286
2505,2506,2507
1311,1312,1313
2505,2506,2507
2502,2503,2504
2502,2503,2504
2505,2506,2507
1038,1039,1040
2502,2503,2504
1038,1039,1040
1053,1054,1055
1284,1285,1286
1266,1267,1268
2508,2509,2510
1284,1285,1286
2508,2509,2510
2505,2506,2507
2505,2506,2507
2508,2509,2510
1020,1021,1022
2505,2506,2507
1020,1021,1022
1038,1039,1040
1266,1267,1268
1248,1249,1250
2511,2512,2513
1266,1267,1268
2511,2512,2513
2508,2509,2510
2508,2509,2510
2511,2512,2513
1005,1006,1007
2508,2509,2510
1005,1006,1007
1020,1021,1022
1248,1249,1250
1230,1231,1232
2514,2515,2516
1248,1249,1250
2514,2515,2516
2511,2512,2513
2511,2512,2513
2514,2515,2516
978,979,980
2511,2512,2513
978,979,980
1005,1006,1007
1230,1231,1232
1218,1219,1220
2517,2518,2519
1230,1231,1232
2517,2518,2519
2514,2515,2516
2514,2515,2516
2517,2518,2519
960,961,962
2514,2515,2516
960,961,962
978,979,980
1218,1219,1220
1209,1210,1211
2520,2521,2522
1218,1219,1220
2520,2521,2522
2517,2518,2519
2517,2518,2519
2520,2521,2522
954,955,956
2517,2518,2519
954,955,956
960,961,962
1209,1210,1211
1182,1183,1184
2523,2524,2525
1209,1210,1211
2523,2524,2525
2520,2521,2522
2520,2521,2522
2523,2524,2525
933,934,935
2520,2521,2522
933,934,935
954,955,956
1182,1183,1184
1164,1165,1166
2526,2527,2528
1182,1183,1184
2526,2527,2528
2523,2524,2525
2523,2524,2525
2526,2527,2528
918,919,920
2523,2524,2525
918,919,920
933,934,935
1164,1165,1166
1149,1150,1151
2529,2530,2531
1164,1165,1166
2529,2530,2531
2526,2527,2528
2526,2527,2528
2529,2530,2531
900,901,902
2526,2527,2528
900,901,902
918,919,920
1149,1150,1151
1122,1123,1124
2532,2533,2534
1149,1150,1151
2532,2533,2534
2529,2530,2531
2529,2530,2531
2532,2533,2534
885,886,887
2529,2530,2531
885,886,887
900,901,902
1122,1123,1124
1116,1117,1118
2535,2536,2537
1122,1123,1124
2535,2536,2537
2532,2533,2534
2532,2533,2534
2535,2536,2537
858,859,860
2532,2533,2534
858,859,860
885,886,887
1116,1117,1118
1092,1093,1094
2538,2539,2540
1116,1117,1118
2538,2539,2540
2535,2536,2537
2535,2536,2537
2538,2539,2540
852,853,854
2535,2536,2537
852,853,854
858,859,860
1092,1093,1094
1089,1090,1091
2541,2542,2543
1092,1093,1094
2541,2542,2543
2538,2539,2540
2538,2539,2540
2541,2542,2543
831,832,833
2538,2539,2540
831,832,833
852,853,854
1089,1090,1091
1062,1063,1064
2544,2545,2546
1089,1090,1091
2544,2545,2546
2541,2542,2543
2541,2542,2543
2544,2545,2546
813,814,815
2541,2542,2543
813,814,815
831,832,833
1062,1063,1064
1044,1045,1046
2547,2548,2549
1062,1063,1064
2547,2548,2549
2544,2545,2546
2544,2545,2546
2547,2548,2549
798,799,800
2544,2545,2546
798,799,800
813,814,815
1044,1045,1046
1026,1027,1028
2550,2551,2552
1044,1045,1046
2550,2551,2552
2547,2548,2549
2547,2548,2549
2550,2551,2552
792,793,794
2547,2548,2549
792,793,794
798,799,800
792,793,794
2550,2551,2552
756,757,758
2550,2551,2552
1026,1027,1028
2553,2554,2555
2550,2551,2552
2553,2554,2555
756,757,758
1026,1027,1028
1008,1009,1010
2553,2554,2555
1008,1009,1010
996,997,998
2556,2557,2558
1008,1009,1010
2556,2557,2558
2553,2554,2555
2553,2554,2555
2556,2557,2558
738,739,740
2553,2554,2555
738,739,740
756,757,758
996,997,998
987,988,989
2559,2560,2561
996,997,998
2559,2560,2561
2556,2557,2558
2556,2557,2558
2559,2560,2561
732,733,734
2556,2557,2558
732,733,734
738,739,740
987,988,989
969,970,971
2562,2563,2564
987,988,989
2562,2563,2564
2559,2560,2561
2559,2560,2561
2562,2563,2564
714,715,716
2559,2560,2561
714,715,716
732,733,734
714,715,716
2562,2563,2564
702,703,704
2562,2563,2564
969,970,971
2565,2566,2567
2562,2563,2564
2565,2566,2567
702,703,704
969,970,971
942,943,944
2565,2566,2567
702,703,704
2565,2566,2567
684,685,686
2565,2566,2567
942,943,944
2568,2569,2570
2565,2566,2567
2568,2569,2570
684,685,686
942,943,944
924,925,926
2568,2569,2570
684,685,686
2568,2569,2570
678,679,680
2568,2569,2570
924,925,926
2571,2572,2573
2568,2569,2570
2571,2572,2573
678,679,680
924,925,926
906,907,908
2571,2572,2573
678,679,680
2571,2572,2573
657,658,659
2571,2572,2573
906,907,908
2574,2575,2576
2571,2572,2573
2574,2575,2576
657,658,659
906,907,908
888,889,890
2574,2575,2576
657,658,659
2574,2575,2576
651,652,653
2574,2575,2576
888,889,890
2577,2578,2579
2574,2575,2576
2577,2578,2579
651,652,653
888,889,890
876,877,878
2577,2578,2579
651,652,653
2577,2578,2579
639,640,641
2577,2578,2579
876,877,878
2580,2581,2582
2577,2578,2579
2580,2581,2582
639,640,641
876,877,878
867,868,869
2580,2581,2582
639,640,641
2580,2581,2582
621,622,623
2580,2581,2582
867,868,869
2583,2584,2585
2580,2581,2582
2583,2584,2585
621,622,623
867,868,869
840,841,842
2583,2584,2585
621,622,623
2583,2584,2585
612,613,614
2583,2584,2585
840,841,842
2586,2587,2588
2583,2584,2585
2586,2587,2588
612,613,614
840,841,842
822,823,824
2586,2587,2588
612,613,614
2586,2587,2588
594,595,596
306,307,308
297,298,299
747,748,749
2586,2587,2588
822,823,824
2589,2590,2591
2586,2587,2588
2589,2590,2591
594,595,596
822,823,824
807,808,809
2589,2590,2591
594,595,596
2589,2590,2591
585,586,587
294,295,296
558,559,560
288,289,290
273,274,275
249,250,251
519,520,521
2589,2590,2591
807,808,809
2592,2593,2594
2589,2590,2591
2592,2593,2594
585,586,587
807,808,809
780,781,782
2592,2593,2594
585,586,587
2592,2593,2594
564,565,566
2592,2593,2594
780,781,782
2595,2596,2597
2592,2593,2594
2595,2596,2597
564,565,566
780,781,782
774,775,776
2595,2596,2597
564,565,566
2595,2596,2597
561,562,563
2595,2596,2597
774,775,776
2598,2599,2600
2595,2596,2597
2598,2599,2600
561,562,563
774,775,776
765,766,767
2598,2599,2600
561,562,563
2598,2599,2600
558,559,560
2598,2599,2600
765,766,767
2601,2602,2603
2598,2599,2600
2601,2602,2603
558,559,560
765,766,767
747,748,749
2601,2602,2603
747,748,749
297,298,299
2601,2602,2603
558,559,560
2601,2602,2603
288,289,290
2601,2602,2603
297,298,299
288,289,290
54,55,56
471,472,473
48,49,50
249,250,251
96,97,98
2604,2605,2606
249,250,251
2604,2605,2606
519,520,521
519,520,521
2604,2605,2606
2607,2608,2609
519,520,521
2607,2608,2609
474,475,476
474,475,476
2607,2608,2609
75,76,77
474,475,476
75,76,77
69,70,71
75,76,77
2607,2608,2609
78,79,80
2607,2608,2609
2604,2605,2606
78,79,80
96,97,98
84,85,86
2610,2611,2612
96,97,98
2610,2611,2612
2604,2605,2606
2610,2611,2612
84,85,86
2613,2614,2615
2610,2611,2612
2613,2614,2615
2604,2605,2606
2604,2605,2606
2613,2614,2615
78,79,80
2613,2614,2615
84,85,86
78,79,80
69,70,71
57,58,59
2616,2617,2618
69,70,71
2616,2617,2618
471,472,473
2616,2617,2618
57,58,59
2619,2620,2621
2616,2617,2618
2619,2620,2621
471,472,473
471,472,473
2619,2620,2621
48,49,50
2619,2620,2621
57,58,59
48,49,50
