0,1,2
3,4,5
6,7,8
6,7,8
3,4,5
9,10,11
6,7,8
9,10,11
12,13,14
6,7,8
12,13,14
15,16,17
6,7,8
15,16,17
18,19,20
6,7,8
18,19,20
0,1,2
18,19,20
15,16,17
21,22,23
18,19,20
21,22,23
24,25,26
18,19,20
24,25,26
27,28,29
18,19,20
27,28,29
0,1,2
15,16,17
12,13,14
30,31,32
15,16,17
30,31,32
33,34,35
15,16,17
33,34,35
21,22,23
21,22,23
33,34,35
36,37,38
21,22,23
36,37,38
39,40,41
21,22,23
39,40,41
24,25,26
33,34,35
30,31,32
42,43,44
33,34,35
42,43,44
45,46,47
33,34,35
45,46,47
36,37,38
36,37,38
45,46,47
48,49,50
36,37,38
48,49,50
51,52,53
36,37,38
51,52,53
39,40,41
45,46,47
42,43,44
54,55,56
45,46,47
54,55,56
57,58,59
45,46,47
57,58,59
48,49,50
48,49,50
57,58,59
60,61,62
48,49,50
60,61,62
63,64,65
48,49,50
63,64,65
51,52,53
57,58,59
54,55,56
66,67,68
57,58,59
66,67,68
69,70,71
57,58,59
69,70,71
60,61,62
60,61,62
69,70,71
72,73,74
60,61,62
72,73,74
75,76,77
60,61,62
75,76,77
63,64,65
69,70,71
66,67,68
78,79,80
69,70,71
78,79,80
81,82,83
69,70,71
81,82,83
72,73,74
72,73,74
81,82,83
84,85,86
72,73,74
84,85,86
87,88,89
72,73,74
87,88,89
75,76,77
81,82,83
78,79,80
90,91,92
81,82,83
90,91,92
93,94,95
81,82,83
93,94,95
84,85,86
84,85,86
93,94,95
96,97,98
84,85,86
96,97,98
99,100,101
84,85,86
99,100,101
87,88,89
93,94,95
90,91,92
102,103,104
93,94,95
102,103,104
105,106,107
93,94,95
105,106,107
96,97,98
96,97,98
105,106,107
108,109,110
96,97,98
108,109,110
111,112,113
96,97,98
111,112,113
99,100,101
105,106,107
102,103,104
114,115,116
105,106,107
114,115,116
117,118,119
105,106,107
117,118,119
108,109,110
108,109,110
117,118,119
120,121,122
108,109,110
120,121,122
123,124,125
108,109,110
123,124,125
111,112,113
117,118,119
114,115,116
126,127,128
117,118,119
126,127,128
129,130,131
117,118,119
129,130,131
120,121,122
120,121,122
129,130,131
132,133,134
120,121,122
132,133,134
135,136,137
120,121,122
135,136,137
123,124,125
129,130,131
126,127,128
138,139,140
129,130,131
138,139,140
141,142,143
129,130,131
141,142,143
132,133,134
132,133,134
141,142,143
144,145,146
132,133,134
144,145,146
147,148,149
132,133,134
147,148,149
135,136,137
141,142,143
138,139,140
150,151,152
141,142,143
150,151,152
153,154,155
141,142,143
153,154,155
144,145,146
144,145,146
153,154,155
156,157,158
144,145,146
156,157,158
159,160,161
144,145,146
159,160,161
147,148,149
153,154,155
150,151,152
162,163,164
153,154,155
162,163,164
165,166,167
153,154,155
165,166,167
156,157,158
156,157,158
165,166,167
168,169,170
156,157,158
168,169,170
171,172,173
156,157,158
171,172,173
159,160,161
165,166,167
162,163,164
174,175,176
165,166,167
174,175,176
177,178,179
165,166,167
177,178,179
168,169,170
168,169,170
177,178,179
180,181,182
168,169,170
180,181,182
183,184,185
168,169,170
183,184,185
171,172,173
177,178,179
174,175,176
186,187,188
177,178,179
186,187,188
189,190,191
177,178,179
189,190,191
180,181,182
180,181,182
189,190,191
192,193,194
180,181,182
192,193,194
195,196,197
180,181,182
195,196,197
183,184,185
189,190,191
186,187,188
198,199,200
189,190,191
198,199,200
201,202,203
189,190,191
201,202,203
192,193,194
192,193,194
201,202,203
204,205,206
192,193,194
204,205,206
207,208,209
192,193,194
207,208,209
195,196,197
201,202,203
198,199,200
210,211,212
201,202,203
210,211,212
213,214,215
201,202,203
213,214,215
204,205,206
204,205,206
213,214,215
216,217,218
204,205,206
216,217,218
219,220,221
204,205,206
219,220,221
207,208,209
213,214,215
210,211,212
222,223,224
213,214,215
222,223,224
225,226,227
213,214,215
225,226,227
216,217,218
216,217,218
225,226,227
228,229,230
216,217,218
228,229,230
231,232,233
216,217,218
231,232,233
219,220,221
225,226,227
222,223,224
234,235,236
225,226,227
234,235,236
237,238,239
225,226,227
237,238,239
228,229,230
228,229,230
237,238,239
240,241,242
228,229,230
240,241,242
243,244,245
228,229,230
243,244,245
231,232,233
237,238,239
234,235,236
246,247,248
237,238,239
246,247,248
249,250,251
237,238,239
249,250,251
240,241,242
240,241,242
249,250,251
252,253,254
240,241,242
252,253,254
255,256,257
240,241,242
255,256,257
243,244,245
249,250,251
246,247,248
258,259,260
249,250,251
258,259,260
261,262,263
249,250,251
261,262,263
252,253,254
252,253,254
261,262,263
264,265,266
252,253,254
264,265,266
267,268,269
252,253,254
267,268,269
255,256,257
261,262,263
258,259,260
270,271,272
261,262,263
270,271,272
273,274,275
261,262,263
273,274,275
264,265,266
264,265,266
273,274,275
276,277,278
264,265,266
276,277,278
279,280,281
264,265,266
279,280,281
267,268,269
273,274,275
270,271,272
282,283,284
273,274,275
282,283,284
285,286,287
273,274,275
285,286,287
276,277,278
276,277,278
285,286,287
288,289,290
276,277,278
288,289,290
291,292,293
276,277,278
291,292,293
279,280,281
285,286,287
282,283,284
294,295,296
285,286,287
294,295,296
297,298,299
285,286,287
297,298,299
288,289,290
288,289,290
297,298,299
300,301,302
288,289,290
300,301,302
303,304,305
288,289,290
303,304,305
291,292,293
297,298,299
294,295,296
306,307,308
297,298,299
306,307,308
309,310,311
297,298,299
309,310,311
300,301,302
300,301,302
309,310,311
312,313,314
300,301,302
312,313,314
315,316,317
300,301,302
315,316,317
303,304,305
309,310,311
306,307,308
318,319,320
309,310,311
318,319,320
321,322,323
309,310,311
321,322,323
312,313,314
312,313,314
321,322,323
324,325,326
312,313,314
324,325,326
327,328,329
312,313,314
327,328,329
315,316,317
321,322,323
318,319,320
330,331,332
321,322,323
330,331,332
333,334,335
321,322,323
333,334,335
324,325,326
324,325,326
333,334,335
336,337,338
324,325,326
336,337,338
339,340,341
324,325,326
339,340,341
327,328,329
333,334,335
330,331,332
342,343,344
333,334,335
342,343,344
345,346,347
333,334,335
345,346,347
336,337,338
336,337,338
345,346,347
348,349,350
336,337,338
348,349,350
351,352,353
336,337,338
351,352,353
339,340,341
345,346,347
342,343,344
354,355,356
345,346,347
354,355,356
357,358,359
345,346,347
357,358,359
348,349,350
348,349,350
357,358,359
360,361,362
348,349,350
360,361,362
363,364,365
348,349,350
363,364,365
351,352,353
357,358,359
354,355,356
366,367,368
357,358,359
366,367,368
369,370,371
357,358,359
369,370,371
360,361,362
360,361,362
369,370,371
372,373,374
360,361,362
372,373,374
375,376,377
360,361,362
375,376,377
363,364,365
369,370,371
366,367,368
378,379,380
369,370,371
378,379,380
381,382,383
369,370,371
381,382,383
372,373,374
372,373,374
381,382,383
384,385,386
372,373,374
384,385,386
387,388,389
372,373,374
387,388,389
375,376,377
381,382,383
378,379,380
390,391,392
381,382,383
390,391,392
393,394,395
381,382,383
393,394,395
384,385,386
384,385,386
393,394,395
396,397,398
384,385,386
396,397,398
399,400,401
384,385,386
399,400,401
387,388,389
393,394,395
390,391,392
402,403,404
393,394,395
402,403,404
405,406,407
393,394,395
405,406,407
396,397,398
396,397,398
405,406,407
408,409,410
396,397,398
408,409,410
411,412,413
396,397,398
411,412,413
399,400,401
405,406,407
402,403,404
414,415,416
405,406,407
414,415,416
417,418,419
405,406,407
417,418,419
408,409,410
408,409,410
417,418,419
420,421,422
408,409,410
420,421,422
423,424,425
408,409,410
423,424,425
411,412,413
417,418,419
414,415,416
426,427,428
417,418,419
426,427,428
429,430,431
417,418,419
429,430,431
420,421,422
420,421,422
429,430,431
432,433,434
420,421,422
432,433,434
435,436,437
420,421,422
435,436,437
423,424,425
429,430,431
426,427,428
438,439,440
429,430,431
438,439,440
441,442,443
429,430,431
441,442,443
432,433,434
432,433,434
441,442,443
444,445,446
432,433,434
444,445,446
447,448,449
432,433,434
447,448,449
435,436,437
441,442,443
438,439,440
450,451,452
441,442,443
450,451,452
453,454,455
441,442,443
453,454,455
444,445,446
444,445,446
453,454,455
456,457,458
444,445,446
456,457,458
459,460,461
444,445,446
459,460,461
447,448,449
453,454,455
450,451,452
462,463,464
453,454,455
462,463,464
465,466,467
453,454,455
465,466,467
456,457,458
456,457,458
465,466,467
468,469,470
456,457,458
468,469,470
471,472,473
456,457,458
471,472,473
459,460,461
465,466,467
462,463,464
474,475,476
465,466,467
474,475,476
477,478,479
465,466,467
477,478,479
468,469,470
468,469,470
477,478,479
480,481,482
468,469,470
480,481,482
483,484,485
468,469,470
483,484,485
471,472,473
477,478,479
474,475,476
486,487,488
477,478,479
486,487,488
489,490,491
477,478,479
489,490,491
480,481,482
480,481,482
489,490,491
492,493,494
480,481,482
492,493,494
495,496,497
480,481,482
495,496,497
483,484,485
489,490,491
486,487,488
498,499,500
489,490,491
498,499,500
501,502,503
489,490,491
501,502,503
492,493,494
492,493,494
501,502,503
504,505,506
492,493,494
504,505,506
507,508,509
492,493,494
507,508,509
495,496,497
501,502,503
498,499,500
510,511,512
501,502,503
510,511,512
513,514,515
501,502,503
513,514,515
504,505,506
504,505,506
513,514,515
516,517,518
504,505,506
516,517,518
519,520,521
504,505,506
519,520,521
507,508,509
513,514,515
510,511,512
522,523,524
513,514,515
522,523,524
525,526,527
513,514,515
525,526,527
516,517,518
516,517,518
525,526,527
528,529,530
516,517,518
528,529,530
531,532,533
516,517,518
531,532,533
519,520,521
525,526,527
522,523,524
534,535,536
525,526,527
534,535,536
537,538,539
525,526,527
537,538,539
528,529,530
528,529,530
537,538,539
540,541,542
528,529,530
540,541,542
543,544,545
528,529,530
543,544,545
531,532,533
537,538,539
534,535,536
546,547,548
537,538,539
546,547,548
549,550,551
537,538,539
549,550,551
540,541,542
540,541,542
549,550,551
552,553,554
540,541,542
552,553,554
555,556,557
540,541,542
555,556,557
543,544,545
549,550,551
546,547,548
558,559,560
549,550,551
558,559,560
561,562,563
549,550,551
561,562,563
552,553,554
552,553,554
561,562,563
564,565,566
552,553,554
564,565,566
567,568,569
552,553,554
567,568,569
555,556,557
561,562,563
558,559,560
570,571,572
561,562,563
570,571,572
573,574,575
561,562,563
573,574,575
564,565,566
564,565,566
573,574,575
576,577,578
564,565,566
576,577,578
579,580,581
564,565,566
579,580,581
567,568,569
573,574,575
570,571,572
582,583,584
573,574,575
582,583,584
585,586,587
573,574,575
585,586,587
576,577,578
576,577,578
585,586,587
588,589,590
576,577,578
588,589,590
591,592,593
576,577,578
591,592,593
579,580,581
585,586,587
582,583,584
594,595,596
585,586,587
594,595,596
597,598,599
585,586,587
597,598,599
588,589,590
588,589,590
597,598,599
600,601,602
588,589,590
600,601,602
603,604,605
588,589,590
603,604,605
591,592,593
597,598,599
594,595,596
606,607,608
597,598,599
606,607,608
609,610,611
597,598,599
609,610,611
600,601,602
600,601,602
609,610,611
612,613,614
600,601,602
612,613,614
615,616,617
600,601,602
615,616,617
603,604,605
609,610,611
606,607,608
618,619,620
609,610,611
618,619,620
621,622,623
609,610,611
621,622,623
612,613,614
612,613,614
621,622,623
624,625,626
612,613,614
624,625,626
627,628,629
612,613,614
627,628,629
615,616,617
621,622,623
618,619,620
630,631,632
621,622,623
630,631,632
633,634,635
621,622,623
633,634,635
624,625,626
624,625,626
633,634,635
636,637,638
624,625,626
636,637,638
639,640,641
624,625,626
639,640,641
627,628,629
633,634,635
630,631,632
642,643,644
633,634,635
642,643,644
645,646,647
633,634,635
645,646,647
636,637,638
636,637,638
645,646,647
648,649,650
636,637,638
648,649,650
651,652,653
636,637,638
651,652,653
639,640,641
645,646,647
642,643,644
654,655,656
645,646,647
654,655,656
657,658,659
645,646,647
657,658,659
648,649,650
648,649,650
657,658,659
660,661,662
648,649,650
660,661,662
663,664,665
648,649,650
663,664,665
651,652,653
657,658,659
654,655,656
666,667,668
657,658,659
666,667,668
669,670,671
657,658,659
669,670,671
660,661,662
660,661,662
669,670,671
672,673,674
660,661,662
672,673,674
675,676,677
660,661,662
675,676,677
663,664,665
669,670,671
666,667,668
678,679,680
669,670,671
678,679,680
681,682,683
669,670,671
681,682,683
672,673,674
672,673,674
681,682,683
684,685,686
672,673,674
684,685,686
687,688,689
672,673,674
687,688,689
675,676,677
681,682,683
678,679,680
690,691,692
681,682,683
690,691,692
693,694,695
681,682,683
693,694,695
684,685,686
684,685,686
693,694,695
696,697,698
684,685,686
696,697,698
699,700,701
684,685,686
699,700,701
687,688,689
693,694,695
690,691,692
702,703,704
693,694,695
702,703,704
705,706,707
693,694,695
705,706,707
696,697,698
696,697,698
705,706,707
708,709,710
696,697,698
708,709,710
711,712,713
696,697,698
711,712,713
699,700,701
705,706,707
702,703,704
714,715,716
705,706,707
714,715,716
717,718,719
705,706,707
717,718,719
708,709,710
708,709,710
717,718,719
720,721,722
708,709,710
720,721,722
723,724,725
708,709,710
723,724,725
711,712,713
717,718,719
714,715,716
726,727,728
717,718,719
726,727,728
729,730,731
717,718,719
729,730,731
720,721,722
720,721,722
729,730,731
732,733,734
720,721,722
732,733,734
735,736,737
720,721,722
735,736,737
723,724,725
729,730,731
726,727,728
738,739,740
729,730,731
738,739,740
741,742,743
729,730,731
741,742,743
732,733,734
732,733,734
741,742,743
744,745,746
732,733,734
744,745,746
747,748,749
732,733,734
747,748,749
735,736,737
741,742,743
738,739,740
750,751,752
741,742,743
750,751,752
753,754,755
741,742,743
753,754,755
744,745,746
744,745,746
753,754,755
756,757,758
744,745,746
756,757,758
759,760,761
744,745,746
759,760,761
747,748,749
753,754,755
750,751,752
762,763,764
753,754,755
762,763,764
765,766,767
753,754,755
765,766,767
756,757,758
756,757,758
765,766,767
768,769,770
756,757,758
768,769,770
771,772,773
756,757,758
771,772,773
759,760,761
765,766,767
762,763,764
774,775,776
765,766,767
774,775,776
777,778,779
765,766,767
777,778,779
768,769,770
768,769,770
777,778,779
780,781,782
768,769,770
780,781,782
783,784,785
768,769,770
783,784,785
771,772,773
777,778,779
774,775,776
786,787,788
777,778,779
786,787,788
789,790,791
777,778,779
789,790,791
780,781,782
780,781,782
789,790,791
792,793,794
780,781,782
792,793,794
795,796,797
780,781,782
795,796,797
783,784,785
789,790,791
786,787,788
798,799,800
789,790,791
798,799,800
801,802,803
789,790,791
801,802,803
792,793,794
792,793,794
801,802,803
804,805,806
792,793,794
804,805,806
807,808,809
792,793,794
807,808,809
795,796,797
801,802,803
798,799,800
810,811,812
801,802,803
810,811,812
813,814,815
801,802,803
813,814,815
804,805,806
804,805,806
813,814,815
816,817,818
804,805,806
816,817,818
819,820,821
804,805,806
819,820,821
807,808,809
813,814,815
810,811,812
822,823,824
813,814,815
822,823,824
825,826,827
813,814,815
825,826,827
816,817,818
816,817,818
825,826,827
828,829,830
816,817,818
828,829,830
831,832,833
816,817,818
831,832,833
819,820,821
825,826,827
822,823,824
834,835,836
825,826,827
834,835,836
837,838,839
825,826,827
837,838,839
828,829,830
828,829,830
837,838,839
840,841,842
828,829,830
840,841,842
843,844,845
828,829,830
843,844,845
831,832,833
837,838,839
834,835,836
846,847,848
837,838,839
846,847,848
849,850,851
837,838,839
849,850,851
840,841,842
840,841,842
849,850,851
852,853,854
840,841,842
852,853,854
855,856,857
840,841,842
855,856,857
843,844,845
849,850,851
846,847,848
858,859,860
849,850,851
858,859,860
861,862,863
849,850,851
861,862,863
852,853,854
852,853,854
861,862,863
864,865,866
852,853,854
864,865,866
867,868,869
852,853,854
867,868,869
855,856,857
861,862,863
858,859,860
870,871,872
861,862,863
870,871,872
873,874,875
861,862,863
873,874,875
864,865,866
864,865,866
873,874,875
876,877,878
864,865,866
876,877,878
879,880,881
864,865,866
879,880,881
867,868,869
873,874,875
870,871,872
882,883,884
873,874,875
882,883,884
885,886,887
873,874,875
885,886,887
876,877,878
876,877,878
885,886,887
888,889,890
876,877,878
888,889,890
891,892,893
876,877,878
891,892,893
879,880,881
885,886,887
882,883,884
894,895,896
885,886,887
894,895,896
897,898,899
885,886,887
897,898,899
888,889,890
888,889,890
897,898,899
900,901,902
888,889,890
900,901,902
903,904,905
888,889,890
903,904,905
891,892,893
897,898,899
894,895,896
906,907,908
897,898,899
906,907,908
909,910,911
897,898,899
909,910,911
900,901,902
900,901,902
909,910,911
912,913,914
900,901,902
912,913,914
915,916,917
900,901,902
915,916,917
903,904,905
909,910,911
906,907,908
918,919,920
909,910,911
918,919,920
921,922,923
909,910,911
921,922,923
912,913,914
912,913,914
921,922,923
924,925,926
912,913,914
924,925,926
927,928,929
912,913,914
927,928,929
915,916,917
921,922,923
918,919,920
930,931,932
921,922,923
930,931,932
933,934,935
921,922,923
933,934,935
924,925,926
924,925,926
933,934,935
936,937,938
924,925,926
936,937,938
939,940,941
924,925,926
939,940,941
927,928,929
933,934,935
930,931,932
942,943,944
933,934,935
942,943,944
945,946,947
933,934,935
945,946,947
936,937,938
936,937,938
945,946,947
948,949,950
936,937,938
948,949,950
951,952,953
936,937,938
951,952,953
939,940,941
945,946,947
942,943,944
954,955,956
945,946,947
954,955,956
957,958,959
945,946,947
957,958,959
948,949,950
948,949,950
957,958,959
960,961,962
948,949,950
960,961,962
963,964,965
948,949,950
963,964,965
951,952,953
957,958,959
954,955,956
966,967,968
957,958,959
966,967,968
969,970,971
957,958,959
969,970,971
960,961,962
960,961,962
969,970,971
972,973,974
960,961,962
972,973,974
975,976,977
960,961,962
975,976,977
963,964,965
969,970,971
966,967,968
978,979,980
969,970,971
978,979,980
981,982,983
969,970,971
981,982,983
972,973,974
972,973,974
981,982,983
984,985,986
972,973,974
984,985,986
987,988,989
972,973,974
987,988,989
975,976,977
981,982,983
978,979,980
990,991,992
981,982,983
990,991,992
993,994,995
981,982,983
993,994,995
984,985,986
984,985,986
993,994,995
996,997,998
984,985,986
996,997,998
999,1000,1001
984,985,986
999,1000,1001
987,988,989
993,994,995
990,991,992
1002,1003,1004
993,994,995
1002,1003,1004
1005,1006,1007
993,994,995
1005,1006,1007
996,997,998
996,997,998
1005,1006,1007
1008,1009,1010
996,997,998
1008,1009,1010
1011,1012,1013
996,997,998
1011,1012,1013
999,1000,1001
1005,1006,1007
1002,1003,1004
1014,1015,1016
1005,1006,1007
1014,1015,1016
1017,1018,1019
1005,1006,1007
1017,1018,1019
1008,1009,1010
1008,1009,1010
1017,1018,1019
1020,1021,1022
1008,1009,1010
1020,1021,1022
1023,1024,1025
1008,1009,1010
1023,1024,1025
1011,1012,1013
1017,1018,1019
1014,1015,1016
1026,1027,1028
1017,1018,1019
1026,1027,1028
1029,1030,1031
1017,1018,1019
1029,1030,1031
1020,1021,1022
1020,1021,1022
1029,1030,1031
1032,1033,1034
1020,1021,1022
1032,1033,1034
1035,1036,1037
1020,1021,1022
1035,1036,1037
1023,1024,1025
1029,1030,1031
1026,1027,1028
1038,1039,1040
1029,1030,1031
1038,1039,1040
1041,1042,1043
1029,1030,1031
1041,1042,1043
1032,1033,1034
1032,1033,1034
1041,1042,1043
1044,1045,1046
1032,1033,1034
1044,1045,1046
1047,1048,1049
1032,1033,1034
1047,1048,1049
1035,1036,1037
1041,1042,1043
1038,1039,1040
1050,1051,1052
1041,1042,1043
1050,1051,1052
1053,1054,1055
1041,1042,1043
1053,1054,1055
1044,1045,1046
1044,1045,1046
1053,1054,1055
1056,1057,1058
1044,1045,1046
1056,1057,1058
1059,1060,1061
1044,1045,1046
1059,1060,1061
1047,1048,1049
1053,1054,1055
1050,1051,1052
1062,1063,1064
1053,1054,1055
1062,1063,1064
1065,1066,1067
1053,1054,1055
1065,1066,1067
1056,1057,1058
1056,1057,1058
1065,1066,1067
1068,1069,1070
1056,1057,1058
1068,1069,1070
1071,1072,1073
1056,1057,1058
1071,1072,1073
1059,1060,1061
1065,1066,1067
1062,1063,1064
1074,1075,1076
1065,1066,1067
1074,1075,1076
1077,1078,1079
1065,1066,1067
1077,1078,1079
1068,1069,1070
1068,1069,1070
1077,1078,1079
1080,1081,1082
1068,1069,1070
1080,1081,1082
1083,1084,1085
1068,1069,1070
1083,1084,1085
1071,1072,1073
1077,1078,1079
1074,1075,1076
1086,1087,1088
1077,1078,1079
1086,1087,1088
1089,1090,1091
1077,1078,1079
1089,1090,1091
1080,1081,1082
1080,1081,1082
1089,1090,1091
1092,1093,1094
1080,1081,1082
1092,1093,1094
1095,1096,1097
1080,1081,1082
1095,1096,1097
1083,1084,1085
1089,1090,1091
1086,1087,1088
1098,1099,1100
1089,1090,1091
1098,1099,1100
1101,1102,1103
1089,1090,1091
1101,1102,1103
1092,1093,1094
1092,1093,1094
1101,1102,1103
1104,1105,1106
1092,1093,1094
1104,1105,1106
1107,1108,1109
1092,1093,1094
1107,1108,1109
1095,1096,1097
1101,1102,1103
1098,1099,1100
1110,1111,1112
1101,1102,1103
1110,1111,1112
1113,1114,1115
1101,1102,1103
1113,1114,1115
1104,1105,1106
1104,1105,1106
1113,1114,1115
1116,1117,1118
1104,1105,1106
1116,1117,1118
1119,1120,1121
1104,1105,1106
1119,1120,1121
1107,1108,1109
1113,1114,1115
1110,1111,1112
1122,1123,1124
1113,1114,1115
1122,1123,1124
1125,1126,1127
1113,1114,1115
1125,1126,1127
1116,1117,1118
1116,1117,1118
1125,1126,1127
1128,1129,1130
1116,1117,1118
1128,1129,1130
1131,1132,1133
1116,1117,1118
1131,1132,1133
1119,1120,1121
1125,1126,1127
1122,1123,1124
1134,1135,1136
1125,1126,1127
1134,1135,1136
1137,1138,1139
1125,1126,1127
1137,1138,1139
1128,1129,1130
1128,1129,1130
1137,1138,1139
1140,1141,1142
1128,1129,1130
1140,1141,1142
1143,1144,1145
1128,1129,1130
1143,1144,1145
1131,1132,1133
1137,1138,1139
1134,1135,1136
1146,1147,1148
1137,1138,1139
1146,1147,1148
1149,1150,1151
1137,1138,1139
1149,1150,1151
1140,1141,1142
1140,1141,1142
1149,1150,1151
1152,1153,1154
1140,1141,1142
1152,1153,1154
1155,1156,1157
1140,1141,1142
1155,1156,1157
1143,1144,1145
1149,1150,1151
1146,1147,1148
1158,1159,1160
1149,1150,1151
1158,1159,1160
1161,1162,1163
1149,1150,1151
1161,1162,1163
1152,1153,1154
1152,1153,1154
1161,1162,1163
1164,1165,1166
1152,1153,1154
1164,1165,1166
1167,1168,1169
1152,1153,1154
1167,1168,1169
1155,1156,1157
1161,1162,1163
1158,1159,1160
1170,1171,1172
1161,1162,1163
1170,1171,1172
1173,1174,1175
1161,1162,1163
1173,1174,1175
1164,1165,1166
1164,1165,1166
1173,1174,1175
1176,1177,1178
1164,1165,1166
1176,1177,1178
1179,1180,1181
1164,1165,1166
1179,1180,1181
1167,1168,1169
1173,1174,1175
1170,1171,1172
1182,1183,1184
1173,1174,1175
1182,1183,1184
1185,1186,1187
1173,1174,1175
1185,1186,1187
1176,1177,1178
1176,1177,1178
1185,1186,1187
1188,1189,1190
1176,1177,1178
1188,1189,1190
1191,1192,1193
1176,1177,1178
1191,1192,1193
1179,1180,1181
1185,1186,1187
1182,1183,1184
1194,1195,1196
1185,1186,1187
1194,1195,1196
1197,1198,1199
1185,1186,1187
1197,1198,1199
1188,1189,1190
1188,1189,1190
1197,1198,1199
1200,1201,1202
1188,1189,1190
1200,1201,1202
1203,1204,1205
1188,1189,1190
1203,1204,1205
1191,1192,1193
1197,1198,1199
1194,1195,1196
1206,1207,1208
1197,1198,1199
1206,1207,1208
1209,1210,1211
1197,1198,1199
1209,1210,1211
1200,1201,1202
1200,1201,1202
1209,1210,1211
1212,1213,1214
1200,1201,1202
1212,1213,1214
1215,1216,1217
1200,1201,1202
1215,1216,1217
1203,1204,1205
1209,1210,1211
1206,1207,1208
1218,1219,1220
1209,1210,1211
1218,1219,1220
1221,1222,1223
1209,1210,1211
1221,1222,1223
1212,1213,1214
1212,1213,1214
1221,1222,1223
1224,1225,1226
1212,1213,1214
1224,1225,1226
1227,1228,1229
1212,1213,1214
1227,1228,1229
1215,1216,1217
1221,1222,1223
1218,1219,1220
1230,1231,1232
1221,1222,1223
1230,1231,1232
1233,1234,1235
1221,1222,1223
1233,1234,1235
1224,1225,1226
1224,1225,1226
1233,1234,1235
1236,1237,1238
1224,1225,1226
1236,1237,1238
1239,1240,1241
1224,1225,1226
1239,1240,1241
1227,1228,1229
1233,1234,1235
1230,1231,1232
1242,1243,1244
1233,1234,1235
1242,1243,1244
1245,1246,1247
1233,1234,1235
1245,1246,1247
1236,1237,1238
1236,1237,1238
1245,1246,1247
1248,1249,1250
1236,1237,1238
1248,1249,1250
1251,1252,1253
1236,1237,1238
1251,1252,1253
1239,1240,1241
1245,1246,1247
1242,1243,1244
1254,1255,1256
1245,1246,1247
1254,1255,1256
1257,1258,1259
1245,1246,1247
1257,1258,1259
1248,1249,1250
1248,1249,1250
1257,1258,1259
1260,1261,1262
1248,1249,1250
1260,1261,1262
1263,1264,1265
1248,1249,1250
1263,1264,1265
1251,1252,1253
1257,1258,1259
1254,1255,1256
1266,1267,1268
1257,1258,1259
1266,1267,1268
1269,1270,1271
1257,1258,1259
1269,1270,1271
1260,1261,1262
1260,1261,1262
1269,1270,1271
1272,1273,1274
1260,1261,1262
1272,1273,1274
1275,1276,1277
1260,1261,1262
1275,1276,1277
1263,1264,1265
1269,1270,1271
1266,1267,1268
1278,1279,1280
1269,1270,1271
1278,1279,1280
1281,1282,1283
1269,1270,1271
1281,1282,1283
1272,1273,1274
1272,1273,1274
1281,1282,1283
1284,1285,1286
1272,1273,1274
1284,1285,1286
1287,1288,1289
1272,1273,1274
1287,1288,1289
1275,1276,1277
1281,1282,1283
1278,1279,1280
1290,1291,1292
1281,1282,1283
1290,1291,1292
1293,1294,1295
1281,1282,1283
1293,1294,1295
1284,1285,1286
1284,1285,1286
1293,1294,1295
1296,1297,1298
1284,1285,1286
1296,1297,1298
1299,1300,1301
1284,1285,1286
1299,1300,1301
1287,1288,1289
1293,1294,1295
1290,1291,1292
1302,1303,1304
1293,1294,1295
1302,1303,1304
1305,1306,1307
1293,1294,1295
1305,1306,1307
1296,1297,1298
1296,1297,1298
1305,1306,1307
1308,1309,1310
1296,1297,1298
1308,1309,1310
1311,1312,1313
1296,1297,1298
1311,1312,1313
1299,1300,1301
1305,1306,1307
1302,1303,1304
1314,1315,1316
1305,1306,1307
1314,1315,1316
1317,1318,1319
1305,1306,1307
1317,1318,1319
1308,1309,1310
1308,1309,1310
1317,1318,1319
1320,1321,1322
1308,1309,1310
1320,1321,1322
1323,1324,1325
1308,1309,1310
1323,1324,1325
1311,1312,1313
1317,1318,1319
1314,1315,1316
1326,1327,1328
1317,1318,1319
1326,1327,1328
1329,1330,1331
1317,1318,1319
1329,1330,1331
1320,1321,1322
1320,1321,1322
1329,1330,1331
1332,1333,1334
1320,1321,1322
1332,1333,1334
1335,1336,1337
1320,1321,1322
1335,1336,1337
1323,1324,1325
1329,1330,1331
1326,1327,1328
1338,1339,1340
1329,1330,1331
1338,1339,1340
1341,1342,1343
1329,1330,1331
1341,1342,1343
1332,1333,1334
1332,1333,1334
1341,1342,1343
1344,1345,1346
1332,1333,1334
1344,1345,1346
1347,1348,1349
1332,1333,1334
1347,1348,1349
1335,1336,1337
1341,1342,1343
1338,1339,1340
1350,1351,1352
1341,1342,1343
1350,1351,1352
1353,1354,1355
1341,1342,1343
1353,1354,1355
1344,1345,1346
1344,1345,1346
1353,1354,1355
1356,1357,1358
1344,1345,1346
1356,1357,1358
1359,1360,1361
1344,1345,1346
1359,1360,1361
1347,1348,1349
1353,1354,1355
1350,1351,1352
1362,1363,1364
1353,1354,1355
1362,1363,1364
1365,1366,1367
1353,1354,1355
1365,1366,1367
1356,1357,1358
1356,1357,1358
1365,1366,1367
1368,1369,1370
1356,1357,1358
1368,1369,1370
1371,1372,1373
1356,1357,1358
1371,1372,1373
1359,1360,1361
1365,1366,1367
1362,1363,1364
1374,1375,1376
1365,1366,1367
1374,1375,1376
1377,1378,1379
1365,1366,1367
1377,1378,1379
1368,1369,1370
1368,1369,1370
1377,1378,1379
1380,1381,1382
1368,1369,1370
1380,1381,1382
1383,1384,1385
1368,1369,1370
1383,1384,1385
1371,1372,1373
1377,1378,1379
1374,1375,1376
1386,1387,1388
1377,1378,1379
1386,1387,1388
1389,1390,1391
1377,1378,1379
1389,1390,1391
1380,1381,1382
1380,1381,1382
1389,1390,1391
1392,1393,1394
1380,1381,1382
1392,1393,1394
1395,1396,1397
1380,1381,1382
1395,1396,1397
1383,1384,1385
1389,1390,1391
1386,1387,1388
1398,1399,1400
1389,1390,1391
1398,1399,1400
1401,1402,1403
1389,1390,1391
1401,1402,1403
1392,1393,1394
1392,1393,1394
1401,1402,1403
1404,1405,1406
1392,1393,1394
1404,1405,1406
1407,1408,1409
1392,1393,1394
1407,1408,1409
1395,1396,1397
1401,1402,1403
1398,1399,1400
1410,1411,1412
1401,1402,1403
1410,1411,1412
1413,1414,1415
1401,1402,1403
1413,1414,1415
1404,1405,1406
1404,1405,1406
1413,1414,1415
1416,1417,1418
1404,1405,1406
1416,1417,1418
1419,1420,1421
1404,1405,1406
1419,1420,1421
1407,1408,1409
1413,1414,1415
1410,1411,1412
1422,1423,1424
1413,1414,1415
1422,1423,1424
1425,1426,1427
1413,1414,1415
1425,1426,1427
1416,1417,1418
1416,1417,1418
1425,1426,1427
1428,1429,1430
1416,1417,1418
1428,1429,1430
1431,1432,1433
1416,1417,1418
1431,1432,1433
1419,1420,1421
1425,1426,1427
1422,1423,1424
1434,1435,1436
1425,1426,1427
1434,1435,1436
1437,1438,1439
1425,1426,1427
1437,1438,1439
1428,1429,1430
1428,1429,1430
1437,1438,1439
1440,1441,1442
1428,1429,1430
1440,1441,1442
1443,1444,1445
1428,1429,1430
1443,1444,1445
1431,1432,1433
1437,1438,1439
1434,1435,1436
1446,1447,1448
1437,1438,1439
1446,1447,1448
1449,1450,1451
1437,1438,1439
1449,1450,1451
1440,1441,1442
1440,1441,1442
1449,1450,1451
1452,1453,1454
1440,1441,1442
1452,1453,1454
1455,1456,1457
1440,1441,1442
1455,1456,1457
1443,1444,1445
1449,1450,1451
1446,1447,1448
1458,1459,1460
1449,1450,1451
1458,1459,1460
1461,1462,1463
1449,1450,1451
1461,1462,1463
1452,1453,1454
1452,1453,1454
1461,1462,1463
1464,1465,1466
1452,1453,1454
1464,1465,1466
1467,1468,1469
1452,1453,1454
1467,1468,1469
1455,1456,1457
1461,1462,1463
1458,1459,1460
1470,1471,1472
1461,1462,1463
1470,1471,1472
1473,1474,1475
1461,1462,1463
1473,1474,1475
1464,1465,1466
1464,1465,1466
1473,1474,1475
1476,1477,1478
1464,1465,1466
1476,1477,1478
1479,1480,1481
1464,1465,1466
1479,1480,1481
1467,1468,1469
1473,1474,1475
1470,1471,1472
1482,1483,1484
1473,1474,1475
1482,1483,1484
1485,1486,1487
1473,1474,1475
1485,1486,1487
1476,1477,1478
1476,1477,1478
1485,1486,1487
1488,1489,1490
1476,1477,1478
1488,1489,1490
1491,1492,1493
1476,1477,1478
1491,1492,1493
1479,1480,1481
1485,1486,1487
1482,1483,1484
1494,1495,1496
1485,1486,1487
1494,1495,1496
1497,1498,1499
1485,1486,1487
1497,1498,1499
1488,1489,1490
1488,1489,1490
1497,1498,1499
1500,1501,1502
1488,1489,1490
1500,1501,1502
1503,1504,1505
1488,1489,1490
1503,1504,1505
1491,1492,1493
1497,1498,1499
1494,1495,1496
1506,1507,1508
1497,1498,1499
1506,1507,1508
1509,1510,1511
1497,1498,1499
1509,1510,1511
1500,1501,1502
1500,1501,1502
1509,1510,1511
1512,1513,1514
1500,1501,1502
1512,1513,1514
1515,1516,1517
1500,1501,1502
1515,1516,1517
1503,1504,1505
1509,1510,1511
1506,1507,1508
1518,1519,1520
1509,1510,1511
1518,1519,1520
1521,1522,1523
1509,1510,1511
1521,1522,1523
1512,1513,1514
1512,1513,1514
1521,1522,1523
1524,1525,1526
1512,1513,1514
1524,1525,1526
1527,1528,1529
1512,1513,1514
1527,1528,1529
1515,1516,1517
1521,1522,1523
1518,1519,1520
1530,1531,1532
1521,1522,1523
1530,1531,1532
1533,1534,1535
1521,1522,1523
1533,1534,1535
1524,1525,1526
1524,1525,1526
1533,1534,1535
1536,1537,1538
1524,1525,1526
1536,1537,1538
1539,1540,1541
1524,1525,1526
1539,1540,1541
1527,1528,1529
1533,1534,1535
1530,1531,1532
1542,1543,1544
1533,1534,1535
1542,1543,1544
1545,1546,1547
1533,1534,1535
1545,1546,1547
1536,1537,1538
1536,1537,1538
1545,1546,1547
1548,1549,1550
1536,1537,1538
1548,1549,1550
1551,1552,1553
1536,1537,1538
1551,1552,1553
1539,1540,1541
1545,1546,1547
1542,1543,1544
1554,1555,1556
1545,1546,1547
1554,1555,1556
1557,1558,1559
1545,1546,1547
1557,1558,1559
1548,1549,1550
1548,1549,1550
1557,1558,1559
1560,1561,1562
1548,1549,1550
1560,1561,1562
1563,1564,1565
1548,1549,1550
1563,1564,1565
1551,1552,1553
1557,1558,1559
1554,1555,1556
3,4,5
1557,1558,1559
3,4,5
0,1,2
1557,1558,1559
0,1,2
1560,1561,1562
1560,1561,1562
0,1,2
27,28,29
1560,1561,1562
27,28,29
1566,1567,1568
1560,1561,1562
1566,1567,1568
1563,1564,1565
1563,1564,1565
1566,1567,1568
1569,1570,1571
1563,1564,1565
1569,1570,1571
1572,1573,1574
1563,1564,1565
1572,1573,1574
1551,1552,1553
1551,1552,1553
1572,1573,1574
1575,1576,1577
1551,1552,1553
1575,1576,1577
1539,1540,1541
1539,1540,1541
1575,1576,1577
1578,1579,1580
1539,1540,1541
1578,1579,1580
1527,1528,1529
1527,1528,1529
1578,1579,1580
1581,1582,1583
1527,1528,1529
1581,1582,1583
1515,1516,1517
1515,1516,1517
1581,1582,1583
1584,1585,1586
1515,1516,1517
1584,1585,1586
1503,1504,1505
1503,1504,1505
1584,1585,1586
1587,1588,1589
1503,1504,1505
1587,1588,1589
1491,1492,1493
1491,1492,1493
1587,1588,1589
1590,1591,1592
1491,1492,1493
1590,1591,1592
1479,1480,1481
1587,1588,1589
1584,1585,1586
1593,1594,1595
1587,1588,1589
1593,1594,1595
1596,1597,1598
1587,1588,1589
1596,1597,1598
1590,1591,1592
1584,1585,1586
1581,1582,1583
1599,1600,1601
1584,1585,1586
1599,1600,1601
1593,1594,1595
1581,1582,1583
1578,1579,1580
1602,1603,1604
1581,1582,1583
1602,1603,1604
1599,1600,1601
1578,1579,1580
1575,1576,1577
1605,1606,1607
1578,1579,1580
1605,1606,1607
1602,1603,1604
1575,1576,1577
1572,1573,1574
1608,1609,1610
1575,1576,1577
1608,1609,1610
1605,1606,1607
1572,1573,1574
1569,1570,1571
1611,1612,1613
1572,1573,1574
1611,1612,1613
1608,1609,1610
1608,1609,1610
1611,1612,1613
1614,1615,1616
1608,1609,1610
1614,1615,1616
1617,1618,1619
1608,1609,1610
1617,1618,1619
1605,1606,1607
1605,1606,1607
1617,1618,1619
1620,1621,1622
1605,1606,1607
1620,1621,1622
1602,1603,1604
1602,1603,1604
1620,1621,1622
1623,1624,1625
1602,1603,1604
1623,1624,1625
1599,1600,1601
1599,1600,1601
1623,1624,1625
1626,1627,1628
1599,1600,1601
1626,1627,1628
1593,1594,1595
1593,1594,1595
1626,1627,1628
1629,1630,1631
1593,1594,1595
1629,1630,1631
1596,1597,1598
1626,1627,1628
1623,1624,1625
1242,1243,1244
1626,1627,1628
1242,1243,1244
1230,1231,1232
1626,1627,1628
1230,1231,1232
1629,1630,1631
1623,1624,1625
1620,1621,1622
1254,1255,1256
1623,1624,1625
1254,1255,1256
1242,1243,1244
1620,1621,1622
1617,1618,1619
1266,1267,1268
1620,1621,1622
1266,1267,1268
1254,1255,1256
1617,1618,1619
1614,1615,1616
1278,1279,1280
1617,1618,1619
1278,1279,1280
1266,1267,1268
1479,1480,1481
1590,1591,1592
1632,1633,1634
1479,1480,1481
1632,1633,1634
1467,1468,1469
1590,1591,1592
1596,1597,1598
1635,1636,1637
1590,1591,1592
1635,1636,1637
1632,1633,1634
1596,1597,1598
1629,1630,1631
1638,1639,1640
1596,1597,1598
1638,1639,1640
1635,1636,1637
1629,1630,1631
1230,1231,1232
1218,1219,1220
1629,1630,1631
1218,1219,1220
1638,1639,1640
1467,1468,1469
1632,1633,1634
1641,1642,1643
1467,1468,1469
1641,1642,1643
1455,1456,1457
1632,1633,1634
1635,1636,1637
1644,1645,1646
1632,1633,1634
1644,1645,1646
1641,1642,1643
1635,1636,1637
1638,1639,1640
1647,1648,1649
1635,1636,1637
1647,1648,1649
1644,1645,1646
1638,1639,1640
1218,1219,1220
1206,1207,1208
1638,1639,1640
1206,1207,1208
1647,1648,1649
1647,1648,1649
1206,1207,1208
1194,1195,1196
1647,1648,1649
1194,1195,1196
1650,1651,1652
1647,1648,1649
1650,1651,1652
1644,1645,1646
1644,1645,1646
1650,1651,1652
1653,1654,1655
1644,1645,1646
1653,1654,1655
1641,1642,1643
1641,1642,1643
1653,1654,1655
1656,1657,1658
1641,1642,1643
1656,1657,1658
1455,1456,1457
1653,1654,1655
1650,1651,1652
1659,1660,1661
1653,1654,1655
1659,1660,1661
1662,1663,1664
1653,1654,1655
1662,1663,1664
1656,1657,1658
1650,1651,1652
1194,1195,1196
1182,1183,1184
1650,1651,1652
1182,1183,1184
1659,1660,1661
1659,1660,1661
1182,1183,1184
1170,1171,1172
1659,1660,1661
1170,1171,1172
1665,1666,1667
1659,1660,1661
1665,1666,1667
1662,1663,1664
1662,1663,1664
1665,1666,1667
1668,1669,1670
1662,1663,1664
1668,1669,1670
1671,1672,1673
1662,1663,1664
1671,1672,1673
1656,1657,1658
1656,1657,1658
1671,1672,1673
1443,1444,1445
1656,1657,1658
1443,1444,1445
1455,1456,1457
1671,1672,1673
1668,1669,1670
1674,1675,1676
1671,1672,1673
1674,1675,1676
1431,1432,1433
1671,1672,1673
1431,1432,1433
1443,1444,1445
1668,1669,1670
1665,1666,1667
1677,1678,1679
1668,1669,1670
1677,1678,1679
1680,1681,1682
1668,1669,1670
1680,1681,1682
1674,1675,1676
1665,1666,1667
1170,1171,1172
1158,1159,1160
1665,1666,1667
1158,1159,1160
1677,1678,1679
1677,1678,1679
1158,1159,1160
1146,1147,1148
1677,1678,1679
1146,1147,1148
1683,1684,1685
1677,1678,1679
1683,1684,1685
1680,1681,1682
1680,1681,1682
1683,1684,1685
1686,1687,1688
1680,1681,1682
1686,1687,1688
1689,1690,1691
1680,1681,1682
1689,1690,1691
1674,1675,1676
1674,1675,1676
1689,1690,1691
1419,1420,1421
1674,1675,1676
1419,1420,1421
1431,1432,1433
1689,1690,1691
1686,1687,1688
1692,1693,1694
1689,1690,1691
1692,1693,1694
1407,1408,1409
1689,1690,1691
1407,1408,1409
1419,1420,1421
1686,1687,1688
1683,1684,1685
1695,1696,1697
1686,1687,1688
1695,1696,1697
1698,1699,1700
1686,1687,1688
1698,1699,1700
1692,1693,1694
1683,1684,1685
1146,1147,1148
1134,1135,1136
1683,1684,1685
1134,1135,1136
1695,1696,1697
1695,1696,1697
1134,1135,1136
1122,1123,1124
1695,1696,1697
1122,1123,1124
1701,1702,1703
1695,1696,1697
1701,1702,1703
1698,1699,1700
1698,1699,1700
1701,1702,1703
1704,1705,1706
1698,1699,1700
1704,1705,1706
1707,1708,1709
1698,1699,1700
1707,1708,1709
1692,1693,1694
1692,1693,1694
1707,1708,1709
1395,1396,1397
1692,1693,1694
1395,1396,1397
1407,1408,1409
1707,1708,1709
1704,1705,1706
1710,1711,1712
1707,1708,1709
1710,1711,1712
1383,1384,1385
1707,1708,1709
1383,1384,1385
1395,1396,1397
1704,1705,1706
1701,1702,1703
1713,1714,1715
1704,1705,1706
1713,1714,1715
1716,1717,1718
1704,1705,1706
1716,1717,1718
1710,1711,1712
1701,1702,1703
1122,1123,1124
1110,1111,1112
1701,1702,1703
1110,1111,1112
1713,1714,1715
1713,1714,1715
1110,1111,1112
1098,1099,1100
1713,1714,1715
1098,1099,1100
1719,1720,1721
1713,1714,1715
1719,1720,1721
1716,1717,1718
1716,1717,1718
1719,1720,1721
1722,1723,1724
1716,1717,1718
1722,1723,1724
1725,1726,1727
1716,1717,1718
1725,1726,1727
1710,1711,1712
1710,1711,1712
1725,1726,1727
1371,1372,1373
1710,1711,1712
1371,1372,1373
1383,1384,1385
1725,1726,1727
1722,1723,1724
1728,1729,1730
1725,1726,1727
1728,1729,1730
1359,1360,1361
1725,1726,1727
1359,1360,1361
1371,1372,1373
1722,1723,1724
1719,1720,1721
1731,1732,1733
1722,1723,1724
1731,1732,1733
1734,1735,1736
1722,1723,1724
1734,1735,1736
1728,1729,1730
1719,1720,1721
1098,1099,1100
1086,1087,1088
1719,1720,1721
1086,1087,1088
1731,1732,1733
1731,1732,1733
1086,1087,1088
1074,1075,1076
1731,1732,1733
1074,1075,1076
1737,1738,1739
1731,1732,1733
1737,1738,1739
1734,1735,1736
1734,1735,1736
1737,1738,1739
1740,1741,1742
1734,1735,1736
1740,1741,1742
1743,1744,1745
1734,1735,1736
1743,1744,1745
1728,1729,1730
1728,1729,1730
1743,1744,1745
1347,1348,1349
1728,1729,1730
1347,1348,1349
1359,1360,1361
1743,1744,1745
1740,1741,1742
1746,1747,1748
1743,1744,1745
1746,1747,1748
1335,1336,1337
1743,1744,1745
1335,1336,1337
1347,1348,1349
1740,1741,1742
1737,1738,1739
1749,1750,1751
1740,1741,1742
1749,1750,1751
1752,1753,1754
1740,1741,1742
1752,1753,1754
1746,1747,1748
1737,1738,1739
1074,1075,1076
1062,1063,1064
1737,1738,1739
1062,1063,1064
1749,1750,1751
1749,1750,1751
1062,1063,1064
1050,1051,1052
1749,1750,1751
1050,1051,1052
1755,1756,1757
1749,1750,1751
1755,1756,1757
1752,1753,1754
1752,1753,1754
1755,1756,1757
1758,1759,1760
1752,1753,1754
1758,1759,1760
1761,1762,1763
1752,1753,1754
1761,1762,1763
1746,1747,1748
1746,1747,1748
1761,1762,1763
1323,1324,1325
1746,1747,1748
1323,1324,1325
1335,1336,1337
1761,1762,1763
1758,1759,1760
1764,1765,1766
1761,1762,1763
1764,1765,1766
1311,1312,1313
1761,1762,1763
1311,1312,1313
1323,1324,1325
1758,1759,1760
1755,1756,1757
1767,1768,1769
1758,1759,1760
1767,1768,1769
1770,1771,1772
1758,1759,1760
1770,1771,1772
1764,1765,1766
1755,1756,1757
1050,1051,1052
1038,1039,1040
1755,1756,1757
1038,1039,1040
1767,1768,1769
1767,1768,1769
1038,1039,1040
1026,1027,1028
1767,1768,1769
1026,1027,1028
1773,1774,1775
1767,1768,1769
1773,1774,1775
1770,1771,1772
1770,1771,1772
1773,1774,1775
1776,1777,1778
1770,1771,1772
1776,1777,1778
1779,1780,1781
1770,1771,1772
1779,1780,1781
1764,1765,1766
1764,1765,1766
1779,1780,1781
1299,1300,1301
1764,1765,1766
1299,1300,1301
1311,1312,1313
1779,1780,1781
1776,1777,1778
1782,1783,1784
1779,1780,1781
1782,1783,1784
1287,1288,1289
1779,1780,1781
1287,1288,1289
1299,1300,1301
1776,1777,1778
1773,1774,1775
1785,1786,1787
1776,1777,1778
1785,1786,1787
1788,1789,1790
1776,1777,1778
1788,1789,1790
1782,1783,1784
1773,1774,1775
1026,1027,1028
1014,1015,1016
1773,1774,1775
1014,1015,1016
1785,1786,1787
1785,1786,1787
1014,1015,1016
1002,1003,1004
1785,1786,1787
1002,1003,1004
1791,1792,1793
1785,1786,1787
1791,1792,1793
1788,1789,1790
1788,1789,1790
1791,1792,1793
1794,1795,1796
1788,1789,1790
1794,1795,1796
1797,1798,1799
1788,1789,1790
1797,1798,1799
1782,1783,1784
1782,1783,1784
1797,1798,1799
1275,1276,1277
1782,1783,1784
1275,1276,1277
1287,1288,1289
1797,1798,1799
1794,1795,1796
1800,1801,1802
1797,1798,1799
1800,1801,1802
1263,1264,1265
1797,1798,1799
1263,1264,1265
1275,1276,1277
1794,1795,1796
1791,1792,1793
1803,1804,1805
1794,1795,1796
1803,1804,1805
1806,1807,1808
1794,1795,1796
1806,1807,1808
1800,1801,1802
1791,1792,1793
1002,1003,1004
990,991,992
1791,1792,1793
990,991,992
1803,1804,1805
1803,1804,1805
990,991,992
978,979,980
1803,1804,1805
978,979,980
1809,1810,1811
1803,1804,1805
1809,1810,1811
1806,1807,1808
1806,1807,1808
1809,1810,1811
1812,1813,1814
1806,1807,1808
1812,1813,1814
1815,1816,1817
1806,1807,1808
1815,1816,1817
1800,1801,1802
1800,1801,1802
1815,1816,1817
1251,1252,1253
1800,1801,1802
1251,1252,1253
1263,1264,1265
1815,1816,1817
1812,1813,1814
1818,1819,1820
1815,1816,1817
1818,1819,1820
1239,1240,1241
1815,1816,1817
1239,1240,1241
1251,1252,1253
1812,1813,1814
1809,1810,1811
1821,1822,1823
1812,1813,1814
1821,1822,1823
1824,1825,1826
1812,1813,1814
1824,1825,1826
1818,1819,1820
1809,1810,1811
978,979,980
966,967,968
1809,1810,1811
966,967,968
1821,1822,1823
1821,1822,1823
966,967,968
954,955,956
1821,1822,1823
954,955,956
1827,1828,1829
1821,1822,1823
1827,1828,1829
1824,1825,1826
1824,1825,1826
1827,1828,1829
1830,1831,1832
1824,1825,1826
1830,1831,1832
1833,1834,1835
1824,1825,1826
1833,1834,1835
1818,1819,1820
1818,1819,1820
1833,1834,1835
1227,1228,1229
1818,1819,1820
1227,1228,1229
1239,1240,1241
1833,1834,1835
1830,1831,1832
1836,1837,1838
1833,1834,1835
1836,1837,1838
1215,1216,1217
1833,1834,1835
1215,1216,1217
1227,1228,1229
1830,1831,1832
1827,1828,1829
1839,1840,1841
1830,1831,1832
1839,1840,1841
1842,1843,1844
1830,1831,1832
1842,1843,1844
1836,1837,1838
1827,1828,1829
954,955,956
942,943,944
1827,1828,1829
942,943,944
1839,1840,1841
1839,1840,1841
942,943,944
930,931,932
1839,1840,1841
930,931,932
1845,1846,1847
1839,1840,1841
1845,1846,1847
1842,1843,1844
1842,1843,1844
1845,1846,1847
1848,1849,1850
1842,1843,1844
1848,1849,1850
1851,1852,1853
1842,1843,1844
1851,1852,1853
1836,1837,1838
1836,1837,1838
1851,1852,1853
1203,1204,1205
1836,1837,1838
1203,1204,1205
1215,1216,1217
1851,1852,1853
1848,1849,1850
1854,1855,1856
1851,1852,1853
1854,1855,1856
1191,1192,1193
1851,1852,1853
1191,1192,1193
1203,1204,1205
1848,1849,1850
1845,1846,1847
1857,1858,1859
1848,1849,1850
1857,1858,1859
1860,1861,1862
1848,1849,1850
1860,1861,1862
1854,1855,1856
1845,1846,1847
930,931,932
918,919,920
1845,1846,1847
918,919,920
1857,1858,1859
1857,1858,1859
918,919,920
906,907,908
1857,1858,1859
906,907,908
1863,1864,1865
1857,1858,1859
1863,1864,1865
1860,1861,1862
1860,1861,1862
1863,1864,1865
1866,1867,1868
1860,1861,1862
1866,1867,1868
1869,1870,1871
1860,1861,1862
1869,1870,1871
1854,1855,1856
1854,1855,1856
1869,1870,1871
1179,1180,1181
1854,1855,1856
1179,1180,1181
1191,1192,1193
1869,1870,1871
1866,1867,1868
1872,1873,1874
1869,1870,1871
1872,1873,1874
1167,1168,1169
1869,1870,1871
1167,1168,1169
1179,1180,1181
1866,1867,1868
1863,1864,1865
1875,1876,1877
1866,1867,1868
1875,1876,1877
1878,1879,1880
1866,1867,1868
1878,1879,1880
1872,1873,1874
1863,1864,1865
906,907,908
894,895,896
1863,1864,1865
894,895,896
1875,1876,1877
1875,1876,1877
894,895,896
882,883,884
1875,1876,1877
882,883,884
1881,1882,1883
1875,1876,1877
1881,1882,1883
1878,1879,1880
1878,1879,1880
1881,1882,1883
1884,1885,1886
1878,1879,1880
1884,1885,1886
1887,1888,1889
1878,1879,1880
1887,1888,1889
1872,1873,1874
1872,1873,1874
1887,1888,1889
1155,1156,1157
1872,1873,1874
1155,1156,1157
1167,1168,1169
1887,1888,1889
1884,1885,1886
1890,1891,1892
1887,1888,1889
1890,1891,1892
1143,1144,1145
1887,1888,1889
1143,1144,1145
1155,1156,1157
1884,1885,1886
1881,1882,1883
1893,1894,1895
1884,1885,1886
1893,1894,1895
1896,1897,1898
1884,1885,1886
1896,1897,1898
1890,1891,1892
1881,1882,1883
882,883,884
870,871,872
1881,1882,1883
870,871,872
1893,1894,1895
1893,1894,1895
870,871,872
858,859,860
1893,1894,1895
858,859,860
1899,1900,1901
1893,1894,1895
1899,1900,1901
1896,1897,1898
1896,1897,1898
1899,1900,1901
1902,1903,1904
1896,1897,1898
1902,1903,1904
1905,1906,1907
1896,1897,1898
1905,1906,1907
1890,1891,1892
1890,1891,1892
1905,1906,1907
1131,1132,1133
1890,1891,1892
1131,1132,1133
1143,1144,1145
1905,1906,1907
1902,1903,1904
1908,1909,1910
1905,1906,1907
1908,1909,1910
1119,1120,1121
1905,1906,1907
1119,1120,1121
1131,1132,1133
1902,1903,1904
1899,1900,1901
1911,1912,1913
1902,1903,1904
1911,1912,1913
1914,1915,1916
1902,1903,1904
1914,1915,1916
1908,1909,1910
1899,1900,1901
858,859,860
846,847,848
1899,1900,1901
846,847,848
1911,1912,1913
1911,1912,1913
846,847,848
834,835,836
1911,1912,1913
834,835,836
1917,1918,1919
1911,1912,1913
1917,1918,1919
1914,1915,1916
1914,1915,1916
1917,1918,1919
1920,1921,1922
1914,1915,1916
1920,1921,1922
1923,1924,1925
1914,1915,1916
1923,1924,1925
1908,1909,1910
1908,1909,1910
1923,1924,1925
1107,1108,1109
1908,1909,1910
1107,1108,1109
1119,1120,1121
1923,1924,1925
1920,1921,1922
1926,1927,1928
1923,1924,1925
1926,1927,1928
1095,1096,1097
1923,1924,1925
1095,1096,1097
1107,1108,1109
1920,1921,1922
1917,1918,1919
1929,1930,1931
1920,1921,1922
1929,1930,1931
1932,1933,1934
1920,1921,1922
1932,1933,1934
1926,1927,1928
1917,1918,1919
834,835,836
822,823,824
1917,1918,1919
822,823,824
1929,1930,1931
1929,1930,1931
822,823,824
810,811,812
1929,1930,1931
810,811,812
1935,1936,1937
1929,1930,1931
1935,1936,1937
1932,1933,1934
1932,1933,1934
1935,1936,1937
1938,1939,1940
1932,1933,1934
1938,1939,1940
1941,1942,1943
1932,1933,1934
1941,1942,1943
1926,1927,1928
1926,1927,1928
1941,1942,1943
1083,1084,1085
1926,1927,1928
1083,1084,1085
1095,1096,1097
1941,1942,1943
1938,1939,1940
1944,1945,1946
1941,1942,1943
1944,1945,1946
1071,1072,1073
1941,1942,1943
1071,1072,1073
1083,1084,1085
1938,1939,1940
1935,1936,1937
1947,1948,1949
1938,1939,1940
1947,1948,1949
1950,1951,1952
1938,1939,1940
1950,1951,1952
1944,1945,1946
1935,1936,1937
810,811,812
798,799,800
1935,1936,1937
798,799,800
1947,1948,1949
1947,1948,1949
798,799,800
786,787,788
1947,1948,1949
786,787,788
1953,1954,1955
1947,1948,1949
1953,1954,1955
1950,1951,1952
1950,1951,1952
1953,1954,1955
1956,1957,1958
1950,1951,1952
1956,1957,1958
1959,1960,1961
1950,1951,1952
1959,1960,1961
1944,1945,1946
1944,1945,1946
1959,1960,1961
1059,1060,1061
1944,1945,1946
1059,1060,1061
1071,1072,1073
1959,1960,1961
1956,1957,1958
1962,1963,1964
1959,1960,1961
1962,1963,1964
1047,1048,1049
1959,1960,1961
1047,1048,1049
1059,1060,1061
1956,1957,1958
1953,1954,1955
1965,1966,1967
1956,1957,1958
1965,1966,1967
1968,1969,1970
1956,1957,1958
1968,1969,1970
1962,1963,1964
1953,1954,1955
786,787,788
774,775,776
1953,1954,1955
774,775,776
1965,1966,1967
1965,1966,1967
774,775,776
762,763,764
1965,1966,1967
762,763,764
1971,1972,1973
1965,1966,1967
1971,1972,1973
1968,1969,1970
1968,1969,1970
1971,1972,1973
1974,1975,1976
1968,1969,1970
1974,1975,1976
1977,1978,1979
1968,1969,1970
1977,1978,1979
1962,1963,1964
1962,1963,1964
1977,1978,1979
1035,1036,1037
1962,1963,1964
1035,1036,1037
1047,1048,1049
1977,1978,1979
1974,1975,1976
1980,1981,1982
1977,1978,1979
1980,1981,1982
1023,1024,1025
1977,1978,1979
1023,1024,1025
1035,1036,1037
1974,1975,1976
1971,1972,1973
1983,1984,1985
1974,1975,1976
1983,1984,1985
1986,1987,1988
1974,1975,1976
1986,1987,1988
1980,1981,1982
1971,1972,1973
762,763,764
750,751,752
1971,1972,1973
750,751,752
1983,1984,1985
1983,1984,1985
750,751,752
738,739,740
1983,1984,1985
738,739,740
1989,1990,1991
1983,1984,1985
1989,1990,1991
1986,1987,1988
1986,1987,1988
1989,1990,1991
1992,1993,1994
1986,1987,1988
1992,1993,1994
1995,1996,1997
1986,1987,1988
1995,1996,1997
1980,1981,1982
1980,1981,1982
1995,1996,1997
1011,1012,1013
1980,1981,1982
1011,1012,1013
1023,1024,1025
1995,1996,1997
1992,1993,1994
1998,1999,2000
1995,1996,1997
1998,1999,2000
999,1000,1001
1995,1996,1997
999,1000,1001
1011,1012,1013
1992,1993,1994
1989,1990,1991
2001,2002,2003
1992,1993,1994
2001,2002,2003
2004,2005,2006
1992,1993,1994
2004,2005,2006
1998,1999,2000
1989,1990,1991
738,739,740
726,727,728
1989,1990,1991
726,727,728
2001,2002,2003
2001,2002,2003
726,727,728
714,715,716
2001,2002,2003
714,715,716
2007,2008,2009
2001,2002,2003
2007,2008,2009
2004,2005,2006
2004,2005,2006
2007,2008,2009
2010,2011,2012
2004,2005,2006
2010,2011,2012
2013,2014,2015
2004,2005,2006
2013,2014,2015
1998,1999,2000
1998,1999,2000
2013,2014,2015
987,988,989
1998,1999,2000
987,988,989
999,1000,1001
2013,2014,2015
2010,2011,2012
2016,2017,2018
2013,2014,2015
2016,2017,2018
975,976,977
2013,2014,2015
975,976,977
987,988,989
2010,2011,2012
2007,2008,2009
2019,2020,2021
2010,2011,2012
2019,2020,2021
2022,2023,2024
2010,2011,2012
2022,2023,2024
2016,2017,2018
2007,2008,2009
714,715,716
702,703,704
2007,2008,2009
702,703,704
2019,2020,2021
2019,2020,2021
702,703,704
690,691,692
2019,2020,2021
690,691,692
2025,2026,2027
2019,2020,2021
2025,2026,2027
2022,2023,2024
2022,2023,2024
2025,2026,2027
2028,2029,2030
2022,2023,2024
2028,2029,2030
2031,2032,2033
2022,2023,2024
2031,2032,2033
2016,2017,2018
2016,2017,2018
2031,2032,2033
963,964,965
2016,2017,2018
963,964,965
975,976,977
2031,2032,2033
2028,2029,2030
2034,2035,2036
2031,2032,2033
2034,2035,2036
951,952,953
2031,2032,2033
951,952,953
963,964,965
2028,2029,2030
2025,2026,2027
2037,2038,2039
2028,2029,2030
2037,2038,2039
2040,2041,2042
2028,2029,2030
2040,2041,2042
2034,2035,2036
2025,2026,2027
690,691,692
678,679,680
2025,2026,2027
678,679,680
2037,2038,2039
2037,2038,2039
678,679,680
666,667,668
2037,2038,2039
666,667,668
2043,2044,2045
2037,2038,2039
2043,2044,2045
2040,2041,2042
2040,2041,2042
2043,2044,2045
2046,2047,2048
2040,2041,2042
2046,2047,2048
2049,2050,2051
2040,2041,2042
2049,2050,2051
2034,2035,2036
2034,2035,2036
2049,2050,2051
939,940,941
2034,2035,2036
939,940,941
951,952,953
2049,2050,2051
2046,2047,2048
2052,2053,2054
2049,2050,2051
2052,2053,2054
927,928,929
2049,2050,2051
927,928,929
939,940,941
2046,2047,2048
2043,2044,2045
2055,2056,2057
2046,2047,2048
2055,2056,2057
2058,2059,2060
2046,2047,2048
2058,2059,2060
2052,2053,2054
2043,2044,2045
666,667,668
654,655,656
2043,2044,2045
654,655,656
2055,2056,2057
2055,2056,2057
654,655,656
642,643,644
2055,2056,2057
642,643,644
2061,2062,2063
2055,2056,2057
2061,2062,2063
2058,2059,2060
2058,2059,2060
2061,2062,2063
2064,2065,2066
2058,2059,2060
2064,2065,2066
2067,2068,2069
2058,2059,2060
2067,2068,2069
2052,2053,2054
2052,2053,2054
2067,2068,2069
915,916,917
2052,2053,2054
915,916,917
927,928,929
2067,2068,2069
2064,2065,2066
2070,2071,2072
2067,2068,2069
2070,2071,2072
903,904,905
2067,2068,2069
903,904,905
915,916,917
2064,2065,2066
2061,2062,2063
2073,2074,2075
2064,2065,2066
2073,2074,2075
2076,2077,2078
2064,2065,2066
2076,2077,2078
2070,2071,2072
2061,2062,2063
642,643,644
630,631,632
2061,2062,2063
630,631,632
2073,2074,2075
2073,2074,2075
630,631,632
618,619,620
2073,2074,2075
618,619,620
2079,2080,2081
2073,2074,2075
2079,2080,2081
2076,2077,2078
2076,2077,2078
2079,2080,2081
2082,2083,2084
2076,2077,2078
2082,2083,2084
2085,2086,2087
2076,2077,2078
2085,2086,2087
2070,2071,2072
2070,2071,2072
2085,2086,2087
891,892,893
2070,2071,2072
891,892,893
903,904,905
2085,2086,2087
2082,2083,2084
2088,2089,2090
2085,2086,2087
2088,2089,2090
879,880,881
2085,2086,2087
879,880,881
891,892,893
2082,2083,2084
2079,2080,2081
2091,2092,2093
2082,2083,2084
2091,2092,2093
2094,2095,2096
2082,2083,2084
2094,2095,2096
2088,2089,2090
2079,2080,2081
618,619,620
606,607,608
2079,2080,2081
606,607,608
2091,2092,2093
2091,2092,2093
606,607,608
594,595,596
2091,2092,2093
594,595,596
2097,2098,2099
2091,2092,2093
2097,2098,2099
2094,2095,2096
2094,2095,2096
2097,2098,2099
2100,2101,2102
2094,2095,2096
2100,2101,2102
2103,2104,2105
2094,2095,2096
2103,2104,2105
2088,2089,2090
2088,2089,2090
2103,2104,2105
867,868,869
2088,2089,2090
867,868,869
879,880,881
2103,2104,2105
2100,2101,2102
2106,2107,2108
2103,2104,2105
2106,2107,2108
855,856,857
2103,2104,2105
855,856,857
867,868,869
2100,2101,2102
2097,2098,2099
2109,2110,2111
2100,2101,2102
2109,2110,2111
2112,2113,2114
2100,2101,2102
2112,2113,2114
2106,2107,2108
2097,2098,2099
594,595,596
582,583,584
2097,2098,2099
582,583,584
2109,2110,2111
2109,2110,2111
582,583,584
570,571,572
2109,2110,2111
570,571,572
2115,2116,2117
2109,2110,2111
2115,2116,2117
2112,2113,2114
2112,2113,2114
2115,2116,2117
2118,2119,2120
2112,2113,2114
2118,2119,2120
2121,2122,2123
2112,2113,2114
2121,2122,2123
2106,2107,2108
2106,2107,2108
2121,2122,2123
843,844,845
2106,2107,2108
843,844,845
855,856,857
2121,2122,2123
2118,2119,2120
2124,2125,2126
2121,2122,2123
2124,2125,2126
831,832,833
2121,2122,2123
831,832,833
843,844,845
2118,2119,2120
2115,2116,2117
2127,2128,2129
2118,2119,2120
2127,2128,2129
2130,2131,2132
2118,2119,2120
2130,2131,2132
2124,2125,2126
2115,2116,2117
570,571,572
558,559,560
2115,2116,2117
558,559,560
2127,2128,2129
2127,2128,2129
558,559,560
546,547,548
2127,2128,2129
546,547,548
2133,2134,2135
2127,2128,2129
2133,2134,2135
2130,2131,2132
2130,2131,2132
2133,2134,2135
2136,2137,2138
2130,2131,2132
2136,2137,2138
2139,2140,2141
2130,2131,2132
2139,2140,2141
2124,2125,2126
2124,2125,2126
2139,2140,2141
819,820,821
2124,2125,2126
819,820,821
831,832,833
2139,2140,2141
2136,2137,2138
2142,2143,2144
2139,2140,2141
2142,2143,2144
807,808,809
2139,2140,2141
807,808,809
819,820,821
2136,2137,2138
2133,2134,2135
2145,2146,2147
2136,2137,2138
2145,2146,2147
2148,2149,2150
2136,2137,2138
2148,2149,2150
2142,2143,2144
2133,2134,2135
546,547,548
534,535,536
2133,2134,2135
534,535,536
2145,2146,2147
2145,2146,2147
534,535,536
522,523,524
2145,2146,2147
522,523,524
2151,2152,2153
2145,2146,2147
2151,2152,2153
2148,2149,2150
2148,2149,2150
2151,2152,2153
2154,2155,2156
2148,2149,2150
2154,2155,2156
2157,2158,2159
2148,2149,2150
2157,2158,2159
2142,2143,2144
2142,2143,2144
2157,2158,2159
795,796,797
2142,2143,2144
795,796,797
807,808,809
2157,2158,2159
2154,2155,2156
2160,2161,2162
2157,2158,2159
2160,2161,2162
783,784,785
2157,2158,2159
783,784,785
795,796,797
2154,2155,2156
2151,2152,2153
2163,2164,2165
2154,2155,2156
2163,2164,2165
2166,2167,2168
2154,2155,2156
2166,2167,2168
2160,2161,2162
2151,2152,2153
522,523,524
510,511,512
2151,2152,2153
510,511,512
2163,2164,2165
2163,2164,2165
510,511,512
498,499,500
2163,2164,2165
498,499,500
2169,2170,2171
2163,2164,2165
2169,2170,2171
2166,2167,2168
2166,2167,2168
2169,2170,2171
2172,2173,2174
2166,2167,2168
2172,2173,2174
2175,2176,2177
2166,2167,2168
2175,2176,2177
2160,2161,2162
2160,2161,2162
2175,2176,2177
771,772,773
2160,2161,2162
771,772,773
783,784,785
2175,2176,2177
2172,2173,2174
2178,2179,2180
2175,2176,2177
2178,2179,2180
759,760,761
2175,2176,2177
759,760,761
771,772,773
2172,2173,2174
2169,2170,2171
2181,2182,2183
2172,2173,2174
2181,2182,2183
2184,2185,2186
2172,2173,2174
2184,2185,2186
2178,2179,2180
2169,2170,2171
498,499,500
486,487,488
2169,2170,2171
486,487,488
2181,2182,2183
2181,2182,2183
486,487,488
474,475,476
2181,2182,2183
474,475,476
2187,2188,2189
2181,2182,2183
2187,2188,2189
2184,2185,2186
2184,2185,2186
2187,2188,2189
2190,2191,2192
2184,2185,2186
2190,2191,2192
2193,2194,2195
2184,2185,2186
2193,2194,2195
2178,2179,2180
2178,2179,2180
2193,2194,2195
747,748,749
2178,2179,2180
747,748,749
759,760,761
2193,2194,2195
2190,2191,2192
2196,2197,2198
2193,2194,2195
2196,2197,2198
735,736,737
2193,2194,2195
735,736,737
747,748,749
2190,2191,2192
2187,2188,2189
2199,2200,2201
2190,2191,2192
2199,2200,2201
2202,2203,2204
2190,2191,2192
2202,2203,2204
2196,2197,2198
2187,2188,2189
474,475,476
462,463,464
2187,2188,2189
462,463,464
2199,2200,2201
2199,2200,2201
462,463,464
450,451,452
2199,2200,2201
450,451,452
2205,2206,2207
2199,2200,2201
2205,2206,2207
2202,2203,2204
2202,2203,2204
2205,2206,2207
2208,2209,2210
2202,2203,2204
2208,2209,2210
2211,2212,2213
2202,2203,2204
2211,2212,2213
2196,2197,2198
2196,2197,2198
2211,2212,2213
723,724,725
2196,2197,2198
723,724,725
735,736,737
2211,2212,2213
2208,2209,2210
2214,2215,2216
2211,2212,2213
2214,2215,2216
711,712,713
2211,2212,2213
711,712,713
723,724,725
2208,2209,2210
2205,2206,2207
2217,2218,2219
2208,2209,2210
2217,2218,2219
2220,2221,2222
2208,2209,2210
2220,2221,2222
2214,2215,2216
2205,2206,2207
450,451,452
438,439,440
2205,2206,2207
438,439,440
2217,2218,2219
2217,2218,2219
438,439,440
426,427,428
2217,2218,2219
426,427,428
2223,2224,2225
2217,2218,2219
2223,2224,2225
2220,2221,2222
2220,2221,2222
2223,2224,2225
2226,2227,2228
2220,2221,2222
2226,2227,2228
2229,2230,2231
2220,2221,2222
2229,2230,2231
2214,2215,2216
2214,2215,2216
2229,2230,2231
699,700,701
2214,2215,2216
699,700,701
711,712,713
2229,2230,2231
2226,2227,2228
2232,2233,2234
2229,2230,2231
2232,2233,2234
687,688,689
2229,2230,2231
687,688,689
699,700,701
2226,2227,2228
2223,2224,2225
2235,2236,2237
2226,2227,2228
2235,2236,2237
2238,2239,2240
2226,2227,2228
2238,2239,2240
2232,2233,2234
2223,2224,2225
426,427,428
414,415,416
2223,2224,2225
414,415,416
2235,2236,2237
2235,2236,2237
414,415,416
402,403,404
2235,2236,2237
402,403,404
2241,2242,2243
2235,2236,2237
2241,2242,2243
2238,2239,2240
2238,2239,2240
2241,2242,2243
2244,2245,2246
2238,2239,2240
2244,2245,2246
2247,2248,2249
2238,2239,2240
2247,2248,2249
2232,2233,2234
2232,2233,2234
2247,2248,2249
675,676,677
2232,2233,2234
675,676,677
687,688,689
2247,2248,2249
2244,2245,2246
2250,2251,2252
2247,2248,2249
2250,2251,2252
663,664,665
2247,2248,2249
663,664,665
675,676,677
2244,2245,2246
2241,2242,2243
2253,2254,2255
2244,2245,2246
2253,2254,2255
2256,2257,2258
2244,2245,2246
2256,2257,2258
2250,2251,2252
2241,2242,2243
402,403,404
390,391,392
2241,2242,2243
390,391,392
2253,2254,2255
2253,2254,2255
390,391,392
378,379,380
2253,2254,2255
378,379,380
2259,2260,2261
2253,2254,2255
2259,2260,2261
2256,2257,2258
2256,2257,2258
2259,2260,2261
2262,2263,2264
2256,2257,2258
2262,2263,2264
2265,2266,2267
2256,2257,2258
2265,2266,2267
2250,2251,2252
2250,2251,2252
2265,2266,2267
651,652,653
2250,2251,2252
651,652,653
663,664,665
2265,2266,2267
2262,2263,2264
2268,2269,2270
2265,2266,2267
2268,2269,2270
639,640,641
2265,2266,2267
639,640,641
651,652,653
2262,2263,2264
2259,2260,2261
2271,2272,2273
2262,2263,2264
2271,2272,2273
2274,2275,2276
2262,2263,2264
2274,2275,2276
2268,2269,2270
2259,2260,2261
378,379,380
366,367,368
2259,2260,2261
366,367,368
2271,2272,2273
2271,2272,2273
366,367,368
354,355,356
2271,2272,2273
354,355,356
2277,2278,2279
2271,2272,2273
2277,2278,2279
2274,2275,2276
2274,2275,2276
2277,2278,2279
2280,2281,2282
2274,2275,2276
2280,2281,2282
2283,2284,2285
2274,2275,2276
2283,2284,2285
2268,2269,2270
2268,2269,2270
2283,2284,2285
627,628,629
2268,2269,2270
627,628,629
639,640,641
2283,2284,2285
2280,2281,2282
2286,2287,2288
2283,2284,2285
2286,2287,2288
615,616,617
2283,2284,2285
615,616,617
627,628,629
2280,2281,2282
2277,2278,2279
2289,2290,2291
2280,2281,2282
2289,2290,2291
2292,2293,2294
2280,2281,2282
2292,2293,2294
2286,2287,2288
2277,2278,2279
354,355,356
342,343,344
2277,2278,2279
342,343,344
2289,2290,2291
2289,2290,2291
342,343,344
330,331,332
2289,2290,2291
330,331,332
2295,2296,2297
2289,2290,2291
2295,2296,2297
2292,2293,2294
2292,2293,2294
2295,2296,2297
2298,2299,2300
2292,2293,2294
2298,2299,2300
2301,2302,2303
2292,2293,2294
2301,2302,2303
2286,2287,2288
2286,2287,2288
2301,2302,2303
603,604,605
2286,2287,2288
603,604,605
615,616,617
2301,2302,2303
2298,2299,2300
2304,2305,2306
2301,2302,2303
2304,2305,2306
591,592,593
2301,2302,2303
591,592,593
603,604,605
2298,2299,2300
2295,2296,2297
2307,2308,2309
2298,2299,2300
2307,2308,2309
2310,2311,2312
2298,2299,2300
2310,2311,2312
2304,2305,2306
2295,2296,2297
330,331,332
318,319,320
2295,2296,2297
318,319,320
2307,2308,2309
2307,2308,2309
318,319,320
306,307,308
2307,2308,2309
306,307,308
2313,2314,2315
2307,2308,2309
2313,2314,2315
2310,2311,2312
2310,2311,2312
2313,2314,2315
2316,2317,2318
2310,2311,2312
2316,2317,2318
2319,2320,2321
2310,2311,2312
2319,2320,2321
2304,2305,2306
2304,2305,2306
2319,2320,2321
579,580,581
2304,2305,2306
579,580,581
591,592,593
2319,2320,2321
2316,2317,2318
2322,2323,2324
2319,2320,2321
2322,2323,2324
567,568,569
2319,2320,2321
567,568,569
579,580,581
2316,2317,2318
2313,2314,2315
2325,2326,2327
2316,2317,2318
2325,2326,2327
2328,2329,2330
2316,2317,2318
2328,2329,2330
2322,2323,2324
2313,2314,2315
306,307,308
294,295,296
2313,2314,2315
294,295,296
2325,2326,2327
2325,2326,2327
294,295,296
282,283,284
2325,2326,2327
282,283,284
2331,2332,2333
2325,2326,2327
2331,2332,2333
2328,2329,2330
2328,2329,2330
2331,2332,2333
2334,2335,2336
2328,2329,2330
2334,2335,2336
2337,2338,2339
2328,2329,2330
2337,2338,2339
2322,2323,2324
2322,2323,2324
2337,2338,2339
555,556,557
2322,2323,2324
555,556,557
567,568,569
2337,2338,2339
2334,2335,2336
2340,2341,2342
2337,2338,2339
2340,2341,2342
543,544,545
2337,2338,2339
543,544,545
555,556,557
2334,2335,2336
2331,2332,2333
2343,2344,2345
2334,2335,2336
2343,2344,2345
2346,2347,2348
2334,2335,2336
2346,2347,2348
2340,2341,2342
2331,2332,2333
282,283,284
270,271,272
2331,2332,2333
270,271,272
2343,2344,2345
2343,2344,2345
270,271,272
258,259,260
2343,2344,2345
258,259,260
2349,2350,2351
2343,2344,2345
2349,2350,2351
2346,2347,2348
2346,2347,2348
2349,2350,2351
2352,2353,2354
2346,2347,2348
2352,2353,2354
2355,2356,2357
2346,2347,2348
2355,2356,2357
2340,2341,2342
2340,2341,2342
2355,2356,2357
531,532,533
2340,2341,2342
531,532,533
543,544,545
2355,2356,2357
2352,2353,2354
2358,2359,2360
2355,2356,2357
2358,2359,2360
519,520,521
2355,2356,2357
519,520,521
531,532,533
2352,2353,2354
2349,2350,2351
2361,2362,2363
2352,2353,2354
2361,2362,2363
2364,2365,2366
2352,2353,2354
2364,2365,2366
2358,2359,2360
2349,2350,2351
258,259,260
246,247,248
2349,2350,2351
246,247,248
2361,2362,2363
2361,2362,2363
246,247,248
234,235,236
2361,2362,2363
234,235,236
2367,2368,2369
2361,2362,2363
2367,2368,2369
2364,2365,2366
2364,2365,2366
2367,2368,2369
2370,2371,2372
2364,2365,2366
2370,2371,2372
2373,2374,2375
2364,2365,2366
2373,2374,2375
2358,2359,2360
2358,2359,2360
2373,2374,2375
507,508,509
2358,2359,2360
507,508,509
519,520,521
2373,2374,2375
2370,2371,2372
2376,2377,2378
2373,2374,2375
2376,2377,2378
495,496,497
2373,2374,2375
495,496,497
507,508,509
2370,2371,2372
2367,2368,2369
2379,2380,2381
2370,2371,2372
2379,2380,2381
2382,2383,2384
2370,2371,2372
2382,2383,2384
2376,2377,2378
2367,2368,2369
234,235,236
222,223,224
2367,2368,2369
222,223,224
2379,2380,2381
2379,2380,2381
222,223,224
210,211,212
2379,2380,2381
210,211,212
2385,2386,2387
2379,2380,2381
2385,2386,2387
2382,2383,2384
2382,2383,2384
2385,2386,2387
2388,2389,2390
2382,2383,2384
2388,2389,2390
2391,2392,2393
2382,2383,2384
2391,2392,2393
2376,2377,2378
2376,2377,2378
2391,2392,2393
483,484,485
2376,2377,2378
483,484,485
495,496,497
2391,2392,2393
2388,2389,2390
2394,2395,2396
2391,2392,2393
2394,2395,2396
471,472,473
2391,2392,2393
471,472,473
483,484,485
2388,2389,2390
2385,2386,2387
2397,2398,2399
2388,2389,2390
2397,2398,2399
2400,2401,2402
2388,2389,2390
2400,2401,2402
2394,2395,2396
2385,2386,2387
210,211,212
198,199,200
2385,2386,2387
198,199,200
2397,2398,2399
2397,2398,2399
198,199,200
186,187,188
2397,2398,2399
186,187,188
2403,2404,2405
2397,2398,2399
2403,2404,2405
2400,2401,2402
2400,2401,2402
2403,2404,2405
2406,2407,2408
2400,2401,2402
2406,2407,2408
2409,2410,2411
2400,2401,2402
2409,2410,2411
2394,2395,2396
2394,2395,2396
2409,2410,2411
459,460,461
2394,2395,2396
459,460,461
471,472,473
2409,2410,2411
2406,2407,2408
2412,2413,2414
2409,2410,2411
2412,2413,2414
447,448,449
2409,2410,2411
447,448,449
459,460,461
2406,2407,2408
2403,2404,2405
2415,2416,2417
2406,2407,2408
2415,2416,2417
2418,2419,2420
2406,2407,2408
2418,2419,2420
2412,2413,2414
2403,2404,2405
186,187,188
174,175,176
2403,2404,2405
174,175,176
2415,2416,2417
2415,2416,2417
174,175,176
162,163,164
2415,2416,2417
162,163,164
2421,2422,2423
2415,2416,2417
2421,2422,2423
2418,2419,2420
2418,2419,2420
2421,2422,2423
2424,2425,2426
2418,2419,2420
2424,2425,2426
2427,2428,2429
2418,2419,2420
2427,2428,2429
2412,2413,2414
2412,2413,2414
2427,2428,2429
435,436,437
2412,2413,2414
435,436,437
447,448,449
2427,2428,2429
2424,2425,2426
2430,2431,2432
2427,2428,2429
2430,2431,2432
423,424,425
2427,2428,2429
423,424,425
435,436,437
2424,2425,2426
2421,2422,2423
2433,2434,2435
2424,2425,2426
2433,2434,2435
2436,2437,2438
2424,2425,2426
2436,2437,2438
2430,2431,2432
2421,2422,2423
162,163,164
150,151,152
2421,2422,2423
150,151,152
2433,2434,2435
2433,2434,2435
150,151,152
138,139,140
2433,2434,2435
138,139,140
2439,2440,2441
2433,2434,2435
2439,2440,2441
2436,2437,2438
2436,2437,2438
2439,2440,2441
2442,2443,2444
2436,2437,2438
2442,2443,2444
2445,2446,2447
2436,2437,2438
2445,2446,2447
2430,2431,2432
2430,2431,2432
2445,2446,2447
411,412,413
2430,2431,2432
411,412,413
423,424,425
2445,2446,2447
2442,2443,2444
2448,2449,2450
2445,2446,2447
2448,2449,2450
399,400,401
2445,2446,2447
399,400,401
411,412,413
2442,2443,2444
2439,2440,2441
2451,2452,2453
2442,2443,2444
2451,2452,2453
2454,2455,2456
2442,2443,2444
2454,2455,2456
2448,2449,2450
2439,2440,2441
138,139,140
126,127,128
2439,2440,2441
126,127,128
2451,2452,2453
2451,2452,2453
126,127,128
114,115,116
2451,2452,2453
114,115,116
2457,2458,2459
2451,2452,2453
2457,2458,2459
2454,2455,2456
2454,2455,2456
2457,2458,2459
2460,2461,2462
2454,2455,2456
2460,2461,2462
2463,2464,2465
2454,2455,2456
2463,2464,2465
2448,2449,2450
2448,2449,2450
2463,2464,2465
387,388,389
2448,2449,2450
387,388,389
399,400,401
2463,2464,2465
2460,2461,2462
2466,2467,2468
2463,2464,2465
2466,2467,2468
375,376,377
2463,2464,2465
375,376,377
387,388,389
2460,2461,2462
2457,2458,2459
2469,2470,2471
2460,2461,2462
2469,2470,2471
2472,2473,2474
2460,2461,2462
2472,2473,2474
2466,2467,2468
2457,2458,2459
114,115,116
102,103,104
2457,2458,2459
102,103,104
2469,2470,2471
2469,2470,2471
102,103,104
90,91,92
2469,2470,2471
90,91,92
2475,2476,2477
2469,2470,2471
2475,2476,2477
2472,2473,2474
2472,2473,2474
2475,2476,2477
2478,2479,2480
2472,2473,2474
2478,2479,2480
2481,2482,2483
2472,2473,2474
2481,2482,2483
2466,2467,2468
2466,2467,2468
2481,2482,2483
363,364,365
2466,2467,2468
363,364,365
375,376,377
2481,2482,2483
2478,2479,2480
2484,2485,2486
2481,2482,2483
2484,2485,2486
351,352,353
2481,2482,2483
351,352,353
363,364,365
2478,2479,2480
2475,2476,2477
2487,2488,2489
2478,2479,2480
2487,2488,2489
2490,2491,2492
2478,2479,2480
2490,2491,2492
2484,2485,2486
2475,2476,2477
90,91,92
78,79,80
2475,2476,2477
78,79,80
2487,2488,2489
2487,2488,2489
78,79,80
66,67,68
2487,2488,2489
66,67,68
2493,2494,2495
2487,2488,2489
2493,2494,2495
2490,2491,2492
2490,2491,2492
2493,2494,2495
2496,2497,2498
2490,2491,2492
2496,2497,2498
2499,2500,2501
2490,2491,2492
2499,2500,2501
2484,2485,2486
2484,2485,2486
2499,2500,2501
339,340,341
2484,2485,2486
339,340,341
351,352,353
2499,2500,2501
2496,2497,2498
2502,2503,2504
2499,2500,2501
2502,2503,2504
327,328,329
2499,2500,2501
327,328,329
339,340,341
2496,2497,2498
2493,2494,2495
2505,2506,2507
2496,2497,2498
2505,2506,2507
2508,2509,2510
2496,2497,2498
2508,2509,2510
2502,2503,2504
2493,2494,2495
66,67,68
54,55,56
2493,2494,2495
54,55,56
2505,2506,2507
2505,2506,2507
54,55,56
42,43,44
2505,2506,2507
42,43,44
2511,2512,2513
2505,2506,2507
2511,2512,2513
2508,2509,2510
2508,2509,2510
2511,2512,2513
2514,2515,2516
2508,2509,2510
2514,2515,2516
2517,2518,2519
2508,2509,2510
2517,2518,2519
2502,2503,2504
2502,2503,2504
2517,2518,2519
315,316,317
2502,2503,2504
315,316,317
327,328,329
2517,2518,2519
2514,2515,2516
2520,2521,2522
2517,2518,2519
2520,2521,2522
303,304,305
2517,2518,2519
303,304,305
315,316,317
2514,2515,2516
2511,2512,2513
2523,2524,2525
2514,2515,2516
2523,2524,2525
2526,2527,2528
2514,2515,2516
2526,2527,2528
2520,2521,2522
2511,2512,2513
42,43,44
30,31,32
2511,2512,2513
30,31,32
2523,2524,2525
2523,2524,2525
30,31,32
12,13,14
2523,2524,2525
12,13,14
2529,2530,2531
2523,2524,2525
2529,2530,2531
2526,2527,2528
2526,2527,2528
2529,2530,2531
2532,2533,2534
2526,2527,2528
2532,2533,2534
2535,2536,2537
2526,2527,2528
2535,2536,2537
2520,2521,2522
2520,2521,2522
2535,2536,2537
291,292,293
2520,2521,2522
291,292,293
303,304,305
2535,2536,2537
2532,2533,2534
2538,2539,2540
2535,2536,2537
2538,2539,2540
279,280,281
2535,2536,2537
279,280,281
291,292,293
2532,2533,2534
2529,2530,2531
2541,2542,2543
2532,2533,2534
2541,2542,2543
2544,2545,2546
2532,2533,2534
2544,2545,2546
2538,2539,2540
2529,2530,2531
12,13,14
9,10,11
2529,2530,2531
9,10,11
2541,2542,2543
2541,2542,2543
9,10,11
2547,2548,2549
2541,2542,2543
2547,2548,2549
2550,2551,2552
2541,2542,2543
2550,2551,2552
2544,2545,2546
2544,2545,2546
2550,2551,2552
2553,2554,2555
2544,2545,2546
2553,2554,2555
2556,2557,2558
2544,2545,2546
2556,2557,2558
2538,2539,2540
2538,2539,2540
2556,2557,2558
267,268,269
2538,2539,2540
267,268,269
279,280,281
2556,2557,2558
2553,2554,2555
2559,2560,2561
2556,2557,2558
2559,2560,2561
255,256,257
2556,2557,2558
255,256,257
267,268,269
2553,2554,2555
2550,2551,2552
2562,2563,2564
2553,2554,2555
2562,2563,2564
2565,2566,2567
2553,2554,2555
2565,2566,2567
2559,2560,2561
2550,2551,2552
2547,2548,2549
2568,2569,2570
2550,2551,2552
2568,2569,2570
2562,2563,2564
2562,2563,2564
2568,2569,2570
2571,2572,2573
2562,2563,2564
2571,2572,2573
2574,2575,2576
2562,2563,2564
2574,2575,2576
2565,2566,2567
2568,2569,2570
2547,2548,2549
1554,1555,1556
2568,2569,2570
1554,1555,1556
1542,1543,1544
2568,2569,2570
1542,1543,1544
2571,2572,2573
1554,1555,1556
2547,2548,2549
3,4,5
2547,2548,2549
9,10,11
3,4,5
1542,1543,1544
1530,1531,1532
2571,2572,2573
2571,2572,2573
1530,1531,1532
2577,2578,2579
2571,2572,2573
2577,2578,2579
2574,2575,2576
1530,1531,1532
1518,1519,1520
2577,2578,2579
1518,1519,1520
1506,1507,1508
2580,2581,2582
1518,1519,1520
2580,2581,2582
2577,2578,2579
2577,2578,2579
2580,2581,2582
2583,2584,2585
2577,2578,2579
2583,2584,2585
2574,2575,2576
2574,2575,2576
2583,2584,2585
2586,2587,2588
2574,2575,2576
2586,2587,2588
2565,2566,2567
2565,2566,2567
2586,2587,2588
2589,2590,2591
2565,2566,2567
2589,2590,2591
2559,2560,2561
2559,2560,2561
2589,2590,2591
243,244,245
2559,2560,2561
243,244,245
255,256,257
1506,1507,1508
1494,1495,1496
2592,2593,2594
1506,1507,1508
2592,2593,2594
2580,2581,2582
2580,2581,2582
2592,2593,2594
2595,2596,2597
2580,2581,2582
2595,2596,2597
2583,2584,2585
2583,2584,2585
2595,2596,2597
2598,2599,2600
2583,2584,2585
2598,2599,2600
2586,2587,2588
2586,2587,2588
2598,2599,2600
2601,2602,2603
2586,2587,2588
2601,2602,2603
2589,2590,2591
2589,2590,2591
2601,2602,2603
231,232,233
2589,2590,2591
231,232,233
243,244,245
1494,1495,1496
1482,1483,1484
2604,2605,2606
1494,1495,1496
2604,2605,2606
2592,2593,2594
2592,2593,2594
2604,2605,2606
2607,2608,2609
2592,2593,2594
2607,2608,2609
2595,2596,2597
2595,2596,2597
2607,2608,2609
2610,2611,2612
2595,2596,2597
2610,2611,2612
2598,2599,2600
2598,2599,2600
2610,2611,2612
2613,2614,2615
2598,2599,2600
2613,2614,2615
2601,2602,2603
2601,2602,2603
2613,2614,2615
219,220,221
2601,2602,2603
219,220,221
231,232,233
1482,1483,1484
1470,1471,1472
2616,2617,2618
1482,1483,1484
2616,2617,2618
2604,2605,2606
2604,2605,2606
2616,2617,2618
2619,2620,2621
2604,2605,2606
2619,2620,2621
2607,2608,2609
2607,2608,2609
2619,2620,2621
2622,2623,2624
2607,2608,2609
2622,2623,2624
2610,2611,2612
2610,2611,2612
2622,2623,2624
2625,2626,2627
2610,2611,2612
2625,2626,2627
2613,2614,2615
2613,2614,2615
2625,2626,2627
207,208,209
2613,2614,2615
207,208,209
219,220,221
1470,1471,1472
1458,1459,1460
2628,2629,2630
1470,1471,1472
2628,2629,2630
2616,2617,2618
2616,2617,2618
2628,2629,2630
2631,2632,2633
2616,2617,2618
2631,2632,2633
2619,2620,2621
2619,2620,2621
2631,2632,2633
2634,2635,2636
2619,2620,2621
2634,2635,2636
2622,2623,2624
2622,2623,2624
2634,2635,2636
2637,2638,2639
2622,2623,2624
2637,2638,2639
2625,2626,2627
2625,2626,2627
2637,2638,2639
195,196,197
2625,2626,2627
195,196,197
207,208,209
1458,1459,1460
1446,1447,1448
2640,2641,2642
1458,1459,1460
2640,2641,2642
2628,2629,2630
2628,2629,2630
2640,2641,2642
2643,2644,2645
2628,2629,2630
2643,2644,2645
2631,2632,2633
2631,2632,2633
2643,2644,2645
2646,2647,2648
2631,2632,2633
2646,2647,2648
2634,2635,2636
2634,2635,2636
2646,2647,2648
2649,2650,2651
2634,2635,2636
2649,2650,2651
2637,2638,2639
2637,2638,2639
2649,2650,2651
183,184,185
2637,2638,2639
183,184,185
195,196,197
1446,1447,1448
1434,1435,1436
2652,2653,2654
1446,1447,1448
2652,2653,2654
2640,2641,2642
2640,2641,2642
2652,2653,2654
2655,2656,2657
2640,2641,2642
2655,2656,2657
2643,2644,2645
2643,2644,2645
2655,2656,2657
2658,2659,2660
2643,2644,2645
2658,2659,2660
2646,2647,2648
2646,2647,2648
2658,2659,2660
2661,2662,2663
2646,2647,2648
2661,2662,2663
2649,2650,2651
2649,2650,2651
2661,2662,2663
171,172,173
2649,2650,2651
171,172,173
183,184,185
1434,1435,1436
1422,1423,1424
2664,2665,2666
1434,1435,1436
2664,2665,2666
2652,2653,2654
2652,2653,2654
2664,2665,2666
2667,2668,2669
2652,2653,2654
2667,2668,2669
2655,2656,2657
2655,2656,2657
2667,2668,2669
2670,2671,2672
2655,2656,2657
2670,2671,2672
2658,2659,2660
2658,2659,2660
2670,2671,2672
2673,2674,2675
2658,2659,2660
2673,2674,2675
2661,2662,2663
2661,2662,2663
2673,2674,2675
159,160,161
2661,2662,2663
159,160,161
171,172,173
1422,1423,1424
1410,1411,1412
2676,2677,2678
1422,1423,1424
2676,2677,2678
2664,2665,2666
2664,2665,2666
2676,2677,2678
2679,2680,2681
2664,2665,2666
2679,2680,2681
2667,2668,2669
2667,2668,2669
2679,2680,2681
2682,2683,2684
2667,2668,2669
2682,2683,2684
2670,2671,2672
2670,2671,2672
2682,2683,2684
2685,2686,2687
2670,2671,2672
2685,2686,2687
2673,2674,2675
2673,2674,2675
2685,2686,2687
147,148,149
2673,2674,2675
147,148,149
159,160,161
1410,1411,1412
1398,1399,1400
2688,2689,2690
1410,1411,1412
2688,2689,2690
2676,2677,2678
2676,2677,2678
2688,2689,2690
2691,2692,2693
2676,2677,2678
2691,2692,2693
2679,2680,2681
2679,2680,2681
2691,2692,2693
2694,2695,2696
2679,2680,2681
2694,2695,2696
2682,2683,2684
2682,2683,2684
2694,2695,2696
2697,2698,2699
2682,2683,2684
2697,2698,2699
2685,2686,2687
2685,2686,2687
2697,2698,2699
135,136,137
2685,2686,2687
135,136,137
147,148,149
1398,1399,1400
1386,1387,1388
2700,2701,2702
1398,1399,1400
2700,2701,2702
2688,2689,2690
2688,2689,2690
2700,2701,2702
2703,2704,2705
2688,2689,2690
2703,2704,2705
2691,2692,2693
2691,2692,2693
2703,2704,2705
2706,2707,2708
2691,2692,2693
2706,2707,2708
2694,2695,2696
2694,2695,2696
2706,2707,2708
2709,2710,2711
2694,2695,2696
2709,2710,2711
2697,2698,2699
2697,2698,2699
2709,2710,2711
123,124,125
2697,2698,2699
123,124,125
135,136,137
1386,1387,1388
1374,1375,1376
2712,2713,2714
1386,1387,1388
2712,2713,2714
2700,2701,2702
2700,2701,2702
2712,2713,2714
2715,2716,2717
2700,2701,2702
2715,2716,2717
2703,2704,2705
2703,2704,2705
2715,2716,2717
2718,2719,2720
2703,2704,2705
2718,2719,2720
2706,2707,2708
2706,2707,2708
2718,2719,2720
2721,2722,2723
2706,2707,2708
2721,2722,2723
2709,2710,2711
2709,2710,2711
2721,2722,2723
111,112,113
2709,2710,2711
111,112,113
123,124,125
1374,1375,1376
1362,1363,1364
2724,2725,2726
1374,1375,1376
2724,2725,2726
2712,2713,2714
2712,2713,2714
2724,2725,2726
2727,2728,2729
2712,2713,2714
2727,2728,2729
2715,2716,2717
2715,2716,2717
2727,2728,2729
2730,2731,2732
2715,2716,2717
2730,2731,2732
2718,2719,2720
2718,2719,2720
2730,2731,2732
2733,2734,2735
2718,2719,2720
2733,2734,2735
2721,2722,2723
2721,2722,2723
2733,2734,2735
99,100,101
2721,2722,2723
99,100,101
111,112,113
1278,1279,1280
1614,1615,1616
1290,1291,1292
99,100,101
2733,2734,2735
87,88,89
2733,2734,2735
2730,2731,2732
2736,2737,2738
2733,2734,2735
2736,2737,2738
87,88,89
87,88,89
2736,2737,2738
75,76,77
2730,2731,2732
2727,2728,2729
2739,2740,2741
2730,2731,2732
2739,2740,2741
2736,2737,2738
2736,2737,2738
2739,2740,2741
2742,2743,2744
2736,2737,2738
2742,2743,2744
75,76,77
75,76,77
2742,2743,2744
63,64,65
2727,2728,2729
2724,2725,2726
2745,2746,2747
2727,2728,2729
2745,2746,2747
2739,2740,2741
2739,2740,2741
2745,2746,2747
2748,2749,2750
2739,2740,2741
2748,2749,2750
2742,2743,2744
2742,2743,2744
2748,2749,2750
2751,2752,2753
2742,2743,2744
2751,2752,2753
63,64,65
63,64,65
2751,2752,2753
51,52,53
2724,2725,2726
1362,1363,1364
2754,2755,2756
2724,2725,2726
2754,2755,2756
2745,2746,2747
1362,1363,1364
1350,1351,1352
2754,2755,2756
2745,2746,2747
2754,2755,2756
2757,2758,2759
2745,2746,2747
2757,2758,2759
2748,2749,2750
2754,2755,2756
1350,1351,1352
2760,2761,2762
2754,2755,2756
2760,2761,2762
2757,2758,2759
1350,1351,1352
1338,1339,1340
2760,2761,2762
2748,2749,2750
2757,2758,2759
2763,2764,2765
2748,2749,2750
2763,2764,2765
2751,2752,2753
2757,2758,2759
2760,2761,2762
2766,2767,2768
2757,2758,2759
2766,2767,2768
2763,2764,2765
2760,2761,2762
1338,1339,1340
2769,2770,2771
2760,2761,2762
2769,2770,2771
2766,2767,2768
1338,1339,1340
1326,1327,1328
2769,2770,2771
2751,2752,2753
2763,2764,2765
2772,2773,2774
2751,2752,2753
2772,2773,2774
51,52,53
51,52,53
2772,2773,2774
39,40,41
2763,2764,2765
2766,2767,2768
2775,2776,2777
2763,2764,2765
2775,2776,2777
2772,2773,2774
2772,2773,2774
2775,2776,2777
2778,2779,2780
2772,2773,2774
2778,2779,2780
39,40,41
39,40,41
2778,2779,2780
24,25,26
2766,2767,2768
2769,2770,2771
2781,2782,2783
2766,2767,2768
2781,2782,2783
2775,2776,2777
2775,2776,2777
2781,2782,2783
2784,2785,2786
2775,2776,2777
2784,2785,2786
2778,2779,2780
2778,2779,2780
2784,2785,2786
2787,2788,2789
2778,2779,2780
2787,2788,2789
24,25,26
24,25,26
2787,2788,2789
27,28,29
27,28,29
2787,2788,2789
1566,1567,1568
2787,2788,2789
2784,2785,2786
2790,2791,2792
2787,2788,2789
2790,2791,2792
1566,1567,1568
1566,1567,1568
2790,2791,2792
1569,1570,1571
2784,2785,2786
2781,2782,2783
2793,2794,2795
2784,2785,2786
2793,2794,2795
2790,2791,2792
2790,2791,2792
2793,2794,2795
2796,2797,2798
2790,2791,2792
2796,2797,2798
1569,1570,1571
1569,1570,1571
2796,2797,2798
1611,1612,1613
2781,2782,2783
2769,2770,2771
2799,2800,2801
2781,2782,2783
2799,2800,2801
2793,2794,2795
2769,2770,2771
1326,1327,1328
2799,2800,2801
1326,1327,1328
1314,1315,1316
2799,2800,2801
2799,2800,2801
1314,1315,1316
2802,2803,2804
2799,2800,2801
2802,2803,2804
2793,2794,2795
2793,2794,2795
2802,2803,2804
2796,2797,2798
1314,1315,1316
1302,1303,1304
2802,2803,2804
2802,2803,2804
1302,1303,1304
2805,2806,2807
2802,2803,2804
2805,2806,2807
2796,2797,2798
2796,2797,2798
2805,2806,2807
1611,1612,1613
1611,1612,1613
2805,2806,2807
1614,1615,1616
1614,1615,1616
2805,2806,2807
1290,1291,1292
2805,2806,2807
1302,1303,1304
1290,1291,1292
