0,1,2
3,4,5
6,7,8
0,1,2
6,7,8
9,10,11
0,1,2
9,10,11
12,13,14
0,1,2
12,13,14
3,4,5
12,13,14
9,10,11
15,16,17
12,13,14
15,16,17
6,7,8
12,13,14
6,7,8
18,19,20
12,13,14
18,19,20
3,4,5
18,19,20
6,7,8
21,22,23
18,19,20
21,22,23
3,4,5
21,22,23
6,7,8
24,25,26
21,22,23
24,25,26
27,28,29
21,22,23
27,28,29
3,4,5
3,4,5
27,28,29
30,31,32
3,4,5
30,31,32
6,7,8
27,28,29
24,25,26
33,34,35
27,28,29
33,34,35
30,31,32
24,25,26
6,7,8
30,31,32
24,25,26
30,31,32
36,37,38
24,25,26
36,37,38
33,34,35
36,37,38
30,31,32
39,40,41
36,37,38
39,40,41
33,34,35
33,34,35
39,40,41
42,43,44
33,34,35
42,43,44
30,31,32
39,40,41
30,31,32
45,46,47
39,40,41
45,46,47
42,43,44
45,46,47
30,31,32
48,49,50
45,46,47
48,49,50
42,43,44
42,43,44
48,49,50
51,52,53
42,43,44
51,52,53
30,31,32
48,49,50
30,31,32
54,55,56
48,49,50
54,55,56
51,52,53
30,31,32
51,52,53
57,58,59
30,31,32
57,58,59
54,55,56
51,52,53
54,55,56
60,61,62
51,52,53
60,61,62
57,58,59
54,55,56
57,58,59
63,64,65
54,55,56
63,64,65
60,61,62
63,64,65
57,58,59
66,67,68
63,64,65
66,67,68
60,61,62
60,61,62
66,67,68
69,70,71
60,61,62
69,70,71
57,58,59
66,67,68
57,58,59
72,73,74
66,67,68
72,73,74
69,70,71
57,58,59
69,70,71
75,76,77
57,58,59
75,76,77
72,73,74
69,70,71
72,73,74
78,79,80
69,70,71
78,79,80
75,76,77
72,73,74
75,76,77
81,82,83
72,73,74
81,82,83
78,79,80
78,79,80
81,82,83
84,85,86
78,79,80
84,85,86
75,76,77
81,82,83
75,76,77
87,88,89
81,82,83
87,88,89
84,85,86
87,88,89
75,76,77
90,91,92
87,88,89
90,91,92
84,85,86
84,85,86
90,91,92
93,94,95
84,85,86
93,94,95
75,76,77
90,91,92
75,76,77
96,97,98
90,91,92
96,97,98
93,94,95
75,76,77
93,94,95
99,100,101
75,76,77
99,100,101
96,97,98
93,94,95
96,97,98
102,103,104
93,94,95
102,103,104
99,100,101
96,97,98
99,100,101
105,106,107
96,97,98
105,106,107
102,103,104
105,106,107
99,100,101
108,109,110
105,106,107
108,109,110
102,103,104
102,103,104
108,109,110
111,112,113
102,103,104
111,112,113
99,100,101
108,109,110
99,100,101
114,115,116
108,109,110
114,115,116
111,112,113
99,100,101
111,112,113
117,118,119
99,100,101
117,118,119
114,115,116
111,112,113
114,115,116
120,121,122
111,112,113
120,121,122
117,118,119
114,115,116
117,118,119
123,124,125
114,115,116
123,124,125
120,121,122
120,121,122
123,124,125
126,127,128
120,121,122
126,127,128
117,118,119
123,124,125
117,118,119
129,130,131
123,124,125
129,130,131
126,127,128
126,127,128
129,130,131
132,133,134
126,127,128
132,133,134
117,118,119
6,7,8
15,16,17
135,136,137
6,7,8
135,136,137
9,10,11
9,10,11
135,136,137
138,139,140
9,10,11
138,139,140
15,16,17
15,16,17
138,139,140
141,142,143
15,16,17
141,142,143
135,136,137
141,142,143
138,139,140
144,145,146
141,142,143
144,145,146
135,136,137
138,139,140
135,136,137
147,148,149
138,139,140
147,148,149
144,145,146
147,148,149
135,136,137
150,151,152
147,148,149
150,151,152
153,154,155
147,148,149
153,154,155
144,145,146
144,145,146
153,154,155
156,157,158
144,145,146
156,157,158
135,136,137
135,136,137
156,157,158
150,151,152
153,154,155
150,151,152
159,160,161
153,154,155
159,160,161
156,157,158
150,151,152
156,157,158
162,163,164
150,151,152
162,163,164
159,160,161
159,160,161
162,163,164
165,166,167
159,160,161
165,166,167
156,157,158
162,163,164
156,157,158
168,169,170
162,163,164
168,169,170
165,166,167
156,157,158
165,166,167
171,172,173
156,157,158
171,172,173
168,169,170
165,166,167
168,169,170
174,175,176
165,166,167
174,175,176
171,172,173
168,169,170
171,172,173
177,178,179
168,169,170
177,178,179
174,175,176
174,175,176
177,178,179
180,181,182
174,175,176
180,181,182
171,172,173
180,181,182
177,178,179
183,184,185
180,181,182
183,184,185
171,172,173
177,178,179
171,172,173
186,187,188
177,178,179
186,187,188
189,190,191
177,178,179
189,190,191
183,184,185
189,190,191
186,187,188
192,193,194
189,190,191
192,193,194
183,184,185
183,184,185
192,193,194
195,196,197
183,184,185
195,196,197
171,172,173
192,193,194
186,187,188
198,199,200
192,193,194
198,199,200
195,196,197
198,199,200
186,187,188
201,202,203
198,199,200
201,202,203
195,196,197
186,187,188
171,172,173
204,205,206
186,187,188
204,205,206
201,202,203
171,172,173
195,196,197
204,205,206
201,202,203
204,205,206
207,208,209
201,202,203
207,208,209
195,196,197
207,208,209
204,205,206
210,211,212
207,208,209
210,211,212
213,214,215
207,208,209
213,214,215
195,196,197
204,205,206
195,196,197
216,217,218
204,205,206
216,217,218
210,211,212
195,196,197
213,214,215
216,217,218
210,211,212
216,217,218
219,220,221
210,211,212
219,220,221
213,214,215
216,217,218
213,214,215
222,223,224
216,217,218
222,223,224
219,220,221
219,220,221
222,223,224
225,226,227
219,220,221
225,226,227
213,214,215
222,223,224
213,214,215
228,229,230
222,223,224
228,229,230
225,226,227
225,226,227
228,229,230
231,232,233
225,226,227
231,232,233
213,214,215
231,232,233
228,229,230
234,235,236
231,232,233
234,235,236
213,214,215
228,229,230
213,214,215
237,238,239
228,229,230
237,238,239
234,235,236
234,235,236
237,238,239
240,241,242
234,235,236
240,241,242
213,214,215
213,214,215
240,241,242
243,244,245
213,214,215
243,244,245
237,238,239
237,238,239
243,244,245
246,247,248
237,238,239
246,247,248
240,241,242
240,241,242
246,247,248
249,250,251
240,241,242
249,250,251
243,244,245
246,247,248
243,244,245
252,253,254
246,247,248
252,253,254
249,250,251
249,250,251
252,253,254
255,256,257
249,250,251
255,256,257
243,244,245
255,256,257
252,253,254
258,259,260
255,256,257
258,259,260
261,262,263
255,256,257
261,262,263
243,244,245
252,253,254
243,244,245
264,265,266
252,253,254
264,265,266
258,259,260
243,244,245
261,262,263
264,265,266
258,259,260
264,265,266
267,268,269
258,259,260
267,268,269
261,262,263
264,265,266
261,262,263
270,271,272
264,265,266
270,271,272
267,268,269
270,271,272
261,262,263
273,274,275
270,271,272
273,274,275
267,268,269
273,274,275
261,262,263
276,277,278
273,274,275
276,277,278
279,280,281
273,274,275
279,280,281
267,268,269
267,268,269
279,280,281
282,283,284
267,268,269
282,283,284
261,262,263
261,262,263
282,283,284
276,277,278
279,280,281
276,277,278
285,286,287
279,280,281
285,286,287
282,283,284
285,286,287
276,277,278
288,289,290
285,286,287
288,289,290
282,283,284
276,277,278
282,283,284
291,292,293
276,277,278
291,292,293
288,289,290
288,289,290
291,292,293
294,295,296
288,289,290
294,295,296
282,283,284
291,292,293
282,283,284
297,298,299
291,292,293
297,298,299
294,295,296
294,295,296
297,298,299
300,301,302
294,295,296
300,301,302
303,304,305
294,295,296
303,304,305
282,283,284
300,301,302
297,298,299
306,307,308
300,301,302
306,307,308
303,304,305
297,298,299
282,283,284
309,310,311
297,298,299
309,310,311
306,307,308
282,283,284
303,304,305
309,310,311
306,307,308
309,310,311
312,313,314
306,307,308
312,313,314
303,304,305
309,310,311
303,304,305
315,316,317
309,310,311
315,316,317
312,313,314
312,313,314
315,316,317
318,319,320
312,313,314
318,319,320
303,304,305
318,319,320
315,316,317
321,322,323
318,319,320
321,322,323
303,304,305
303,304,305
321,322,323
324,325,326
303,304,305
324,325,326
315,316,317
315,316,317
324,325,326
327,328,329
315,316,317
327,328,329
321,322,323
321,322,323
327,328,329
330,331,332
321,322,323
330,331,332
324,325,326
327,328,329
324,325,326
333,334,335
327,328,329
333,334,335
330,331,332
330,331,332
333,334,335
336,337,338
330,331,332
336,337,338
324,325,326
336,337,338
333,334,335
129,130,131
336,337,338
129,130,131
117,118,119
336,337,338
117,118,119
324,325,326
129,130,131
333,334,335
132,133,134
333,334,335
324,325,326
132,133,134
324,325,326
117,118,119
132,133,134
