0,1,2
3,4,5
6,7,8
0,1,2
6,7,8
9,10,11
0,1,2
9,10,11
12,13,14
0,1,2
12,13,14
15,16,17
0,1,2
15,16,17
3,4,5
12,13,14
9,10,11
18,19,20
12,13,14
18,19,20
21,22,23
12,13,14
21,22,23
15,16,17
15,16,17
21,22,23
24,25,26
15,16,17
24,25,26
27,28,29
15,16,17
27,28,29
3,4,5
9,10,11
6,7,8
30,31,32
9,10,11
30,31,32
33,34,35
9,10,11
33,34,35
18,19,20
6,7,8
3,4,5
36,37,38
6,7,8
36,37,38
39,40,41
6,7,8
39,40,41
30,31,32
30,31,32
39,40,41
42,43,44
30,31,32
42,43,44
45,46,47
30,31,32
45,46,47
33,34,35
39,40,41
36,37,38
48,49,50
39,40,41
48,49,50
51,52,53
39,40,41
51,52,53
42,43,44
51,52,53
48,49,50
54,55,56
51,52,53
54,55,56
57,58,59
51,52,53
57,58,59
42,43,44
57,58,59
54,55,56
60,61,62
57,58,59
60,61,62
42,43,44
54,55,56
48,49,50
60,61,62
42,43,44
60,61,62
45,46,47
60,61,62
48,49,50
45,46,47
48,49,50
36,37,38
45,46,47
45,46,47
36,37,38
33,34,35
36,37,38
3,4,5
33,34,35
33,34,35
3,4,5
18,19,20
3,4,5
27,28,29
18,19,20
18,19,20
27,28,29
63,64,65
18,19,20
63,64,65
21,22,23
27,28,29
24,25,26
66,67,68
27,28,29
66,67,68
63,64,65
63,64,65
66,67,68
69,70,71
63,64,65
69,70,71
21,22,23
66,67,68
24,25,26
72,73,74
66,67,68
72,73,74
69,70,71
21,22,23
69,70,71
75,76,77
21,22,23
75,76,77
24,25,26
69,70,71
72,73,74
78,79,80
69,70,71
78,79,80
75,76,77
24,25,26
75,76,77
81,82,83
24,25,26
81,82,83
72,73,74
75,76,77
78,79,80
84,85,86
75,76,77
84,85,86
81,82,83
72,73,74
81,82,83
87,88,89
72,73,74
87,88,89
78,79,80
81,82,83
84,85,86
90,91,92
81,82,83
90,91,92
87,88,89
78,79,80
87,88,89
93,94,95
78,79,80
93,94,95
84,85,86
87,88,89
90,91,92
96,97,98
87,88,89
96,97,98
93,94,95
84,85,86
93,94,95
99,100,101
84,85,86
99,100,101
90,91,92
93,94,95
96,97,98
102,103,104
93,94,95
102,103,104
99,100,101
102,103,104
96,97,98
105,106,107
102,103,104
105,106,107
99,100,101
99,100,101
105,106,107
90,91,92
105,106,107
96,97,98
90,91,92
108,109,110
111,112,113
114,115,116
114,115,116
111,112,113
117,118,119
114,115,116
117,118,119
120,121,122
114,115,116
120,121,122
123,124,125
114,115,116
123,124,125
126,127,128
114,115,116
126,127,128
108,109,110
126,127,128
123,124,125
129,130,131
126,127,128
129,130,131
132,133,134
126,127,128
132,133,134
108,109,110
129,130,131
123,124,125
135,136,137
129,130,131
135,136,137
138,139,140
129,130,131
138,139,140
132,133,134
123,124,125
120,121,122
141,142,143
123,124,125
141,142,143
135,136,137
132,133,134
138,139,140
144,145,146
132,133,134
144,145,146
147,148,149
132,133,134
147,148,149
108,109,110
120,121,122
117,118,119
150,151,152
120,121,122
150,151,152
153,154,155
120,121,122
153,154,155
141,142,143
141,142,143
153,154,155
111,112,113
141,142,143
111,112,113
108,109,110
141,142,143
108,109,110
135,136,137
108,109,110
147,148,149
135,136,137
135,136,137
147,148,149
156,157,158
135,136,137
156,157,158
138,139,140
147,148,149
144,145,146
159,160,161
147,148,149
159,160,161
156,157,158
156,157,158
159,160,161
162,163,164
156,157,158
162,163,164
138,139,140
159,160,161
144,145,146
165,166,167
159,160,161
165,166,167
162,163,164
138,139,140
162,163,164
168,169,170
138,139,140
168,169,170
144,145,146
162,163,164
165,166,167
171,172,173
162,163,164
171,172,173
168,169,170
144,145,146
168,169,170
174,175,176
144,145,146
174,175,176
165,166,167
168,169,170
171,172,173
177,178,179
168,169,170
177,178,179
174,175,176
165,166,167
174,175,176
180,181,182
165,166,167
180,181,182
171,172,173
174,175,176
177,178,179
183,184,185
174,175,176
183,184,185
180,181,182
171,172,173
180,181,182
186,187,188
171,172,173
186,187,188
177,178,179
180,181,182
183,184,185
189,190,191
180,181,182
189,190,191
186,187,188
177,178,179
186,187,188
192,193,194
177,178,179
192,193,194
183,184,185
186,187,188
189,190,191
195,196,197
186,187,188
195,196,197
192,193,194
183,184,185
192,193,194
198,199,200
183,184,185
198,199,200
189,190,191
192,193,194
195,196,197
201,202,203
192,193,194
201,202,203
198,199,200
198,199,200
201,202,203
204,205,206
198,199,200
204,205,206
189,190,191
189,190,191
204,205,206
207,208,209
189,190,191
207,208,209
195,196,197
195,196,197
207,208,209
210,211,212
195,196,197
210,211,212
201,202,203
201,202,203
210,211,212
213,214,215
201,202,203
213,214,215
204,205,206
204,205,206
213,214,215
216,217,218
204,205,206
216,217,218
207,208,209
213,214,215
210,211,212
219,220,221
213,214,215
219,220,221
216,217,218
207,208,209
216,217,218
222,223,224
207,208,209
222,223,224
210,211,212
216,217,218
219,220,221
225,226,227
216,217,218
225,226,227
222,223,224
210,211,212
222,223,224
228,229,230
210,211,212
228,229,230
219,220,221
222,223,224
225,226,227
231,232,233
222,223,224
231,232,233
228,229,230
228,229,230
231,232,233
234,235,236
228,229,230
234,235,236
219,220,221
219,220,221
234,235,236
237,238,239
219,220,221
237,238,239
225,226,227
225,226,227
237,238,239
240,241,242
225,226,227
240,241,242
231,232,233
231,232,233
240,241,242
243,244,245
231,232,233
243,244,245
234,235,236
234,235,236
243,244,245
246,247,248
234,235,236
246,247,248
237,238,239
243,244,245
240,241,242
249,250,251
243,244,245
249,250,251
246,247,248
237,238,239
246,247,248
252,253,254
237,238,239
252,253,254
240,241,242
246,247,248
249,250,251
255,256,257
246,247,248
255,256,257
252,253,254
240,241,242
252,253,254
258,259,260
240,241,242
258,259,260
249,250,251
252,253,254
255,256,257
150,151,152
252,253,254
150,151,152
258,259,260
249,250,251
258,259,260
261,262,263
249,250,251
261,262,263
255,256,257
258,259,260
150,151,152
117,118,119
258,259,260
117,118,119
261,262,263
255,256,257
261,262,263
264,265,266
255,256,257
264,265,266
150,151,152
150,151,152
264,265,266
153,154,155
264,265,266
261,262,263
267,268,269
264,265,266
267,268,269
153,154,155
261,262,263
117,118,119
267,268,269
153,154,155
267,268,269
111,112,113
267,268,269
117,118,119
111,112,113
270,271,272
273,274,275
276,277,278
273,274,275
270,271,272
279,280,281
273,274,275
279,280,281
282,283,284
273,274,275
282,283,284
285,286,287
273,274,275
285,286,287
288,289,290
273,274,275
288,289,290
276,277,278
288,289,290
285,286,287
291,292,293
288,289,290
291,292,293
294,295,296
288,289,290
294,295,296
276,277,278
291,292,293
285,286,287
297,298,299
291,292,293
297,298,299
300,301,302
291,292,293
300,301,302
294,295,296
285,286,287
282,283,284
303,304,305
285,286,287
303,304,305
297,298,299
294,295,296
300,301,302
306,307,308
294,295,296
306,307,308
309,310,311
294,295,296
309,310,311
276,277,278
300,301,302
297,298,299
312,313,314
300,301,302
312,313,314
315,316,317
300,301,302
315,316,317
306,307,308
306,307,308
315,316,317
318,319,320
306,307,308
318,319,320
321,322,323
306,307,308
321,322,323
309,310,311
318,319,320
315,316,317
324,325,326
318,319,320
324,325,326
327,328,329
318,319,320
327,328,329
321,322,323
327,328,329
324,325,326
330,331,332
327,328,329
330,331,332
321,322,323
324,325,326
315,316,317
330,331,332
315,316,317
312,313,314
330,331,332
330,331,332
312,313,314
321,322,323
321,322,323
312,313,314
309,310,311
312,313,314
297,298,299
309,310,311
309,310,311
297,298,299
276,277,278
297,298,299
303,304,305
276,277,278
276,277,278
303,304,305
270,271,272
303,304,305
282,283,284
333,334,335
303,304,305
333,334,335
270,271,272
282,283,284
279,280,281
336,337,338
282,283,284
336,337,338
333,334,335
270,271,272
333,334,335
339,340,341
270,271,272
339,340,341
279,280,281
333,334,335
336,337,338
342,343,344
333,334,335
342,343,344
339,340,341
279,280,281
339,340,341
345,346,347
279,280,281
345,346,347
336,337,338
339,340,341
342,343,344
348,349,350
339,340,341
348,349,350
345,346,347
336,337,338
345,346,347
351,352,353
336,337,338
351,352,353
342,343,344
342,343,344
351,352,353
354,355,356
342,343,344
354,355,356
348,349,350
348,349,350
354,355,356
357,358,359
348,349,350
357,358,359
345,346,347
345,346,347
357,358,359
360,361,362
345,346,347
360,361,362
351,352,353
351,352,353
360,361,362
363,364,365
351,352,353
363,364,365
354,355,356
354,355,356
363,364,365
366,367,368
354,355,356
366,367,368
357,358,359
357,358,359
366,367,368
369,370,371
357,358,359
369,370,371
360,361,362
360,361,362
369,370,371
372,373,374
360,361,362
372,373,374
363,364,365
363,364,365
372,373,374
375,376,377
363,364,365
375,376,377
366,367,368
366,367,368
375,376,377
378,379,380
366,367,368
378,379,380
369,370,371
369,370,371
378,379,380
381,382,383
369,370,371
381,382,383
372,373,374
378,379,380
375,376,377
384,385,386
378,379,380
384,385,386
381,382,383
372,373,374
381,382,383
387,388,389
372,373,374
387,388,389
375,376,377
381,382,383
384,385,386
390,391,392
381,382,383
390,391,392
387,388,389
390,391,392
384,385,386
393,394,395
390,391,392
393,394,395
387,388,389
387,388,389
393,394,395
375,376,377
393,394,395
384,385,386
375,376,377
396,397,398
399,400,401
402,403,404
399,400,401
396,397,398
405,406,407
399,400,401
405,406,407
408,409,410
399,400,401
408,409,410
411,412,413
399,400,401
411,412,413
402,403,404
411,412,413
408,409,410
414,415,416
411,412,413
414,415,416
417,418,419
411,412,413
417,418,419
420,421,422
411,412,413
420,421,422
402,403,404
408,409,410
405,406,407
423,424,425
408,409,410
423,424,425
426,427,428
408,409,410
426,427,428
414,415,416
414,415,416
426,427,428
396,397,398
414,415,416
396,397,398
429,430,431
414,415,416
429,430,431
417,418,419
426,427,428
423,424,425
432,433,434
426,427,428
432,433,434
435,436,437
426,427,428
435,436,437
396,397,398
396,397,398
402,403,404
429,430,431
396,397,398
435,436,437
405,406,407
405,406,407
435,436,437
438,439,440
405,406,407
438,439,440
423,424,425
435,436,437
432,433,434
441,442,443
435,436,437
441,442,443
438,439,440
423,424,425
438,439,440
444,445,446
423,424,425
444,445,446
432,433,434
438,439,440
441,442,443
447,448,449
438,439,440
447,448,449
444,445,446
432,433,434
444,445,446
450,451,452
432,433,434
450,451,452
441,442,443
444,445,446
447,448,449
453,454,455
444,445,446
453,454,455
450,451,452
441,442,443
450,451,452
456,457,458
441,442,443
456,457,458
447,448,449
450,451,452
453,454,455
459,460,461
450,451,452
459,460,461
456,457,458
447,448,449
456,457,458
462,463,464
447,448,449
462,463,464
453,454,455
456,457,458
459,460,461
465,466,467
456,457,458
465,466,467
462,463,464
453,454,455
462,463,464
468,469,470
453,454,455
468,469,470
459,460,461
462,463,464
465,466,467
471,472,473
462,463,464
471,472,473
468,469,470
459,460,461
468,469,470
474,475,476
459,460,461
474,475,476
465,466,467
468,469,470
471,472,473
477,478,479
468,469,470
477,478,479
474,475,476
465,466,467
474,475,476
480,481,482
465,466,467
480,481,482
471,472,473
474,475,476
477,478,479
483,484,485
474,475,476
483,484,485
480,481,482
480,481,482
483,484,485
486,487,488
480,481,482
486,487,488
471,472,473
471,472,473
486,487,488
489,490,491
471,472,473
489,490,491
477,478,479
477,478,479
489,490,491
492,493,494
477,478,479
492,493,494
483,484,485
489,490,491
486,487,488
495,496,497
489,490,491
495,496,497
492,493,494
483,484,485
492,493,494
498,499,500
483,484,485
498,499,500
486,487,488
492,493,494
495,496,497
501,502,503
492,493,494
501,502,503
498,499,500
486,487,488
498,499,500
504,505,506
486,487,488
504,505,506
495,496,497
498,499,500
501,502,503
507,508,509
498,499,500
507,508,509
504,505,506
495,496,497
504,505,506
510,511,512
495,496,497
510,511,512
501,502,503
504,505,506
507,508,509
513,514,515
504,505,506
513,514,515
510,511,512
501,502,503
510,511,512
516,517,518
501,502,503
516,517,518
507,508,509
510,511,512
513,514,515
519,520,521
510,511,512
519,520,521
516,517,518
507,508,509
516,517,518
522,523,524
507,508,509
522,523,524
513,514,515
516,517,518
519,520,521
525,526,527
516,517,518
525,526,527
522,523,524
513,514,515
522,523,524
528,529,530
513,514,515
528,529,530
519,520,521
522,523,524
525,526,527
531,532,533
522,523,524
531,532,533
528,529,530
519,520,521
528,529,530
534,535,536
519,520,521
534,535,536
525,526,527
528,529,530
531,532,533
537,538,539
528,529,530
537,538,539
534,535,536
525,526,527
534,535,536
540,541,542
525,526,527
540,541,542
531,532,533
534,535,536
537,538,539
543,544,545
534,535,536
543,544,545
540,541,542
540,541,542
543,544,545
420,421,422
540,541,542
420,421,422
531,532,533
531,532,533
420,421,422
417,418,419
531,532,533
417,418,419
537,538,539
420,421,422
543,544,545
402,403,404
417,418,419
429,430,431
537,538,539
537,538,539
429,430,431
543,544,545
543,544,545
429,430,431
402,403,404
546,547,548
549,550,551
552,553,554
549,550,551
546,547,548
555,556,557
549,550,551
555,556,557
558,559,560
549,550,551
558,559,560
561,562,563
549,550,551
561,562,563
552,553,554
561,562,563
558,559,560
564,565,566
561,562,563
564,565,566
567,568,569
561,562,563
567,568,569
570,571,572
561,562,563
570,571,572
552,553,554
558,559,560
555,556,557
573,574,575
558,559,560
573,574,575
576,577,578
558,559,560
576,577,578
564,565,566
564,565,566
576,577,578
546,547,548
564,565,566
546,547,548
579,580,581
564,565,566
579,580,581
567,568,569
576,577,578
573,574,575
582,583,584
576,577,578
582,583,584
585,586,587
576,577,578
585,586,587
546,547,548
546,547,548
552,553,554
579,580,581
546,547,548
585,586,587
555,556,557
555,556,557
585,586,587
588,589,590
555,556,557
588,589,590
573,574,575
585,586,587
582,583,584
591,592,593
585,586,587
591,592,593
588,589,590
573,574,575
588,589,590
594,595,596
573,574,575
594,595,596
582,583,584
588,589,590
591,592,593
597,598,599
588,589,590
597,598,599
594,595,596
582,583,584
594,595,596
600,601,602
582,583,584
600,601,602
591,592,593
594,595,596
597,598,599
603,604,605
594,595,596
603,604,605
600,601,602
591,592,593
600,601,602
606,607,608
591,592,593
606,607,608
597,598,599
600,601,602
603,604,605
609,610,611
600,601,602
609,610,611
606,607,608
597,598,599
606,607,608
612,613,614
597,598,599
612,613,614
603,604,605
606,607,608
609,610,611
615,616,617
606,607,608
615,616,617
612,613,614
603,604,605
612,613,614
618,619,620
603,604,605
618,619,620
609,610,611
612,613,614
615,616,617
621,622,623
612,613,614
621,622,623
618,619,620
609,610,611
618,619,620
624,625,626
609,610,611
624,625,626
615,616,617
618,619,620
621,622,623
627,628,629
618,619,620
627,628,629
624,625,626
615,616,617
624,625,626
630,631,632
615,616,617
630,631,632
621,622,623
624,625,626
627,628,629
633,634,635
624,625,626
633,634,635
630,631,632
630,631,632
633,634,635
636,637,638
630,631,632
636,637,638
621,622,623
621,622,623
636,637,638
639,640,641
621,622,623
639,640,641
627,628,629
627,628,629
639,640,641
642,643,644
627,628,629
642,643,644
633,634,635
639,640,641
636,637,638
645,646,647
639,640,641
645,646,647
642,643,644
633,634,635
642,643,644
648,649,650
633,634,635
648,649,650
636,637,638
642,643,644
645,646,647
651,652,653
642,643,644
651,652,653
648,649,650
636,637,638
648,649,650
654,655,656
636,637,638
654,655,656
645,646,647
648,649,650
651,652,653
657,658,659
648,649,650
657,658,659
654,655,656
645,646,647
654,655,656
660,661,662
645,646,647
660,661,662
651,652,653
654,655,656
657,658,659
663,664,665
654,655,656
663,664,665
660,661,662
651,652,653
660,661,662
666,667,668
651,652,653
666,667,668
657,658,659
660,661,662
663,664,665
669,670,671
660,661,662
669,670,671
666,667,668
657,658,659
666,667,668
672,673,674
657,658,659
672,673,674
663,664,665
666,667,668
669,670,671
675,676,677
666,667,668
675,676,677
672,673,674
663,664,665
672,673,674
678,679,680
663,664,665
678,679,680
669,670,671
672,673,674
675,676,677
681,682,683
672,673,674
681,682,683
678,679,680
669,670,671
678,679,680
684,685,686
669,670,671
684,685,686
675,676,677
678,679,680
681,682,683
687,688,689
678,679,680
687,688,689
684,685,686
675,676,677
684,685,686
690,691,692
675,676,677
690,691,692
681,682,683
684,685,686
687,688,689
693,694,695
684,685,686
693,694,695
690,691,692
690,691,692
693,694,695
570,571,572
690,691,692
570,571,572
681,682,683
681,682,683
570,571,572
567,568,569
681,682,683
567,568,569
687,688,689
570,571,572
693,694,695
552,553,554
567,568,569
579,580,581
687,688,689
687,688,689
579,580,581
693,694,695
693,694,695
579,580,581
552,553,554
696,697,698
699,700,701
702,703,704
696,697,698
702,703,704
705,706,707
696,697,698
705,706,707
708,709,710
696,697,698
708,709,710
711,712,713
696,697,698
711,712,713
699,700,701
708,709,710
705,706,707
714,715,716
708,709,710
714,715,716
717,718,719
708,709,710
717,718,719
711,712,713
711,712,713
717,718,719
720,721,722
711,712,713
720,721,722
723,724,725
711,712,713
723,724,725
699,700,701
717,718,719
714,715,716
726,727,728
717,718,719
726,727,728
729,730,731
717,718,719
729,730,731
720,721,722
720,721,722
729,730,731
732,733,734
720,721,722
732,733,734
735,736,737
720,721,722
735,736,737
723,724,725
729,730,731
726,727,728
738,739,740
729,730,731
738,739,740
741,742,743
729,730,731
741,742,743
732,733,734
732,733,734
741,742,743
744,745,746
732,733,734
744,745,746
747,748,749
732,733,734
747,748,749
735,736,737
735,736,737
747,748,749
738,739,740
735,736,737
738,739,740
726,727,728
735,736,737
726,727,728
723,724,725
726,727,728
714,715,716
723,724,725
723,724,725
714,715,716
699,700,701
738,739,740
747,748,749
750,751,752
738,739,740
750,751,752
741,742,743
747,748,749
744,745,746
753,754,755
747,748,749
753,754,755
750,751,752
750,751,752
753,754,755
756,757,758
750,751,752
756,757,758
741,742,743
753,754,755
744,745,746
759,760,761
753,754,755
759,760,761
756,757,758
741,742,743
756,757,758
762,763,764
741,742,743
762,763,764
744,745,746
756,757,758
759,760,761
765,766,767
756,757,758
765,766,767
762,763,764
744,745,746
762,763,764
768,769,770
744,745,746
768,769,770
759,760,761
762,763,764
765,766,767
771,772,773
762,763,764
771,772,773
768,769,770
759,760,761
768,769,770
774,775,776
759,760,761
774,775,776
765,766,767
768,769,770
771,772,773
777,778,779
768,769,770
777,778,779
774,775,776
765,766,767
774,775,776
780,781,782
765,766,767
780,781,782
771,772,773
771,772,773
780,781,782
783,784,785
771,772,773
783,784,785
777,778,779
777,778,779
783,784,785
786,787,788
777,778,779
786,787,788
774,775,776
774,775,776
786,787,788
789,790,791
774,775,776
789,790,791
780,781,782
780,781,782
789,790,791
792,793,794
780,781,782
792,793,794
783,784,785
714,715,716
705,706,707
795,796,797
714,715,716
795,796,797
699,700,701
705,706,707
702,703,704
798,799,800
705,706,707
798,799,800
795,796,797
699,700,701
795,796,797
801,802,803
699,700,701
801,802,803
702,703,704
795,796,797
798,799,800
804,805,806
795,796,797
804,805,806
801,802,803
702,703,704
801,802,803
807,808,809
702,703,704
807,808,809
798,799,800
801,802,803
804,805,806
810,811,812
801,802,803
810,811,812
807,808,809
798,799,800
807,808,809
813,814,815
798,799,800
813,814,815
804,805,806
807,808,809
810,811,812
786,787,788
807,808,809
786,787,788
813,814,815
804,805,806
813,814,815
816,817,818
804,805,806
816,817,818
810,811,812
813,814,815
786,787,788
783,784,785
813,814,815
783,784,785
816,817,818
783,784,785
792,793,794
816,817,818
810,811,812
816,817,818
819,820,821
810,811,812
819,820,821
786,787,788
786,787,788
819,820,821
789,790,791
816,817,818
792,793,794
822,823,824
816,817,818
822,823,824
819,820,821
819,820,821
822,823,824
825,826,827
819,820,821
825,826,827
789,790,791
822,823,824
792,793,794
828,829,830
822,823,824
828,829,830
825,826,827
789,790,791
825,826,827
831,832,833
789,790,791
831,832,833
792,793,794
825,826,827
828,829,830
834,835,836
825,826,827
834,835,836
831,832,833
792,793,794
831,832,833
837,838,839
792,793,794
837,838,839
828,829,830
831,832,833
834,835,836
840,841,842
831,832,833
840,841,842
837,838,839
828,829,830
837,838,839
843,844,845
828,829,830
843,844,845
834,835,836
837,838,839
840,841,842
846,847,848
837,838,839
846,847,848
843,844,845
834,835,836
843,844,845
849,850,851
834,835,836
849,850,851
840,841,842
843,844,845
846,847,848
852,853,854
843,844,845
852,853,854
849,850,851
852,853,854
846,847,848
855,856,857
852,853,854
855,856,857
849,850,851
849,850,851
855,856,857
840,841,842
855,856,857
846,847,848
840,841,842
858,859,860
861,862,863
864,865,866
861,862,863
858,859,860
867,868,869
861,862,863
867,868,869
870,871,872
861,862,863
870,871,872
873,874,875
861,862,863
873,874,875
876,877,878
861,862,863
876,877,878
864,865,866
876,877,878
873,874,875
879,880,881
876,877,878
879,880,881
882,883,884
876,877,878
882,883,884
864,865,866
873,874,875
870,871,872
885,886,887
873,874,875
885,886,887
879,880,881
879,880,881
885,886,887
888,889,890
879,880,881
888,889,890
882,883,884
885,886,887
870,871,872
891,892,893
885,886,887
891,892,893
894,895,896
885,886,887
894,895,896
888,889,890
888,889,890
894,895,896
897,898,899
888,889,890
897,898,899
900,901,902
888,889,890
900,901,902
882,883,884
894,895,896
891,892,893
903,904,905
894,895,896
903,904,905
906,907,908
894,895,896
906,907,908
897,898,899
897,898,899
906,907,908
909,910,911
897,898,899
909,910,911
912,913,914
897,898,899
912,913,914
900,901,902
906,907,908
903,904,905
915,916,917
906,907,908
915,916,917
918,919,920
906,907,908
918,919,920
909,910,911
909,910,911
918,919,920
921,922,923
909,910,911
921,922,923
924,925,926
909,910,911
924,925,926
912,913,914
918,919,920
915,916,917
927,928,929
918,919,920
927,928,929
930,931,932
918,919,920
930,931,932
921,922,923
921,922,923
930,931,932
933,934,935
921,922,923
933,934,935
936,937,938
921,922,923
936,937,938
924,925,926
930,931,932
927,928,929
939,940,941
930,931,932
939,940,941
942,943,944
930,931,932
942,943,944
933,934,935
933,934,935
942,943,944
945,946,947
933,934,935
945,946,947
948,949,950
933,934,935
948,949,950
936,937,938
942,943,944
939,940,941
951,952,953
942,943,944
951,952,953
954,955,956
942,943,944
954,955,956
945,946,947
945,946,947
954,955,956
957,958,959
945,946,947
957,958,959
960,961,962
945,946,947
960,961,962
948,949,950
954,955,956
951,952,953
963,964,965
954,955,956
963,964,965
966,967,968
954,955,956
966,967,968
957,958,959
957,958,959
966,967,968
969,970,971
957,958,959
969,970,971
972,973,974
957,958,959
972,973,974
960,961,962
966,967,968
963,964,965
975,976,977
966,967,968
975,976,977
978,979,980
966,967,968
978,979,980
969,970,971
969,970,971
978,979,980
981,982,983
969,970,971
981,982,983
984,985,986
969,970,971
984,985,986
972,973,974
972,973,974
984,985,986
975,976,977
972,973,974
975,976,977
963,964,965
972,973,974
963,964,965
960,961,962
963,964,965
951,952,953
960,961,962
960,961,962
951,952,953
948,949,950
951,952,953
939,940,941
948,949,950
948,949,950
939,940,941
936,937,938
939,940,941
927,928,929
936,937,938
936,937,938
927,928,929
924,925,926
927,928,929
915,916,917
924,925,926
924,925,926
915,916,917
912,913,914
915,916,917
903,904,905
912,913,914
912,913,914
903,904,905
900,901,902
903,904,905
891,892,893
900,901,902
900,901,902
891,892,893
882,883,884
891,892,893
870,871,872
882,883,884
975,976,977
984,985,986
987,988,989
975,976,977
987,988,989
978,979,980
984,985,986
981,982,983
990,991,992
984,985,986
990,991,992
987,988,989
882,883,884
870,871,872
993,994,995
882,883,884
993,994,995
864,865,866
870,871,872
867,868,869
993,994,995
993,994,995
867,868,869
990,991,992
993,994,995
990,991,992
996,997,998
993,994,995
996,997,998
864,865,866
867,868,869
858,859,860
987,988,989
867,868,869
987,988,989
990,991,992
990,991,992
981,982,983
999,1000,1001
990,991,992
999,1000,1001
996,997,998
864,865,866
996,997,998
1002,1003,1004
864,865,866
1002,1003,1004
858,859,860
987,988,989
858,859,860
1005,1006,1007
987,988,989
1005,1006,1007
1008,1009,1010
987,988,989
1008,1009,1010
978,979,980
978,979,980
1008,1009,1010
1011,1012,1013
978,979,980
1011,1012,1013
1014,1015,1016
978,979,980
1014,1015,1016
981,982,983
1008,1009,1010
1005,1006,1007
999,1000,1001
1008,1009,1010
999,1000,1001
1017,1018,1019
1008,1009,1010
1017,1018,1019
1011,1012,1013
999,1000,1001
981,982,983
1017,1018,1019
999,1000,1001
1005,1006,1007
996,997,998
1017,1018,1019
981,982,983
1020,1021,1022
1017,1018,1019
1020,1021,1022
1011,1012,1013
1011,1012,1013
1020,1021,1022
1023,1024,1025
1011,1012,1013
1023,1024,1025
1014,1015,1016
1005,1006,1007
858,859,860
1026,1027,1028
1005,1006,1007
1026,1027,1028
996,997,998
996,997,998
1026,1027,1028
1029,1030,1031
996,997,998
1029,1030,1031
1002,1003,1004
1026,1027,1028
858,859,860
1032,1033,1034
1026,1027,1028
1032,1033,1034
1029,1030,1031
1029,1030,1031
1032,1033,1034
1035,1036,1037
1029,1030,1031
1035,1036,1037
1002,1003,1004
1032,1033,1034
858,859,860
1038,1039,1040
1032,1033,1034
1038,1039,1040
1035,1036,1037
981,982,983
1014,1015,1016
1041,1042,1043
981,982,983
1041,1042,1043
1020,1021,1022
1020,1021,1022
1041,1042,1043
1044,1045,1046
1020,1021,1022
1044,1045,1046
1023,1024,1025
1014,1015,1016
1023,1024,1025
1047,1048,1049
1014,1015,1016
1047,1048,1049
1041,1042,1043
1041,1042,1043
1047,1048,1049
1050,1051,1052
1041,1042,1043
1050,1051,1052
1044,1045,1046
1023,1024,1025
1044,1045,1046
1053,1054,1055
1023,1024,1025
1053,1054,1055
1047,1048,1049
1047,1048,1049
1053,1054,1055
1056,1057,1058
1047,1048,1049
1056,1057,1058
1050,1051,1052
1044,1045,1046
1050,1051,1052
1059,1060,1061
1044,1045,1046
1059,1060,1061
1053,1054,1055
1053,1054,1055
1059,1060,1061
1062,1063,1064
1053,1054,1055
1062,1063,1064
1056,1057,1058
1050,1051,1052
1056,1057,1058
1065,1066,1067
1050,1051,1052
1065,1066,1067
1059,1060,1061
1059,1060,1061
1065,1066,1067
1068,1069,1070
1059,1060,1061
1068,1069,1070
1062,1063,1064
1056,1057,1058
1062,1063,1064
1071,1072,1073
1056,1057,1058
1071,1072,1073
1065,1066,1067
1065,1066,1067
1071,1072,1073
1074,1075,1076
1065,1066,1067
1074,1075,1076
1068,1069,1070
1062,1063,1064
1068,1069,1070
1077,1078,1079
1062,1063,1064
1077,1078,1079
1071,1072,1073
1071,1072,1073
1077,1078,1079
1080,1081,1082
1071,1072,1073
1080,1081,1082
1074,1075,1076
1068,1069,1070
1074,1075,1076
1083,1084,1085
1068,1069,1070
1083,1084,1085
1077,1078,1079
1077,1078,1079
1083,1084,1085
1086,1087,1088
1077,1078,1079
1086,1087,1088
1080,1081,1082
1074,1075,1076
1080,1081,1082
1089,1090,1091
1074,1075,1076
1089,1090,1091
1083,1084,1085
1083,1084,1085
1089,1090,1091
1092,1093,1094
1083,1084,1085
1092,1093,1094
1086,1087,1088
1080,1081,1082
1086,1087,1088
1095,1096,1097
1080,1081,1082
1095,1096,1097
1089,1090,1091
1089,1090,1091
1095,1096,1097
1098,1099,1100
1089,1090,1091
1098,1099,1100
1092,1093,1094
1086,1087,1088
1092,1093,1094
1038,1039,1040
1086,1087,1088
1038,1039,1040
1095,1096,1097
1095,1096,1097
1038,1039,1040
1101,1102,1103
1095,1096,1097
1101,1102,1103
1098,1099,1100
1092,1093,1094
1098,1099,1100
1035,1036,1037
1092,1093,1094
1035,1036,1037
1038,1039,1040
1038,1039,1040
858,859,860
1101,1102,1103
1035,1036,1037
1098,1099,1100
1002,1003,1004
1098,1099,1100
1101,1102,1103
1002,1003,1004
1101,1102,1103
858,859,860
1002,1003,1004
1104,1105,1106
1107,1108,1109
1110,1111,1112
1110,1111,1112
1107,1108,1109
1113,1114,1115
1110,1111,1112
1113,1114,1115
1116,1117,1118
1110,1111,1112
1116,1117,1118
1119,1120,1121
1110,1111,1112
1119,1120,1121
1122,1123,1124
1110,1111,1112
1122,1123,1124
1104,1105,1106
1122,1123,1124
1119,1120,1121
1125,1126,1127
1122,1123,1124
1125,1126,1127
1128,1129,1130
1122,1123,1124
1128,1129,1130
1104,1105,1106
1125,1126,1127
1119,1120,1121
1131,1132,1133
1125,1126,1127
1131,1132,1133
1134,1135,1136
1125,1126,1127
1134,1135,1136
1128,1129,1130
1119,1120,1121
1116,1117,1118
1137,1138,1139
1119,1120,1121
1137,1138,1139
1131,1132,1133
1128,1129,1130
1134,1135,1136
1140,1141,1142
1128,1129,1130
1140,1141,1142
1143,1144,1145
1128,1129,1130
1143,1144,1145
1104,1105,1106
1116,1117,1118
1113,1114,1115
1146,1147,1148
1116,1117,1118
1146,1147,1148
1149,1150,1151
1116,1117,1118
1149,1150,1151
1137,1138,1139
1137,1138,1139
1149,1150,1151
1107,1108,1109
1137,1138,1139
1107,1108,1109
1104,1105,1106
1137,1138,1139
1104,1105,1106
1131,1132,1133
1104,1105,1106
1143,1144,1145
1131,1132,1133
1131,1132,1133
1143,1144,1145
1152,1153,1154
1131,1132,1133
1152,1153,1154
1134,1135,1136
1143,1144,1145
1140,1141,1142
1155,1156,1157
1143,1144,1145
1155,1156,1157
1152,1153,1154
1152,1153,1154
1155,1156,1157
1158,1159,1160
1152,1153,1154
1158,1159,1160
1134,1135,1136
1155,1156,1157
1140,1141,1142
1161,1162,1163
1155,1156,1157
1161,1162,1163
1158,1159,1160
1134,1135,1136
1158,1159,1160
1164,1165,1166
1134,1135,1136
1164,1165,1166
1140,1141,1142
1158,1159,1160
1161,1162,1163
1167,1168,1169
1158,1159,1160
1167,1168,1169
1164,1165,1166
1140,1141,1142
1164,1165,1166
1170,1171,1172
1140,1141,1142
1170,1171,1172
1161,1162,1163
1164,1165,1166
1167,1168,1169
1173,1174,1175
1164,1165,1166
1173,1174,1175
1170,1171,1172
1161,1162,1163
1170,1171,1172
1176,1177,1178
1161,1162,1163
1176,1177,1178
1167,1168,1169
1170,1171,1172
1173,1174,1175
1179,1180,1181
1170,1171,1172
1179,1180,1181
1176,1177,1178
1167,1168,1169
1176,1177,1178
1182,1183,1184
1167,1168,1169
1182,1183,1184
1173,1174,1175
1176,1177,1178
1179,1180,1181
1185,1186,1187
1176,1177,1178
1185,1186,1187
1182,1183,1184
1173,1174,1175
1182,1183,1184
1188,1189,1190
1173,1174,1175
1188,1189,1190
1179,1180,1181
1182,1183,1184
1185,1186,1187
1191,1192,1193
1182,1183,1184
1191,1192,1193
1188,1189,1190
1179,1180,1181
1188,1189,1190
1194,1195,1196
1179,1180,1181
1194,1195,1196
1185,1186,1187
1188,1189,1190
1191,1192,1193
1197,1198,1199
1188,1189,1190
1197,1198,1199
1194,1195,1196
1194,1195,1196
1197,1198,1199
1200,1201,1202
1194,1195,1196
1200,1201,1202
1185,1186,1187
1185,1186,1187
1200,1201,1202
1203,1204,1205
1185,1186,1187
1203,1204,1205
1191,1192,1193
1191,1192,1193
1203,1204,1205
1206,1207,1208
1191,1192,1193
1206,1207,1208
1197,1198,1199
1197,1198,1199
1206,1207,1208
1209,1210,1211
1197,1198,1199
1209,1210,1211
1200,1201,1202
1200,1201,1202
1209,1210,1211
1212,1213,1214
1200,1201,1202
1212,1213,1214
1203,1204,1205
1209,1210,1211
1206,1207,1208
1215,1216,1217
1209,1210,1211
1215,1216,1217
1212,1213,1214
1203,1204,1205
1212,1213,1214
1218,1219,1220
1203,1204,1205
1218,1219,1220
1206,1207,1208
1212,1213,1214
1215,1216,1217
1221,1222,1223
1212,1213,1214
1221,1222,1223
1218,1219,1220
1206,1207,1208
1218,1219,1220
1224,1225,1226
1206,1207,1208
1224,1225,1226
1215,1216,1217
1218,1219,1220
1221,1222,1223
1227,1228,1229
1218,1219,1220
1227,1228,1229
1224,1225,1226
1224,1225,1226
1227,1228,1229
1230,1231,1232
1224,1225,1226
1230,1231,1232
1215,1216,1217
1215,1216,1217
1230,1231,1232
1233,1234,1235
1215,1216,1217
1233,1234,1235
1221,1222,1223
1221,1222,1223
1233,1234,1235
1236,1237,1238
1221,1222,1223
1236,1237,1238
1227,1228,1229
1227,1228,1229
1236,1237,1238
1239,1240,1241
1227,1228,1229
1239,1240,1241
1230,1231,1232
1230,1231,1232
1239,1240,1241
1242,1243,1244
1230,1231,1232
1242,1243,1244
1233,1234,1235
1239,1240,1241
1236,1237,1238
1245,1246,1247
1239,1240,1241
1245,1246,1247
1242,1243,1244
1233,1234,1235
1242,1243,1244
1248,1249,1250
1233,1234,1235
1248,1249,1250
1236,1237,1238
1242,1243,1244
1245,1246,1247
1251,1252,1253
1242,1243,1244
1251,1252,1253
1248,1249,1250
1236,1237,1238
1248,1249,1250
1254,1255,1256
1236,1237,1238
1254,1255,1256
1245,1246,1247
1248,1249,1250
1251,1252,1253
1146,1147,1148
1248,1249,1250
1146,1147,1148
1254,1255,1256
1245,1246,1247
1254,1255,1256
1257,1258,1259
1245,1246,1247
1257,1258,1259
1251,1252,1253
1254,1255,1256
1146,1147,1148
1113,1114,1115
1254,1255,1256
1113,1114,1115
1257,1258,1259
1251,1252,1253
1257,1258,1259
1260,1261,1262
1251,1252,1253
1260,1261,1262
1146,1147,1148
1146,1147,1148
1260,1261,1262
1149,1150,1151
1260,1261,1262
1257,1258,1259
1263,1264,1265
1260,1261,1262
1263,1264,1265
1149,1150,1151
1257,1258,1259
1113,1114,1115
1263,1264,1265
1149,1150,1151
1263,1264,1265
1107,1108,1109
1263,1264,1265
1113,1114,1115
1107,1108,1109
1266,1267,1268
1269,1270,1271
1272,1273,1274
1272,1273,1274
1269,1270,1271
1275,1276,1277
1272,1273,1274
1275,1276,1277
1278,1279,1280
1272,1273,1274
1278,1279,1280
1281,1282,1283
1272,1273,1274
1281,1282,1283
1284,1285,1286
1272,1273,1274
1284,1285,1286
1266,1267,1268
1284,1285,1286
1281,1282,1283
1287,1288,1289
1284,1285,1286
1287,1288,1289
1290,1291,1292
1284,1285,1286
1290,1291,1292
1266,1267,1268
1287,1288,1289
1281,1282,1283
1293,1294,1295
1287,1288,1289
1293,1294,1295
1296,1297,1298
1287,1288,1289
1296,1297,1298
1290,1291,1292
1281,1282,1283
1278,1279,1280
1299,1300,1301
1281,1282,1283
1299,1300,1301
1293,1294,1295
1290,1291,1292
1296,1297,1298
1302,1303,1304
1290,1291,1292
1302,1303,1304
1305,1306,1307
1290,1291,1292
1305,1306,1307
1266,1267,1268
1278,1279,1280
1275,1276,1277
1308,1309,1310
1278,1279,1280
1308,1309,1310
1311,1312,1313
1278,1279,1280
1311,1312,1313
1299,1300,1301
1299,1300,1301
1311,1312,1313
1269,1270,1271
1299,1300,1301
1269,1270,1271
1266,1267,1268
1299,1300,1301
1266,1267,1268
1293,1294,1295
1266,1267,1268
1305,1306,1307
1293,1294,1295
1293,1294,1295
1305,1306,1307
1314,1315,1316
1293,1294,1295
1314,1315,1316
1296,1297,1298
1305,1306,1307
1302,1303,1304
1317,1318,1319
1305,1306,1307
1317,1318,1319
1314,1315,1316
1314,1315,1316
1317,1318,1319
1320,1321,1322
1314,1315,1316
1320,1321,1322
1296,1297,1298
1317,1318,1319
1302,1303,1304
1323,1324,1325
1317,1318,1319
1323,1324,1325
1320,1321,1322
1296,1297,1298
1320,1321,1322
1326,1327,1328
1296,1297,1298
1326,1327,1328
1302,1303,1304
1320,1321,1322
1323,1324,1325
1329,1330,1331
1320,1321,1322
1329,1330,1331
1326,1327,1328
1302,1303,1304
1326,1327,1328
1332,1333,1334
1302,1303,1304
1332,1333,1334
1323,1324,1325
1326,1327,1328
1329,1330,1331
1335,1336,1337
1326,1327,1328
1335,1336,1337
1332,1333,1334
1323,1324,1325
1332,1333,1334
1338,1339,1340
1323,1324,1325
1338,1339,1340
1329,1330,1331
1332,1333,1334
1335,1336,1337
1341,1342,1343
1332,1333,1334
1341,1342,1343
1338,1339,1340
1329,1330,1331
1338,1339,1340
1344,1345,1346
1329,1330,1331
1344,1345,1346
1335,1336,1337
1338,1339,1340
1341,1342,1343
1347,1348,1349
1338,1339,1340
1347,1348,1349
1344,1345,1346
1335,1336,1337
1344,1345,1346
1350,1351,1352
1335,1336,1337
1350,1351,1352
1341,1342,1343
1344,1345,1346
1347,1348,1349
1353,1354,1355
1344,1345,1346
1353,1354,1355
1350,1351,1352
1341,1342,1343
1350,1351,1352
1356,1357,1358
1341,1342,1343
1356,1357,1358
1347,1348,1349
1350,1351,1352
1353,1354,1355
1359,1360,1361
1350,1351,1352
1359,1360,1361
1356,1357,1358
1347,1348,1349
1356,1357,1358
1362,1363,1364
1347,1348,1349
1362,1363,1364
1353,1354,1355
1356,1357,1358
1359,1360,1361
1365,1366,1367
1356,1357,1358
1365,1366,1367
1362,1363,1364
1353,1354,1355
1362,1363,1364
1368,1369,1370
1353,1354,1355
1368,1369,1370
1359,1360,1361
1362,1363,1364
1365,1366,1367
1371,1372,1373
1362,1363,1364
1371,1372,1373
1368,1369,1370
1359,1360,1361
1368,1369,1370
1374,1375,1376
1359,1360,1361
1374,1375,1376
1365,1366,1367
1368,1369,1370
1371,1372,1373
1377,1378,1379
1368,1369,1370
1377,1378,1379
1374,1375,1376
1365,1366,1367
1374,1375,1376
1380,1381,1382
1365,1366,1367
1380,1381,1382
1371,1372,1373
1374,1375,1376
1377,1378,1379
1383,1384,1385
1374,1375,1376
1383,1384,1385
1380,1381,1382
1380,1381,1382
1383,1384,1385
1386,1387,1388
1380,1381,1382
1386,1387,1388
1371,1372,1373
1371,1372,1373
1386,1387,1388
1389,1390,1391
1371,1372,1373
1389,1390,1391
1377,1378,1379
1377,1378,1379
1389,1390,1391
1392,1393,1394
1377,1378,1379
1392,1393,1394
1383,1384,1385
1383,1384,1385
1392,1393,1394
1395,1396,1397
1383,1384,1385
1395,1396,1397
1386,1387,1388
1386,1387,1388
1395,1396,1397
1398,1399,1400
1386,1387,1388
1398,1399,1400
1389,1390,1391
1389,1390,1391
1398,1399,1400
1401,1402,1403
1389,1390,1391
1401,1402,1403
1392,1393,1394
1392,1393,1394
1401,1402,1403
1404,1405,1406
1392,1393,1394
1404,1405,1406
1395,1396,1397
1401,1402,1403
1398,1399,1400
1407,1408,1409
1401,1402,1403
1407,1408,1409
1404,1405,1406
1395,1396,1397
1404,1405,1406
1410,1411,1412
1395,1396,1397
1410,1411,1412
1398,1399,1400
1404,1405,1406
1407,1408,1409
1413,1414,1415
1404,1405,1406
1413,1414,1415
1410,1411,1412
1398,1399,1400
1410,1411,1412
1416,1417,1418
1398,1399,1400
1416,1417,1418
1407,1408,1409
1410,1411,1412
1413,1414,1415
1308,1309,1310
1410,1411,1412
1308,1309,1310
1416,1417,1418
1407,1408,1409
1416,1417,1418
1419,1420,1421
1407,1408,1409
1419,1420,1421
1413,1414,1415
1416,1417,1418
1308,1309,1310
1275,1276,1277
1416,1417,1418
1275,1276,1277
1419,1420,1421
1308,1309,1310
1413,1414,1415
1311,1312,1313
1413,1414,1415
1419,1420,1421
1311,1312,1313
1311,1312,1313
1419,1420,1421
1269,1270,1271
1419,1420,1421
1275,1276,1277
1269,1270,1271
1422,1423,1424
1425,1426,1427
1428,1429,1430
1425,1426,1427
1422,1423,1424
1431,1432,1433
1425,1426,1427
1431,1432,1433
1434,1435,1436
1425,1426,1427
1434,1435,1436
1437,1438,1439
1425,1426,1427
1437,1438,1439
1428,1429,1430
1437,1438,1439
1434,1435,1436
1440,1441,1442
1437,1438,1439
1440,1441,1442
1428,1429,1430
1434,1435,1436
1431,1432,1433
1440,1441,1442
1440,1441,1442
1431,1432,1433
1443,1444,1445
1440,1441,1442
1443,1444,1445
1428,1429,1430
1431,1432,1433
1422,1423,1424
1446,1447,1448
1431,1432,1433
1446,1447,1448
1443,1444,1445
1443,1444,1445
1446,1447,1448
1449,1450,1451
1443,1444,1445
1449,1450,1451
1428,1429,1430
1446,1447,1448
1422,1423,1424
1452,1453,1454
1446,1447,1448
1452,1453,1454
1449,1450,1451
1428,1429,1430
1449,1450,1451
1455,1456,1457
1428,1429,1430
1455,1456,1457
1422,1423,1424
1449,1450,1451
1452,1453,1454
1458,1459,1460
1449,1450,1451
1458,1459,1460
1455,1456,1457
1458,1459,1460
1452,1453,1454
1461,1462,1463
1458,1459,1460
1461,1462,1463
1455,1456,1457
1455,1456,1457
1461,1462,1463
1422,1423,1424
1461,1462,1463
1452,1453,1454
1422,1423,1424
1464,1465,1466
1467,1468,1469
1470,1471,1472
1467,1468,1469
1464,1465,1466
1473,1474,1475
1467,1468,1469
1473,1474,1475
1476,1477,1478
1467,1468,1469
1476,1477,1478
1479,1480,1481
1467,1468,1469
1479,1480,1481
1470,1471,1472
1479,1480,1481
1476,1477,1478
1482,1483,1484
1479,1480,1481
1482,1483,1484
1485,1486,1487
1479,1480,1481
1485,1486,1487
1488,1489,1490
1479,1480,1481
1488,1489,1490
1470,1471,1472
1476,1477,1478
1473,1474,1475
1491,1492,1493
1476,1477,1478
1491,1492,1493
1494,1495,1496
1476,1477,1478
1494,1495,1496
1482,1483,1484
1482,1483,1484
1494,1495,1496
1464,1465,1466
1482,1483,1484
1464,1465,1466
1497,1498,1499
1482,1483,1484
1497,1498,1499
1485,1486,1487
1494,1495,1496
1491,1492,1493
1500,1501,1502
1494,1495,1496
1500,1501,1502
1503,1504,1505
1494,1495,1496
1503,1504,1505
1464,1465,1466
1464,1465,1466
1470,1471,1472
1497,1498,1499
1464,1465,1466
1503,1504,1505
1473,1474,1475
1473,1474,1475
1503,1504,1505
1506,1507,1508
1473,1474,1475
1506,1507,1508
1491,1492,1493
1503,1504,1505
1500,1501,1502
1509,1510,1511
1503,1504,1505
1509,1510,1511
1506,1507,1508
1491,1492,1493
1506,1507,1508
1512,1513,1514
1491,1492,1493
1512,1513,1514
1500,1501,1502
1506,1507,1508
1509,1510,1511
1515,1516,1517
1506,1507,1508
1515,1516,1517
1512,1513,1514
1500,1501,1502
1512,1513,1514
1518,1519,1520
1500,1501,1502
1518,1519,1520
1509,1510,1511
1512,1513,1514
1515,1516,1517
1521,1522,1523
1512,1513,1514
1521,1522,1523
1518,1519,1520
1509,1510,1511
1518,1519,1520
1524,1525,1526
1509,1510,1511
1524,1525,1526
1515,1516,1517
1518,1519,1520
1521,1522,1523
1527,1528,1529
1518,1519,1520
1527,1528,1529
1524,1525,1526
1515,1516,1517
1524,1525,1526
1530,1531,1532
1515,1516,1517
1530,1531,1532
1521,1522,1523
1524,1525,1526
1527,1528,1529
1533,1534,1535
1524,1525,1526
1533,1534,1535
1530,1531,1532
1521,1522,1523
1530,1531,1532
1536,1537,1538
1521,1522,1523
1536,1537,1538
1527,1528,1529
1530,1531,1532
1533,1534,1535
1539,1540,1541
1530,1531,1532
1539,1540,1541
1536,1537,1538
1527,1528,1529
1536,1537,1538
1542,1543,1544
1527,1528,1529
1542,1543,1544
1533,1534,1535
1536,1537,1538
1539,1540,1541
1545,1546,1547
1536,1537,1538
1545,1546,1547
1542,1543,1544
1533,1534,1535
1542,1543,1544
1548,1549,1550
1533,1534,1535
1548,1549,1550
1539,1540,1541
1542,1543,1544
1545,1546,1547
1551,1552,1553
1542,1543,1544
1551,1552,1553
1548,1549,1550
1548,1549,1550
1551,1552,1553
1554,1555,1556
1548,1549,1550
1554,1555,1556
1539,1540,1541
1539,1540,1541
1554,1555,1556
1557,1558,1559
1539,1540,1541
1557,1558,1559
1545,1546,1547
1545,1546,1547
1557,1558,1559
1560,1561,1562
1545,1546,1547
1560,1561,1562
1551,1552,1553
1557,1558,1559
1554,1555,1556
1563,1564,1565
1557,1558,1559
1563,1564,1565
1560,1561,1562
1551,1552,1553
1560,1561,1562
1566,1567,1568
1551,1552,1553
1566,1567,1568
1554,1555,1556
1560,1561,1562
1563,1564,1565
1569,1570,1571
1560,1561,1562
1569,1570,1571
1566,1567,1568
1554,1555,1556
1566,1567,1568
1572,1573,1574
1554,1555,1556
1572,1573,1574
1563,1564,1565
1566,1567,1568
1569,1570,1571
1575,1576,1577
1566,1567,1568
1575,1576,1577
1572,1573,1574
1563,1564,1565
1572,1573,1574
1578,1579,1580
1563,1564,1565
1578,1579,1580
1569,1570,1571
1572,1573,1574
1575,1576,1577
1581,1582,1583
1572,1573,1574
1581,1582,1583
1578,1579,1580
1569,1570,1571
1578,1579,1580
1584,1585,1586
1569,1570,1571
1584,1585,1586
1575,1576,1577
1578,1579,1580
1581,1582,1583
1587,1588,1589
1578,1579,1580
1587,1588,1589
1584,1585,1586
1575,1576,1577
1584,1585,1586
1590,1591,1592
1575,1576,1577
1590,1591,1592
1581,1582,1583
1584,1585,1586
1587,1588,1589
1593,1594,1595
1584,1585,1586
1593,1594,1595
1590,1591,1592
1581,1582,1583
1590,1591,1592
1596,1597,1598
1581,1582,1583
1596,1597,1598
1587,1588,1589
1590,1591,1592
1593,1594,1595
1599,1600,1601
1590,1591,1592
1599,1600,1601
1596,1597,1598
1587,1588,1589
1596,1597,1598
1602,1603,1604
1587,1588,1589
1602,1603,1604
1593,1594,1595
1596,1597,1598
1599,1600,1601
1605,1606,1607
1596,1597,1598
1605,1606,1607
1602,1603,1604
1593,1594,1595
1602,1603,1604
1608,1609,1610
1593,1594,1595
1608,1609,1610
1599,1600,1601
1602,1603,1604
1605,1606,1607
1611,1612,1613
1602,1603,1604
1611,1612,1613
1608,1609,1610
1608,1609,1610
1611,1612,1613
1488,1489,1490
1608,1609,1610
1488,1489,1490
1599,1600,1601
1599,1600,1601
1488,1489,1490
1485,1486,1487
1599,1600,1601
1485,1486,1487
1605,1606,1607
1488,1489,1490
1611,1612,1613
1470,1471,1472
1485,1486,1487
1497,1498,1499
1605,1606,1607
1605,1606,1607
1497,1498,1499
1611,1612,1613
1611,1612,1613
1497,1498,1499
1470,1471,1472
1614,1615,1616
1617,1618,1619
1620,1621,1622
1617,1618,1619
1614,1615,1616
1623,1624,1625
1617,1618,1619
1623,1624,1625
1626,1627,1628
1617,1618,1619
1626,1627,1628
1629,1630,1631
1617,1618,1619
1629,1630,1631
1632,1633,1634
1617,1618,1619
1632,1633,1634
1620,1621,1622
1632,1633,1634
1629,1630,1631
1635,1636,1637
1632,1633,1634
1635,1636,1637
1638,1639,1640
1632,1633,1634
1638,1639,1640
1620,1621,1622
1635,1636,1637
1629,1630,1631
1641,1642,1643
1635,1636,1637
1641,1642,1643
1644,1645,1646
1635,1636,1637
1644,1645,1646
1638,1639,1640
1629,1630,1631
1626,1627,1628
1647,1648,1649
1629,1630,1631
1647,1648,1649
1641,1642,1643
1638,1639,1640
1644,1645,1646
1650,1651,1652
1638,1639,1640
1650,1651,1652
1653,1654,1655
1638,1639,1640
1653,1654,1655
1620,1621,1622
1644,1645,1646
1641,1642,1643
1656,1657,1658
1644,1645,1646
1656,1657,1658
1659,1660,1661
1644,1645,1646
1659,1660,1661
1650,1651,1652
1650,1651,1652
1659,1660,1661
1662,1663,1664
1650,1651,1652
1662,1663,1664
1665,1666,1667
1650,1651,1652
1665,1666,1667
1653,1654,1655
1662,1663,1664
1659,1660,1661
1668,1669,1670
1662,1663,1664
1668,1669,1670
1671,1672,1673
1662,1663,1664
1671,1672,1673
1665,1666,1667
1671,1672,1673
1668,1669,1670
1674,1675,1676
1671,1672,1673
1674,1675,1676
1665,1666,1667
1668,1669,1670
1659,1660,1661
1674,1675,1676
1659,1660,1661
1656,1657,1658
1674,1675,1676
1674,1675,1676
1656,1657,1658
1665,1666,1667
1665,1666,1667
1656,1657,1658
1653,1654,1655
1656,1657,1658
1641,1642,1643
1653,1654,1655
1653,1654,1655
1641,1642,1643
1620,1621,1622
1641,1642,1643
1647,1648,1649
1620,1621,1622
1620,1621,1622
1647,1648,1649
1614,1615,1616
1647,1648,1649
1626,1627,1628
1677,1678,1679
1647,1648,1649
1677,1678,1679
1614,1615,1616
1626,1627,1628
1623,1624,1625
1680,1681,1682
1626,1627,1628
1680,1681,1682
1677,1678,1679
1614,1615,1616
1677,1678,1679
1683,1684,1685
1614,1615,1616
1683,1684,1685
1623,1624,1625
1677,1678,1679
1680,1681,1682
1686,1687,1688
1677,1678,1679
1686,1687,1688
1683,1684,1685
1623,1624,1625
1683,1684,1685
1689,1690,1691
1623,1624,1625
1689,1690,1691
1680,1681,1682
1683,1684,1685
1686,1687,1688
1692,1693,1694
1683,1684,1685
1692,1693,1694
1689,1690,1691
1680,1681,1682
1689,1690,1691
1695,1696,1697
1680,1681,1682
1695,1696,1697
1686,1687,1688
1686,1687,1688
1695,1696,1697
1698,1699,1700
1686,1687,1688
1698,1699,1700
1692,1693,1694
1692,1693,1694
1698,1699,1700
1701,1702,1703
1692,1693,1694
1701,1702,1703
1689,1690,1691
1689,1690,1691
1701,1702,1703
1704,1705,1706
1689,1690,1691
1704,1705,1706
1695,1696,1697
1695,1696,1697
1704,1705,1706
1707,1708,1709
1695,1696,1697
1707,1708,1709
1698,1699,1700
1698,1699,1700
1707,1708,1709
1710,1711,1712
1698,1699,1700
1710,1711,1712
1701,1702,1703
1701,1702,1703
1710,1711,1712
1713,1714,1715
1701,1702,1703
1713,1714,1715
1704,1705,1706
1704,1705,1706
1713,1714,1715
1716,1717,1718
1704,1705,1706
1716,1717,1718
1707,1708,1709
1707,1708,1709
1716,1717,1718
1719,1720,1721
1707,1708,1709
1719,1720,1721
1710,1711,1712
1710,1711,1712
1719,1720,1721
1722,1723,1724
1710,1711,1712
1722,1723,1724
1713,1714,1715
1713,1714,1715
1722,1723,1724
1725,1726,1727
1713,1714,1715
1725,1726,1727
1716,1717,1718
1722,1723,1724
1719,1720,1721
1728,1729,1730
1722,1723,1724
1728,1729,1730
1725,1726,1727
1716,1717,1718
1725,1726,1727
1731,1732,1733
1716,1717,1718
1731,1732,1733
1719,1720,1721
1725,1726,1727
1728,1729,1730
1734,1735,1736
1725,1726,1727
1734,1735,1736
1731,1732,1733
1734,1735,1736
1728,1729,1730
1737,1738,1739
1734,1735,1736
1737,1738,1739
1731,1732,1733
1731,1732,1733
1737,1738,1739
1719,1720,1721
1737,1738,1739
1728,1729,1730
1719,1720,1721
1740,1741,1742
1743,1744,1745
1746,1747,1748
1743,1744,1745
1740,1741,1742
1749,1750,1751
1743,1744,1745
1749,1750,1751
1752,1753,1754
1743,1744,1745
1752,1753,1754
1755,1756,1757
1743,1744,1745
1755,1756,1757
1746,1747,1748
1755,1756,1757
1752,1753,1754
1758,1759,1760
1755,1756,1757
1758,1759,1760
1746,1747,1748
1752,1753,1754
1749,1750,1751
1758,1759,1760
1758,1759,1760
1749,1750,1751
1761,1762,1763
1758,1759,1760
1761,1762,1763
1746,1747,1748
1749,1750,1751
1740,1741,1742
1764,1765,1766
1749,1750,1751
1764,1765,1766
1761,1762,1763
1761,1762,1763
1764,1765,1766
1767,1768,1769
1761,1762,1763
1767,1768,1769
1746,1747,1748
1764,1765,1766
1740,1741,1742
1770,1771,1772
1764,1765,1766
1770,1771,1772
1767,1768,1769
1746,1747,1748
1767,1768,1769
1773,1774,1775
1746,1747,1748
1773,1774,1775
1740,1741,1742
1767,1768,1769
1770,1771,1772
1776,1777,1778
1767,1768,1769
1776,1777,1778
1773,1774,1775
1776,1777,1778
1770,1771,1772
1779,1780,1781
1776,1777,1778
1779,1780,1781
1773,1774,1775
1773,1774,1775
1779,1780,1781
1740,1741,1742
1779,1780,1781
1770,1771,1772
1740,1741,1742
1782,1783,1784
1785,1786,1787
1788,1789,1790
1788,1789,1790
1785,1786,1787
1791,1792,1793
1788,1789,1790
1791,1792,1793
1794,1795,1796
1788,1789,1790
1794,1795,1796
1797,1798,1799
1788,1789,1790
1797,1798,1799
1800,1801,1802
1788,1789,1790
1800,1801,1802
1782,1783,1784
1800,1801,1802
1797,1798,1799
1803,1804,1805
1800,1801,1802
1803,1804,1805
1806,1807,1808
1800,1801,1802
1806,1807,1808
1782,1783,1784
1803,1804,1805
1797,1798,1799
1809,1810,1811
1803,1804,1805
1809,1810,1811
1812,1813,1814
1803,1804,1805
1812,1813,1814
1806,1807,1808
1797,1798,1799
1794,1795,1796
1815,1816,1817
1797,1798,1799
1815,1816,1817
1809,1810,1811
1806,1807,1808
1812,1813,1814
1818,1819,1820
1806,1807,1808
1818,1819,1820
1821,1822,1823
1806,1807,1808
1821,1822,1823
1782,1783,1784
1794,1795,1796
1791,1792,1793
1824,1825,1826
1794,1795,1796
1824,1825,1826
1827,1828,1829
1794,1795,1796
1827,1828,1829
1815,1816,1817
1815,1816,1817
1827,1828,1829
1785,1786,1787
1815,1816,1817
1785,1786,1787
1782,1783,1784
1815,1816,1817
1782,1783,1784
1809,1810,1811
1782,1783,1784
1821,1822,1823
1809,1810,1811
1809,1810,1811
1821,1822,1823
1830,1831,1832
1809,1810,1811
1830,1831,1832
1812,1813,1814
1821,1822,1823
1818,1819,1820
1833,1834,1835
1821,1822,1823
1833,1834,1835
1830,1831,1832
1830,1831,1832
1833,1834,1835
1836,1837,1838
1830,1831,1832
1836,1837,1838
1812,1813,1814
1833,1834,1835
1818,1819,1820
1839,1840,1841
1833,1834,1835
1839,1840,1841
1836,1837,1838
1812,1813,1814
1836,1837,1838
1842,1843,1844
1812,1813,1814
1842,1843,1844
1818,1819,1820
1836,1837,1838
1839,1840,1841
1845,1846,1847
1836,1837,1838
1845,1846,1847
1842,1843,1844
1818,1819,1820
1842,1843,1844
1848,1849,1850
1818,1819,1820
1848,1849,1850
1839,1840,1841
1842,1843,1844
1845,1846,1847
1851,1852,1853
1842,1843,1844
1851,1852,1853
1848,1849,1850
1839,1840,1841
1848,1849,1850
1854,1855,1856
1839,1840,1841
1854,1855,1856
1845,1846,1847
1848,1849,1850
1851,1852,1853
1857,1858,1859
1848,1849,1850
1857,1858,1859
1854,1855,1856
1845,1846,1847
1854,1855,1856
1860,1861,1862
1845,1846,1847
1860,1861,1862
1851,1852,1853
1854,1855,1856
1857,1858,1859
1863,1864,1865
1854,1855,1856
1863,1864,1865
1860,1861,1862
1851,1852,1853
1860,1861,1862
1866,1867,1868
1851,1852,1853
1866,1867,1868
1857,1858,1859
1860,1861,1862
1863,1864,1865
1869,1870,1871
1860,1861,1862
1869,1870,1871
1866,1867,1868
1857,1858,1859
1866,1867,1868
1872,1873,1874
1857,1858,1859
1872,1873,1874
1863,1864,1865
1866,1867,1868
1869,1870,1871
1875,1876,1877
1866,1867,1868
1875,1876,1877
1872,1873,1874
1872,1873,1874
1875,1876,1877
1878,1879,1880
1872,1873,1874
1878,1879,1880
1863,1864,1865
1863,1864,1865
1878,1879,1880
1881,1882,1883
1863,1864,1865
1881,1882,1883
1869,1870,1871
1869,1870,1871
1881,1882,1883
1884,1885,1886
1869,1870,1871
1884,1885,1886
1875,1876,1877
1875,1876,1877
1884,1885,1886
1887,1888,1889
1875,1876,1877
1887,1888,1889
1878,1879,1880
1878,1879,1880
1887,1888,1889
1890,1891,1892
1878,1879,1880
1890,1891,1892
1881,1882,1883
1887,1888,1889
1884,1885,1886
1893,1894,1895
1887,1888,1889
1893,1894,1895
1890,1891,1892
1881,1882,1883
1890,1891,1892
1896,1897,1898
1881,1882,1883
1896,1897,1898
1884,1885,1886
1890,1891,1892
1893,1894,1895
1899,1900,1901
1890,1891,1892
1899,1900,1901
1896,1897,1898
1884,1885,1886
1896,1897,1898
1902,1903,1904
1884,1885,1886
1902,1903,1904
1893,1894,1895
1896,1897,1898
1899,1900,1901
1905,1906,1907
1896,1897,1898
1905,1906,1907
1902,1903,1904
1902,1903,1904
1905,1906,1907
1908,1909,1910
1902,1903,1904
1908,1909,1910
1893,1894,1895
1893,1894,1895
1908,1909,1910
1911,1912,1913
1893,1894,1895
1911,1912,1913
1899,1900,1901
1899,1900,1901
1911,1912,1913
1914,1915,1916
1899,1900,1901
1914,1915,1916
1905,1906,1907
1905,1906,1907
1914,1915,1916
1917,1918,1919
1905,1906,1907
1917,1918,1919
1908,1909,1910
1908,1909,1910
1917,1918,1919
1920,1921,1922
1908,1909,1910
1920,1921,1922
1911,1912,1913
1917,1918,1919
1914,1915,1916
1923,1924,1925
1917,1918,1919
1923,1924,1925
1920,1921,1922
1911,1912,1913
1920,1921,1922
1926,1927,1928
1911,1912,1913
1926,1927,1928
1914,1915,1916
1920,1921,1922
1923,1924,1925
1929,1930,1931
1920,1921,1922
1929,1930,1931
1926,1927,1928
1914,1915,1916
1926,1927,1928
1932,1933,1934
1914,1915,1916
1932,1933,1934
1923,1924,1925
1926,1927,1928
1929,1930,1931
1824,1825,1826
1926,1927,1928
1824,1825,1826
1932,1933,1934
1923,1924,1925
1932,1933,1934
1935,1936,1937
1923,1924,1925
1935,1936,1937
1929,1930,1931
1932,1933,1934
1824,1825,1826
1791,1792,1793
1932,1933,1934
1791,1792,1793
1935,1936,1937
1929,1930,1931
1935,1936,1937
1938,1939,1940
1929,1930,1931
1938,1939,1940
1824,1825,1826
1824,1825,1826
1938,1939,1940
1827,1828,1829
1938,1939,1940
1935,1936,1937
1941,1942,1943
1938,1939,1940
1941,1942,1943
1827,1828,1829
1935,1936,1937
1791,1792,1793
1941,1942,1943
1827,1828,1829
1941,1942,1943
1785,1786,1787
1941,1942,1943
1791,1792,1793
1785,1786,1787
1944,1945,1946
1947,1948,1949
1950,1951,1952
1947,1948,1949
1944,1945,1946
1953,1954,1955
1947,1948,1949
1953,1954,1955
1956,1957,1958
1947,1948,1949
1956,1957,1958
1959,1960,1961
1947,1948,1949
1959,1960,1961
1950,1951,1952
1959,1960,1961
1956,1957,1958
1962,1963,1964
1959,1960,1961
1962,1963,1964
1950,1951,1952
1956,1957,1958
1953,1954,1955
1962,1963,1964
1962,1963,1964
1953,1954,1955
1965,1966,1967
1962,1963,1964
1965,1966,1967
1950,1951,1952
1953,1954,1955
1944,1945,1946
1968,1969,1970
1953,1954,1955
1968,1969,1970
1965,1966,1967
1965,1966,1967
1968,1969,1970
1971,1972,1973
1965,1966,1967
1971,1972,1973
1950,1951,1952
1968,1969,1970
1944,1945,1946
1974,1975,1976
1968,1969,1970
1974,1975,1976
1971,1972,1973
1950,1951,1952
1971,1972,1973
1977,1978,1979
1950,1951,1952
1977,1978,1979
1944,1945,1946
1971,1972,1973
1974,1975,1976
1980,1981,1982
1971,1972,1973
1980,1981,1982
1977,1978,1979
1980,1981,1982
1974,1975,1976
1983,1984,1985
1980,1981,1982
1983,1984,1985
1977,1978,1979
1977,1978,1979
1983,1984,1985
1944,1945,1946
1983,1984,1985
1974,1975,1976
1944,1945,1946
1986,1987,1988
1989,1990,1991
1992,1993,1994
1992,1993,1994
1989,1990,1991
1995,1996,1997
1992,1993,1994
1995,1996,1997
1998,1999,2000
1992,1993,1994
1998,1999,2000
2001,2002,2003
1992,1993,1994
2001,2002,2003
2004,2005,2006
1992,1993,1994
2004,2005,2006
1986,1987,1988
2004,2005,2006
2001,2002,2003
2007,2008,2009
2004,2005,2006
2007,2008,2009
2010,2011,2012
2004,2005,2006
2010,2011,2012
1986,1987,1988
2007,2008,2009
2001,2002,2003
2013,2014,2015
2007,2008,2009
2013,2014,2015
2016,2017,2018
2007,2008,2009
2016,2017,2018
2010,2011,2012
2001,2002,2003
1998,1999,2000
2019,2020,2021
2001,2002,2003
2019,2020,2021
2013,2014,2015
2010,2011,2012
2016,2017,2018
2022,2023,2024
2010,2011,2012
2022,2023,2024
2025,2026,2027
2010,2011,2012
2025,2026,2027
1986,1987,1988
1998,1999,2000
1995,1996,1997
2028,2029,2030
1998,1999,2000
2028,2029,2030
2031,2032,2033
1998,1999,2000
2031,2032,2033
2019,2020,2021
2019,2020,2021
2031,2032,2033
1989,1990,1991
2019,2020,2021
1989,1990,1991
1986,1987,1988
2019,2020,2021
1986,1987,1988
2013,2014,2015
1986,1987,1988
2025,2026,2027
2013,2014,2015
2013,2014,2015
2025,2026,2027
2034,2035,2036
2013,2014,2015
2034,2035,2036
2016,2017,2018
2025,2026,2027
2022,2023,2024
2037,2038,2039
2025,2026,2027
2037,2038,2039
2034,2035,2036
2034,2035,2036
2037,2038,2039
2040,2041,2042
2034,2035,2036
2040,2041,2042
2016,2017,2018
2037,2038,2039
2022,2023,2024
2043,2044,2045
2037,2038,2039
2043,2044,2045
2040,2041,2042
2016,2017,2018
2040,2041,2042
2046,2047,2048
2016,2017,2018
2046,2047,2048
2022,2023,2024
2040,2041,2042
2043,2044,2045
2049,2050,2051
2040,2041,2042
2049,2050,2051
2046,2047,2048
2022,2023,2024
2046,2047,2048
2052,2053,2054
2022,2023,2024
2052,2053,2054
2043,2044,2045
2046,2047,2048
2049,2050,2051
2055,2056,2057
2046,2047,2048
2055,2056,2057
2052,2053,2054
2043,2044,2045
2052,2053,2054
2058,2059,2060
2043,2044,2045
2058,2059,2060
2049,2050,2051
2052,2053,2054
2055,2056,2057
2061,2062,2063
2052,2053,2054
2061,2062,2063
2058,2059,2060
2049,2050,2051
2058,2059,2060
2064,2065,2066
2049,2050,2051
2064,2065,2066
2055,2056,2057
2058,2059,2060
2061,2062,2063
2067,2068,2069
2058,2059,2060
2067,2068,2069
2064,2065,2066
2055,2056,2057
2064,2065,2066
2070,2071,2072
2055,2056,2057
2070,2071,2072
2061,2062,2063
2064,2065,2066
2067,2068,2069
2073,2074,2075
2064,2065,2066
2073,2074,2075
2070,2071,2072
2061,2062,2063
2070,2071,2072
2076,2077,2078
2061,2062,2063
2076,2077,2078
2067,2068,2069
2070,2071,2072
2073,2074,2075
2079,2080,2081
2070,2071,2072
2079,2080,2081
2076,2077,2078
2067,2068,2069
2076,2077,2078
2082,2083,2084
2067,2068,2069
2082,2083,2084
2073,2074,2075
2076,2077,2078
2079,2080,2081
2085,2086,2087
2076,2077,2078
2085,2086,2087
2082,2083,2084
2073,2074,2075
2082,2083,2084
2088,2089,2090
2073,2074,2075
2088,2089,2090
2079,2080,2081
2082,2083,2084
2085,2086,2087
2091,2092,2093
2082,2083,2084
2091,2092,2093
2088,2089,2090
2079,2080,2081
2088,2089,2090
2094,2095,2096
2079,2080,2081
2094,2095,2096
2085,2086,2087
2088,2089,2090
2091,2092,2093
2097,2098,2099
2088,2089,2090
2097,2098,2099
2094,2095,2096
2085,2086,2087
2094,2095,2096
2100,2101,2102
2085,2086,2087
2100,2101,2102
2091,2092,2093
2094,2095,2096
2097,2098,2099
2103,2104,2105
2094,2095,2096
2103,2104,2105
2100,2101,2102
2100,2101,2102
2103,2104,2105
2106,2107,2108
2100,2101,2102
2106,2107,2108
2091,2092,2093
2091,2092,2093
2106,2107,2108
2109,2110,2111
2091,2092,2093
2109,2110,2111
2097,2098,2099
2097,2098,2099
2109,2110,2111
2112,2113,2114
2097,2098,2099
2112,2113,2114
2103,2104,2105
2103,2104,2105
2112,2113,2114
2115,2116,2117
2103,2104,2105
2115,2116,2117
2106,2107,2108
2106,2107,2108
2115,2116,2117
2118,2119,2120
2106,2107,2108
2118,2119,2120
2109,2110,2111
2109,2110,2111
2118,2119,2120
2121,2122,2123
2109,2110,2111
2121,2122,2123
2112,2113,2114
2112,2113,2114
2121,2122,2123
2124,2125,2126
2112,2113,2114
2124,2125,2126
2115,2116,2117
2121,2122,2123
2118,2119,2120
2127,2128,2129
2121,2122,2123
2127,2128,2129
2124,2125,2126
2115,2116,2117
2124,2125,2126
2130,2131,2132
2115,2116,2117
2130,2131,2132
2118,2119,2120
2124,2125,2126
2127,2128,2129
2133,2134,2135
2124,2125,2126
2133,2134,2135
2130,2131,2132
2118,2119,2120
2130,2131,2132
2136,2137,2138
2118,2119,2120
2136,2137,2138
2127,2128,2129
2130,2131,2132
2133,2134,2135
2028,2029,2030
2130,2131,2132
2028,2029,2030
2136,2137,2138
2127,2128,2129
2136,2137,2138
2139,2140,2141
2127,2128,2129
2139,2140,2141
2133,2134,2135
2136,2137,2138
2028,2029,2030
1995,1996,1997
2136,2137,2138
1995,1996,1997
2139,2140,2141
2028,2029,2030
2133,2134,2135
2031,2032,2033
2133,2134,2135
2139,2140,2141
2031,2032,2033
2031,2032,2033
2139,2140,2141
1989,1990,1991
2139,2140,2141
1995,1996,1997
1989,1990,1991
2142,2143,2144
2145,2146,2147
2148,2149,2150
2142,2143,2144
2148,2149,2150
2151,2152,2153
2142,2143,2144
2151,2152,2153
2154,2155,2156
2142,2143,2144
2154,2155,2156
2157,2158,2159
2142,2143,2144
2157,2158,2159
2145,2146,2147
2154,2155,2156
2151,2152,2153
2160,2161,2162
2154,2155,2156
2160,2161,2162
2163,2164,2165
2154,2155,2156
2163,2164,2165
2157,2158,2159
2157,2158,2159
2163,2164,2165
2166,2167,2168
2157,2158,2159
2166,2167,2168
2169,2170,2171
2157,2158,2159
2169,2170,2171
2145,2146,2147
2163,2164,2165
2160,2161,2162
2172,2173,2174
2163,2164,2165
2172,2173,2174
2175,2176,2177
2163,2164,2165
2175,2176,2177
2166,2167,2168
2166,2167,2168
2175,2176,2177
2178,2179,2180
2166,2167,2168
2178,2179,2180
2181,2182,2183
2166,2167,2168
2181,2182,2183
2169,2170,2171
2175,2176,2177
2172,2173,2174
2184,2185,2186
2175,2176,2177
2184,2185,2186
2187,2188,2189
2175,2176,2177
2187,2188,2189
2178,2179,2180
2178,2179,2180
2187,2188,2189
2190,2191,2192
2178,2179,2180
2190,2191,2192
2193,2194,2195
2178,2179,2180
2193,2194,2195
2181,2182,2183
2187,2188,2189
2184,2185,2186
2196,2197,2198
2187,2188,2189
2196,2197,2198
2199,2200,2201
2187,2188,2189
2199,2200,2201
2190,2191,2192
2190,2191,2192
2199,2200,2201
2202,2203,2204
2190,2191,2192
2202,2203,2204
2205,2206,2207
2190,2191,2192
2205,2206,2207
2193,2194,2195
2193,2194,2195
2205,2206,2207
2196,2197,2198
2193,2194,2195
2196,2197,2198
2184,2185,2186
2193,2194,2195
2184,2185,2186
2181,2182,2183
2184,2185,2186
2172,2173,2174
2181,2182,2183
2181,2182,2183
2172,2173,2174
2169,2170,2171
2172,2173,2174
2160,2161,2162
2169,2170,2171
2169,2170,2171
2160,2161,2162
2145,2146,2147
2196,2197,2198
2205,2206,2207
2208,2209,2210
2196,2197,2198
2208,2209,2210
2199,2200,2201
2205,2206,2207
2202,2203,2204
2211,2212,2213
2205,2206,2207
2211,2212,2213
2208,2209,2210
2208,2209,2210
2211,2212,2213
2214,2215,2216
2208,2209,2210
2214,2215,2216
2199,2200,2201
2211,2212,2213
2202,2203,2204
2217,2218,2219
2211,2212,2213
2217,2218,2219
2214,2215,2216
2199,2200,2201
2214,2215,2216
2220,2221,2222
2199,2200,2201
2220,2221,2222
2202,2203,2204
2214,2215,2216
2217,2218,2219
2223,2224,2225
2214,2215,2216
2223,2224,2225
2220,2221,2222
2202,2203,2204
2220,2221,2222
2226,2227,2228
2202,2203,2204
2226,2227,2228
2217,2218,2219
2220,2221,2222
2223,2224,2225
2229,2230,2231
2220,2221,2222
2229,2230,2231
2226,2227,2228
2226,2227,2228
2229,2230,2231
2232,2233,2234
2226,2227,2228
2232,2233,2234
2217,2218,2219
2217,2218,2219
2232,2233,2234
2235,2236,2237
2217,2218,2219
2235,2236,2237
2223,2224,2225
2223,2224,2225
2235,2236,2237
2238,2239,2240
2223,2224,2225
2238,2239,2240
2229,2230,2231
2160,2161,2162
2151,2152,2153
2241,2242,2243
2160,2161,2162
2241,2242,2243
2145,2146,2147
2151,2152,2153
2148,2149,2150
2244,2245,2246
2151,2152,2153
2244,2245,2246
2241,2242,2243
2145,2146,2147
2241,2242,2243
2247,2248,2249
2145,2146,2147
2247,2248,2249
2148,2149,2150
2241,2242,2243
2244,2245,2246
2250,2251,2252
2241,2242,2243
2250,2251,2252
2247,2248,2249
2148,2149,2150
2247,2248,2249
2253,2254,2255
2148,2149,2150
2253,2254,2255
2244,2245,2246
2247,2248,2249
2250,2251,2252
2256,2257,2258
2247,2248,2249
2256,2257,2258
2253,2254,2255
2244,2245,2246
2253,2254,2255
2259,2260,2261
2244,2245,2246
2259,2260,2261
2250,2251,2252
2253,2254,2255
2256,2257,2258
2232,2233,2234
2253,2254,2255
2232,2233,2234
2259,2260,2261
2250,2251,2252
2259,2260,2261
2262,2263,2264
2250,2251,2252
2262,2263,2264
2256,2257,2258
2259,2260,2261
2232,2233,2234
2229,2230,2231
2259,2260,2261
2229,2230,2231
2262,2263,2264
2229,2230,2231
2238,2239,2240
2262,2263,2264
2256,2257,2258
2262,2263,2264
2265,2266,2267
2256,2257,2258
2265,2266,2267
2232,2233,2234
2232,2233,2234
2265,2266,2267
2235,2236,2237
2262,2263,2264
2238,2239,2240
2268,2269,2270
2262,2263,2264
2268,2269,2270
2265,2266,2267
2265,2266,2267
2268,2269,2270
2271,2272,2273
2265,2266,2267
2271,2272,2273
2235,2236,2237
2268,2269,2270
2238,2239,2240
2274,2275,2276
2268,2269,2270
2274,2275,2276
2271,2272,2273
2235,2236,2237
2271,2272,2273
2277,2278,2279
2235,2236,2237
2277,2278,2279
2238,2239,2240
2271,2272,2273
2274,2275,2276
2280,2281,2282
2271,2272,2273
2280,2281,2282
2277,2278,2279
2238,2239,2240
2277,2278,2279
2283,2284,2285
2238,2239,2240
2283,2284,2285
2274,2275,2276
2277,2278,2279
2280,2281,2282
2286,2287,2288
2277,2278,2279
2286,2287,2288
2283,2284,2285
2274,2275,2276
2283,2284,2285
2289,2290,2291
2274,2275,2276
2289,2290,2291
2280,2281,2282
2283,2284,2285
2286,2287,2288
2292,2293,2294
2283,2284,2285
2292,2293,2294
2289,2290,2291
2280,2281,2282
2289,2290,2291
2295,2296,2297
2280,2281,2282
2295,2296,2297
2286,2287,2288
2289,2290,2291
2292,2293,2294
2298,2299,2300
2289,2290,2291
2298,2299,2300
2295,2296,2297
2298,2299,2300
2292,2293,2294
2301,2302,2303
2298,2299,2300
2301,2302,2303
2295,2296,2297
2295,2296,2297
2301,2302,2303
2286,2287,2288
2301,2302,2303
2292,2293,2294
2286,2287,2288
2304,2305,2306
2307,2308,2309
2310,2311,2312
2307,2308,2309
2304,2305,2306
2313,2314,2315
2307,2308,2309
2313,2314,2315
2316,2317,2318
2307,2308,2309
2316,2317,2318
2319,2320,2321
2307,2308,2309
2319,2320,2321
2310,2311,2312
2319,2320,2321
2316,2317,2318
2322,2323,2324
2319,2320,2321
2322,2323,2324
2310,2311,2312
2316,2317,2318
2313,2314,2315
2322,2323,2324
2322,2323,2324
2313,2314,2315
2325,2326,2327
2322,2323,2324
2325,2326,2327
2310,2311,2312
2313,2314,2315
2304,2305,2306
2328,2329,2330
2313,2314,2315
2328,2329,2330
2325,2326,2327
2325,2326,2327
2328,2329,2330
2331,2332,2333
2325,2326,2327
2331,2332,2333
2310,2311,2312
2328,2329,2330
2304,2305,2306
2334,2335,2336
2328,2329,2330
2334,2335,2336
2331,2332,2333
2310,2311,2312
2331,2332,2333
2337,2338,2339
2310,2311,2312
2337,2338,2339
2304,2305,2306
2331,2332,2333
2334,2335,2336
2340,2341,2342
2331,2332,2333
2340,2341,2342
2337,2338,2339
2340,2341,2342
2334,2335,2336
2343,2344,2345
2340,2341,2342
2343,2344,2345
2337,2338,2339
2337,2338,2339
2343,2344,2345
2304,2305,2306
2343,2344,2345
2334,2335,2336
2304,2305,2306
2346,2347,2348
2349,2350,2351
2352,2353,2354
2349,2350,2351
2346,2347,2348
2355,2356,2357
2349,2350,2351
2355,2356,2357
2358,2359,2360
2349,2350,2351
2358,2359,2360
2361,2362,2363
2349,2350,2351
2361,2362,2363
2352,2353,2354
2361,2362,2363
2358,2359,2360
2364,2365,2366
2361,2362,2363
2364,2365,2366
2367,2368,2369
2361,2362,2363
2367,2368,2369
2370,2371,2372
2361,2362,2363
2370,2371,2372
2352,2353,2354
2358,2359,2360
2355,2356,2357
2373,2374,2375
2358,2359,2360
2373,2374,2375
2376,2377,2378
2358,2359,2360
2376,2377,2378
2364,2365,2366
2364,2365,2366
2376,2377,2378
2346,2347,2348
2364,2365,2366
2346,2347,2348
2379,2380,2381
2364,2365,2366
2379,2380,2381
2367,2368,2369
2376,2377,2378
2373,2374,2375
2382,2383,2384
2376,2377,2378
2382,2383,2384
2385,2386,2387
2376,2377,2378
2385,2386,2387
2346,2347,2348
2346,2347,2348
2352,2353,2354
2379,2380,2381
2346,2347,2348
2385,2386,2387
2355,2356,2357
2355,2356,2357
2385,2386,2387
2388,2389,2390
2355,2356,2357
2388,2389,2390
2373,2374,2375
2385,2386,2387
2382,2383,2384
2391,2392,2393
2385,2386,2387
2391,2392,2393
2388,2389,2390
2373,2374,2375
2388,2389,2390
2394,2395,2396
2373,2374,2375
2394,2395,2396
2382,2383,2384
2388,2389,2390
2391,2392,2393
2397,2398,2399
2388,2389,2390
2397,2398,2399
2394,2395,2396
2382,2383,2384
2394,2395,2396
2400,2401,2402
2382,2383,2384
2400,2401,2402
2391,2392,2393
2394,2395,2396
2397,2398,2399
2403,2404,2405
2394,2395,2396
2403,2404,2405
2400,2401,2402
2391,2392,2393
2400,2401,2402
2406,2407,2408
2391,2392,2393
2406,2407,2408
2397,2398,2399
2400,2401,2402
2403,2404,2405
2409,2410,2411
2400,2401,2402
2409,2410,2411
2406,2407,2408
2397,2398,2399
2406,2407,2408
2412,2413,2414
2397,2398,2399
2412,2413,2414
2403,2404,2405
2406,2407,2408
2409,2410,2411
2415,2416,2417
2406,2407,2408
2415,2416,2417
2412,2413,2414
2403,2404,2405
2412,2413,2414
2418,2419,2420
2403,2404,2405
2418,2419,2420
2409,2410,2411
2412,2413,2414
2415,2416,2417
2421,2422,2423
2412,2413,2414
2421,2422,2423
2418,2419,2420
2409,2410,2411
2418,2419,2420
2424,2425,2426
2409,2410,2411
2424,2425,2426
2415,2416,2417
2418,2419,2420
2421,2422,2423
2427,2428,2429
2418,2419,2420
2427,2428,2429
2424,2425,2426
2415,2416,2417
2424,2425,2426
2430,2431,2432
2415,2416,2417
2430,2431,2432
2421,2422,2423
2424,2425,2426
2427,2428,2429
2433,2434,2435
2424,2425,2426
2433,2434,2435
2430,2431,2432
2430,2431,2432
2433,2434,2435
2436,2437,2438
2430,2431,2432
2436,2437,2438
2421,2422,2423
2421,2422,2423
2436,2437,2438
2439,2440,2441
2421,2422,2423
2439,2440,2441
2427,2428,2429
2427,2428,2429
2439,2440,2441
2442,2443,2444
2427,2428,2429
2442,2443,2444
2433,2434,2435
2439,2440,2441
2436,2437,2438
2445,2446,2447
2439,2440,2441
2445,2446,2447
2442,2443,2444
2433,2434,2435
2442,2443,2444
2448,2449,2450
2433,2434,2435
2448,2449,2450
2436,2437,2438
2442,2443,2444
2445,2446,2447
2451,2452,2453
2442,2443,2444
2451,2452,2453
2448,2449,2450
2436,2437,2438
2448,2449,2450
2454,2455,2456
2436,2437,2438
2454,2455,2456
2445,2446,2447
2448,2449,2450
2451,2452,2453
2457,2458,2459
2448,2449,2450
2457,2458,2459
2454,2455,2456
2445,2446,2447
2454,2455,2456
2460,2461,2462
2445,2446,2447
2460,2461,2462
2451,2452,2453
2454,2455,2456
2457,2458,2459
2463,2464,2465
2454,2455,2456
2463,2464,2465
2460,2461,2462
2451,2452,2453
2460,2461,2462
2466,2467,2468
2451,2452,2453
2466,2467,2468
2457,2458,2459
2460,2461,2462
2463,2464,2465
2469,2470,2471
2460,2461,2462
2469,2470,2471
2466,2467,2468
2457,2458,2459
2466,2467,2468
2472,2473,2474
2457,2458,2459
2472,2473,2474
2463,2464,2465
2466,2467,2468
2469,2470,2471
2475,2476,2477
2466,2467,2468
2475,2476,2477
2472,2473,2474
2463,2464,2465
2472,2473,2474
2478,2479,2480
2463,2464,2465
2478,2479,2480
2469,2470,2471
2472,2473,2474
2475,2476,2477
2481,2482,2483
2472,2473,2474
2481,2482,2483
2478,2479,2480
2469,2470,2471
2478,2479,2480
2484,2485,2486
2469,2470,2471
2484,2485,2486
2475,2476,2477
2478,2479,2480
2481,2482,2483
2487,2488,2489
2478,2479,2480
2487,2488,2489
2484,2485,2486
2475,2476,2477
2484,2485,2486
2490,2491,2492
2475,2476,2477
2490,2491,2492
2481,2482,2483
2484,2485,2486
2487,2488,2489
2493,2494,2495
2484,2485,2486
2493,2494,2495
2490,2491,2492
2490,2491,2492
2493,2494,2495
2370,2371,2372
2490,2491,2492
2370,2371,2372
2481,2482,2483
2481,2482,2483
2370,2371,2372
2367,2368,2369
2481,2482,2483
2367,2368,2369
2487,2488,2489
2370,2371,2372
2493,2494,2495
2352,2353,2354
2367,2368,2369
2379,2380,2381
2487,2488,2489
2487,2488,2489
2379,2380,2381
2493,2494,2495
2493,2494,2495
2379,2380,2381
2352,2353,2354
2496,2497,2498
2499,2500,2501
2502,2503,2504
2499,2500,2501
2496,2497,2498
2505,2506,2507
2499,2500,2501
2505,2506,2507
2508,2509,2510
2499,2500,2501
2508,2509,2510
2511,2512,2513
2499,2500,2501
2511,2512,2513
2514,2515,2516
2499,2500,2501
2514,2515,2516
2502,2503,2504
2514,2515,2516
2511,2512,2513
2517,2518,2519
2514,2515,2516
2517,2518,2519
2520,2521,2522
2514,2515,2516
2520,2521,2522
2502,2503,2504
2511,2512,2513
2508,2509,2510
2523,2524,2525
2511,2512,2513
2523,2524,2525
2517,2518,2519
2517,2518,2519
2523,2524,2525
2526,2527,2528
2517,2518,2519
2526,2527,2528
2520,2521,2522
2523,2524,2525
2508,2509,2510
2529,2530,2531
2523,2524,2525
2529,2530,2531
2532,2533,2534
2523,2524,2525
2532,2533,2534
2526,2527,2528
2526,2527,2528
2532,2533,2534
2535,2536,2537
2526,2527,2528
2535,2536,2537
2538,2539,2540
2526,2527,2528
2538,2539,2540
2520,2521,2522
2532,2533,2534
2529,2530,2531
2541,2542,2543
2532,2533,2534
2541,2542,2543
2544,2545,2546
2532,2533,2534
2544,2545,2546
2535,2536,2537
2535,2536,2537
2544,2545,2546
2547,2548,2549
2535,2536,2537
2547,2548,2549
2550,2551,2552
2535,2536,2537
2550,2551,2552
2538,2539,2540
2544,2545,2546
2541,2542,2543
2553,2554,2555
2544,2545,2546
2553,2554,2555
2556,2557,2558
2544,2545,2546
2556,2557,2558
2547,2548,2549
2547,2548,2549
2556,2557,2558
2559,2560,2561
2547,2548,2549
2559,2560,2561
2562,2563,2564
2547,2548,2549
2562,2563,2564
2550,2551,2552
2556,2557,2558
2553,2554,2555
2565,2566,2567
2556,2557,2558
2565,2566,2567
2568,2569,2570
2556,2557,2558
2568,2569,2570
2559,2560,2561
2559,2560,2561
2568,2569,2570
2571,2572,2573
2559,2560,2561
2571,2572,2573
2574,2575,2576
2559,2560,2561
2574,2575,2576
2562,2563,2564
2568,2569,2570
2565,2566,2567
2577,2578,2579
2568,2569,2570
2577,2578,2579
2580,2581,2582
2568,2569,2570
2580,2581,2582
2571,2572,2573
2571,2572,2573
2580,2581,2582
2583,2584,2585
2571,2572,2573
2583,2584,2585
2586,2587,2588
2571,2572,2573
2586,2587,2588
2574,2575,2576
2580,2581,2582
2577,2578,2579
2589,2590,2591
2580,2581,2582
2589,2590,2591
2592,2593,2594
2580,2581,2582
2592,2593,2594
2583,2584,2585
2583,2584,2585
2592,2593,2594
2595,2596,2597
2583,2584,2585
2595,2596,2597
2598,2599,2600
2583,2584,2585
2598,2599,2600
2586,2587,2588
2592,2593,2594
2589,2590,2591
2601,2602,2603
2592,2593,2594
2601,2602,2603
2604,2605,2606
2592,2593,2594
2604,2605,2606
2595,2596,2597
2595,2596,2597
2604,2605,2606
2607,2608,2609
2595,2596,2597
2607,2608,2609
2610,2611,2612
2595,2596,2597
2610,2611,2612
2598,2599,2600
2604,2605,2606
2601,2602,2603
2613,2614,2615
2604,2605,2606
2613,2614,2615
2616,2617,2618
2604,2605,2606
2616,2617,2618
2607,2608,2609
2607,2608,2609
2616,2617,2618
2619,2620,2621
2607,2608,2609
2619,2620,2621
2622,2623,2624
2607,2608,2609
2622,2623,2624
2610,2611,2612
2610,2611,2612
2622,2623,2624
2613,2614,2615
2610,2611,2612
2613,2614,2615
2601,2602,2603
2610,2611,2612
2601,2602,2603
2598,2599,2600
2601,2602,2603
2589,2590,2591
2598,2599,2600
2598,2599,2600
2589,2590,2591
2586,2587,2588
2589,2590,2591
2577,2578,2579
2586,2587,2588
2586,2587,2588
2577,2578,2579
2574,2575,2576
2577,2578,2579
2565,2566,2567
2574,2575,2576
2574,2575,2576
2565,2566,2567
2562,2563,2564
2565,2566,2567
2553,2554,2555
2562,2563,2564
2562,2563,2564
2553,2554,2555
2550,2551,2552
2553,2554,2555
2541,2542,2543
2550,2551,2552
2550,2551,2552
2541,2542,2543
2538,2539,2540
2541,2542,2543
2529,2530,2531
2538,2539,2540
2538,2539,2540
2529,2530,2531
2520,2521,2522
2529,2530,2531
2508,2509,2510
2520,2521,2522
2613,2614,2615
2622,2623,2624
2625,2626,2627
2613,2614,2615
2625,2626,2627
2616,2617,2618
2622,2623,2624
2619,2620,2621
2628,2629,2630
2622,2623,2624
2628,2629,2630
2625,2626,2627
2520,2521,2522
2508,2509,2510
2631,2632,2633
2520,2521,2522
2631,2632,2633
2502,2503,2504
2508,2509,2510
2505,2506,2507
2631,2632,2633
2631,2632,2633
2505,2506,2507
2628,2629,2630
2631,2632,2633
2628,2629,2630
2634,2635,2636
2631,2632,2633
2634,2635,2636
2502,2503,2504
2505,2506,2507
2496,2497,2498
2625,2626,2627
2505,2506,2507
2625,2626,2627
2628,2629,2630
2628,2629,2630
2619,2620,2621
2637,2638,2639
2628,2629,2630
2637,2638,2639
2634,2635,2636
2502,2503,2504
2634,2635,2636
2640,2641,2642
2502,2503,2504
2640,2641,2642
2496,2497,2498
2625,2626,2627
2496,2497,2498
2643,2644,2645
2625,2626,2627
2643,2644,2645
2646,2647,2648
2625,2626,2627
2646,2647,2648
2616,2617,2618
2616,2617,2618
2646,2647,2648
2649,2650,2651
2616,2617,2618
2649,2650,2651
2652,2653,2654
2616,2617,2618
2652,2653,2654
2619,2620,2621
2646,2647,2648
2643,2644,2645
2637,2638,2639
2646,2647,2648
2637,2638,2639
2655,2656,2657
2646,2647,2648
2655,2656,2657
2649,2650,2651
2637,2638,2639
2619,2620,2621
2655,2656,2657
2637,2638,2639
2643,2644,2645
2634,2635,2636
2655,2656,2657
2619,2620,2621
2658,2659,2660
2655,2656,2657
2658,2659,2660
2649,2650,2651
2649,2650,2651
2658,2659,2660
2661,2662,2663
2649,2650,2651
2661,2662,2663
2652,2653,2654
2643,2644,2645
2496,2497,2498
2664,2665,2666
2643,2644,2645
2664,2665,2666
2634,2635,2636
2634,2635,2636
2664,2665,2666
2667,2668,2669
2634,2635,2636
2667,2668,2669
2640,2641,2642
2664,2665,2666
2496,2497,2498
2670,2671,2672
2664,2665,2666
2670,2671,2672
2667,2668,2669
2667,2668,2669
2670,2671,2672
2673,2674,2675
2667,2668,2669
2673,2674,2675
2640,2641,2642
2670,2671,2672
2496,2497,2498
2676,2677,2678
2670,2671,2672
2676,2677,2678
2673,2674,2675
2619,2620,2621
2652,2653,2654
2679,2680,2681
2619,2620,2621
2679,2680,2681
2658,2659,2660
2658,2659,2660
2679,2680,2681
2682,2683,2684
2658,2659,2660
2682,2683,2684
2661,2662,2663
2652,2653,2654
2661,2662,2663
2685,2686,2687
2652,2653,2654
2685,2686,2687
2679,2680,2681
2679,2680,2681
2685,2686,2687
2688,2689,2690
2679,2680,2681
2688,2689,2690
2682,2683,2684
2661,2662,2663
2682,2683,2684
2691,2692,2693
2661,2662,2663
2691,2692,2693
2685,2686,2687
2685,2686,2687
2691,2692,2693
2694,2695,2696
2685,2686,2687
2694,2695,2696
2688,2689,2690
2682,2683,2684
2688,2689,2690
2697,2698,2699
2682,2683,2684
2697,2698,2699
2691,2692,2693
2691,2692,2693
2697,2698,2699
2700,2701,2702
2691,2692,2693
2700,2701,2702
2694,2695,2696
2688,2689,2690
2694,2695,2696
2703,2704,2705
2688,2689,2690
2703,2704,2705
2697,2698,2699
2697,2698,2699
2703,2704,2705
2706,2707,2708
2697,2698,2699
2706,2707,2708
2700,2701,2702
2694,2695,2696
2700,2701,2702
2709,2710,2711
2694,2695,2696
2709,2710,2711
2703,2704,2705
2703,2704,2705
2709,2710,2711
2712,2713,2714
2703,2704,2705
2712,2713,2714
2706,2707,2708
2700,2701,2702
2706,2707,2708
2715,2716,2717
2700,2701,2702
2715,2716,2717
2709,2710,2711
2709,2710,2711
2715,2716,2717
2718,2719,2720
2709,2710,2711
2718,2719,2720
2712,2713,2714
2706,2707,2708
2712,2713,2714
2721,2722,2723
2706,2707,2708
2721,2722,2723
2715,2716,2717
2715,2716,2717
2721,2722,2723
2724,2725,2726
2715,2716,2717
2724,2725,2726
2718,2719,2720
2712,2713,2714
2718,2719,2720
2727,2728,2729
2712,2713,2714
2727,2728,2729
2721,2722,2723
2721,2722,2723
2727,2728,2729
2730,2731,2732
2721,2722,2723
2730,2731,2732
2724,2725,2726
2718,2719,2720
2724,2725,2726
2733,2734,2735
2718,2719,2720
2733,2734,2735
2727,2728,2729
2727,2728,2729
2733,2734,2735
2736,2737,2738
2727,2728,2729
2736,2737,2738
2730,2731,2732
2724,2725,2726
2730,2731,2732
2676,2677,2678
2724,2725,2726
2676,2677,2678
2733,2734,2735
2733,2734,2735
2676,2677,2678
2739,2740,2741
2733,2734,2735
2739,2740,2741
2736,2737,2738
2730,2731,2732
2736,2737,2738
2673,2674,2675
2730,2731,2732
2673,2674,2675
2676,2677,2678
2676,2677,2678
2496,2497,2498
2739,2740,2741
2673,2674,2675
2736,2737,2738
2640,2641,2642
2736,2737,2738
2739,2740,2741
2640,2641,2642
2739,2740,2741
2496,2497,2498
2640,2641,2642
2742,2743,2744
2745,2746,2747
2748,2749,2750
2745,2746,2747
2742,2743,2744
2751,2752,2753
2745,2746,2747
2751,2752,2753
2754,2755,2756
2745,2746,2747
2754,2755,2756
2757,2758,2759
2745,2746,2747
2757,2758,2759
2748,2749,2750
2757,2758,2759
2754,2755,2756
2760,2761,2762
2757,2758,2759
2760,2761,2762
2748,2749,2750
2754,2755,2756
2751,2752,2753
2760,2761,2762
2760,2761,2762
2751,2752,2753
2763,2764,2765
2760,2761,2762
2763,2764,2765
2748,2749,2750
2751,2752,2753
2742,2743,2744
2766,2767,2768
2751,2752,2753
2766,2767,2768
2763,2764,2765
2763,2764,2765
2766,2767,2768
2769,2770,2771
2763,2764,2765
2769,2770,2771
2748,2749,2750
2766,2767,2768
2742,2743,2744
2772,2773,2774
2766,2767,2768
2772,2773,2774
2769,2770,2771
2748,2749,2750
2769,2770,2771
2775,2776,2777
2748,2749,2750
2775,2776,2777
2742,2743,2744
2769,2770,2771
2772,2773,2774
2778,2779,2780
2769,2770,2771
2778,2779,2780
2775,2776,2777
2778,2779,2780
2772,2773,2774
2781,2782,2783
2778,2779,2780
2781,2782,2783
2775,2776,2777
2775,2776,2777
2781,2782,2783
2742,2743,2744
2781,2782,2783
2772,2773,2774
2742,2743,2744
2784,2785,2786
2787,2788,2789
2790,2791,2792
2790,2791,2792
2787,2788,2789
2793,2794,2795
2790,2791,2792
2793,2794,2795
2796,2797,2798
2790,2791,2792
2796,2797,2798
2799,2800,2801
2790,2791,2792
2799,2800,2801
2802,2803,2804
2790,2791,2792
2802,2803,2804
2784,2785,2786
2802,2803,2804
2799,2800,2801
2805,2806,2807
2802,2803,2804
2805,2806,2807
2808,2809,2810
2802,2803,2804
2808,2809,2810
2811,2812,2813
2802,2803,2804
2811,2812,2813
2784,2785,2786
2799,2800,2801
2796,2797,2798
2814,2815,2816
2799,2800,2801
2814,2815,2816
2817,2818,2819
2799,2800,2801
2817,2818,2819
2805,2806,2807
2805,2806,2807
2817,2818,2819
2820,2821,2822
2805,2806,2807
2820,2821,2822
2823,2824,2825
2805,2806,2807
2823,2824,2825
2808,2809,2810
2817,2818,2819
2814,2815,2816
2784,2785,2786
2817,2818,2819
2784,2785,2786
2811,2812,2813
2817,2818,2819
2811,2812,2813
2820,2821,2822
2784,2785,2786
2814,2815,2816
2787,2788,2789
2814,2815,2816
2796,2797,2798
2826,2827,2828
2814,2815,2816
2826,2827,2828
2787,2788,2789
2811,2812,2813
2808,2809,2810
2829,2830,2831
2811,2812,2813
2829,2830,2831
2820,2821,2822
2820,2821,2822
2829,2830,2831
2832,2833,2834
2820,2821,2822
2832,2833,2834
2823,2824,2825
2808,2809,2810
2823,2824,2825
2835,2836,2837
2808,2809,2810
2835,2836,2837
2829,2830,2831
2829,2830,2831
2835,2836,2837
2838,2839,2840
2829,2830,2831
2838,2839,2840
2832,2833,2834
2832,2833,2834
2838,2839,2840
2841,2842,2843
2832,2833,2834
2841,2842,2843
2823,2824,2825
2823,2824,2825
2841,2842,2843
2844,2845,2846
2823,2824,2825
2844,2845,2846
2835,2836,2837
2835,2836,2837
2844,2845,2846
2847,2848,2849
2835,2836,2837
2847,2848,2849
2838,2839,2840
2796,2797,2798
2793,2794,2795
2850,2851,2852
2796,2797,2798
2850,2851,2852
2826,2827,2828
2787,2788,2789
2826,2827,2828
2853,2854,2855
2787,2788,2789
2853,2854,2855
2793,2794,2795
2826,2827,2828
2850,2851,2852
2856,2857,2858
2826,2827,2828
2856,2857,2858
2853,2854,2855
2793,2794,2795
2853,2854,2855
2859,2860,2861
2793,2794,2795
2859,2860,2861
2850,2851,2852
2853,2854,2855
2856,2857,2858
2862,2863,2864
2853,2854,2855
2862,2863,2864
2859,2860,2861
2850,2851,2852
2859,2860,2861
2865,2866,2867
2850,2851,2852
2865,2866,2867
2856,2857,2858
2859,2860,2861
2862,2863,2864
2847,2848,2849
2859,2860,2861
2847,2848,2849
2865,2866,2867
2865,2866,2867
2847,2848,2849
2844,2845,2846
2865,2866,2867
2844,2845,2846
2856,2857,2858
2856,2857,2858
2844,2845,2846
2868,2869,2870
2856,2857,2858
2868,2869,2870
2862,2863,2864
2844,2845,2846
2841,2842,2843
2868,2869,2870
2862,2863,2864
2868,2869,2870
2871,2872,2873
2862,2863,2864
2871,2872,2873
2847,2848,2849
2847,2848,2849
2871,2872,2873
2838,2839,2840
2868,2869,2870
2841,2842,2843
2874,2875,2876
2868,2869,2870
2874,2875,2876
2871,2872,2873
2874,2875,2876
2841,2842,2843
2877,2878,2879
2874,2875,2876
2877,2878,2879
2871,2872,2873
2871,2872,2873
2877,2878,2879
2838,2839,2840
2877,2878,2879
2841,2842,2843
2838,2839,2840
2880,2881,2882
2883,2884,2885
2886,2887,2888
2886,2887,2888
2883,2884,2885
2889,2890,2891
2886,2887,2888
2889,2890,2891
2892,2893,2894
2886,2887,2888
2892,2893,2894
2895,2896,2897
2886,2887,2888
2895,2896,2897
2898,2899,2900
2886,2887,2888
2898,2899,2900
2880,2881,2882
2895,2896,2897
2892,2893,2894
2901,2902,2903
2895,2896,2897
2901,2902,2903
2904,2905,2906
2895,2896,2897
2904,2905,2906
2898,2899,2900
2892,2893,2894
2889,2890,2891
2907,2908,2909
2892,2893,2894
2907,2908,2909
2901,2902,2903
2901,2902,2903
2907,2908,2909
2910,2911,2912
2901,2902,2903
2910,2911,2912
2913,2914,2915
2901,2902,2903
2913,2914,2915
2904,2905,2906
2913,2914,2915
2910,2911,2912
2916,2917,2918
2913,2914,2915
2916,2917,2918
2919,2920,2921
2913,2914,2915
2919,2920,2921
2889,2890,2891
2913,2914,2915
2889,2890,2891
2904,2905,2906
2889,2890,2891
2883,2884,2885
2904,2905,2906
2889,2890,2891
2919,2920,2921
2907,2908,2909
2919,2920,2921
2916,2917,2918
2922,2923,2924
2919,2920,2921
2922,2923,2924
2907,2908,2909
2916,2917,2918
2910,2911,2912
2925,2926,2927
2916,2917,2918
2925,2926,2927
2922,2923,2924
2907,2908,2909
2922,2923,2924
2928,2929,2930
2907,2908,2909
2928,2929,2930
2910,2911,2912
2922,2923,2924
2925,2926,2927
2931,2932,2933
2922,2923,2924
2931,2932,2933
2928,2929,2930
2931,2932,2933
2925,2926,2927
2934,2935,2936
2931,2932,2933
2934,2935,2936
2928,2929,2930
2928,2929,2930
2934,2935,2936
2910,2911,2912
2934,2935,2936
2925,2926,2927
2910,2911,2912
2904,2905,2906
2883,2884,2885
2937,2938,2939
2904,2905,2906
2937,2938,2939
2898,2899,2900
2883,2884,2885
2880,2881,2882
2940,2941,2942
2883,2884,2885
2940,2941,2942
2937,2938,2939
2937,2938,2939
2940,2941,2942
2943,2944,2945
2937,2938,2939
2943,2944,2945
2898,2899,2900
2940,2941,2942
2880,2881,2882
2946,2947,2948
2940,2941,2942
2946,2947,2948
2943,2944,2945
2898,2899,2900
2943,2944,2945
2949,2950,2951
2898,2899,2900
2949,2950,2951
2880,2881,2882
2943,2944,2945
2946,2947,2948
2952,2953,2954
2943,2944,2945
2952,2953,2954
2949,2950,2951
2952,2953,2954
2946,2947,2948
2955,2956,2957
2952,2953,2954
2955,2956,2957
2949,2950,2951
2949,2950,2951
2955,2956,2957
2880,2881,2882
2955,2956,2957
2946,2947,2948
2880,2881,2882
2958,2959,2960
2961,2962,2963
2964,2965,2966
2964,2965,2966
2961,2962,2963
2967,2968,2969
2964,2965,2966
2967,2968,2969
2970,2971,2972
2964,2965,2966
2970,2971,2972
2973,2974,2975
2964,2965,2966
2973,2974,2975
2976,2977,2978
2964,2965,2966
2976,2977,2978
2958,2959,2960
2976,2977,2978
2973,2974,2975
2979,2980,2981
2976,2977,2978
2979,2980,2981
2982,2983,2984
2976,2977,2978
2982,2983,2984
2985,2986,2987
2976,2977,2978
2985,2986,2987
2958,2959,2960
2973,2974,2975
2970,2971,2972
2988,2989,2990
2973,2974,2975
2988,2989,2990
2991,2992,2993
2973,2974,2975
2991,2992,2993
2979,2980,2981
2979,2980,2981
2991,2992,2993
2961,2962,2963
2979,2980,2981
2961,2962,2963
2994,2995,2996
2979,2980,2981
2994,2995,2996
2982,2983,2984
2961,2962,2963
2958,2959,2960
2994,2995,2996
2961,2962,2963
2991,2992,2993
2967,2968,2969
2991,2992,2993
2988,2989,2990
2997,2998,2999
2991,2992,2993
2997,2998,2999
2967,2968,2969
2988,2989,2990
2970,2971,2972
3000,3001,3002
2988,2989,2990
3000,3001,3002
3003,3004,3005
2988,2989,2990
3003,3004,3005
2997,2998,2999
3003,3004,3005
3000,3001,3002
3006,3007,3008
3003,3004,3005
3006,3007,3008
2997,2998,2999
3006,3007,3008
3000,3001,3002
3009,3010,3011
3006,3007,3008
3009,3010,3011
2997,2998,2999
2997,2998,2999
3009,3010,3011
2967,2968,2969
3000,3001,3002
2970,2971,2972
3012,3013,3014
3000,3001,3002
3012,3013,3014
3009,3010,3011
2967,2968,2969
3009,3010,3011
2994,2995,2996
2967,2968,2969
2994,2995,2996
2970,2971,2972
3009,3010,3011
3012,3013,3014
3015,3016,3017
3009,3010,3011
3015,3016,3017
2994,2995,2996
2994,2995,2996
2958,2959,2960
2970,2971,2972
2994,2995,2996
3015,3016,3017
2982,2983,2984
2970,2971,2972
2958,2959,2960
3012,3013,3014
2958,2959,2960
2985,2986,2987
3012,3013,3014
3012,3013,3014
2985,2986,2987
3018,3019,3020
3012,3013,3014
3018,3019,3020
3015,3016,3017
3018,3019,3020
2985,2986,2987
3021,3022,3023
3018,3019,3020
3021,3022,3023
3015,3016,3017
3015,3016,3017
3021,3022,3023
2982,2983,2984
3021,3022,3023
2985,2986,2987
2982,2983,2984
3024,3025,3026
3027,3028,3029
3030,3031,3032
3024,3025,3026
3030,3031,3032
3033,3034,3035
3024,3025,3026
3033,3034,3035
3027,3028,3029
3033,3034,3035
3030,3031,3032
3036,3037,3038
3033,3034,3035
3036,3037,3038
3039,3040,3041
3033,3034,3035
3039,3040,3041
3027,3028,3029
3039,3040,3041
3036,3037,3038
3042,3043,3044
3039,3040,3041
3042,3043,3044
3027,3028,3029
3036,3037,3038
3030,3031,3032
3042,3043,3044
3042,3043,3044
3030,3031,3032
3045,3046,3047
3042,3043,3044
3045,3046,3047
3027,3028,3029
3045,3046,3047
3030,3031,3032
3027,3028,3029
3048,3049,3050
3051,3052,3053
3054,3055,3056
3054,3055,3056
3051,3052,3053
3057,3058,3059
3054,3055,3056
3057,3058,3059
3060,3061,3062
3054,3055,3056
3060,3061,3062
3063,3064,3065
3054,3055,3056
3063,3064,3065
3048,3049,3050
3063,3064,3065
3060,3061,3062
3066,3067,3068
3063,3064,3065
3066,3067,3068
3069,3070,3071
3063,3064,3065
3069,3070,3071
3072,3073,3074
3063,3064,3065
3072,3073,3074
3048,3049,3050
3072,3073,3074
3069,3070,3071
3075,3076,3077
3072,3073,3074
3075,3076,3077
3048,3049,3050
3075,3076,3077
3069,3070,3071
3078,3079,3080
3075,3076,3077
3078,3079,3080
3048,3049,3050
3069,3070,3071
3066,3067,3068
3078,3079,3080
3048,3049,3050
3078,3079,3080
3051,3052,3053
3078,3079,3080
3066,3067,3068
3051,3052,3053
3066,3067,3068
3060,3061,3062
3081,3082,3083
3066,3067,3068
3081,3082,3083
3051,3052,3053
3060,3061,3062
3057,3058,3059
3084,3085,3086
3060,3061,3062
3084,3085,3086
3081,3082,3083
3051,3052,3053
3081,3082,3083
3087,3088,3089
3051,3052,3053
3087,3088,3089
3057,3058,3059
3081,3082,3083
3084,3085,3086
3090,3091,3092
3081,3082,3083
3090,3091,3092
3093,3094,3095
3081,3082,3083
3093,3094,3095
3087,3088,3089
3093,3094,3095
3090,3091,3092
3096,3097,3098
3093,3094,3095
3096,3097,3098
3099,3100,3101
3093,3094,3095
3099,3100,3101
3087,3088,3089
3099,3100,3101
3096,3097,3098
3102,3103,3104
3099,3100,3101
3102,3103,3104
3087,3088,3089
3096,3097,3098
3090,3091,3092
3102,3103,3104
3102,3103,3104
3090,3091,3092
3105,3106,3107
3102,3103,3104
3105,3106,3107
3087,3088,3089
3087,3088,3089
3105,3106,3107
3108,3109,3110
3087,3088,3089
3108,3109,3110
3057,3058,3059
3057,3058,3059
3108,3109,3110
3111,3112,3113
3057,3058,3059
3111,3112,3113
3084,3085,3086
3111,3112,3113
3108,3109,3110
3114,3115,3116
3111,3112,3113
3114,3115,3116
3117,3118,3119
3111,3112,3113
3117,3118,3119
3084,3085,3086
3117,3118,3119
3114,3115,3116
3120,3121,3122
3117,3118,3119
3120,3121,3122
3084,3085,3086
3114,3115,3116
3108,3109,3110
3120,3121,3122
3120,3121,3122
3108,3109,3110
3123,3124,3125
3120,3121,3122
3123,3124,3125
3084,3085,3086
3084,3085,3086
3123,3124,3125
3090,3091,3092
3108,3109,3110
3105,3106,3107
3126,3127,3128
3108,3109,3110
3126,3127,3128
3123,3124,3125
3090,3091,3092
3123,3124,3125
3129,3130,3131
3090,3091,3092
3129,3130,3131
3105,3106,3107
3123,3124,3125
3126,3127,3128
3132,3133,3134
3123,3124,3125
3132,3133,3134
3129,3130,3131
3132,3133,3134
3126,3127,3128
3135,3136,3137
3132,3133,3134
3135,3136,3137
3129,3130,3131
3129,3130,3131
3135,3136,3137
3105,3106,3107
3135,3136,3137
3126,3127,3128
3105,3106,3107
3138,3139,3140
3141,3142,3143
3144,3145,3146
3144,3145,3146
3141,3142,3143
3147,3148,3149
3144,3145,3146
3147,3148,3149
3150,3151,3152
3144,3145,3146
3150,3151,3152
3153,3154,3155
3144,3145,3146
3153,3154,3155
3138,3139,3140
3153,3154,3155
3150,3151,3152
3156,3157,3158
3153,3154,3155
3156,3157,3158
3159,3160,3161
3153,3154,3155
3159,3160,3161
3162,3163,3164
3153,3154,3155
3162,3163,3164
3138,3139,3140
3150,3151,3152
3147,3148,3149
3165,3166,3167
3150,3151,3152
3165,3166,3167
3168,3169,3170
3150,3151,3152
3168,3169,3170
3156,3157,3158
3156,3157,3158
3168,3169,3170
3141,3142,3143
3156,3157,3158
3141,3142,3143
3171,3172,3173
3156,3157,3158
3171,3172,3173
3159,3160,3161
3168,3169,3170
3165,3166,3167
3174,3175,3176
3168,3169,3170
3174,3175,3176
3177,3178,3179
3168,3169,3170
3177,3178,3179
3141,3142,3143
3141,3142,3143
3138,3139,3140
3171,3172,3173
3141,3142,3143
3177,3178,3179
3147,3148,3149
3147,3148,3149
3177,3178,3179
3180,3181,3182
3147,3148,3149
3180,3181,3182
3165,3166,3167
3177,3178,3179
3174,3175,3176
3183,3184,3185
3177,3178,3179
3183,3184,3185
3180,3181,3182
3165,3166,3167
3180,3181,3182
3186,3187,3188
3165,3166,3167
3186,3187,3188
3174,3175,3176
3180,3181,3182
3183,3184,3185
3189,3190,3191
3180,3181,3182
3189,3190,3191
3186,3187,3188
3174,3175,3176
3186,3187,3188
3192,3193,3194
3174,3175,3176
3192,3193,3194
3183,3184,3185
3186,3187,3188
3189,3190,3191
3195,3196,3197
3186,3187,3188
3195,3196,3197
3192,3193,3194
3183,3184,3185
3192,3193,3194
3198,3199,3200
3183,3184,3185
3198,3199,3200
3189,3190,3191
3192,3193,3194
3195,3196,3197
3201,3202,3203
3192,3193,3194
3201,3202,3203
3198,3199,3200
3189,3190,3191
3198,3199,3200
3204,3205,3206
3189,3190,3191
3204,3205,3206
3195,3196,3197
3198,3199,3200
3201,3202,3203
3207,3208,3209
3198,3199,3200
3207,3208,3209
3204,3205,3206
3195,3196,3197
3204,3205,3206
3210,3211,3212
3195,3196,3197
3210,3211,3212
3201,3202,3203
3204,3205,3206
3207,3208,3209
3213,3214,3215
3204,3205,3206
3213,3214,3215
3210,3211,3212
3201,3202,3203
3210,3211,3212
3216,3217,3218
3201,3202,3203
3216,3217,3218
3207,3208,3209
3210,3211,3212
3213,3214,3215
3219,3220,3221
3210,3211,3212
3219,3220,3221
3216,3217,3218
3207,3208,3209
3216,3217,3218
3222,3223,3224
3207,3208,3209
3222,3223,3224
3213,3214,3215
3216,3217,3218
3219,3220,3221
3225,3226,3227
3216,3217,3218
3225,3226,3227
3222,3223,3224
3222,3223,3224
3225,3226,3227
3228,3229,3230
3222,3223,3224
3228,3229,3230
3213,3214,3215
3213,3214,3215
3228,3229,3230
3231,3232,3233
3213,3214,3215
3231,3232,3233
3219,3220,3221
3219,3220,3221
3231,3232,3233
3234,3235,3236
3219,3220,3221
3234,3235,3236
3225,3226,3227
3225,3226,3227
3234,3235,3236
3237,3238,3239
3225,3226,3227
3237,3238,3239
3228,3229,3230
3228,3229,3230
3237,3238,3239
3240,3241,3242
3228,3229,3230
3240,3241,3242
3231,3232,3233
3231,3232,3233
3240,3241,3242
3243,3244,3245
3231,3232,3233
3243,3244,3245
3234,3235,3236
3234,3235,3236
3243,3244,3245
3246,3247,3248
3234,3235,3236
3246,3247,3248
3237,3238,3239
3237,3238,3239
3246,3247,3248
3249,3250,3251
3237,3238,3239
3249,3250,3251
3240,3241,3242
3240,3241,3242
3249,3250,3251
3252,3253,3254
3240,3241,3242
3252,3253,3254
3243,3244,3245
3243,3244,3245
3252,3253,3254
3255,3256,3257
3243,3244,3245
3255,3256,3257
3246,3247,3248
3246,3247,3248
3255,3256,3257
3258,3259,3260
3246,3247,3248
3258,3259,3260
3249,3250,3251
3255,3256,3257
3252,3253,3254
3261,3262,3263
3255,3256,3257
3261,3262,3263
3258,3259,3260
3249,3250,3251
3258,3259,3260
3264,3265,3266
3249,3250,3251
3264,3265,3266
3252,3253,3254
3258,3259,3260
3261,3262,3263
3267,3268,3269
3258,3259,3260
3267,3268,3269
3264,3265,3266
3252,3253,3254
3264,3265,3266
3270,3271,3272
3252,3253,3254
3270,3271,3272
3261,3262,3263
3264,3265,3266
3267,3268,3269
3273,3274,3275
3264,3265,3266
3273,3274,3275
3270,3271,3272
3270,3271,3272
3273,3274,3275
3276,3277,3278
3270,3271,3272
3276,3277,3278
3261,3262,3263
3273,3274,3275
3267,3268,3269
3279,3280,3281
3273,3274,3275
3279,3280,3281
3276,3277,3278
3261,3262,3263
3276,3277,3278
3282,3283,3284
3261,3262,3263
3282,3283,3284
3267,3268,3269
3276,3277,3278
3279,3280,3281
3285,3286,3287
3276,3277,3278
3285,3286,3287
3282,3283,3284
3267,3268,3269
3282,3283,3284
3162,3163,3164
3267,3268,3269
3162,3163,3164
3279,3280,3281
3279,3280,3281
3162,3163,3164
3159,3160,3161
3279,3280,3281
3159,3160,3161
3285,3286,3287
3162,3163,3164
3282,3283,3284
3138,3139,3140
3159,3160,3161
3171,3172,3173
3285,3286,3287
3285,3286,3287
3171,3172,3173
3282,3283,3284
3282,3283,3284
3171,3172,3173
3138,3139,3140
3288,3289,3290
3291,3292,3293
3294,3295,3296
3294,3295,3296
3291,3292,3293
3297,3298,3299
3294,3295,3296
3297,3298,3299
3300,3301,3302
3294,3295,3296
3300,3301,3302
3303,3304,3305
3294,3295,3296
3303,3304,3305
3288,3289,3290
3303,3304,3305
3300,3301,3302
3306,3307,3308
3303,3304,3305
3306,3307,3308
3309,3310,3311
3303,3304,3305
3309,3310,3311
3312,3313,3314
3303,3304,3305
3312,3313,3314
3288,3289,3290
3312,3313,3314
3309,3310,3311
3315,3316,3317
3312,3313,3314
3315,3316,3317
3288,3289,3290
3315,3316,3317
3309,3310,3311
3318,3319,3320
3315,3316,3317
3318,3319,3320
3288,3289,3290
3309,3310,3311
3306,3307,3308
3318,3319,3320
3288,3289,3290
3318,3319,3320
3291,3292,3293
3318,3319,3320
3306,3307,3308
3291,3292,3293
3306,3307,3308
3300,3301,3302
3321,3322,3323
3306,3307,3308
3321,3322,3323
3291,3292,3293
3300,3301,3302
3297,3298,3299
3324,3325,3326
3300,3301,3302
3324,3325,3326
3321,3322,3323
3291,3292,3293
3321,3322,3323
3327,3328,3329
3291,3292,3293
3327,3328,3329
3297,3298,3299
3321,3322,3323
3324,3325,3326
3330,3331,3332
3321,3322,3323
3330,3331,3332
3333,3334,3335
3321,3322,3323
3333,3334,3335
3327,3328,3329
3333,3334,3335
3330,3331,3332
3336,3337,3338
3333,3334,3335
3336,3337,3338
3339,3340,3341
3333,3334,3335
3339,3340,3341
3327,3328,3329
3339,3340,3341
3336,3337,3338
3342,3343,3344
3339,3340,3341
3342,3343,3344
3327,3328,3329
3336,3337,3338
3330,3331,3332
3342,3343,3344
3342,3343,3344
3330,3331,3332
3345,3346,3347
3342,3343,3344
3345,3346,3347
3327,3328,3329
3327,3328,3329
3345,3346,3347
3348,3349,3350
3327,3328,3329
3348,3349,3350
3297,3298,3299
3297,3298,3299
3348,3349,3350
3351,3352,3353
3297,3298,3299
3351,3352,3353
3324,3325,3326
3351,3352,3353
3348,3349,3350
3354,3355,3356
3351,3352,3353
3354,3355,3356
3357,3358,3359
3351,3352,3353
3357,3358,3359
3324,3325,3326
3357,3358,3359
3354,3355,3356
3360,3361,3362
3357,3358,3359
3360,3361,3362
3324,3325,3326
3354,3355,3356
3348,3349,3350
3360,3361,3362
3360,3361,3362
3348,3349,3350
3363,3364,3365
3360,3361,3362
3363,3364,3365
3324,3325,3326
3324,3325,3326
3363,3364,3365
3330,3331,3332
3348,3349,3350
3345,3346,3347
3366,3367,3368
3348,3349,3350
3366,3367,3368
3363,3364,3365
3330,3331,3332
3363,3364,3365
3369,3370,3371
3330,3331,3332
3369,3370,3371
3345,3346,3347
3363,3364,3365
3366,3367,3368
3372,3373,3374
3363,3364,3365
3372,3373,3374
3369,3370,3371
3372,3373,3374
3366,3367,3368
3375,3376,3377
3372,3373,3374
3375,3376,3377
3369,3370,3371
3369,3370,3371
3375,3376,3377
3345,3346,3347
3375,3376,3377
3366,3367,3368
3345,3346,3347
3378,3379,3380
3381,3382,3383
3384,3385,3386
3378,3379,3380
3384,3385,3386
3387,3388,3389
3378,3379,3380
3387,3388,3389
3390,3391,3392
3378,3379,3380
3390,3391,3392
3381,3382,3383
3390,3391,3392
3387,3388,3389
3393,3394,3395
3390,3391,3392
3393,3394,3395
3381,3382,3383
3387,3388,3389
3384,3385,3386
3396,3397,3398
3387,3388,3389
3396,3397,3398
3393,3394,3395
3396,3397,3398
3384,3385,3386
3393,3394,3395
3393,3394,3395
3384,3385,3386
3399,3400,3401
3393,3394,3395
3399,3400,3401
3381,3382,3383
3399,3400,3401
3384,3385,3386
3381,3382,3383
3402,3403,3404
3405,3406,3407
3408,3409,3410
3402,3403,3404
3408,3409,3410
3411,3412,3413
3402,3403,3404
3411,3412,3413
3414,3415,3416
3402,3403,3404
3414,3415,3416
3405,3406,3407
3414,3415,3416
3411,3412,3413
3417,3418,3419
3414,3415,3416
3417,3418,3419
3405,3406,3407
3411,3412,3413
3408,3409,3410
3420,3421,3422
3411,3412,3413
3420,3421,3422
3417,3418,3419
3420,3421,3422
3408,3409,3410
3417,3418,3419
3417,3418,3419
3408,3409,3410
3423,3424,3425
3417,3418,3419
3423,3424,3425
3405,3406,3407
3423,3424,3425
3408,3409,3410
3405,3406,3407
3426,3427,3428
3429,3430,3431
3432,3433,3434
3426,3427,3428
3432,3433,3434
3435,3436,3437
3426,3427,3428
3435,3436,3437
3438,3439,3440
3426,3427,3428
3438,3439,3440
3429,3430,3431
3438,3439,3440
3435,3436,3437
3441,3442,3443
3438,3439,3440
3441,3442,3443
3429,3430,3431
3435,3436,3437
3432,3433,3434
3444,3445,3446
3435,3436,3437
3444,3445,3446
3441,3442,3443
3444,3445,3446
3432,3433,3434
3441,3442,3443
3441,3442,3443
3432,3433,3434
3447,3448,3449
3441,3442,3443
3447,3448,3449
3429,3430,3431
3447,3448,3449
3432,3433,3434
3429,3430,3431
3450,3451,3452
3453,3454,3455
3456,3457,3458
3450,3451,3452
3456,3457,3458
3459,3460,3461
3450,3451,3452
3459,3460,3461
3462,3463,3464
3450,3451,3452
3462,3463,3464
3453,3454,3455
3462,3463,3464
3459,3460,3461
3465,3466,3467
3462,3463,3464
3465,3466,3467
3453,3454,3455
3459,3460,3461
3456,3457,3458
3468,3469,3470
3459,3460,3461
3468,3469,3470
3465,3466,3467
3468,3469,3470
3456,3457,3458
3465,3466,3467
3465,3466,3467
3456,3457,3458
3471,3472,3473
3465,3466,3467
3471,3472,3473
3453,3454,3455
3471,3472,3473
3456,3457,3458
3453,3454,3455
3474,3475,3476
3477,3478,3479
3480,3481,3482
3474,3475,3476
3480,3481,3482
3483,3484,3485
3474,3475,3476
3483,3484,3485
3486,3487,3488
3474,3475,3476
3486,3487,3488
3477,3478,3479
3486,3487,3488
3483,3484,3485
3489,3490,3491
3486,3487,3488
3489,3490,3491
3477,3478,3479
3483,3484,3485
3480,3481,3482
3492,3493,3494
3483,3484,3485
3492,3493,3494
3489,3490,3491
3492,3493,3494
3480,3481,3482
3489,3490,3491
3489,3490,3491
3480,3481,3482
3495,3496,3497
3489,3490,3491
3495,3496,3497
3477,3478,3479
3495,3496,3497
3480,3481,3482
3477,3478,3479
3498,3499,3500
3501,3502,3503
3504,3505,3506
3498,3499,3500
3504,3505,3506
3507,3508,3509
3498,3499,3500
3507,3508,3509
3510,3511,3512
3498,3499,3500
3510,3511,3512
3501,3502,3503
3510,3511,3512
3507,3508,3509
3513,3514,3515
3510,3511,3512
3513,3514,3515
3501,3502,3503
3507,3508,3509
3504,3505,3506
3516,3517,3518
3507,3508,3509
3516,3517,3518
3513,3514,3515
3516,3517,3518
3504,3505,3506
3513,3514,3515
3513,3514,3515
3504,3505,3506
3519,3520,3521
3513,3514,3515
3519,3520,3521
3501,3502,3503
3519,3520,3521
3504,3505,3506
3501,3502,3503
3522,3523,3524
3525,3526,3527
3528,3529,3530
3522,3523,3524
3528,3529,3530
3531,3532,3533
3522,3523,3524
3531,3532,3533
3534,3535,3536
3522,3523,3524
3534,3535,3536
3525,3526,3527
3534,3535,3536
3531,3532,3533
3537,3538,3539
3534,3535,3536
3537,3538,3539
3525,3526,3527
3531,3532,3533
3528,3529,3530
3540,3541,3542
3531,3532,3533
3540,3541,3542
3537,3538,3539
3540,3541,3542
3528,3529,3530
3537,3538,3539
3537,3538,3539
3528,3529,3530
3543,3544,3545
3537,3538,3539
3543,3544,3545
3525,3526,3527
3543,3544,3545
3528,3529,3530
3525,3526,3527
3546,3547,3548
3549,3550,3551
3552,3553,3554
3546,3547,3548
3552,3553,3554
3555,3556,3557
3546,3547,3548
3555,3556,3557
3558,3559,3560
3546,3547,3548
3558,3559,3560
3549,3550,3551
3558,3559,3560
3555,3556,3557
3561,3562,3563
3558,3559,3560
3561,3562,3563
3549,3550,3551
3555,3556,3557
3552,3553,3554
3564,3565,3566
3555,3556,3557
3564,3565,3566
3561,3562,3563
3564,3565,3566
3552,3553,3554
3561,3562,3563
3561,3562,3563
3552,3553,3554
3567,3568,3569
3561,3562,3563
3567,3568,3569
3549,3550,3551
3567,3568,3569
3552,3553,3554
3549,3550,3551
3570,3571,3572
3573,3574,3575
3576,3577,3578
3570,3571,3572
3576,3577,3578
3579,3580,3581
3570,3571,3572
3579,3580,3581
3582,3583,3584
3570,3571,3572
3582,3583,3584
3573,3574,3575
3582,3583,3584
3579,3580,3581
3585,3586,3587
3582,3583,3584
3585,3586,3587
3573,3574,3575
3579,3580,3581
3576,3577,3578
3588,3589,3590
3579,3580,3581
3588,3589,3590
3585,3586,3587
3588,3589,3590
3576,3577,3578
3585,3586,3587
3585,3586,3587
3576,3577,3578
3591,3592,3593
3585,3586,3587
3591,3592,3593
3573,3574,3575
3591,3592,3593
3576,3577,3578
3573,3574,3575
