0,1,2
3,4,5
6,7,8
6,7,8
3,4,5
9,10,11
6,7,8
9,10,11
12,13,14
30,31,32
27,28,29
33,34,35
30,31,32
33,34,35
0,1,2
27,28,29
24,25,26
33,34,35
24,25,26
21,22,23
36,37,38
24,25,26
36,37,38
33,34,35
21,22,23
18,19,20
36,37,38
18,19,20
15,16,17
39,40,41
18,19,20
39,40,41
36,37,38
15,16,17
12,13,14
42,43,44
15,16,17
42,43,44
39,40,41
0,1,2
33,34,35
45,46,47
0,1,2
45,46,47
3,4,5
36,37,38
39,40,41
48,49,50
36,37,38
48,49,50
51,52,53
36,37,38
51,52,53
33,34,35
33,34,35
51,52,53
54,55,56
33,34,35
54,55,56
57,58,59
33,34,35
57,58,59
45,46,47
12,13,14
9,10,11
60,61,62
12,13,14
60,61,62
63,64,65
12,13,14
63,64,65
42,43,44
63,64,65
60,61,62
66,67,68
63,64,65
66,67,68
69,70,71
63,64,65
69,70,71
42,43,44
60,61,62
9,10,11
72,73,74
60,61,62
72,73,74
66,67,68
66,67,68
72,73,74
75,76,77
66,67,68
75,76,77
69,70,71
72,73,74
9,10,11
78,79,80
72,73,74
78,79,80
75,76,77
9,10,11
3,4,5
78,79,80
78,79,80
3,4,5
81,82,83
78,79,80
81,82,83
75,76,77
3,4,5
45,46,47
81,82,83
81,82,83
45,46,47
84,85,86
81,82,83
84,85,86
75,76,77
69,70,71
75,76,77
87,88,89
69,70,71
87,88,89
42,43,44
45,46,47
57,58,59
90,91,92
45,46,47
90,91,92
84,85,86
84,85,86
90,91,92
93,94,95
84,85,86
93,94,95
75,76,77
90,91,92
57,58,59
96,97,98
90,91,92
96,97,98
93,94,95
93,94,95
96,97,98
99,100,101
93,94,95
99,100,101
75,76,77
75,76,77
99,100,101
102,103,104
75,76,77
102,103,104
87,88,89
99,100,101
96,97,98
105,106,107
99,100,101
105,106,107
102,103,104
102,103,104
105,106,107
108,109,110
102,103,104
108,109,110
87,88,89
87,88,89
108,109,110
42,43,44
42,43,44
108,109,110
39,40,41
105,106,107
96,97,98
111,112,113
105,106,107
111,112,113
114,115,116
105,106,107
114,115,116
108,109,110
114,115,116
135,136,137
108,109,110
135,136,137
132,133,134
108,109,110
111,112,113
96,97,98
117,118,119
108,109,110
132,133,134
39,40,41
132,133,134
129,130,131
39,40,41
129,130,131
126,127,128
39,40,41
96,97,98
57,58,59
117,118,119
117,118,119
57,58,59
120,121,122
120,121,122
57,58,59
123,124,125
123,124,125
57,58,59
126,127,128
126,127,128
57,58,59
39,40,41
57,58,59
54,55,56
138,139,140
57,58,59
138,139,140
39,40,41
39,40,41
138,139,140
48,49,50
48,49,50
138,139,140
141,142,143
48,49,50
141,142,143
144,145,146
48,49,50
144,145,146
147,148,149
48,49,50
147,148,149
150,151,152
48,49,50
150,151,152
51,52,53
147,148,149
144,145,146
153,154,155
147,148,149
153,154,155
156,157,158
147,148,149
156,157,158
150,151,152
156,157,158
180,181,182
150,151,152
153,154,155
144,145,146
159,160,161
144,145,146
141,142,143
159,160,161
159,160,161
141,142,143
162,163,164
180,181,182
177,178,179
183,184,185
180,181,182
183,184,185
150,151,152
150,151,152
183,184,185
51,52,53
183,184,185
177,178,179
186,187,188
183,184,185
186,187,188
51,52,53
177,178,179
174,175,176
186,187,188
186,187,188
174,175,176
189,190,191
186,187,188
189,190,191
51,52,53
174,175,176
171,172,173
189,190,191
189,190,191
171,172,173
192,193,194
189,190,191
192,193,194
51,52,53
171,172,173
168,169,170
192,193,194
51,52,53
192,193,194
54,55,56
192,193,194
168,169,170
195,196,197
192,193,194
195,196,197
54,55,56
168,169,170
165,166,167
195,196,197
165,166,167
162,163,164
198,199,200
165,166,167
198,199,200
195,196,197
162,163,164
141,142,143
198,199,200
141,142,143
138,139,140
198,199,200
198,199,200
138,139,140
201,202,203
198,199,200
201,202,203
204,205,206
198,199,200
204,205,206
207,208,209
198,199,200
207,208,209
195,196,197
204,205,206
201,202,203
210,211,212
204,205,206
210,211,212
213,214,215
204,205,206
213,214,215
207,208,209
213,214,215
237,238,239
207,208,209
210,211,212
201,202,203
216,217,218
237,238,239
234,235,236
240,241,242
237,238,239
240,241,242
207,208,209
207,208,209
240,241,242
195,196,197
240,241,242
234,235,236
243,244,245
240,241,242
243,244,245
195,196,197
234,235,236
231,232,233
243,244,245
243,244,245
231,232,233
246,247,248
243,244,245
246,247,248
195,196,197
231,232,233
228,229,230
246,247,248
195,196,197
246,247,248
54,55,56
246,247,248
228,229,230
249,250,251
246,247,248
249,250,251
54,55,56
228,229,230
225,226,227
249,250,251
249,250,251
225,226,227
252,253,254
249,250,251
252,253,254
54,55,56
225,226,227
222,223,224
252,253,254
54,55,56
252,253,254
138,139,140
252,253,254
222,223,224
255,256,257
252,253,254
255,256,257
138,139,140
222,223,224
219,220,221
255,256,257
255,256,257
219,220,221
258,259,260
255,256,257
258,259,260
138,139,140
219,220,221
216,217,218
258,259,260
216,217,218
201,202,203
258,259,260
258,259,260
201,202,203
138,139,140
