0,1,2
3,4,5
6,7,8
0,1,2
6,7,8
9,10,11
0,1,2
9,10,11
12,13,14
0,1,2
12,13,14
15,16,17
0,1,2
15,16,17
3,4,5
15,16,17
12,13,14
18,19,20
15,16,17
18,19,20
21,22,23
15,16,17
21,22,23
3,4,5
21,22,23
18,19,20
24,25,26
21,22,23
24,25,26
27,28,29
21,22,23
27,28,29
3,4,5
18,19,20
12,13,14
30,31,32
18,19,20
30,31,32
33,34,35
18,19,20
33,34,35
24,25,26
12,13,14
9,10,11
36,37,38
12,13,14
36,37,38
30,31,32
30,31,32
36,37,38
39,40,41
30,31,32
39,40,41
42,43,44
30,31,32
42,43,44
33,34,35
36,37,38
9,10,11
45,46,47
36,37,38
45,46,47
48,49,50
36,37,38
48,49,50
39,40,41
9,10,11
6,7,8
51,52,53
9,10,11
51,52,53
45,46,47
45,46,47
51,52,53
54,55,56
45,46,47
54,55,56
57,58,59
45,46,47
57,58,59
48,49,50
51,52,53
6,7,8
60,61,62
51,52,53
60,61,62
63,64,65
51,52,53
63,64,65
54,55,56
6,7,8
3,4,5
66,67,68
6,7,8
66,67,68
60,61,62
60,61,62
66,67,68
69,70,71
60,61,62
69,70,71
63,64,65
3,4,5
27,28,29
72,73,74
66,67,68
90,91,92
93,94,95
66,67,68
93,94,95
69,70,71
69,70,71
93,94,95
96,97,98
69,70,71
96,97,98
63,64,65
63,64,65
96,97,98
99,100,101
63,64,65
99,100,101
54,55,56
54,55,56
99,100,101
102,103,104
54,55,56
102,103,104
57,58,59
99,100,101
96,97,98
105,106,107
99,100,101
105,106,107
108,109,110
99,100,101
108,109,110
102,103,104
96,97,98
93,94,95
111,112,113
96,97,98
111,112,113
105,106,107
93,94,95
90,91,92
114,115,116
93,94,95
114,115,116
111,112,113
114,115,116
90,91,92
117,118,119
114,115,116
117,118,119
120,121,122
114,115,116
120,121,122
111,112,113
111,112,113
120,121,122
123,124,125
111,112,113
123,124,125
105,106,107
105,106,107
123,124,125
126,127,128
105,106,107
126,127,128
108,109,110
90,91,92
87,88,89
129,130,131
90,91,92
129,130,131
117,118,119
117,118,119
129,130,131
132,133,134
117,118,119
132,133,134
120,121,122
120,121,122
132,133,134
135,136,137
120,121,122
135,136,137
123,124,125
123,124,125
135,136,137
138,139,140
123,124,125
138,139,140
126,127,128
135,136,137
132,133,134
141,142,143
135,136,137
141,142,143
144,145,146
135,136,137
144,145,146
138,139,140
132,133,134
129,130,131
147,148,149
132,133,134
147,148,149
141,142,143
129,130,131
87,88,89
150,151,152
129,130,131
150,151,152
147,148,149
150,151,152
87,88,89
153,154,155
150,151,152
153,154,155
156,157,158
150,151,152
156,157,158
147,148,149
147,148,149
156,157,158
159,160,161
147,148,149
159,160,161
141,142,143
141,142,143
159,160,161
162,163,164
141,142,143
162,163,164
144,145,146
87,88,89
84,85,86
165,166,167
87,88,89
165,166,167
153,154,155
153,154,155
165,166,167
168,169,170
153,154,155
168,169,170
156,157,158
156,157,158
168,169,170
171,172,173
156,157,158
171,172,173
159,160,161
159,160,161
171,172,173
174,175,176
159,160,161
174,175,176
162,163,164
171,172,173
168,169,170
177,178,179
171,172,173
177,178,179
180,181,182
171,172,173
180,181,182
174,175,176
168,169,170
165,166,167
183,184,185
168,169,170
183,184,185
177,178,179
165,166,167
84,85,86
186,187,188
165,166,167
186,187,188
183,184,185
84,85,86
81,82,83
189,190,191
84,85,86
189,190,191
186,187,188
186,187,188
189,190,191
192,193,194
186,187,188
192,193,194
183,184,185
183,184,185
192,193,194
195,196,197
183,184,185
195,196,197
177,178,179
177,178,179
195,196,197
198,199,200
177,178,179
198,199,200
180,181,182
195,196,197
192,193,194
201,202,203
195,196,197
201,202,203
204,205,206
195,196,197
204,205,206
198,199,200
192,193,194
189,190,191
207,208,209
192,193,194
207,208,209
201,202,203
189,190,191
81,82,83
210,211,212
189,190,191
210,211,212
207,208,209
210,211,212
81,82,83
213,214,215
210,211,212
213,214,215
216,217,218
210,211,212
216,217,218
207,208,209
207,208,209
216,217,218
219,220,221
207,208,209
219,220,221
201,202,203
201,202,203
219,220,221
222,223,224
201,202,203
222,223,224
204,205,206
81,82,83
78,79,80
225,226,227
81,82,83
225,226,227
213,214,215
213,214,215
225,226,227
228,229,230
213,214,215
228,229,230
216,217,218
216,217,218
228,229,230
231,232,233
216,217,218
231,232,233
219,220,221
219,220,221
231,232,233
234,235,236
219,220,221
234,235,236
222,223,224
231,232,233
228,229,230
237,238,239
231,232,233
237,238,239
240,241,242
231,232,233
240,241,242
234,235,236
228,229,230
225,226,227
243,244,245
228,229,230
243,244,245
237,238,239
225,226,227
78,79,80
246,247,248
225,226,227
246,247,248
243,244,245
246,247,248
78,79,80
249,250,251
246,247,248
249,250,251
252,253,254
246,247,248
252,253,254
243,244,245
243,244,245
252,253,254
255,256,257
243,244,245
255,256,257
237,238,239
237,238,239
255,256,257
258,259,260
237,238,239
258,259,260
240,241,242
255,256,257
252,253,254
261,262,263
255,256,257
261,262,263
264,265,266
255,256,257
264,265,266
258,259,260
252,253,254
249,250,251
267,268,269
252,253,254
267,268,269
261,262,263
249,250,251
78,79,80
270,271,272
249,250,251
270,271,272
267,268,269
270,271,272
78,79,80
273,274,275
270,271,272
273,274,275
276,277,278
270,271,272
276,277,278
267,268,269
267,268,269
276,277,278
279,280,281
267,268,269
279,280,281
261,262,263
261,262,263
279,280,281
282,283,284
261,262,263
282,283,284
264,265,266
279,280,281
276,277,278
285,286,287
279,280,281
285,286,287
288,289,290
279,280,281
288,289,290
282,283,284
276,277,278
273,274,275
291,292,293
276,277,278
291,292,293
285,286,287
285,286,287
291,292,293
294,295,296
285,286,287
294,295,296
297,298,299
285,286,287
297,298,299
288,289,290
291,292,293
273,274,275
300,301,302
291,292,293
300,301,302
303,304,305
291,292,293
303,304,305
294,295,296
273,274,275
78,79,80
75,76,77
273,274,275
75,76,77
300,301,302
300,301,302
75,76,77
306,307,308
300,301,302
306,307,308
303,304,305
306,307,308
75,76,77
309,310,311
306,307,308
309,310,311
312,313,314
306,307,308
312,313,314
303,304,305
303,304,305
312,313,314
315,316,317
303,304,305
315,316,317
294,295,296
294,295,296
315,316,317
318,319,320
294,295,296
318,319,320
297,298,299
315,316,317
312,313,314
321,322,323
315,316,317
321,322,323
324,325,326
315,316,317
324,325,326
318,319,320
312,313,314
309,310,311
327,328,329
312,313,314
327,328,329
321,322,323
309,310,311
75,76,77
330,331,332
309,310,311
330,331,332
327,328,329
327,328,329
330,331,332
333,334,335
327,328,329
333,334,335
336,337,338
327,328,329
336,337,338
321,322,323
321,322,323
336,337,338
339,340,341
321,322,323
339,340,341
324,325,326
336,337,338
333,334,335
342,343,344
336,337,338
342,343,344
345,346,347
336,337,338
345,346,347
339,340,341
339,340,341
345,346,347
348,349,350
339,340,341
348,349,350
351,352,353
339,340,341
351,352,353
324,325,326
324,325,326
351,352,353
354,355,356
324,325,326
354,355,356
318,319,320
318,319,320
354,355,356
357,358,359
318,319,320
357,358,359
297,298,299
297,298,299
357,358,359
360,361,362
297,298,299
360,361,362
288,289,290
288,289,290
360,361,362
363,364,365
288,289,290
363,364,365
282,283,284
282,283,284
363,364,365
366,367,368
282,283,284
366,367,368
264,265,266
264,265,266
366,367,368
369,370,371
264,265,266
369,370,371
258,259,260
258,259,260
369,370,371
372,373,374
258,259,260
372,373,374
240,241,242
240,241,242
372,373,374
375,376,377
240,241,242
375,376,377
234,235,236
234,235,236
375,376,377
378,379,380
234,235,236
378,379,380
222,223,224
222,223,224
378,379,380
381,382,383
222,223,224
381,382,383
204,205,206
378,379,380
375,376,377
384,385,386
378,379,380
384,385,386
387,388,389
378,379,380
387,388,389
381,382,383
375,376,377
372,373,374
390,391,392
375,376,377
390,391,392
384,385,386
372,373,374
369,370,371
393,394,395
372,373,374
393,394,395
390,391,392
369,370,371
366,367,368
396,397,398
369,370,371
396,397,398
393,394,395
366,367,368
363,364,365
399,400,401
366,367,368
399,400,401
396,397,398
363,364,365
360,361,362
402,403,404
363,364,365
402,403,404
399,400,401
360,361,362
357,358,359
405,406,407
360,361,362
405,406,407
402,403,404
357,358,359
354,355,356
408,409,410
357,358,359
408,409,410
405,406,407
354,355,356
351,352,353
411,412,413
354,355,356
411,412,413
408,409,410
351,352,353
348,349,350
414,415,416
351,352,353
414,415,416
411,412,413
411,412,413
414,415,416
417,418,419
411,412,413
417,418,419
420,421,422
411,412,413
420,421,422
408,409,410
408,409,410
420,421,422
423,424,425
408,409,410
423,424,425
405,406,407
405,406,407
423,424,425
426,427,428
405,406,407
426,427,428
402,403,404
402,403,404
426,427,428
429,430,431
402,403,404
429,430,431
399,400,401
399,400,401
429,430,431
432,433,434
399,400,401
432,433,434
396,397,398
396,397,398
432,433,434
435,436,437
396,397,398
435,436,437
393,394,395
393,394,395
435,436,437
438,439,440
393,394,395
438,439,440
390,391,392
390,391,392
438,439,440
441,442,443
390,391,392
441,442,443
384,385,386
384,385,386
441,442,443
444,445,446
384,385,386
444,445,446
387,388,389
441,442,443
438,439,440
447,448,449
441,442,443
447,448,449
450,451,452
441,442,443
450,451,452
444,445,446
438,439,440
435,436,437
453,454,455
438,439,440
453,454,455
447,448,449
435,436,437
432,433,434
456,457,458
435,436,437
456,457,458
453,454,455
432,433,434
429,430,431
459,460,461
432,433,434
459,460,461
456,457,458
429,430,431
426,427,428
462,463,464
429,430,431
462,463,464
459,460,461
459,460,461
462,463,464
465,466,467
459,460,461
465,466,467
456,457,458
456,457,458
465,466,467
468,469,470
456,457,458
468,469,470
453,454,455
453,454,455
468,469,470
471,472,473
453,454,455
471,472,473
447,448,449
447,448,449
471,472,473
474,475,476
447,448,449
474,475,476
450,451,452
426,427,428
423,424,425
477,478,479
426,427,428
477,478,479
462,463,464
462,463,464
477,478,479
480,481,482
462,463,464
480,481,482
465,466,467
423,424,425
420,421,422
483,484,485
423,424,425
483,484,485
477,478,479
477,478,479
483,484,485
486,487,488
477,478,479
486,487,488
480,481,482
420,421,422
417,418,419
489,490,491
420,421,422
489,490,491
483,484,485
483,484,485
489,490,491
492,493,494
483,484,485
492,493,494
486,487,488
489,490,491
417,418,419
495,496,497
489,490,491
495,496,497
498,499,500
489,490,491
498,499,500
492,493,494
417,418,419
414,415,416
501,502,503
417,418,419
501,502,503
495,496,497
414,415,416
348,349,350
504,505,506
414,415,416
504,505,506
501,502,503
348,349,350
345,346,347
507,508,509
348,349,350
507,508,509
504,505,506
504,505,506
507,508,509
510,511,512
504,505,506
510,511,512
513,514,515
504,505,506
513,514,515
501,502,503
501,502,503
513,514,515
516,517,518
501,502,503
516,517,518
495,496,497
495,496,497
516,517,518
519,520,521
495,496,497
519,520,521
498,499,500
516,517,518
513,514,515
522,523,524
516,517,518
522,523,524
525,526,527
516,517,518
525,526,527
519,520,521
513,514,515
510,511,512
528,529,530
513,514,515
528,529,530
522,523,524
522,523,524
528,529,530
531,532,533
522,523,524
531,532,533
525,526,527
528,529,530
510,511,512
534,535,536
528,529,530
534,535,536
537,538,539
528,529,530
537,538,539
531,532,533
510,511,512
507,508,509
540,541,542
510,511,512
540,541,542
534,535,536
507,508,509
345,346,347
543,544,545
507,508,509
543,544,545
540,541,542
540,541,542
543,544,545
546,547,548
540,541,542
546,547,548
549,550,551
540,541,542
549,550,551
534,535,536
534,535,536
549,550,551
552,553,554
534,535,536
552,553,554
537,538,539
549,550,551
546,547,548
42,43,44
549,550,551
42,43,44
555,556,557
549,550,551
555,556,557
552,553,554
552,553,554
555,556,557
558,559,560
552,553,554
558,559,560
561,562,563
552,553,554
561,562,563
537,538,539
537,538,539
561,562,563
564,565,566
537,538,539
564,565,566
531,532,533
531,532,533
564,565,566
567,568,569
531,532,533
567,568,569
525,526,527
564,565,566
561,562,563
570,571,572
564,565,566
570,571,572
573,574,575
564,565,566
573,574,575
567,568,569
561,562,563
558,559,560
576,577,578
561,562,563
576,577,578
570,571,572
570,571,572
576,577,578
579,580,581
570,571,572
579,580,581
582,583,584
570,571,572
582,583,584
573,574,575
576,577,578
558,559,560
585,586,587
576,577,578
585,586,587
588,589,590
576,577,578
588,589,590
579,580,581
558,559,560
555,556,557
591,592,593
558,559,560
591,592,593
585,586,587
555,556,557
42,43,44
39,40,41
555,556,557
39,40,41
591,592,593
591,592,593
39,40,41
48,49,50
591,592,593
48,49,50
594,595,596
591,592,593
594,595,596
585,586,587
585,586,587
594,595,596
597,598,599
585,586,587
597,598,599
588,589,590
594,595,596
48,49,50
57,58,59
594,595,596
57,58,59
600,601,602
594,595,596
600,601,602
597,598,599
597,598,599
600,601,602
603,604,605
597,598,599
603,604,605
606,607,608
597,598,599
606,607,608
588,589,590
588,589,590
606,607,608
609,610,611
588,589,590
609,610,611
579,580,581
579,580,581
609,610,611
612,613,614
579,580,581
612,613,614
582,583,584
609,610,611
606,607,608
615,616,617
609,610,611
615,616,617
618,619,620
609,610,611
618,619,620
612,613,614
606,607,608
603,604,605
621,622,623
606,607,608
621,622,623
615,616,617
615,616,617
621,622,623
624,625,626
615,616,617
624,625,626
627,628,629
615,616,617
627,628,629
618,619,620
624,625,626
621,622,623
630,631,632
624,625,626
630,631,632
633,634,635
624,625,626
633,634,635
627,628,629
621,622,623
603,604,605
636,637,638
621,622,623
636,637,638
630,631,632
603,604,605
600,601,602
639,640,641
603,604,605
639,640,641
636,637,638
600,601,602
57,58,59
102,103,104
600,601,602
102,103,104
639,640,641
639,640,641
102,103,104
108,109,110
639,640,641
108,109,110
642,643,644
639,640,641
642,643,644
636,637,638
636,637,638
642,643,644
645,646,647
636,637,638
645,646,647
630,631,632
630,631,632
645,646,647
648,649,650
630,631,632
648,649,650
633,634,635
645,646,647
642,643,644
651,652,653
645,646,647
651,652,653
654,655,656
645,646,647
654,655,656
648,649,650
642,643,644
108,109,110
126,127,128
642,643,644
126,127,128
651,652,653
651,652,653
126,127,128
138,139,140
651,652,653
138,139,140
657,658,659
651,652,653
657,658,659
654,655,656
654,655,656
657,658,659
660,661,662
654,655,656
660,661,662
663,664,665
654,655,656
663,664,665
648,649,650
648,649,650
663,664,665
666,667,668
648,649,650
666,667,668
633,634,635
633,634,635
666,667,668
669,670,671
633,634,635
669,670,671
627,628,629
666,667,668
663,664,665
672,673,674
666,667,668
672,673,674
675,676,677
666,667,668
675,676,677
669,670,671
663,664,665
660,661,662
678,679,680
663,664,665
678,679,680
672,673,674
672,673,674
678,679,680
681,682,683
672,673,674
681,682,683
684,685,686
672,673,674
684,685,686
675,676,677
678,679,680
660,661,662
687,688,689
678,679,680
687,688,689
690,691,692
678,679,680
690,691,692
681,682,683
660,661,662
657,658,659
693,694,695
660,661,662
693,694,695
687,688,689
657,658,659
138,139,140
144,145,146
657,658,659
144,145,146
693,694,695
693,694,695
144,145,146
162,163,164
693,694,695
162,163,164
696,697,698
693,694,695
696,697,698
687,688,689
687,688,689
696,697,698
699,700,701
687,688,689
699,700,701
690,691,692
696,697,698
162,163,164
174,175,176
696,697,698
174,175,176
702,703,704
696,697,698
702,703,704
699,700,701
699,700,701
702,703,704
705,706,707
699,700,701
705,706,707
708,709,710
699,700,701
708,709,710
690,691,692
690,691,692
708,709,710
711,712,713
690,691,692
711,712,713
681,682,683
681,682,683
711,712,713
714,715,716
681,682,683
714,715,716
684,685,686
711,712,713
708,709,710
717,718,719
711,712,713
717,718,719
720,721,722
711,712,713
720,721,722
714,715,716
708,709,710
705,706,707
723,724,725
708,709,710
723,724,725
717,718,719
717,718,719
723,724,725
726,727,728
717,718,719
726,727,728
729,730,731
717,718,719
729,730,731
720,721,722
726,727,728
723,724,725
732,733,734
726,727,728
732,733,734
735,736,737
726,727,728
735,736,737
729,730,731
723,724,725
705,706,707
738,739,740
723,724,725
738,739,740
732,733,734
705,706,707
702,703,704
741,742,743
705,706,707
741,742,743
738,739,740
702,703,704
174,175,176
180,181,182
702,703,704
180,181,182
741,742,743
741,742,743
180,181,182
198,199,200
741,742,743
198,199,200
744,745,746
741,742,743
744,745,746
738,739,740
738,739,740
744,745,746
747,748,749
738,739,740
747,748,749
732,733,734
732,733,734
747,748,749
750,751,752
732,733,734
750,751,752
735,736,737
747,748,749
744,745,746
381,382,383
747,748,749
381,382,383
387,388,389
747,748,749
387,388,389
750,751,752
744,745,746
198,199,200
204,205,206
744,745,746
204,205,206
381,382,383
750,751,752
387,388,389
444,445,446
750,751,752
444,445,446
753,754,755
750,751,752
753,754,755
735,736,737
735,736,737
753,754,755
756,757,758
735,736,737
756,757,758
729,730,731
753,754,755
444,445,446
450,451,452
753,754,755
450,451,452
759,760,761
753,754,755
759,760,761
756,757,758
756,757,758
759,760,761
762,763,764
756,757,758
762,763,764
765,766,767
756,757,758
765,766,767
729,730,731
729,730,731
765,766,767
768,769,770
729,730,731
768,769,770
720,721,722
720,721,722
768,769,770
771,772,773
720,721,722
771,772,773
714,715,716
714,715,716
771,772,773
774,775,776
714,715,716
774,775,776
684,685,686
684,685,686
774,775,776
777,778,779
684,685,686
777,778,779
675,676,677
675,676,677
777,778,779
780,781,782
675,676,677
780,781,782
669,670,671
669,670,671
780,781,782
783,784,785
669,670,671
783,784,785
627,628,629
627,628,629
783,784,785
786,787,788
627,628,629
786,787,788
618,619,620
618,619,620
786,787,788
789,790,791
618,619,620
789,790,791
612,613,614
612,613,614
789,790,791
792,793,794
612,613,614
792,793,794
582,583,584
582,583,584
792,793,794
795,796,797
582,583,584
795,796,797
573,574,575
573,574,575
795,796,797
798,799,800
573,574,575
798,799,800
567,568,569
567,568,569
798,799,800
801,802,803
567,568,569
801,802,803
525,526,527
798,799,800
795,796,797
804,805,806
798,799,800
804,805,806
807,808,809
798,799,800
807,808,809
801,802,803
795,796,797
792,793,794
810,811,812
795,796,797
810,811,812
804,805,806
792,793,794
789,790,791
813,814,815
792,793,794
813,814,815
810,811,812
789,790,791
786,787,788
816,817,818
789,790,791
816,817,818
813,814,815
786,787,788
783,784,785
819,820,821
786,787,788
819,820,821
816,817,818
783,784,785
780,781,782
822,823,824
783,784,785
822,823,824
819,820,821
780,781,782
777,778,779
825,826,827
780,781,782
825,826,827
822,823,824
777,778,779
774,775,776
828,829,830
777,778,779
828,829,830
825,826,827
774,775,776
771,772,773
831,832,833
774,775,776
831,832,833
828,829,830
771,772,773
768,769,770
834,835,836
771,772,773
834,835,836
831,832,833
768,769,770
765,766,767
837,838,839
768,769,770
837,838,839
834,835,836
765,766,767
762,763,764
840,841,842
765,766,767
840,841,842
837,838,839
837,838,839
840,841,842
843,844,845
837,838,839
843,844,845
846,847,848
837,838,839
846,847,848
834,835,836
834,835,836
846,847,848
849,850,851
834,835,836
849,850,851
831,832,833
831,832,833
849,850,851
852,853,854
831,832,833
852,853,854
828,829,830
828,829,830
852,853,854
855,856,857
828,829,830
855,856,857
825,826,827
825,826,827
855,856,857
858,859,860
825,826,827
858,859,860
822,823,824
822,823,824
858,859,860
861,862,863
822,823,824
861,862,863
819,820,821
819,820,821
861,862,863
864,865,866
819,820,821
864,865,866
816,817,818
816,817,818
864,865,866
867,868,869
816,817,818
867,868,869
813,814,815
813,814,815
867,868,869
870,871,872
813,814,815
870,871,872
810,811,812
810,811,812
870,871,872
873,874,875
810,811,812
873,874,875
804,805,806
804,805,806
873,874,875
876,877,878
804,805,806
876,877,878
807,808,809
873,874,875
870,871,872
879,880,881
873,874,875
879,880,881
882,883,884
873,874,875
882,883,884
876,877,878
870,871,872
867,868,869
885,886,887
870,871,872
885,886,887
879,880,881
867,868,869
864,865,866
888,889,890
867,868,869
888,889,890
885,886,887
864,865,866
861,862,863
891,892,893
864,865,866
891,892,893
888,889,890
861,862,863
858,859,860
894,895,896
861,862,863
894,895,896
891,892,893
858,859,860
855,856,857
897,898,899
858,859,860
897,898,899
894,895,896
855,856,857
852,853,854
900,901,902
855,856,857
900,901,902
897,898,899
852,853,854
849,850,851
903,904,905
852,853,854
903,904,905
900,901,902
849,850,851
846,847,848
906,907,908
849,850,851
906,907,908
903,904,905
846,847,848
843,844,845
909,910,911
846,847,848
909,910,911
906,907,908
906,907,908
909,910,911
912,913,914
906,907,908
912,913,914
915,916,917
906,907,908
915,916,917
903,904,905
903,904,905
915,916,917
918,919,920
903,904,905
918,919,920
900,901,902
900,901,902
918,919,920
921,922,923
900,901,902
921,922,923
897,898,899
897,898,899
921,922,923
924,925,926
897,898,899
924,925,926
894,895,896
894,895,896
924,925,926
927,928,929
894,895,896
927,928,929
891,892,893
891,892,893
927,928,929
930,931,932
891,892,893
930,931,932
888,889,890
888,889,890
930,931,932
933,934,935
888,889,890
933,934,935
885,886,887
885,886,887
933,934,935
936,937,938
885,886,887
936,937,938
879,880,881
879,880,881
936,937,938
939,940,941
879,880,881
939,940,941
882,883,884
936,937,938
933,934,935
942,943,944
936,937,938
942,943,944
945,946,947
936,937,938
945,946,947
939,940,941
933,934,935
930,931,932
948,949,950
933,934,935
948,949,950
942,943,944
930,931,932
927,928,929
951,952,953
930,931,932
951,952,953
948,949,950
927,928,929
924,925,926
954,955,956
927,928,929
954,955,956
951,952,953
924,925,926
921,922,923
957,958,959
924,925,926
957,958,959
954,955,956
921,922,923
918,919,920
960,961,962
921,922,923
960,961,962
957,958,959
918,919,920
915,916,917
963,964,965
918,919,920
963,964,965
960,961,962
915,916,917
912,913,914
966,967,968
915,916,917
966,967,968
963,964,965
963,964,965
966,967,968
969,970,971
963,964,965
969,970,971
972,973,974
963,964,965
972,973,974
960,961,962
972,973,974
1038,1039,1040
960,961,962
1038,1039,1040
1035,1036,1037
957,958,959
1038,1039,1040
957,958,959
960,961,962
1035,1036,1037
1032,1033,1034
954,955,956
1035,1036,1037
954,955,956
957,958,959
1032,1033,1034
1029,1030,1031
951,952,953
1032,1033,1034
951,952,953
954,955,956
1029,1030,1031
1026,1027,1028
948,949,950
1029,1030,1031
948,949,950
951,952,953
1026,1027,1028
1023,1024,1025
942,943,944
1026,1027,1028
942,943,944
948,949,950
1023,1024,1025
1020,1021,1022
945,946,947
1023,1024,1025
945,946,947
942,943,944
1020,1021,1022
1017,1018,1019
1041,1042,1043
1020,1021,1022
1041,1042,1043
945,946,947
1017,1018,1019
1014,1015,1016
1044,1045,1046
1017,1018,1019
1044,1045,1046
1041,1042,1043
1014,1015,1016
1011,1012,1013
1047,1048,1049
1014,1015,1016
1047,1048,1049
1044,1045,1046
1011,1012,1013
1008,1009,1010
1050,1051,1052
1011,1012,1013
1050,1051,1052
1047,1048,1049
1008,1009,1010
1005,1006,1007
1053,1054,1055
1008,1009,1010
1053,1054,1055
1050,1051,1052
1005,1006,1007
1002,1003,1004
1056,1057,1058
1005,1006,1007
1056,1057,1058
1053,1054,1055
1002,1003,1004
999,1000,1001
1059,1060,1061
1002,1003,1004
1059,1060,1061
1056,1057,1058
999,1000,1001
996,997,998
1062,1063,1064
999,1000,1001
1062,1063,1064
1059,1060,1061
996,997,998
993,994,995
1065,1066,1067
996,997,998
1065,1066,1067
1062,1063,1064
993,994,995
990,991,992
1068,1069,1070
993,994,995
1068,1069,1070
1065,1066,1067
990,991,992
987,988,989
1071,1072,1073
990,991,992
1071,1072,1073
1068,1069,1070
987,988,989
984,985,986
1074,1075,1076
987,988,989
1074,1075,1076
1071,1072,1073
984,985,986
981,982,983
1077,1078,1079
984,985,986
1077,1078,1079
1074,1075,1076
981,982,983
978,979,980
1080,1081,1082
981,982,983
1080,1081,1082
1077,1078,1079
978,979,980
975,976,977
1083,1084,1085
978,979,980
1083,1084,1085
1080,1081,1082
975,976,977
969,970,971
966,967,968
975,976,977
966,967,968
1083,1084,1085
966,967,968
912,913,914
1083,1084,1085
945,946,947
1041,1042,1043
939,940,941
1083,1084,1085
912,913,914
1086,1087,1088
1083,1084,1085
1086,1087,1088
1080,1081,1082
1080,1081,1082
1086,1087,1088
1089,1090,1091
1080,1081,1082
1089,1090,1091
1077,1078,1079
1077,1078,1079
1089,1090,1091
1092,1093,1094
1077,1078,1079
1092,1093,1094
1074,1075,1076
1074,1075,1076
1092,1093,1094
1095,1096,1097
1074,1075,1076
1095,1096,1097
1071,1072,1073
1071,1072,1073
1095,1096,1097
1098,1099,1100
1071,1072,1073
1098,1099,1100
1068,1069,1070
1068,1069,1070
1098,1099,1100
1101,1102,1103
1068,1069,1070
1101,1102,1103
1065,1066,1067
1065,1066,1067
1101,1102,1103
1104,1105,1106
1065,1066,1067
1104,1105,1106
1062,1063,1064
1062,1063,1064
1104,1105,1106
1107,1108,1109
1062,1063,1064
1107,1108,1109
1059,1060,1061
1059,1060,1061
1107,1108,1109
1110,1111,1112
1059,1060,1061
1110,1111,1112
1056,1057,1058
1056,1057,1058
1110,1111,1112
1113,1114,1115
1056,1057,1058
1113,1114,1115
1053,1054,1055
1053,1054,1055
1113,1114,1115
1116,1117,1118
1053,1054,1055
1116,1117,1118
1050,1051,1052
1050,1051,1052
1116,1117,1118
1119,1120,1121
1050,1051,1052
1119,1120,1121
1047,1048,1049
1047,1048,1049
1119,1120,1121
1122,1123,1124
1047,1048,1049
1122,1123,1124
1044,1045,1046
1044,1045,1046
1122,1123,1124
1125,1126,1127
1044,1045,1046
1125,1126,1127
1041,1042,1043
1041,1042,1043
1125,1126,1127
939,940,941
939,940,941
1125,1126,1127
882,883,884
912,913,914
909,910,911
1086,1087,1088
1125,1126,1127
1122,1123,1124
1128,1129,1130
1125,1126,1127
1128,1129,1130
882,883,884
882,883,884
1128,1129,1130
876,877,878
1122,1123,1124
1119,1120,1121
1131,1132,1133
1122,1123,1124
1131,1132,1133
1128,1129,1130
1128,1129,1130
1131,1132,1133
1134,1135,1136
1128,1129,1130
1134,1135,1136
876,877,878
876,877,878
1134,1135,1136
807,808,809
1119,1120,1121
1116,1117,1118
1137,1138,1139
1119,1120,1121
1137,1138,1139
1131,1132,1133
1131,1132,1133
1137,1138,1139
1140,1141,1142
1131,1132,1133
1140,1141,1142
1134,1135,1136
1134,1135,1136
1140,1141,1142
1143,1144,1145
1134,1135,1136
1143,1144,1145
807,808,809
1116,1117,1118
1113,1114,1115
1146,1147,1148
1116,1117,1118
1146,1147,1148
1137,1138,1139
1137,1138,1139
1146,1147,1148
1149,1150,1151
1137,1138,1139
1149,1150,1151
1140,1141,1142
1140,1141,1142
1149,1150,1151
1152,1153,1154
1140,1141,1142
1152,1153,1154
1143,1144,1145
1113,1114,1115
1110,1111,1112
1155,1156,1157
1113,1114,1115
1155,1156,1157
1146,1147,1148
1146,1147,1148
1155,1156,1157
1158,1159,1160
1146,1147,1148
1158,1159,1160
1149,1150,1151
1149,1150,1151
1158,1159,1160
1161,1162,1163
1149,1150,1151
1161,1162,1163
1152,1153,1154
1110,1111,1112
1107,1108,1109
1164,1165,1166
1110,1111,1112
1164,1165,1166
1155,1156,1157
1155,1156,1157
1164,1165,1166
1167,1168,1169
1155,1156,1157
1167,1168,1169
1158,1159,1160
1158,1159,1160
1167,1168,1169
1170,1171,1172
1158,1159,1160
1170,1171,1172
1161,1162,1163
1107,1108,1109
1104,1105,1106
1173,1174,1175
1107,1108,1109
1173,1174,1175
1164,1165,1166
1164,1165,1166
1173,1174,1175
1176,1177,1178
1164,1165,1166
1176,1177,1178
1167,1168,1169
1167,1168,1169
1176,1177,1178
1179,1180,1181
1167,1168,1169
1179,1180,1181
1170,1171,1172
1104,1105,1106
1101,1102,1103
1182,1183,1184
1104,1105,1106
1182,1183,1184
1173,1174,1175
1173,1174,1175
1182,1183,1184
1185,1186,1187
1173,1174,1175
1185,1186,1187
1176,1177,1178
1176,1177,1178
1185,1186,1187
1188,1189,1190
1176,1177,1178
1188,1189,1190
1179,1180,1181
1101,1102,1103
1098,1099,1100
1191,1192,1193
1101,1102,1103
1191,1192,1193
1182,1183,1184
1182,1183,1184
1191,1192,1193
1194,1195,1196
1182,1183,1184
1194,1195,1196
1185,1186,1187
1185,1186,1187
1194,1195,1196
1197,1198,1199
1185,1186,1187
1197,1198,1199
1188,1189,1190
1098,1099,1100
1095,1096,1097
1200,1201,1202
1098,1099,1100
1200,1201,1202
1191,1192,1193
1191,1192,1193
1200,1201,1202
1203,1204,1205
1191,1192,1193
1203,1204,1205
1194,1195,1196
1194,1195,1196
1203,1204,1205
1206,1207,1208
1194,1195,1196
1206,1207,1208
1197,1198,1199
1095,1096,1097
1092,1093,1094
1209,1210,1211
1095,1096,1097
1209,1210,1211
1200,1201,1202
1200,1201,1202
1209,1210,1211
1212,1213,1214
1200,1201,1202
1212,1213,1214
1203,1204,1205
1203,1204,1205
1212,1213,1214
1215,1216,1217
1203,1204,1205
1215,1216,1217
1206,1207,1208
1092,1093,1094
1089,1090,1091
1218,1219,1220
1092,1093,1094
1218,1219,1220
1209,1210,1211
1209,1210,1211
1218,1219,1220
1221,1222,1223
1209,1210,1211
1221,1222,1223
1212,1213,1214
1212,1213,1214
1221,1222,1223
1224,1225,1226
1212,1213,1214
1224,1225,1226
1215,1216,1217
1089,1090,1091
1086,1087,1088
1227,1228,1229
1089,1090,1091
1227,1228,1229
1218,1219,1220
1086,1087,1088
909,910,911
1227,1228,1229
909,910,911
843,844,845
1227,1228,1229
807,808,809
1143,1144,1145
801,802,803
1227,1228,1229
843,844,845
1230,1231,1232
1227,1228,1229
1230,1231,1232
1218,1219,1220
1218,1219,1220
1230,1231,1232
1221,1222,1223
843,844,845
840,841,842
1230,1231,1232
1230,1231,1232
840,841,842
1233,1234,1235
1230,1231,1232
1233,1234,1235
1221,1222,1223
1221,1222,1223
1233,1234,1235
1224,1225,1226
840,841,842
762,763,764
1233,1234,1235
1233,1234,1235
762,763,764
1236,1237,1238
1233,1234,1235
1236,1237,1238
1224,1225,1226
762,763,764
759,760,761
1236,1237,1238
1224,1225,1226
1236,1237,1238
1239,1240,1241
1224,1225,1226
1239,1240,1241
1215,1216,1217
1236,1237,1238
759,760,761
474,475,476
1236,1237,1238
474,475,476
1239,1240,1241
759,760,761
450,451,452
474,475,476
1215,1216,1217
1239,1240,1241
1242,1243,1244
1215,1216,1217
1242,1243,1244
1206,1207,1208
1239,1240,1241
474,475,476
471,472,473
1239,1240,1241
471,472,473
1242,1243,1244
1206,1207,1208
1242,1243,1244
1245,1246,1247
1206,1207,1208
1245,1246,1247
1197,1198,1199
1242,1243,1244
471,472,473
468,469,470
1242,1243,1244
468,469,470
1245,1246,1247
1197,1198,1199
1245,1246,1247
1248,1249,1250
1197,1198,1199
1248,1249,1250
1188,1189,1190
1245,1246,1247
468,469,470
465,466,467
1245,1246,1247
465,466,467
1248,1249,1250
1188,1189,1190
1248,1249,1250
1251,1252,1253
1188,1189,1190
1251,1252,1253
1179,1180,1181
1248,1249,1250
465,466,467
480,481,482
1248,1249,1250
480,481,482
1251,1252,1253
480,481,482
486,487,488
1251,1252,1253
345,346,347
342,343,344
543,544,545
1251,1252,1253
486,487,488
1254,1255,1256
1251,1252,1253
1254,1255,1256
1179,1180,1181
1179,1180,1181
1254,1255,1256
1170,1171,1172
486,487,488
492,493,494
1254,1255,1256
75,76,77
72,73,74
330,331,332
1254,1255,1256
492,493,494
1257,1258,1259
1254,1255,1256
1257,1258,1259
1170,1171,1172
1170,1171,1172
1257,1258,1259
1161,1162,1163
492,493,494
498,499,500
1257,1258,1259
42,43,44
546,547,548
33,34,35
1257,1258,1259
498,499,500
1260,1261,1262
1257,1258,1259
1260,1261,1262
1161,1162,1163
1161,1162,1163
1260,1261,1262
1152,1153,1154
498,499,500
519,520,521
1260,1261,1262
1260,1261,1262
519,520,521
1263,1264,1265
1260,1261,1262
1263,1264,1265
1152,1153,1154
1152,1153,1154
1263,1264,1265
1143,1144,1145
1143,1144,1145
1263,1264,1265
801,802,803
801,802,803
1263,1264,1265
525,526,527
1263,1264,1265
519,520,521
525,526,527
546,547,548
543,544,545
1266,1267,1268
546,547,548
1266,1267,1268
33,34,35
543,544,545
342,343,344
1266,1267,1268
33,34,35
1266,1267,1268
24,25,26
1266,1267,1268
342,343,344
1269,1270,1271
1266,1267,1268
1269,1270,1271
24,25,26
342,343,344
333,334,335
1269,1270,1271
24,25,26
1269,1270,1271
27,28,29
1269,1270,1271
333,334,335
1272,1273,1274
1269,1270,1271
1272,1273,1274
27,28,29
333,334,335
330,331,332
1272,1273,1274
330,331,332
72,73,74
1272,1273,1274
1272,1273,1274
72,73,74
27,28,29
1275,1276,1277
1278,1279,1280
1281,1282,1283
1281,1282,1283
1278,1279,1280
1284,1285,1286
1299,1300,1301
1296,1297,1298
1311,1312,1313
1299,1300,1301
1311,1312,1313
1302,1303,1304
1302,1303,1304
1311,1312,1313
1314,1315,1316
1302,1303,1304
1314,1315,1316
1305,1306,1307
1305,1306,1307
1314,1315,1316
1317,1318,1319
1305,1306,1307
1317,1318,1319
1308,1309,1310
1308,1309,1310
1317,1318,1319
1320,1321,1322
1308,1309,1310
1320,1321,1322
1275,1276,1277
1275,1276,1277
1320,1321,1322
1278,1279,1280
1296,1297,1298
1293,1294,1295
1323,1324,1325
1296,1297,1298
1323,1324,1325
1311,1312,1313
1293,1294,1295
1290,1291,1292
1326,1327,1328
1293,1294,1295
1326,1327,1328
1323,1324,1325
1284,1285,1286
1278,1279,1280
1329,1330,1331
1284,1285,1286
1329,1330,1331
1287,1288,1289
1287,1288,1289
1329,1330,1331
1332,1333,1334
1287,1288,1289
1332,1333,1334
1290,1291,1292
1290,1291,1292
1332,1333,1334
1335,1336,1337
1290,1291,1292
1335,1336,1337
1326,1327,1328
1326,1327,1328
1335,1336,1337
1338,1339,1340
1326,1327,1328
1338,1339,1340
1323,1324,1325
1335,1336,1337
1332,1333,1334
1341,1342,1343
1335,1336,1337
1341,1342,1343
1338,1339,1340
1332,1333,1334
1329,1330,1331
1344,1345,1346
1332,1333,1334
1344,1345,1346
1341,1342,1343
1329,1330,1331
1278,1279,1280
1347,1348,1349
1329,1330,1331
1347,1348,1349
1344,1345,1346
1344,1345,1346
1347,1348,1349
1350,1351,1352
1344,1345,1346
1350,1351,1352
1341,1342,1343
1323,1324,1325
1338,1339,1340
1353,1354,1355
1323,1324,1325
1353,1354,1355
1311,1312,1313
1311,1312,1313
1353,1354,1355
1356,1357,1358
1311,1312,1313
1356,1357,1358
1314,1315,1316
1314,1315,1316
1356,1357,1358
1359,1360,1361
1314,1315,1316
1359,1360,1361
1317,1318,1319
1317,1318,1319
1359,1360,1361
1362,1363,1364
1317,1318,1319
1362,1363,1364
1320,1321,1322
1320,1321,1322
1362,1363,1364
1365,1366,1367
1320,1321,1322
1365,1366,1367
1278,1279,1280
1278,1279,1280
1365,1366,1367
1368,1369,1370
1278,1279,1280
1368,1369,1370
1347,1348,1349
1347,1348,1349
1368,1369,1370
1371,1372,1373
1347,1348,1349
1371,1372,1373
1350,1351,1352
1368,1369,1370
1365,1366,1367
1374,1375,1376
1368,1369,1370
1374,1375,1376
1371,1372,1373
1365,1366,1367
1362,1363,1364
1377,1378,1379
1365,1366,1367
1377,1378,1379
1374,1375,1376
1362,1363,1364
1359,1360,1361
1380,1381,1382
1362,1363,1364
1380,1381,1382
1377,1378,1379
1359,1360,1361
1356,1357,1358
1383,1384,1385
1359,1360,1361
1383,1384,1385
1380,1381,1382
1356,1357,1358
1353,1354,1355
1386,1387,1388
1356,1357,1358
1386,1387,1388
1383,1384,1385
1353,1354,1355
1338,1339,1340
1389,1390,1391
1353,1354,1355
1389,1390,1391
1386,1387,1388
1338,1339,1340
1341,1342,1343
1392,1393,1394
1338,1339,1340
1392,1393,1394
1389,1390,1391
1389,1390,1391
1392,1393,1394
1395,1396,1397
1389,1390,1391
1395,1396,1397
1386,1387,1388
1386,1387,1388
1395,1396,1397
1398,1399,1400
1386,1387,1388
1398,1399,1400
1383,1384,1385
1398,1399,1400
1422,1423,1424
1383,1384,1385
1395,1396,1397
1392,1393,1394
1401,1402,1403
1383,1384,1385
1422,1423,1424
1380,1381,1382
1422,1423,1424
1419,1420,1421
1380,1381,1382
1380,1381,1382
1419,1420,1421
1377,1378,1379
1419,1420,1421
1416,1417,1418
1377,1378,1379
1377,1378,1379
1416,1417,1418
1374,1375,1376
1416,1417,1418
1413,1414,1415
1374,1375,1376
1374,1375,1376
1413,1414,1415
1371,1372,1373
1413,1414,1415
1410,1411,1412
1371,1372,1373
1410,1411,1412
1407,1408,1409
1371,1372,1373
1371,1372,1373
1407,1408,1409
1350,1351,1352
1407,1408,1409
1404,1405,1406
1350,1351,1352
1404,1405,1406
1401,1402,1403
1425,1426,1427
1404,1405,1406
1425,1426,1427
1350,1351,1352
1401,1402,1403
1392,1393,1394
1425,1426,1427
1392,1393,1394
1341,1342,1343
1425,1426,1427
1425,1426,1427
1341,1342,1343
1350,1351,1352
