0,1,2
3,4,5
6,7,8
3,4,5
27,28,29
6,7,8
27,28,29
24,25,26
30,31,32
27,28,29
30,31,32
6,7,8
24,25,26
21,22,23
33,34,35
24,25,26
33,34,35
30,31,32
30,31,32
33,34,35
36,37,38
30,31,32
36,37,38
6,7,8
21,22,23
18,19,20
39,40,41
21,22,23
39,40,41
33,34,35
18,19,20
15,16,17
39,40,41
33,34,35
39,40,41
42,43,44
33,34,35
42,43,44
36,37,38
15,16,17
12,13,14
45,46,47
15,16,17
45,46,47
39,40,41
12,13,14
9,10,11
48,49,50
12,13,14
48,49,50
45,46,47
9,10,11
0,1,2
48,49,50
0,1,2
6,7,8
48,49,50
45,46,47
48,49,50
51,52,53
45,46,47
51,52,53
54,55,56
45,46,47
54,55,56
39,40,41
39,40,41
54,55,56
57,58,59
39,40,41
57,58,59
42,43,44
54,55,56
51,52,53
60,61,62
54,55,56
60,61,62
63,64,65
54,55,56
63,64,65
57,58,59
42,43,44
57,58,59
66,67,68
42,43,44
66,67,68
69,70,71
42,43,44
69,70,71
36,37,38
57,58,59
63,64,65
72,73,74
57,58,59
72,73,74
75,76,77
57,58,59
75,76,77
66,67,68
72,73,74
63,64,65
78,79,80
72,73,74
78,79,80
75,76,77
75,76,77
78,79,80
81,82,83
75,76,77
81,82,83
66,67,68
81,82,83
105,106,107
66,67,68
78,79,80
63,64,65
84,85,86
66,67,68
105,106,107
69,70,71
105,106,107
102,103,104
69,70,71
63,64,65
60,61,62
84,85,86
84,85,86
60,61,62
87,88,89
102,103,104
99,100,101
108,109,110
102,103,104
108,109,110
69,70,71
69,70,71
108,109,110
36,37,38
99,100,101
96,97,98
111,112,113
99,100,101
111,112,113
108,109,110
108,109,110
111,112,113
114,115,116
108,109,110
114,115,116
36,37,38
36,37,38
114,115,116
6,7,8
111,112,113
96,97,98
117,118,119
111,112,113
117,118,119
114,115,116
96,97,98
93,94,95
117,118,119
93,94,95
90,91,92
117,118,119
117,118,119
90,91,92
120,121,122
117,118,119
120,121,122
114,115,116
90,91,92
87,88,89
120,121,122
87,88,89
60,61,62
120,121,122
60,61,62
51,52,53
120,121,122
120,121,122
51,52,53
114,115,116
6,7,8
114,115,116
123,124,125
6,7,8
123,124,125
48,49,50
114,115,116
51,52,53
126,127,128
114,115,116
126,127,128
123,124,125
51,52,53
48,49,50
129,130,131
51,52,53
129,130,131
126,127,128
48,49,50
123,124,125
132,133,134
48,49,50
132,133,134
129,130,131
132,133,134
123,124,125
135,136,137
132,133,134
135,136,137
138,139,140
132,133,134
138,139,140
141,142,143
132,133,134
141,142,143
144,145,146
132,133,134
144,145,146
129,130,131
138,139,140
165,166,167
141,142,143
135,136,137
123,124,125
147,148,149
147,148,149
123,124,125
150,151,152
165,166,167
162,163,164
168,169,170
165,166,167
168,169,170
141,142,143
162,163,164
159,160,161
168,169,170
159,160,161
156,157,158
171,172,173
159,160,161
171,172,173
168,169,170
156,157,158
153,154,155
171,172,173
168,169,170
171,172,173
174,175,176
168,169,170
174,175,176
141,142,143
141,142,143
174,175,176
144,145,146
153,154,155
150,151,152
177,178,179
153,154,155
177,178,179
171,172,173
150,151,152
123,124,125
177,178,179
123,124,125
126,127,128
177,178,179
171,172,173
177,178,179
180,181,182
171,172,173
180,181,182
174,175,176
177,178,179
126,127,128
183,184,185
177,178,179
183,184,185
180,181,182
183,184,185
126,127,128
186,187,188
183,184,185
186,187,188
189,190,191
183,184,185
189,190,191
180,181,182
174,175,176
180,181,182
192,193,194
174,175,176
192,193,194
195,196,197
174,175,176
195,196,197
144,145,146
144,145,146
195,196,197
198,199,200
144,145,146
198,199,200
129,130,131
195,196,197
192,193,194
201,202,203
195,196,197
201,202,203
204,205,206
195,196,197
204,205,206
198,199,200
204,205,206
228,229,230
198,199,200
228,229,230
225,226,227
198,199,200
201,202,203
192,193,194
207,208,209
225,226,227
222,223,224
231,232,233
225,226,227
231,232,233
198,199,200
198,199,200
231,232,233
129,130,131
231,232,233
222,223,224
234,235,236
231,232,233
234,235,236
129,130,131
222,223,224
219,220,221
234,235,236
129,130,131
234,235,236
126,127,128
234,235,236
219,220,221
237,238,239
234,235,236
237,238,239
126,127,128
219,220,221
216,217,218
237,238,239
126,127,128
237,238,239
186,187,188
237,238,239
216,217,218
186,187,188
216,217,218
213,214,215
186,187,188
186,187,188
213,214,215
189,190,191
213,214,215
210,211,212
189,190,191
207,208,209
192,193,194
240,241,242
207,208,209
240,241,242
210,211,212
192,193,194
180,181,182
240,241,242
240,241,242
180,181,182
243,244,245
240,241,242
243,244,245
210,211,212
210,211,212
243,244,245
189,190,191
243,244,245
180,181,182
189,190,191
