0,1,2
3,4,5
6,7,8
0,1,2
6,7,8
9,10,11
0,1,2
9,10,11
12,13,14
0,1,2
12,13,14
15,16,17
0,1,2
15,16,17
3,4,5
9,10,11
6,7,8
18,19,20
9,10,11
18,19,20
21,22,23
9,10,11
21,22,23
12,13,14
12,13,14
21,22,23
24,25,26
12,13,14
24,25,26
27,28,29
12,13,14
27,28,29
15,16,17
21,22,23
18,19,20
30,31,32
21,22,23
30,31,32
33,34,35
21,22,23
33,34,35
24,25,26
24,25,26
33,34,35
36,37,38
24,25,26
36,37,38
39,40,41
24,25,26
39,40,41
27,28,29
33,34,35
30,31,32
42,43,44
33,34,35
42,43,44
45,46,47
33,34,35
45,46,47
36,37,38
45,46,47
42,43,44
48,49,50
45,46,47
48,49,50
51,52,53
45,46,47
51,52,53
36,37,38
36,37,38
51,52,53
54,55,56
36,37,38
54,55,56
39,40,41
54,55,56
51,52,53
57,58,59
54,55,56
57,58,59
60,61,62
54,55,56
60,61,62
39,40,41
39,40,41
60,61,62
63,64,65
39,40,41
63,64,65
27,28,29
27,28,29
63,64,65
66,67,68
27,28,29
66,67,68
15,16,17
63,64,65
60,61,62
69,70,71
63,64,65
69,70,71
66,67,68
60,61,62
57,58,59
72,73,74
60,61,62
72,73,74
69,70,71
15,16,17
66,67,68
75,76,77
15,16,17
75,76,77
3,4,5
66,67,68
69,70,71
78,79,80
66,67,68
78,79,80
75,76,77
69,70,71
72,73,74
81,82,83
69,70,71
81,82,83
78,79,80
81,82,83
72,73,74
84,85,86
81,82,83
84,85,86
78,79,80
72,73,74
57,58,59
87,88,89
72,73,74
87,88,89
84,85,86
84,85,86
87,88,89
90,91,92
84,85,86
90,91,92
78,79,80
78,79,80
90,91,92
93,94,95
78,79,80
93,94,95
75,76,77
90,91,92
87,88,89
96,97,98
90,91,92
96,97,98
93,94,95
75,76,77
93,94,95
99,100,101
75,76,77
99,100,101
3,4,5
99,100,101
93,94,95
102,103,104
99,100,101
102,103,104
105,106,107
99,100,101
105,106,107
3,4,5
93,94,95
96,97,98
108,109,110
93,94,95
108,109,110
102,103,104
96,97,98
87,88,89
111,112,113
96,97,98
111,112,113
108,109,110
3,4,5
105,106,107
114,115,116
3,4,5
114,115,116
6,7,8
105,106,107
102,103,104
117,118,119
105,106,107
117,118,119
114,115,116
102,103,104
108,109,110
120,121,122
102,103,104
120,121,122
117,118,119
108,109,110
111,112,113
123,124,125
108,109,110
123,124,125
120,121,122
111,112,113
87,88,89
126,127,128
111,112,113
126,127,128
123,124,125
126,127,128
87,88,89
129,130,131
126,127,128
129,130,131
123,124,125
123,124,125
129,130,131
132,133,134
123,124,125
132,133,134
120,121,122
129,130,131
87,88,89
135,136,137
129,130,131
135,136,137
138,139,140
129,130,131
138,139,140
132,133,134
87,88,89
57,58,59
141,142,143
87,88,89
141,142,143
135,136,137
141,142,143
57,58,59
144,145,146
141,142,143
144,145,146
147,148,149
141,142,143
147,148,149
135,136,137
135,136,137
147,148,149
150,151,152
135,136,137
150,151,152
138,139,140
147,148,149
144,145,146
153,154,155
147,148,149
153,154,155
156,157,158
147,148,149
156,157,158
150,151,152
144,145,146
57,58,59
159,160,161
144,145,146
159,160,161
153,154,155
159,160,161
57,58,59
162,163,164
159,160,161
162,163,164
165,166,167
159,160,161
165,166,167
153,154,155
153,154,155
165,166,167
168,169,170
153,154,155
168,169,170
156,157,158
57,58,59
51,52,53
171,172,173
57,58,59
171,172,173
162,163,164
171,172,173
51,52,53
174,175,176
171,172,173
174,175,176
177,178,179
171,172,173
177,178,179
162,163,164
174,175,176
51,52,53
180,181,182
174,175,176
180,181,182
183,184,185
174,175,176
183,184,185
177,178,179
51,52,53
48,49,50
186,187,188
51,52,53
186,187,188
180,181,182
180,181,182
186,187,188
189,190,191
180,181,182
189,190,191
183,184,185
186,187,188
48,49,50
192,193,194
186,187,188
192,193,194
189,190,191
48,49,50
42,43,44
192,193,194
192,193,194
42,43,44
195,196,197
192,193,194
195,196,197
189,190,191
189,190,191
195,196,197
198,199,200
189,190,191
198,199,200
183,184,185
42,43,44
30,31,32
201,202,203
42,43,44
201,202,203
195,196,197
30,31,32
18,19,20
204,205,206
30,31,32
204,205,206
201,202,203
204,205,206
18,19,20
207,208,209
204,205,206
207,208,209
210,211,212
204,205,206
210,211,212
201,202,203
201,202,203
210,211,212
213,214,215
201,202,203
213,214,215
195,196,197
210,211,212
207,208,209
216,217,218
210,211,212
216,217,218
213,214,215
207,208,209
18,19,20
6,7,8
207,208,209
6,7,8
216,217,218
195,196,197
213,214,215
219,220,221
195,196,197
219,220,221
198,199,200
213,214,215
216,217,218
222,223,224
213,214,215
222,223,224
219,220,221
219,220,221
222,223,224
225,226,227
219,220,221
225,226,227
228,229,230
219,220,221
228,229,230
198,199,200
198,199,200
228,229,230
231,232,233
198,199,200
231,232,233
183,184,185
228,229,230
225,226,227
234,235,236
228,229,230
234,235,236
231,232,233
183,184,185
231,232,233
237,238,239
183,184,185
237,238,239
177,178,179
231,232,233
234,235,236
240,241,242
231,232,233
240,241,242
237,238,239
177,178,179
237,238,239
243,244,245
177,178,179
243,244,245
162,163,164
243,244,245
237,238,239
246,247,248
243,244,245
246,247,248
249,250,251
243,244,245
249,250,251
162,163,164
249,250,251
246,247,248
252,253,254
249,250,251
252,253,254
162,163,164
162,163,164
252,253,254
165,166,167
252,253,254
246,247,248
255,256,257
252,253,254
255,256,257
165,166,167
165,166,167
255,256,257
168,169,170
246,247,248
237,238,239
258,259,260
246,247,248
258,259,260
255,256,257
237,238,239
240,241,242
258,259,260
255,256,257
258,259,260
261,262,263
255,256,257
261,262,263
168,169,170
258,259,260
240,241,242
264,265,266
258,259,260
264,265,266
261,262,263
240,241,242
234,235,236
264,265,266
168,169,170
261,262,263
267,268,269
168,169,170
267,268,269
156,157,158
261,262,263
264,265,266
270,271,272
261,262,263
270,271,272
267,268,269
156,157,158
267,268,269
273,274,275
156,157,158
273,274,275
150,151,152
267,268,269
270,271,272
276,277,278
267,268,269
276,277,278
273,274,275
270,271,272
264,265,266
279,280,281
270,271,272
279,280,281
276,277,278
276,277,278
279,280,281
282,283,284
276,277,278
282,283,284
273,274,275
273,274,275
282,283,284
285,286,287
273,274,275
285,286,287
150,151,152
150,151,152
285,286,287
138,139,140
264,265,266
234,235,236
288,289,290
264,265,266
288,289,290
279,280,281
234,235,236
225,226,227
291,292,293
234,235,236
291,292,293
288,289,290
138,139,140
285,286,287
294,295,296
138,139,140
294,295,296
132,133,134
285,286,287
282,283,284
297,298,299
285,286,287
297,298,299
294,295,296
282,283,284
279,280,281
300,301,302
282,283,284
300,301,302
297,298,299
297,298,299
300,301,302
303,304,305
297,298,299
303,304,305
294,295,296
294,295,296
303,304,305
306,307,308
294,295,296
306,307,308
132,133,134
132,133,134
306,307,308
120,121,122
303,304,305
300,301,302
309,310,311
303,304,305
309,310,311
306,307,308
309,310,311
300,301,302
312,313,314
309,310,311
312,313,314
306,307,308
306,307,308
312,313,314
120,121,122
120,121,122
312,313,314
117,118,119
312,313,314
300,301,302
315,316,317
312,313,314
315,316,317
117,118,119
117,118,119
315,316,317
114,115,116
279,280,281
288,289,290
318,319,320
279,280,281
318,319,320
300,301,302
300,301,302
318,319,320
321,322,323
300,301,302
321,322,323
315,316,317
288,289,290
291,292,293
324,325,326
288,289,290
324,325,326
318,319,320
291,292,293
225,226,227
327,328,329
291,292,293
327,328,329
324,325,326
327,328,329
225,226,227
324,325,326
6,7,8
114,115,116
330,331,332
6,7,8
330,331,332
216,217,218
216,217,218
330,331,332
333,334,335
216,217,218
333,334,335
222,223,224
333,334,335
330,331,332
336,337,338
333,334,335
336,337,338
339,340,341
333,334,335
339,340,341
222,223,224
336,337,338
330,331,332
342,343,344
336,337,338
342,343,344
339,340,341
342,343,344
330,331,332
345,346,347
342,343,344
345,346,347
339,340,341
345,346,347
330,331,332
348,349,350
345,346,347
348,349,350
339,340,341
348,349,350
330,331,332
351,352,353
348,349,350
351,352,353
354,355,356
348,349,350
354,355,356
339,340,341
354,355,356
351,352,353
357,358,359
354,355,356
357,358,359
339,340,341
330,331,332
114,115,116
360,361,362
330,331,332
360,361,362
351,352,353
357,358,359
351,352,353
363,364,365
357,358,359
363,364,365
366,367,368
357,358,359
366,367,368
339,340,341
366,367,368
363,364,365
369,370,371
366,367,368
369,370,371
372,373,374
366,367,368
372,373,374
339,340,341
363,364,365
351,352,353
375,376,377
363,364,365
375,376,377
378,379,380
363,364,365
378,379,380
369,370,371
351,352,353
360,361,362
381,382,383
351,352,353
381,382,383
375,376,377
360,361,362
114,115,116
384,385,386
360,361,362
384,385,386
387,388,389
360,361,362
387,388,389
381,382,383
114,115,116
315,316,317
390,391,392
114,115,116
390,391,392
384,385,386
315,316,317
321,322,323
393,394,395
315,316,317
393,394,395
390,391,392
390,391,392
393,394,395
396,397,398
390,391,392
396,397,398
399,400,401
390,391,392
399,400,401
384,385,386
384,385,386
399,400,401
402,403,404
384,385,386
402,403,404
387,388,389
393,394,395
321,322,323
405,406,407
393,394,395
405,406,407
408,409,410
393,394,395
408,409,410
396,397,398
321,322,323
318,319,320
411,412,413
321,322,323
411,412,413
405,406,407
405,406,407
411,412,413
414,415,416
405,406,407
414,415,416
417,418,419
405,406,407
417,418,419
408,409,410
414,415,416
411,412,413
420,421,422
414,415,416
420,421,422
417,418,419
411,412,413
318,319,320
423,424,425
411,412,413
423,424,425
420,421,422
420,421,422
423,424,425
426,427,428
420,421,422
426,427,428
417,418,419
426,427,428
423,424,425
429,430,431
426,427,428
429,430,431
432,433,434
426,427,428
432,433,434
417,418,419
429,430,431
423,424,425
435,436,437
429,430,431
435,436,437
438,439,440
429,430,431
438,439,440
432,433,434
435,436,437
423,424,425
441,442,443
435,436,437
441,442,443
438,439,440
441,442,443
423,424,425
444,445,446
441,442,443
444,445,446
438,439,440
423,424,425
318,319,320
444,445,446
444,445,446
318,319,320
447,448,449
444,445,446
447,448,449
438,439,440
447,448,449
318,319,320
324,325,326
447,448,449
324,325,326
438,439,440
324,325,326
225,226,227
438,439,440
417,418,419
432,433,434
450,451,452
417,418,419
450,451,452
453,454,455
417,418,419
453,454,455
408,409,410
408,409,410
453,454,455
456,457,458
408,409,410
456,457,458
396,397,398
396,397,398
456,457,458
459,460,461
396,397,398
459,460,461
399,400,401
456,457,458
453,454,455
462,463,464
456,457,458
462,463,464
465,466,467
456,457,458
465,466,467
459,460,461
453,454,455
450,451,452
468,469,470
453,454,455
468,469,470
462,463,464
450,451,452
432,433,434
471,472,473
450,451,452
471,472,473
468,469,470
432,433,434
438,439,440
474,475,476
432,433,434
474,475,476
471,472,473
474,475,476
438,439,440
477,478,479
474,475,476
477,478,479
480,481,482
474,475,476
480,481,482
471,472,473
471,472,473
480,481,482
483,484,485
471,472,473
483,484,485
486,487,488
471,472,473
486,487,488
468,469,470
480,481,482
477,478,479
489,490,491
480,481,482
489,490,491
492,493,494
480,481,482
492,493,494
483,484,485
477,478,479
438,439,440
495,496,497
477,478,479
495,496,497
498,499,500
477,478,479
498,499,500
489,490,491
438,439,440
225,226,227
501,502,503
438,439,440
501,502,503
495,496,497
501,502,503
225,226,227
504,505,506
501,502,503
504,505,506
507,508,509
501,502,503
507,508,509
495,496,497
504,505,506
225,226,227
222,223,224
504,505,506
222,223,224
510,511,512
504,505,506
510,511,512
507,508,509
495,496,497
507,508,509
513,514,515
495,496,497
513,514,515
516,517,518
495,496,497
516,517,518
498,499,500
507,508,509
510,511,512
519,520,521
507,508,509
519,520,521
522,523,524
507,508,509
522,523,524
513,514,515
522,523,524
519,520,521
525,526,527
522,523,524
525,526,527
513,514,515
525,526,527
519,520,521
528,529,530
525,526,527
528,529,530
531,532,533
525,526,527
531,532,533
513,514,515
513,514,515
531,532,533
534,535,536
513,514,515
534,535,536
516,517,518
531,532,533
528,529,530
537,538,539
531,532,533
537,538,539
540,541,542
531,532,533
540,541,542
534,535,536
540,541,542
537,538,539
543,544,545
540,541,542
543,544,545
546,547,548
540,541,542
546,547,548
534,535,536
537,538,539
528,529,530
549,550,551
537,538,539
549,550,551
543,544,545
543,544,545
549,550,551
552,553,554
543,544,545
552,553,554
546,547,548
546,547,548
552,553,554
555,556,557
546,547,548
555,556,557
558,559,560
546,547,548
558,559,560
534,535,536
558,559,560
555,556,557
561,562,563
558,559,560
561,562,563
564,565,566
558,559,560
564,565,566
534,535,536
534,535,536
564,565,566
567,568,569
534,535,536
567,568,569
516,517,518
564,565,566
561,562,563
570,571,572
564,565,566
570,571,572
567,568,569
561,562,563
555,556,557
573,574,575
561,562,563
573,574,575
570,571,572
570,571,572
573,574,575
576,577,578
570,571,572
576,577,578
579,580,581
570,571,572
579,580,581
567,568,569
567,568,569
579,580,581
582,583,584
567,568,569
582,583,584
516,517,518
516,517,518
582,583,584
585,586,587
516,517,518
585,586,587
498,499,500
582,583,584
579,580,581
588,589,590
582,583,584
588,589,590
585,586,587
585,586,587
588,589,590
591,592,593
585,586,587
591,592,593
498,499,500
498,499,500
591,592,593
489,490,491
579,580,581
576,577,578
594,595,596
579,580,581
594,595,596
588,589,590
489,490,491
591,592,593
597,598,599
489,490,491
597,598,599
492,493,494
591,592,593
588,589,590
600,601,602
591,592,593
600,601,602
603,604,605
591,592,593
603,604,605
597,598,599
588,589,590
594,595,596
606,607,608
588,589,590
606,607,608
600,601,602
600,601,602
606,607,608
609,610,611
600,601,602
609,610,611
603,604,605
606,607,608
594,595,596
612,613,614
606,607,608
612,613,614
615,616,617
606,607,608
615,616,617
609,610,611
594,595,596
576,577,578
372,373,374
594,595,596
372,373,374
612,613,614
576,577,578
573,574,575
618,619,620
576,577,578
618,619,620
372,373,374
612,613,614
372,373,374
369,370,371
612,613,614
369,370,371
621,622,623
612,613,614
621,622,623
615,616,617
615,616,617
621,622,623
624,625,626
615,616,617
624,625,626
627,628,629
615,616,617
627,628,629
609,610,611
609,610,611
627,628,629
630,631,632
609,610,611
630,631,632
603,604,605
603,604,605
630,631,632
633,634,635
603,604,605
633,634,635
597,598,599
597,598,599
633,634,635
636,637,638
597,598,599
636,637,638
492,493,494
492,493,494
636,637,638
639,640,641
492,493,494
639,640,641
483,484,485
636,637,638
633,634,635
642,643,644
636,637,638
642,643,644
645,646,647
636,637,638
645,646,647
639,640,641
633,634,635
630,631,632
648,649,650
633,634,635
648,649,650
642,643,644
630,631,632
627,628,629
651,652,653
630,631,632
651,652,653
648,649,650
627,628,629
624,625,626
654,655,656
627,628,629
654,655,656
651,652,653
651,652,653
654,655,656
657,658,659
651,652,653
657,658,659
660,661,662
651,652,653
660,661,662
648,649,650
648,649,650
660,661,662
663,664,665
648,649,650
663,664,665
642,643,644
642,643,644
663,664,665
666,667,668
642,643,644
666,667,668
645,646,647
663,664,665
660,661,662
669,670,671
663,664,665
669,670,671
672,673,674
663,664,665
672,673,674
666,667,668
660,661,662
657,658,659
675,676,677
660,661,662
675,676,677
669,670,671
669,670,671
675,676,677
678,679,680
669,670,671
678,679,680
681,682,683
669,670,671
681,682,683
672,673,674
675,676,677
657,658,659
684,685,686
675,676,677
684,685,686
687,688,689
675,676,677
687,688,689
678,679,680
657,658,659
654,655,656
690,691,692
657,658,659
690,691,692
684,685,686
654,655,656
624,625,626
693,694,695
654,655,656
693,694,695
690,691,692
693,694,695
624,625,626
696,697,698
693,694,695
696,697,698
690,691,692
624,625,626
621,622,623
696,697,698
696,697,698
621,622,623
699,700,701
696,697,698
699,700,701
690,691,692
621,622,623
369,370,371
699,700,701
699,700,701
369,370,371
702,703,704
699,700,701
702,703,704
690,691,692
690,691,692
702,703,704
684,685,686
684,685,686
702,703,704
705,706,707
684,685,686
705,706,707
687,688,689
702,703,704
369,370,371
708,709,710
702,703,704
708,709,710
711,712,713
702,703,704
711,712,713
705,706,707
711,712,713
708,709,710
714,715,716
711,712,713
714,715,716
705,706,707
705,706,707
714,715,716
717,718,719
705,706,707
717,718,719
687,688,689
687,688,689
717,718,719
720,721,722
687,688,689
720,721,722
678,679,680
678,679,680
720,721,722
723,724,725
678,679,680
723,724,725
681,682,683
720,721,722
717,718,719
726,727,728
720,721,722
726,727,728
729,730,731
720,721,722
729,730,731
723,724,725
717,718,719
714,715,716
732,733,734
717,718,719
732,733,734
726,727,728
714,715,716
708,709,710
735,736,737
714,715,716
735,736,737
732,733,734
735,736,737
708,709,710
738,739,740
735,736,737
738,739,740
732,733,734
732,733,734
738,739,740
741,742,743
732,733,734
741,742,743
726,727,728
726,727,728
741,742,743
744,745,746
726,727,728
744,745,746
729,730,731
708,709,710
369,370,371
378,379,380
708,709,710
378,379,380
738,739,740
738,739,740
378,379,380
747,748,749
738,739,740
747,748,749
741,742,743
741,742,743
747,748,749
750,751,752
741,742,743
750,751,752
744,745,746
747,748,749
378,379,380
753,754,755
747,748,749
753,754,755
756,757,758
747,748,749
756,757,758
750,751,752
750,751,752
756,757,758
402,403,404
750,751,752
402,403,404
759,760,761
750,751,752
759,760,761
744,745,746
756,757,758
753,754,755
762,763,764
756,757,758
762,763,764
387,388,389
756,757,758
387,388,389
402,403,404
753,754,755
378,379,380
765,766,767
753,754,755
765,766,767
768,769,770
753,754,755
768,769,770
762,763,764
765,766,767
378,379,380
375,376,377
765,766,767
375,376,377
768,769,770
768,769,770
375,376,377
771,772,773
768,769,770
771,772,773
762,763,764
771,772,773
375,376,377
381,382,383
771,772,773
381,382,383
762,763,764
762,763,764
381,382,383
387,388,389
744,745,746
759,760,761
459,460,461
744,745,746
459,460,461
774,775,776
744,745,746
774,775,776
729,730,731
729,730,731
774,775,776
777,778,779
729,730,731
777,778,779
723,724,725
774,775,776
459,460,461
465,466,467
774,775,776
465,466,467
777,778,779
723,724,725
777,778,779
780,781,782
723,724,725
780,781,782
681,682,683
777,778,779
465,466,467
783,784,785
777,778,779
783,784,785
780,781,782
681,682,683
780,781,782
786,787,788
681,682,683
786,787,788
672,673,674
780,781,782
783,784,785
789,790,791
780,781,782
789,790,791
786,787,788
672,673,674
786,787,788
792,793,794
672,673,674
792,793,794
666,667,668
786,787,788
789,790,791
795,796,797
786,787,788
795,796,797
792,793,794
666,667,668
792,793,794
798,799,800
666,667,668
798,799,800
645,646,647
792,793,794
795,796,797
801,802,803
792,793,794
801,802,803
798,799,800
645,646,647
798,799,800
804,805,806
645,646,647
804,805,806
639,640,641
798,799,800
801,802,803
807,808,809
798,799,800
807,808,809
804,805,806
639,640,641
804,805,806
810,811,812
639,640,641
810,811,812
483,484,485
810,811,812
804,805,806
813,814,815
810,811,812
813,814,815
483,484,485
804,805,806
807,808,809
813,814,815
813,814,815
807,808,809
816,817,818
813,814,815
816,817,818
483,484,485
816,817,818
807,808,809
486,487,488
816,817,818
486,487,488
483,484,485
807,808,809
801,802,803
486,487,488
465,466,467
462,463,464
783,784,785
801,802,803
795,796,797
819,820,821
801,802,803
819,820,821
486,487,488
486,487,488
819,820,821
468,469,470
795,796,797
789,790,791
822,823,824
795,796,797
822,823,824
819,820,821
819,820,821
822,823,824
825,826,827
819,820,821
825,826,827
468,469,470
825,826,827
822,823,824
828,829,830
825,826,827
828,829,830
468,469,470
828,829,830
822,823,824
831,832,833
828,829,830
831,832,833
468,469,470
822,823,824
789,790,791
831,832,833
789,790,791
783,784,785
831,832,833
783,784,785
462,463,464
831,832,833
831,832,833
462,463,464
468,469,470
372,373,374
618,619,620
339,340,341
339,340,341
618,619,620
834,835,836
339,340,341
834,835,836
222,223,224
222,223,224
834,835,836
837,838,839
222,223,224
837,838,839
510,511,512
834,835,836
618,619,620
840,841,842
834,835,836
840,841,842
837,838,839
837,838,839
840,841,842
843,844,845
837,838,839
843,844,845
510,511,512
510,511,512
843,844,845
519,520,521
843,844,845
840,841,842
846,847,848
843,844,845
846,847,848
519,520,521
618,619,620
573,574,575
849,850,851
618,619,620
849,850,851
840,841,842
840,841,842
849,850,851
852,853,854
840,841,842
852,853,854
846,847,848
573,574,575
555,556,557
855,856,857
573,574,575
855,856,857
849,850,851
849,850,851
855,856,857
858,859,860
849,850,851
858,859,860
852,853,854
852,853,854
858,859,860
861,862,863
852,853,854
861,862,863
846,847,848
555,556,557
552,553,554
864,865,866
555,556,557
864,865,866
855,856,857
864,865,866
552,553,554
867,868,869
864,865,866
867,868,869
855,856,857
855,856,857
867,868,869
870,871,872
855,856,857
870,871,872
858,859,860
867,868,869
552,553,554
873,874,875
867,868,869
873,874,875
870,871,872
552,553,554
549,550,551
873,874,875
870,871,872
873,874,875
876,877,878
870,871,872
876,877,878
858,859,860
858,859,860
876,877,878
861,862,863
876,877,878
873,874,875
879,880,881
876,877,878
879,880,881
861,862,863
861,862,863
879,880,881
846,847,848
873,874,875
549,550,551
882,883,884
873,874,875
882,883,884
879,880,881
846,847,848
879,880,881
885,886,887
846,847,848
885,886,887
519,520,521
879,880,881
882,883,884
888,889,890
879,880,881
888,889,890
885,886,887
882,883,884
549,550,551
891,892,893
882,883,884
891,892,893
888,889,890
891,892,893
549,550,551
894,895,896
891,892,893
894,895,896
888,889,890
888,889,890
894,895,896
885,886,887
549,550,551
528,529,530
894,895,896
894,895,896
528,529,530
897,898,899
894,895,896
897,898,899
885,886,887
885,886,887
897,898,899
519,520,521
897,898,899
528,529,530
519,520,521
759,760,761
402,403,404
900,901,902
759,760,761
900,901,902
903,904,905
759,760,761
903,904,905
906,907,908
759,760,761
906,907,908
909,910,911
759,760,761
909,910,911
912,913,914
759,760,761
912,913,914
459,460,461
909,910,911
906,907,908
915,916,917
909,910,911
915,916,917
918,919,920
909,910,911
918,919,920
912,913,914
906,907,908
903,904,905
921,922,923
906,907,908
921,922,923
915,916,917
903,904,905
900,901,902
924,925,926
903,904,905
924,925,926
921,922,923
921,922,923
924,925,926
927,928,929
921,922,923
927,928,929
930,931,932
921,922,923
930,931,932
915,916,917
915,916,917
930,931,932
933,934,935
915,916,917
933,934,935
918,919,920
930,931,932
927,928,929
936,937,938
930,931,932
936,937,938
939,940,941
930,931,932
939,940,941
933,934,935
933,934,935
939,940,941
942,943,944
933,934,935
942,943,944
945,946,947
933,934,935
945,946,947
918,919,920
918,919,920
945,946,947
948,949,950
918,919,920
948,949,950
912,913,914
912,913,914
948,949,950
951,952,953
912,913,914
951,952,953
459,460,461
951,952,953
948,949,950
954,955,956
951,952,953
954,955,956
957,958,959
951,952,953
957,958,959
459,460,461
948,949,950
945,946,947
960,961,962
948,949,950
960,961,962
954,955,956
945,946,947
942,943,944
963,964,965
945,946,947
963,964,965
960,961,962
960,961,962
963,964,965
966,967,968
960,961,962
966,967,968
969,970,971
960,961,962
969,970,971
954,955,956
954,955,956
969,970,971
972,973,974
954,955,956
972,973,974
957,958,959
957,958,959
972,973,974
975,976,977
957,958,959
975,976,977
459,460,461
975,976,977
972,973,974
978,979,980
975,976,977
978,979,980
981,982,983
975,976,977
981,982,983
459,460,461
972,973,974
969,970,971
984,985,986
972,973,974
984,985,986
978,979,980
969,970,971
966,967,968
987,988,989
969,970,971
987,988,989
984,985,986
984,985,986
987,988,989
990,991,992
984,985,986
990,991,992
993,994,995
984,985,986
993,994,995
978,979,980
978,979,980
993,994,995
996,997,998
978,979,980
996,997,998
981,982,983
981,982,983
996,997,998
999,1000,1001
981,982,983
999,1000,1001
459,460,461
459,460,461
999,1000,1001
1002,1003,1004
459,460,461
1002,1003,1004
399,400,401
999,1000,1001
996,997,998
1005,1006,1007
999,1000,1001
1005,1006,1007
1002,1003,1004
996,997,998
993,994,995
1008,1009,1010
996,997,998
1008,1009,1010
1005,1006,1007
993,994,995
990,991,992
1011,1012,1013
993,994,995
1011,1012,1013
1008,1009,1010
1008,1009,1010
1011,1012,1013
1014,1015,1016
1008,1009,1010
1014,1015,1016
1017,1018,1019
1008,1009,1010
1017,1018,1019
1005,1006,1007
1005,1006,1007
1017,1018,1019
1020,1021,1022
1005,1006,1007
1020,1021,1022
1002,1003,1004
1002,1003,1004
1020,1021,1022
1023,1024,1025
1002,1003,1004
1023,1024,1025
399,400,401
1023,1024,1025
1020,1021,1022
1026,1027,1028
1023,1024,1025
1026,1027,1028
1029,1030,1031
1023,1024,1025
1029,1030,1031
399,400,401
1020,1021,1022
1017,1018,1019
1032,1033,1034
1020,1021,1022
1032,1033,1034
1026,1027,1028
1017,1018,1019
1014,1015,1016
1035,1036,1037
1017,1018,1019
1035,1036,1037
1032,1033,1034
1032,1033,1034
1035,1036,1037
1038,1039,1040
1032,1033,1034
1038,1039,1040
1041,1042,1043
1032,1033,1034
1041,1042,1043
1026,1027,1028
1026,1027,1028
1041,1042,1043
1044,1045,1046
1026,1027,1028
1044,1045,1046
1029,1030,1031
1029,1030,1031
1044,1045,1046
1047,1048,1049
1029,1030,1031
1047,1048,1049
399,400,401
1047,1048,1049
1044,1045,1046
1050,1051,1052
1047,1048,1049
1050,1051,1052
1053,1054,1055
1047,1048,1049
1053,1054,1055
399,400,401
1044,1045,1046
1041,1042,1043
1056,1057,1058
1044,1045,1046
1056,1057,1058
1050,1051,1052
1041,1042,1043
1038,1039,1040
1059,1060,1061
1041,1042,1043
1059,1060,1061
1056,1057,1058
1056,1057,1058
1059,1060,1061
1062,1063,1064
1056,1057,1058
1062,1063,1064
1065,1066,1067
1056,1057,1058
1065,1066,1067
1050,1051,1052
1050,1051,1052
1065,1066,1067
1068,1069,1070
1050,1051,1052
1068,1069,1070
1053,1054,1055
1053,1054,1055
1068,1069,1070
1071,1072,1073
1053,1054,1055
1071,1072,1073
399,400,401
1068,1069,1070
1065,1066,1067
1074,1075,1076
1068,1069,1070
1074,1075,1076
1077,1078,1079
1068,1069,1070
1077,1078,1079
1071,1072,1073
1065,1066,1067
1062,1063,1064
1080,1081,1082
1065,1066,1067
1080,1081,1082
1074,1075,1076
1074,1075,1076
1080,1081,1082
1083,1084,1085
1074,1075,1076
1083,1084,1085
1086,1087,1088
1074,1075,1076
1086,1087,1088
1077,1078,1079
1080,1081,1082
1062,1063,1064
1089,1090,1091
1080,1081,1082
1089,1090,1091
1092,1093,1094
1080,1081,1082
1092,1093,1094
1083,1084,1085
1062,1063,1064
1059,1060,1061
1095,1096,1097
1062,1063,1064
1095,1096,1097
1089,1090,1091
1059,1060,1061
1038,1039,1040
1098,1099,1100
1059,1060,1061
1098,1099,1100
1095,1096,1097
1038,1039,1040
1035,1036,1037
1101,1102,1103
1038,1039,1040
1101,1102,1103
1098,1099,1100
1035,1036,1037
1014,1015,1016
1104,1105,1106
1035,1036,1037
1104,1105,1106
1101,1102,1103
1014,1015,1016
1011,1012,1013
1107,1108,1109
1014,1015,1016
1107,1108,1109
1104,1105,1106
1011,1012,1013
990,991,992
1110,1111,1112
1011,1012,1013
1110,1111,1112
1107,1108,1109
990,991,992
987,988,989
1113,1114,1115
990,991,992
1113,1114,1115
1110,1111,1112
987,988,989
966,967,968
1116,1117,1118
987,988,989
1116,1117,1118
1113,1114,1115
966,967,968
963,964,965
1119,1120,1121
966,967,968
1119,1120,1121
1116,1117,1118
963,964,965
942,943,944
1122,1123,1124
963,964,965
1122,1123,1124
1119,1120,1121
1119,1120,1121
1122,1123,1124
1125,1126,1127
1119,1120,1121
1125,1126,1127
1128,1129,1130
1119,1120,1121
1128,1129,1130
1116,1117,1118
1116,1117,1118
1128,1129,1130
1131,1132,1133
1116,1117,1118
1131,1132,1133
1113,1114,1115
1113,1114,1115
1131,1132,1133
1134,1135,1136
1113,1114,1115
1134,1135,1136
1110,1111,1112
1110,1111,1112
1134,1135,1136
1137,1138,1139
1110,1111,1112
1137,1138,1139
1107,1108,1109
1107,1108,1109
1137,1138,1139
1140,1141,1142
1107,1108,1109
1140,1141,1142
1104,1105,1106
1104,1105,1106
1140,1141,1142
1143,1144,1145
1104,1105,1106
1143,1144,1145
1101,1102,1103
1101,1102,1103
1143,1144,1145
1146,1147,1148
1101,1102,1103
1146,1147,1148
1098,1099,1100
1098,1099,1100
1146,1147,1148
1149,1150,1151
1098,1099,1100
1149,1150,1151
1095,1096,1097
1095,1096,1097
1149,1150,1151
1152,1153,1154
1095,1096,1097
1152,1153,1154
1089,1090,1091
1089,1090,1091
1152,1153,1154
1155,1156,1157
1089,1090,1091
1155,1156,1157
1092,1093,1094
1152,1153,1154
1149,1150,1151
1158,1159,1160
1152,1153,1154
1158,1159,1160
1161,1162,1163
1152,1153,1154
1161,1162,1163
1155,1156,1157
1149,1150,1151
1146,1147,1148
1164,1165,1166
1149,1150,1151
1164,1165,1166
1158,1159,1160
1146,1147,1148
1143,1144,1145
1167,1168,1169
1146,1147,1148
1167,1168,1169
1164,1165,1166
1143,1144,1145
1140,1141,1142
1170,1171,1172
1143,1144,1145
1170,1171,1172
1167,1168,1169
1140,1141,1142
1137,1138,1139
1173,1174,1175
1140,1141,1142
1173,1174,1175
1170,1171,1172
1137,1138,1139
1134,1135,1136
1176,1177,1178
1137,1138,1139
1176,1177,1178
1173,1174,1175
1134,1135,1136
1131,1132,1133
1179,1180,1181
1134,1135,1136
1179,1180,1181
1176,1177,1178
1131,1132,1133
1128,1129,1130
1182,1183,1184
1131,1132,1133
1182,1183,1184
1179,1180,1181
1128,1129,1130
1125,1126,1127
1185,1186,1187
1128,1129,1130
1185,1186,1187
1182,1183,1184
1182,1183,1184
1185,1186,1187
1188,1189,1190
1182,1183,1184
1188,1189,1190
1191,1192,1193
1182,1183,1184
1191,1192,1193
1179,1180,1181
1179,1180,1181
1191,1192,1193
1194,1195,1196
1179,1180,1181
1194,1195,1196
1176,1177,1178
1176,1177,1178
1194,1195,1196
1197,1198,1199
1176,1177,1178
1197,1198,1199
1173,1174,1175
1173,1174,1175
1197,1198,1199
1200,1201,1202
1173,1174,1175
1200,1201,1202
1170,1171,1172
1170,1171,1172
1200,1201,1202
1203,1204,1205
1170,1171,1172
1203,1204,1205
1167,1168,1169
1167,1168,1169
1203,1204,1205
1206,1207,1208
1167,1168,1169
1206,1207,1208
1164,1165,1166
1164,1165,1166
1206,1207,1208
1209,1210,1211
1164,1165,1166
1209,1210,1211
1158,1159,1160
1206,1207,1208
1203,1204,1205
1212,1213,1214
1206,1207,1208
1212,1213,1214
1209,1210,1211
1203,1204,1205
1200,1201,1202
1215,1216,1217
1203,1204,1205
1215,1216,1217
1212,1213,1214
1200,1201,1202
1197,1198,1199
1218,1219,1220
1200,1201,1202
1218,1219,1220
1215,1216,1217
1197,1198,1199
1194,1195,1196
1221,1222,1223
1197,1198,1199
1221,1222,1223
1218,1219,1220
1194,1195,1196
1191,1192,1193
1224,1225,1226
1194,1195,1196
1224,1225,1226
1221,1222,1223
1191,1192,1193
1188,1189,1190
1227,1228,1229
1191,1192,1193
1227,1228,1229
1224,1225,1226
1158,1159,1160
1209,1210,1211
1230,1231,1232
1158,1159,1160
1230,1231,1232
1161,1162,1163
1209,1210,1211
1212,1213,1214
1233,1234,1235
1209,1210,1211
1233,1234,1235
1230,1231,1232
1230,1231,1232
1233,1234,1235
1236,1237,1238
1230,1231,1232
1236,1237,1238
1239,1240,1241
1230,1231,1232
1239,1240,1241
1161,1162,1163
1161,1162,1163
1239,1240,1241
1242,1243,1244
1161,1162,1163
1242,1243,1244
1155,1156,1157
1155,1156,1157
1242,1243,1244
1245,1246,1247
1155,1156,1157
1245,1246,1247
1092,1093,1094
1092,1093,1094
1245,1246,1247
1248,1249,1250
1092,1093,1094
1248,1249,1250
1083,1084,1085
1245,1246,1247
1242,1243,1244
1251,1252,1253
1245,1246,1247
1251,1252,1253
1254,1255,1256
1245,1246,1247
1254,1255,1256
1248,1249,1250
1242,1243,1244
1239,1240,1241
1257,1258,1259
1242,1243,1244
1257,1258,1259
1251,1252,1253
1239,1240,1241
1236,1237,1238
1260,1261,1262
1239,1240,1241
1260,1261,1262
1257,1258,1259
1257,1258,1259
1260,1261,1262
1263,1264,1265
1257,1258,1259
1263,1264,1265
1266,1267,1268
1257,1258,1259
1266,1267,1268
1251,1252,1253
1251,1252,1253
1266,1267,1268
1269,1270,1271
1251,1252,1253
1269,1270,1271
1254,1255,1256
1266,1267,1268
1263,1264,1265
1272,1273,1274
1266,1267,1268
1272,1273,1274
1275,1276,1277
1266,1267,1268
1275,1276,1277
1269,1270,1271
1269,1270,1271
1275,1276,1277
1278,1279,1280
1269,1270,1271
1278,1279,1280
1281,1282,1283
1269,1270,1271
1281,1282,1283
1254,1255,1256
1254,1255,1256
1281,1282,1283
1284,1285,1286
1254,1255,1256
1284,1285,1286
1248,1249,1250
1248,1249,1250
1284,1285,1286
1287,1288,1289
1248,1249,1250
1287,1288,1289
1083,1084,1085
1284,1285,1286
1281,1282,1283
1290,1291,1292
1284,1285,1286
1290,1291,1292
1293,1294,1295
1284,1285,1286
1293,1294,1295
1287,1288,1289
1281,1282,1283
1278,1279,1280
1296,1297,1298
1281,1282,1283
1296,1297,1298
1290,1291,1292
1290,1291,1292
1296,1297,1298
1299,1300,1301
1290,1291,1292
1299,1300,1301
1302,1303,1304
1290,1291,1292
1302,1303,1304
1293,1294,1295
1296,1297,1298
1278,1279,1280
1305,1306,1307
1296,1297,1298
1305,1306,1307
1308,1309,1310
1296,1297,1298
1308,1309,1310
1299,1300,1301
1278,1279,1280
1275,1276,1277
1311,1312,1313
1278,1279,1280
1311,1312,1313
1305,1306,1307
1275,1276,1277
1272,1273,1274
1314,1315,1316
1275,1276,1277
1314,1315,1316
1311,1312,1313
1311,1312,1313
1314,1315,1316
1317,1318,1319
1311,1312,1313
1317,1318,1319
1320,1321,1322
1311,1312,1313
1320,1321,1322
1305,1306,1307
1305,1306,1307
1320,1321,1322
1323,1324,1325
1305,1306,1307
1323,1324,1325
1308,1309,1310
1320,1321,1322
1317,1318,1319
1326,1327,1328
1320,1321,1322
1326,1327,1328
1329,1330,1331
1320,1321,1322
1329,1330,1331
1323,1324,1325
1323,1324,1325
1329,1330,1331
1332,1333,1334
1323,1324,1325
1332,1333,1334
1335,1336,1337
1323,1324,1325
1335,1336,1337
1308,1309,1310
1308,1309,1310
1335,1336,1337
1338,1339,1340
1308,1309,1310
1338,1339,1340
1299,1300,1301
1299,1300,1301
1338,1339,1340
1341,1342,1343
1299,1300,1301
1341,1342,1343
1302,1303,1304
1338,1339,1340
1335,1336,1337
1344,1345,1346
1338,1339,1340
1344,1345,1346
1347,1348,1349
1338,1339,1340
1347,1348,1349
1341,1342,1343
1335,1336,1337
1332,1333,1334
1350,1351,1352
1335,1336,1337
1350,1351,1352
1344,1345,1346
1344,1345,1346
1350,1351,1352
1353,1354,1355
1344,1345,1346
1353,1354,1355
936,937,938
1344,1345,1346
936,937,938
1347,1348,1349
1350,1351,1352
1332,1333,1334
1356,1357,1358
1350,1351,1352
1356,1357,1358
1359,1360,1361
1350,1351,1352
1359,1360,1361
1353,1354,1355
1332,1333,1334
1329,1330,1331
1362,1363,1364
1332,1333,1334
1362,1363,1364
1356,1357,1358
1329,1330,1331
1326,1327,1328
1365,1366,1367
1329,1330,1331
1365,1366,1367
1362,1363,1364
1362,1363,1364
1365,1366,1367
1368,1369,1370
1362,1363,1364
1368,1369,1370
1356,1357,1358
1356,1357,1358
1368,1369,1370
1371,1372,1373
1356,1357,1358
1371,1372,1373
1359,1360,1361
1368,1369,1370
1365,1366,1367
1374,1375,1376
1368,1369,1370
1374,1375,1376
1377,1378,1379
1368,1369,1370
1377,1378,1379
1371,1372,1373
1371,1372,1373
1377,1378,1379
1380,1381,1382
1371,1372,1373
1380,1381,1382
1383,1384,1385
1371,1372,1373
1383,1384,1385
1359,1360,1361
1359,1360,1361
1383,1384,1385
1386,1387,1388
1359,1360,1361
1386,1387,1388
1353,1354,1355
1353,1354,1355
1386,1387,1388
939,940,941
1353,1354,1355
939,940,941
936,937,938
1386,1387,1388
1383,1384,1385
1122,1123,1124
1386,1387,1388
1122,1123,1124
942,943,944
1386,1387,1388
942,943,944
939,940,941
1383,1384,1385
1380,1381,1382
1125,1126,1127
1383,1384,1385
1125,1126,1127
1122,1123,1124
1380,1381,1382
1377,1378,1379
1389,1390,1391
1380,1381,1382
1389,1390,1391
1185,1186,1187
1380,1381,1382
1185,1186,1187
1125,1126,1127
1377,1378,1379
1374,1375,1376
1392,1393,1394
1377,1378,1379
1392,1393,1394
1389,1390,1391
1389,1390,1391
1392,1393,1394
1395,1396,1397
1389,1390,1391
1395,1396,1397
1188,1189,1190
1389,1390,1391
1188,1189,1190
1185,1186,1187
1392,1393,1394
1374,1375,1376
1398,1399,1400
1392,1393,1394
1398,1399,1400
1401,1402,1403
1392,1393,1394
1401,1402,1403
1395,1396,1397
1374,1375,1376
1365,1366,1367
1404,1405,1406
1374,1375,1376
1404,1405,1406
1398,1399,1400
1365,1366,1367
1326,1327,1328
1407,1408,1409
1365,1366,1367
1407,1408,1409
1404,1405,1406
1326,1327,1328
1317,1318,1319
1410,1411,1412
1326,1327,1328
1410,1411,1412
1407,1408,1409
1317,1318,1319
1314,1315,1316
1413,1414,1415
1317,1318,1319
1413,1414,1415
1410,1411,1412
1314,1315,1316
1272,1273,1274
1416,1417,1418
1314,1315,1316
1416,1417,1418
1413,1414,1415
1272,1273,1274
1263,1264,1265
1419,1420,1421
1272,1273,1274
1419,1420,1421
1416,1417,1418
1263,1264,1265
1260,1261,1262
1422,1423,1424
1263,1264,1265
1422,1423,1424
1419,1420,1421
1260,1261,1262
1236,1237,1238
1425,1426,1427
1260,1261,1262
1425,1426,1427
1422,1423,1424
1422,1423,1424
1425,1426,1427
1428,1429,1430
1422,1423,1424
1428,1429,1430
1431,1432,1433
1422,1423,1424
1431,1432,1433
1419,1420,1421
1419,1420,1421
1431,1432,1433
1434,1435,1436
1419,1420,1421
1434,1435,1436
1416,1417,1418
1416,1417,1418
1434,1435,1436
1437,1438,1439
1416,1417,1418
1437,1438,1439
1413,1414,1415
1413,1414,1415
1437,1438,1439
1440,1441,1442
1413,1414,1415
1440,1441,1442
1410,1411,1412
1410,1411,1412
1440,1441,1442
1443,1444,1445
1410,1411,1412
1443,1444,1445
1407,1408,1409
1407,1408,1409
1443,1444,1445
1446,1447,1448
1407,1408,1409
1446,1447,1448
1404,1405,1406
1404,1405,1406
1446,1447,1448
1449,1450,1451
1404,1405,1406
1449,1450,1451
1398,1399,1400
1398,1399,1400
1449,1450,1451
1452,1453,1454
1398,1399,1400
1452,1453,1454
1401,1402,1403
1449,1450,1451
1446,1447,1448
1455,1456,1457
1449,1450,1451
1455,1456,1457
1458,1459,1460
1449,1450,1451
1458,1459,1460
1452,1453,1454
1446,1447,1448
1443,1444,1445
1461,1462,1463
1446,1447,1448
1461,1462,1463
1455,1456,1457
1455,1456,1457
1461,1462,1463
1464,1465,1466
1455,1456,1457
1464,1465,1466
1458,1459,1460
1443,1444,1445
1440,1441,1442
1467,1468,1469
1443,1444,1445
1467,1468,1469
1461,1462,1463
1461,1462,1463
1467,1468,1469
1470,1471,1472
1461,1462,1463
1470,1471,1472
1464,1465,1466
1467,1468,1469
1440,1441,1442
1473,1474,1475
1467,1468,1469
1473,1474,1475
1470,1471,1472
1440,1441,1442
1437,1438,1439
1473,1474,1475
1437,1438,1439
1434,1435,1436
1476,1477,1478
1437,1438,1439
1476,1477,1478
1473,1474,1475
1473,1474,1475
1476,1477,1478
1479,1480,1481
1473,1474,1475
1479,1480,1481
1470,1471,1472
1476,1477,1478
1434,1435,1436
1482,1483,1484
1476,1477,1478
1482,1483,1484
1479,1480,1481
1434,1435,1436
1431,1432,1433
1482,1483,1484
1470,1471,1472
1479,1480,1481
1485,1486,1487
1470,1471,1472
1485,1486,1487
1464,1465,1466
1479,1480,1481
1482,1483,1484
1488,1489,1490
1479,1480,1481
1488,1489,1490
1485,1486,1487
1482,1483,1484
1431,1432,1433
1491,1492,1493
1482,1483,1484
1491,1492,1493
1488,1489,1490
1431,1432,1433
1428,1429,1430
1491,1492,1493
1491,1492,1493
1428,1429,1430
1494,1495,1496
1491,1492,1493
1494,1495,1496
1488,1489,1490
1488,1489,1490
1494,1495,1496
1497,1498,1499
1488,1489,1490
1497,1498,1499
1485,1486,1487
1464,1465,1466
1485,1486,1487
1500,1501,1502
1464,1465,1466
1500,1501,1502
1458,1459,1460
1458,1459,1460
1500,1501,1502
1503,1504,1505
1458,1459,1460
1503,1504,1505
1452,1453,1454
1452,1453,1454
1503,1504,1505
1506,1507,1508
1452,1453,1454
1506,1507,1508
1401,1402,1403
1503,1504,1505
1500,1501,1502
1509,1510,1511
1503,1504,1505
1509,1510,1511
1506,1507,1508
1500,1501,1502
1485,1486,1487
1512,1513,1514
1500,1501,1502
1512,1513,1514
1509,1510,1511
1428,1429,1430
1425,1426,1427
1515,1516,1517
1428,1429,1430
1515,1516,1517
1494,1495,1496
1494,1495,1496
1515,1516,1517
1518,1519,1520
1494,1495,1496
1518,1519,1520
1497,1498,1499
1425,1426,1427
1236,1237,1238
1521,1522,1523
1425,1426,1427
1521,1522,1523
1515,1516,1517
1236,1237,1238
1233,1234,1235
1521,1522,1523
1515,1516,1517
1521,1522,1523
1524,1525,1526
1515,1516,1517
1524,1525,1526
1518,1519,1520
1521,1522,1523
1233,1234,1235
1527,1528,1529
1521,1522,1523
1527,1528,1529
1524,1525,1526
1233,1234,1235
1212,1213,1214
1527,1528,1529
1518,1519,1520
1524,1525,1526
1530,1531,1532
1518,1519,1520
1530,1531,1532
1497,1498,1499
1524,1525,1526
1527,1528,1529
1533,1534,1535
1524,1525,1526
1533,1534,1535
1530,1531,1532
1527,1528,1529
1212,1213,1214
1536,1537,1538
1527,1528,1529
1536,1537,1538
1533,1534,1535
1497,1498,1499
1530,1531,1532
1539,1540,1541
1497,1498,1499
1539,1540,1541
1485,1486,1487
1530,1531,1532
1533,1534,1535
1542,1543,1544
1530,1531,1532
1542,1543,1544
1539,1540,1541
1533,1534,1535
1536,1537,1538
1545,1546,1547
1533,1534,1535
1545,1546,1547
1542,1543,1544
1542,1543,1544
1545,1546,1547
1548,1549,1550
1542,1543,1544
1548,1549,1550
1539,1540,1541
1539,1540,1541
1548,1549,1550
1551,1552,1553
1539,1540,1541
1551,1552,1553
1485,1486,1487
1485,1486,1487
1551,1552,1553
1512,1513,1514
1401,1402,1403
1506,1507,1508
1554,1555,1556
1401,1402,1403
1554,1555,1556
1395,1396,1397
1506,1507,1508
1509,1510,1511
1557,1558,1559
1506,1507,1508
1557,1558,1559
1554,1555,1556
1509,1510,1511
1512,1513,1514
1560,1561,1562
1509,1510,1511
1560,1561,1562
1557,1558,1559
1512,1513,1514
1551,1552,1553
1563,1564,1565
1512,1513,1514
1563,1564,1565
1560,1561,1562
1560,1561,1562
1563,1564,1565
1566,1567,1568
1560,1561,1562
1566,1567,1568
1557,1558,1559
1557,1558,1559
1566,1567,1568
1569,1570,1571
1557,1558,1559
1569,1570,1571
1554,1555,1556
1554,1555,1556
1569,1570,1571
1227,1228,1229
1554,1555,1556
1227,1228,1229
1395,1396,1397
1395,1396,1397
1227,1228,1229
1188,1189,1190
1227,1228,1229
1569,1570,1571
1224,1225,1226
1569,1570,1571
1566,1567,1568
1572,1573,1574
1569,1570,1571
1572,1573,1574
1224,1225,1226
1224,1225,1226
1572,1573,1574
1221,1222,1223
1212,1213,1214
1215,1216,1217
1536,1537,1538
1566,1567,1568
1563,1564,1565
1575,1576,1577
1566,1567,1568
1575,1576,1577
1572,1573,1574
1572,1573,1574
1575,1576,1577
1578,1579,1580
1572,1573,1574
1578,1579,1580
1221,1222,1223
1221,1222,1223
1578,1579,1580
1218,1219,1220
1083,1084,1085
1287,1288,1289
1086,1087,1088
1563,1564,1565
1551,1552,1553
1581,1582,1583
1563,1564,1565
1581,1582,1583
1575,1576,1577
1551,1552,1553
1548,1549,1550
1581,1582,1583
1581,1582,1583
1548,1549,1550
1584,1585,1586
1581,1582,1583
1584,1585,1586
1575,1576,1577
1575,1576,1577
1584,1585,1586
1578,1579,1580
1548,1549,1550
1545,1546,1547
1584,1585,1586
936,937,938
927,928,929
1347,1348,1349
1584,1585,1586
1545,1546,1547
1587,1588,1589
1584,1585,1586
1587,1588,1589
1578,1579,1580
1578,1579,1580
1587,1588,1589
1218,1219,1220
1545,1546,1547
1536,1537,1538
1587,1588,1589
1536,1537,1538
1215,1216,1217
1587,1588,1589
1587,1588,1589
1215,1216,1217
1218,1219,1220
399,400,401
1071,1072,1073
402,403,404
1347,1348,1349
927,928,929
1590,1591,1592
1347,1348,1349
1590,1591,1592
1341,1342,1343
927,928,929
924,925,926
1590,1591,1592
1341,1342,1343
1590,1591,1592
1593,1594,1595
1341,1342,1343
1593,1594,1595
1302,1303,1304
1590,1591,1592
924,925,926
1596,1597,1598
1590,1591,1592
1596,1597,1598
1593,1594,1595
924,925,926
900,901,902
1596,1597,1598
1302,1303,1304
1593,1594,1595
1599,1600,1601
1302,1303,1304
1599,1600,1601
1293,1294,1295
1593,1594,1595
1596,1597,1598
1602,1603,1604
1593,1594,1595
1602,1603,1604
1599,1600,1601
1596,1597,1598
900,901,902
1605,1606,1607
1596,1597,1598
1605,1606,1607
1602,1603,1604
900,901,902
402,403,404
1605,1606,1607
1605,1606,1607
402,403,404
1608,1609,1610
1605,1606,1607
1608,1609,1610
1602,1603,1604
1602,1603,1604
1608,1609,1610
1611,1612,1613
1602,1603,1604
1611,1612,1613
1599,1600,1601
1608,1609,1610
402,403,404
1614,1615,1616
1608,1609,1610
1614,1615,1616
1611,1612,1613
1599,1600,1601
1611,1612,1613
1617,1618,1619
1599,1600,1601
1617,1618,1619
1293,1294,1295
1293,1294,1295
1617,1618,1619
1287,1288,1289
1287,1288,1289
1617,1618,1619
1086,1087,1088
1617,1618,1619
1611,1612,1613
1620,1621,1622
1617,1618,1619
1620,1621,1622
1086,1087,1088
1611,1612,1613
1614,1615,1616
1620,1621,1622
1086,1087,1088
1620,1621,1622
1077,1078,1079
1620,1621,1622
1614,1615,1616
1623,1624,1625
1620,1621,1622
1623,1624,1625
1077,1078,1079
1614,1615,1616
402,403,404
1623,1624,1625
1077,1078,1079
1623,1624,1625
1071,1072,1073
1623,1624,1625
402,403,404
1071,1072,1073
