0,1,2
3,4,5
6,7,8
6,7,8
3,4,5
9,10,11
6,7,8
9,10,11
12,13,14
6,7,8
12,13,14
15,16,17
6,7,8
15,16,17
0,1,2
12,13,14
9,10,11
18,19,20
12,13,14
18,19,20
15,16,17
15,16,17
18,19,20
21,22,23
15,16,17
21,22,23
0,1,2
18,19,20
9,10,11
24,25,26
18,19,20
24,25,26
27,28,29
18,19,20
27,28,29
21,22,23
27,28,29
24,25,26
30,31,32
27,28,29
30,31,32
21,22,23
21,22,23
30,31,32
33,34,35
21,22,23
33,34,35
0,1,2
33,34,35
30,31,32
36,37,38
33,34,35
36,37,38
0,1,2
0,1,2
36,37,38
3,4,5
30,31,32
24,25,26
39,40,41
30,31,32
39,40,41
36,37,38
24,25,26
9,10,11
42,43,44
24,25,26
42,43,44
39,40,41
9,10,11
3,4,5
45,46,47
9,10,11
45,46,47
42,43,44
3,4,5
36,37,38
45,46,47
45,46,47
36,37,38
48,49,50
45,46,47
48,49,50
51,52,53
45,46,47
51,52,53
42,43,44
48,49,50
36,37,38
54,55,56
48,49,50
54,55,56
51,52,53
36,37,38
39,40,41
54,55,56
54,55,56
39,40,41
57,58,59
54,55,56
57,58,59
51,52,53
51,52,53
57,58,59
42,43,44
57,58,59
39,40,41
42,43,44
