0,1,2
3,4,5
6,7,8
6,7,8
3,4,5
9,10,11
6,7,8
9,10,11
12,13,14
6,7,8
12,13,14
15,16,17
6,7,8
15,16,17
0,1,2
3,4,5
0,1,2
18,19,20
3,4,5
18,19,20
21,22,23
3,4,5
21,22,23
9,10,11
21,22,23
18,19,20
24,25,26
21,22,23
24,25,26
27,28,29
21,22,23
27,28,29
9,10,11
27,28,29
24,25,26
30,31,32
27,28,29
30,31,32
33,34,35
27,28,29
33,34,35
9,10,11
33,34,35
30,31,32
36,37,38
33,34,35
36,37,38
9,10,11
18,19,20
0,1,2
39,40,41
18,19,20
39,40,41
42,43,44
18,19,20
42,43,44
24,25,26
42,43,44
39,40,41
45,46,47
42,43,44
45,46,47
24,25,26
24,25,26
45,46,47
48,49,50
24,25,26
48,49,50
30,31,32
9,10,11
36,37,38
51,52,53
9,10,11
51,52,53
54,55,56
9,10,11
54,55,56
12,13,14
51,52,53
36,37,38
57,58,59
51,52,53
57,58,59
60,61,62
51,52,53
60,61,62
54,55,56
60,61,62
57,58,59
63,64,65
60,61,62
63,64,65
54,55,56
57,58,59
36,37,38
66,67,68
57,58,59
66,67,68
63,64,65
36,37,38
30,31,32
66,67,68
30,31,32
48,49,50
69,70,71
30,31,32
69,70,71
72,73,74
30,31,32
72,73,74
66,67,68
69,70,71
48,49,50
75,76,77
69,70,71
75,76,77
78,79,80
69,70,71
78,79,80
72,73,74
48,49,50
45,46,47
81,82,83
48,49,50
81,82,83
75,76,77
75,76,77
81,82,83
84,85,86
75,76,77
84,85,86
78,79,80
84,85,86
81,82,83
87,88,89
84,85,86
87,88,89
90,91,92
84,85,86
90,91,92
78,79,80
90,91,92
87,88,89
93,94,95
90,91,92
93,94,95
78,79,80
78,79,80
93,94,95
72,73,74
81,82,83
45,46,47
96,97,98
81,82,83
96,97,98
87,88,89
45,46,47
39,40,41
99,100,101
45,46,47
99,100,101
96,97,98
96,97,98
99,100,101
102,103,104
96,97,98
102,103,104
87,88,89
87,88,89
102,103,104
105,106,107
87,88,89
105,106,107
93,94,95
93,94,95
105,106,107
108,109,110
93,94,95
108,109,110
72,73,74
108,109,110
105,106,107
111,112,113
108,109,110
111,112,113
72,73,74
72,73,74
111,112,113
99,100,101
72,73,74
99,100,101
39,40,41
72,73,74
39,40,41
66,67,68
39,40,41
0,1,2
66,67,68
66,67,68
0,1,2
63,64,65
99,100,101
111,112,113
114,115,116
99,100,101
114,115,116
102,103,104
0,1,2
15,16,17
117,118,119
0,1,2
117,118,119
120,121,122
0,1,2
120,121,122
63,64,65
15,16,17
12,13,14
123,124,125
15,16,17
123,124,125
126,127,128
15,16,17
126,127,128
117,118,119
123,124,125
12,13,14
129,130,131
123,124,125
129,130,131
132,133,134
123,124,125
132,133,134
126,127,128
132,133,134
129,130,131
135,136,137
132,133,134
135,136,137
138,139,140
132,133,134
138,139,140
126,127,128
129,130,131
12,13,14
141,142,143
129,130,131
141,142,143
135,136,137
135,136,137
141,142,143
144,145,146
135,136,137
144,145,146
138,139,140
138,139,140
144,145,146
147,148,149
138,139,140
147,148,149
126,127,128
144,145,146
141,142,143
150,151,152
144,145,146
150,151,152
147,148,149
150,151,152
141,142,143
153,154,155
150,151,152
153,154,155
147,148,149
147,148,149
153,154,155
126,127,128
153,154,155
141,142,143
126,127,128
141,142,143
12,13,14
156,157,158
141,142,143
156,157,158
126,127,128
126,127,128
156,157,158
117,118,119
12,13,14
54,55,56
156,157,158
156,157,158
54,55,56
159,160,161
156,157,158
159,160,161
117,118,119
117,118,119
159,160,161
120,121,122
159,160,161
54,55,56
162,163,164
159,160,161
162,163,164
120,121,122
120,121,122
162,163,164
165,166,167
120,121,122
165,166,167
63,64,65
162,163,164
54,55,56
168,169,170
162,163,164
168,169,170
165,166,167
165,166,167
168,169,170
171,172,173
165,166,167
171,172,173
63,64,65
168,169,170
54,55,56
174,175,176
168,169,170
174,175,176
171,172,173
171,172,173
174,175,176
177,178,179
171,172,173
177,178,179
63,64,65
63,64,65
177,178,179
180,181,182
63,64,65
180,181,182
183,184,185
63,64,65
183,184,185
54,55,56
183,184,185
180,181,182
186,187,188
183,184,185
186,187,188
54,55,56
54,55,56
186,187,188
174,175,176
186,187,188
180,181,182
189,190,191
186,187,188
189,190,191
174,175,176
174,175,176
189,190,191
192,193,194
174,175,176
192,193,194
177,178,179
177,178,179
192,193,194
195,196,197
177,178,179
195,196,197
180,181,182
180,181,182
195,196,197
198,199,200
180,181,182
198,199,200
189,190,191
189,190,191
198,199,200
201,202,203
189,190,191
201,202,203
192,193,194
192,193,194
201,202,203
204,205,206
192,193,194
204,205,206
195,196,197
195,196,197
204,205,206
207,208,209
195,196,197
207,208,209
198,199,200
204,205,206
201,202,203
210,211,212
204,205,206
210,211,212
207,208,209
207,208,209
210,211,212
213,214,215
207,208,209
213,214,215
198,199,200
198,199,200
213,214,215
216,217,218
198,199,200
216,217,218
201,202,203
201,202,203
216,217,218
219,220,221
201,202,203
219,220,221
210,211,212
210,211,212
219,220,221
222,223,224
210,211,212
222,223,224
213,214,215
213,214,215
222,223,224
225,226,227
213,214,215
225,226,227
216,217,218
222,223,224
219,220,221
228,229,230
222,223,224
228,229,230
225,226,227
225,226,227
228,229,230
231,232,233
225,226,227
231,232,233
216,217,218
216,217,218
231,232,233
234,235,236
216,217,218
234,235,236
219,220,221
219,220,221
234,235,236
237,238,239
219,220,221
237,238,239
228,229,230
234,235,236
231,232,233
240,241,242
234,235,236
240,241,242
237,238,239
240,241,242
231,232,233
243,244,245
240,241,242
243,244,245
237,238,239
237,238,239
243,244,245
228,229,230
243,244,245
231,232,233
228,229,230
111,112,113
105,106,107
246,247,248
111,112,113
246,247,248
249,250,251
111,112,113
249,250,251
252,253,254
111,112,113
252,253,254
255,256,257
111,112,113
255,256,257
258,259,260
111,112,113
258,259,260
261,262,263
111,112,113
261,262,263
264,265,266
111,112,113
264,265,266
114,115,116
246,247,248
105,106,107
267,268,269
246,247,248
267,268,269
249,250,251
249,250,251
267,268,269
270,271,272
249,250,251
270,271,272
252,253,254
270,271,272
267,268,269
273,274,275
270,271,272
273,274,275
276,277,278
270,271,272
276,277,278
252,253,254
267,268,269
105,106,107
279,280,281
267,268,269
279,280,281
273,274,275
273,274,275
279,280,281
282,283,284
273,274,275
282,283,284
276,277,278
276,277,278
282,283,284
285,286,287
276,277,278
285,286,287
252,253,254
282,283,284
279,280,281
288,289,290
282,283,284
288,289,290
285,286,287
285,286,287
288,289,290
291,292,293
285,286,287
291,292,293
252,253,254
288,289,290
279,280,281
294,295,296
288,289,290
294,295,296
291,292,293
291,292,293
294,295,296
297,298,299
291,292,293
297,298,299
252,253,254
294,295,296
279,280,281
300,301,302
294,295,296
300,301,302
297,298,299
297,298,299
300,301,302
303,304,305
297,298,299
303,304,305
252,253,254
300,301,302
279,280,281
306,307,308
300,301,302
306,307,308
303,304,305
303,304,305
306,307,308
309,310,311
303,304,305
309,310,311
252,253,254
306,307,308
279,280,281
312,313,314
306,307,308
312,313,314
315,316,317
306,307,308
315,316,317
309,310,311
315,316,317
312,313,314
318,319,320
315,316,317
318,319,320
309,310,311
318,319,320
312,313,314
321,322,323
318,319,320
321,322,323
309,310,311
312,313,314
279,280,281
321,322,323
309,310,311
321,322,323
252,253,254
321,322,323
279,280,281
252,253,254
279,280,281
105,106,107
324,325,326
279,280,281
324,325,326
252,253,254
252,253,254
324,325,326
255,256,257
324,325,326
105,106,107
327,328,329
324,325,326
327,328,329
255,256,257
255,256,257
327,328,329
258,259,260
327,328,329
105,106,107
330,331,332
327,328,329
330,331,332
258,259,260
258,259,260
330,331,332
261,262,263
330,331,332
105,106,107
333,334,335
330,331,332
333,334,335
261,262,263
261,262,263
333,334,335
264,265,266
105,106,107
102,103,104
333,334,335
333,334,335
102,103,104
336,337,338
333,334,335
336,337,338
264,265,266
264,265,266
336,337,338
339,340,341
264,265,266
339,340,341
114,115,116
336,337,338
102,103,104
342,343,344
336,337,338
342,343,344
339,340,341
339,340,341
342,343,344
345,346,347
339,340,341
345,346,347
114,115,116
342,343,344
102,103,104
348,349,350
342,343,344
348,349,350
345,346,347
345,346,347
348,349,350
351,352,353
345,346,347
351,352,353
114,115,116
348,349,350
102,103,104
354,355,356
348,349,350
354,355,356
351,352,353
351,352,353
354,355,356
357,358,359
351,352,353
357,358,359
114,115,116
354,355,356
102,103,104
360,361,362
354,355,356
360,361,362
357,358,359
357,358,359
360,361,362
363,364,365
357,358,359
363,364,365
114,115,116
360,361,362
102,103,104
366,367,368
360,361,362
366,367,368
363,364,365
363,364,365
366,367,368
369,370,371
363,364,365
369,370,371
114,115,116
114,115,116
369,370,371
372,373,374
114,115,116
372,373,374
102,103,104
102,103,104
372,373,374
375,376,377
102,103,104
375,376,377
366,367,368
372,373,374
369,370,371
378,379,380
372,373,374
378,379,380
375,376,377
378,379,380
369,370,371
381,382,383
378,379,380
381,382,383
375,376,377
375,376,377
381,382,383
366,367,368
381,382,383
369,370,371
366,367,368
