0,1,2
3,4,5
6,7,8
0,1,2
6,7,8
9,10,11
0,1,2
9,10,11
12,13,14
0,1,2
12,13,14
15,16,17
0,1,2
15,16,17
3,4,5
9,10,11
6,7,8
18,19,20
9,10,11
18,19,20
12,13,14
18,19,20
6,7,8
21,22,23
18,19,20
21,22,23
24,25,26
18,19,20
24,25,26
12,13,14
12,13,14
24,25,26
27,28,29
12,13,14
27,28,29
15,16,17
24,25,26
21,22,23
30,31,32
24,25,26
30,31,32
27,28,29
21,22,23
6,7,8
33,34,35
21,22,23
33,34,35
30,31,32
30,31,32
33,34,35
36,37,38
30,31,32
36,37,38
27,28,29
33,34,35
6,7,8
39,40,41
33,34,35
39,40,41
36,37,38
36,37,38
39,40,41
42,43,44
36,37,38
42,43,44
27,28,29
39,40,41
6,7,8
45,46,47
39,40,41
45,46,47
42,43,44
42,43,44
45,46,47
48,49,50
42,43,44
48,49,50
27,28,29
45,46,47
6,7,8
51,52,53
45,46,47
51,52,53
48,49,50
48,49,50
51,52,53
54,55,56
48,49,50
54,55,56
27,28,29
51,52,53
6,7,8
57,58,59
51,52,53
57,58,59
54,55,56
54,55,56
57,58,59
60,61,62
54,55,56
60,61,62
27,28,29
57,58,59
6,7,8
63,64,65
57,58,59
63,64,65
60,61,62
60,61,62
63,64,65
66,67,68
60,61,62
66,67,68
27,28,29
63,64,65
6,7,8
69,70,71
63,64,65
69,70,71
66,67,68
66,67,68
69,70,71
72,73,74
66,67,68
72,73,74
27,28,29
69,70,71
6,7,8
75,76,77
69,70,71
75,76,77
72,73,74
72,73,74
75,76,77
78,79,80
72,73,74
78,79,80
27,28,29
75,76,77
6,7,8
81,82,83
75,76,77
81,82,83
78,79,80
78,79,80
81,82,83
84,85,86
78,79,80
84,85,86
27,28,29
81,82,83
6,7,8
87,88,89
81,82,83
87,88,89
84,85,86
84,85,86
87,88,89
90,91,92
84,85,86
90,91,92
27,28,29
87,88,89
6,7,8
93,94,95
87,88,89
93,94,95
90,91,92
6,7,8
3,4,5
93,94,95
93,94,95
3,4,5
96,97,98
93,94,95
96,97,98
90,91,92
90,91,92
96,97,98
27,28,29
96,97,98
3,4,5
99,100,101
96,97,98
99,100,101
27,28,29
27,28,29
99,100,101
15,16,17
99,100,101
3,4,5
15,16,17
