249.29937744140622,1385.7180666923523, -14.801269531250114
249.29937744140622,1384.9396847188473, -14.534051895141715
249.29937744140628,1390.5281982421875, 38.00004577636707
249.29937744140622,1385.7180666923523, -14.801269531250114
249.29937744140628,1390.5281982421875, 38.00004577636707
249.29937744140622,1386.3675080537796, -15.306749343872188
249.29937744140622,1385.7180666923523, -14.801269531250114
249.29937744140622,1386.3675080537796, -15.306749343872188
254.29937744140622,1386.3675080537796, -15.306749343872191
249.29937744140622,1385.7180666923523, -14.801269531250114
254.29937744140622,1386.3675080537796, -15.306749343872191
254.29937744140622,1385.7180666923523, -14.80126953125012
249.29937744140622,1385.7180666923523, -14.801269531250114
254.29937744140622,1385.7180666923523, -14.80126953125012
249.29937744140622,1384.9396847188473, -14.534051895141715
254.29937744140622,1385.7180666923523, -14.80126953125012
254.29937744140622,1386.3675080537796, -15.306749343872191
254.29937744140628,1390.5281982421875, 38.00004577636706
254.29937744140622,1385.7180666923523, -14.80126953125012
254.29937744140628,1390.5281982421875, 38.00004577636706
254.29937744140622,1384.9396847188473, -14.534051895141722
254.29937744140622,1385.7180666923523, -14.80126953125012
254.29937744140622,1384.9396847188473, -14.534051895141722
249.29937744140622,1384.9396847188473, -14.534051895141715
254.29937744140622,1386.3675080537796, -15.306749343872191
249.29937744140622,1386.3675080537796, -15.306749343872188
254.29937744140622,1386.817631483078, -15.995716094970824
254.29937744140622,1386.3675080537796, -15.306749343872191
254.29937744140622,1386.817631483078, -15.995716094970824
254.29937744140628,1390.5281982421875, 38.00004577636706
249.29937744140622,1386.3675080537796, -15.306749343872188
249.29937744140628,1390.5281982421875, 38.00004577636707
249.29937744140622,1386.817631483078, -15.99571609497082
249.29937744140622,1386.3675080537796, -15.306749343872188
249.29937744140622,1386.817631483078, -15.99571609497082
254.29937744140622,1386.817631483078, -15.995716094970824
249.29937744140622,1386.817631483078, -15.99571609497082
249.29937744140628,1390.5281982421875, 38.00004577636707
249.29937744140622,1387.0196595191956, -16.79350662231457
249.29937744140622,1386.817631483078, -15.99571609497082
249.29937744140622,1387.0196595191956, -16.79350662231457
254.29937744140622,1387.0196595191956, -16.793506622314574
249.29937744140622,1386.817631483078, -15.99571609497082
254.29937744140622,1387.0196595191956, -16.793506622314574
254.29937744140622,1386.817631483078, -15.995716094970824
254.29937744140622,1386.817631483078, -15.995716094970824
254.29937744140622,1387.0196595191956, -16.793506622314574
254.29937744140622,1390.5281982421875, -21.999954223632937
254.29937744140622,1386.817631483078, -15.995716094970824
254.29937744140622,1390.5281982421875, -21.999954223632937
254.29937744140628,1390.5281982421875, 38.00004577636706
254.29937744140622,1387.0196595191956, -16.793506622314574
249.29937744140622,1387.0196595191956, -16.79350662231457
254.29937744140622,1386.9516990184784, -17.61366844177258
254.29937744140622,1387.0196595191956, -16.793506622314574
254.29937744140622,1386.9516990184784, -17.61366844177258
254.29937744140622,1390.5281982421875, -21.999954223632937
254.29937744140622,1386.9516990184784, -17.61366844177258
249.29937744140622,1387.0196595191956, -16.79350662231457
249.29937744140622,1386.9516990184784, -17.613668441772578
254.29937744140622,1386.9516990184784, -17.61366844177258
249.29937744140622,1386.9516990184784, -17.613668441772578
254.29937744140622,1386.6211144924164, -18.367324829101683
254.29937744140622,1386.9516990184784, -17.61366844177258
254.29937744140622,1386.6211144924164, -18.367324829101683
254.29937744140622,1390.5281982421875, -21.999954223632937
249.29937744140622,1387.0196595191956, -16.79350662231457
249.29937744140628,1390.5281982421875, 38.00004577636707
249.29937744140622,1390.5281982421875, -21.999954223632933
249.29937744140622,1387.0196595191956, -16.79350662231457
249.29937744140622,1390.5281982421875, -21.999954223632933
249.29937744140622,1386.9516990184784, -17.613668441772578
249.29937744140622,1386.9516990184784, -17.613668441772578
249.29937744140622,1390.5281982421875, -21.999954223632933
249.29937744140622,1386.6211144924164, -18.36732482910168
249.29937744140622,1386.9516990184784, -17.613668441772578
249.29937744140622,1386.6211144924164, -18.36732482910168
254.29937744140622,1386.6211144924164, -18.367324829101683
254.29937744140622,1386.6211144924164, -18.367324829101683
249.29937744140622,1386.6211144924164, -18.36732482910168
254.29937744140622,1386.0637300014496, -18.97280502319348
254.29937744140622,1386.6211144924164, -18.367324829101683
254.29937744140622,1386.0637300014496, -18.97280502319348
254.29937744140622,1390.5281982421875, -21.999954223632937
249.29937744140622,1386.6211144924164, -18.36732482910168
249.29937744140622,1390.5281982421875, -21.999954223632933
249.29937744140622,1386.0637300014496, -18.972805023193473
249.29937744140622,1386.6211144924164, -18.36732482910168
249.29937744140622,1386.0637300014496, -18.972805023193473
254.29937744140622,1386.0637300014496, -18.97280502319348
254.29937744140622,1386.0637300014496, -18.97280502319348
249.29937744140622,1386.0637300014496, -18.972805023193473
254.29937744140622,1385.33994692564, -19.364498138427855
254.29937744140622,1386.0637300014496, -18.97280502319348
254.29937744140622,1385.33994692564, -19.364498138427855
254.29937744140622,1390.5281982421875, -21.999954223632937
249.29937744140622,1386.0637300014496, -18.972805023193473
249.29937744140622,1390.5281982421875, -21.999954223632933
249.29937744140622,1385.33994692564, -19.364498138427848
249.29937744140622,1386.0637300014496, -18.972805023193473
249.29937744140622,1385.33994692564, -19.364498138427848
254.29937744140622,1385.33994692564, -19.364498138427855
254.29937744140622,1385.33994692564, -19.364498138427855
249.29937744140622,1385.33994692564, -19.364498138427848
254.29937744140622,1384.5281982421875, -19.499954223632933
254.29937744140622,1385.33994692564, -19.364498138427855
254.29937744140622,1384.5281982421875, -19.499954223632933
254.29937744140622,1390.5281982421875, -21.999954223632937
249.29937744140622,1385.33994692564, -19.364498138427848
249.29937744140622,1390.5281982421875, -21.999954223632933
249.29937744140622,1384.5281982421875, -19.499954223632926
249.29937744140622,1385.33994692564, -19.364498138427848
249.29937744140622,1384.5281982421875, -19.499954223632926
254.29937744140622,1384.5281982421875, -19.499954223632933
254.29937744140622,1384.5281982421875, -19.499954223632933
249.29937744140622,1384.5281982421875, -19.499954223632926
254.29937744140622,1383.716449558735, -19.36449813842785
254.29937744140622,1384.5281982421875, -19.499954223632933
254.29937744140622,1383.716449558735, -19.36449813842785
254.29937744140622,1378.5281982421875, -21.999954223632926
254.29937744140622,1384.5281982421875, -19.499954223632933
254.29937744140622,1378.5281982421875, -21.999954223632926
254.29937744140622,1390.5281982421875, -21.999954223632937
254.29937744140622,1383.716449558735, -19.36449813842785
249.29937744140622,1384.5281982421875, -19.499954223632926
249.29937744140622,1383.716449558735, -19.364498138427848
254.29937744140622,1383.716449558735, -19.36449813842785
249.29937744140622,1383.716449558735, -19.364498138427848
254.29937744140622,1382.9926664829254, -18.972805023193477
254.29937744140622,1383.716449558735, -19.36449813842785
254.29937744140622,1382.9926664829254, -18.972805023193477
254.29937744140622,1378.5281982421875, -21.999954223632926
249.29937744140622,1384.5281982421875, -19.499954223632926
249.29937744140622,1390.5281982421875, -21.999954223632933
249.29937744140622,1378.5281982421875, -21.99995422363292
249.29937744140622,1384.5281982421875, -19.499954223632926
249.29937744140622,1378.5281982421875, -21.99995422363292
249.29937744140622,1383.716449558735, -19.364498138427848
249.29937744140622,1383.716449558735, -19.364498138427848
249.29937744140622,1378.5281982421875, -21.99995422363292
249.29937744140622,1382.9926664829254, -18.972805023193473
249.29937744140622,1383.716449558735, -19.364498138427848
249.29937744140622,1382.9926664829254, -18.972805023193473
254.29937744140622,1382.9926664829254, -18.972805023193477
254.29937744140622,1382.9926664829254, -18.972805023193477
249.29937744140622,1382.9926664829254, -18.972805023193473
254.29937744140622,1382.4352819919586, -18.36732482910168
254.29937744140622,1382.9926664829254, -18.972805023193477
254.29937744140622,1382.4352819919586, -18.36732482910168
254.29937744140622,1378.5281982421875, -21.999954223632926
249.29937744140622,1382.9926664829254, -18.972805023193473
249.29937744140622,1378.5281982421875, -21.99995422363292
249.29937744140622,1382.4352819919586, -18.367324829101673
249.29937744140622,1382.9926664829254, -18.972805023193473
249.29937744140622,1382.4352819919586, -18.367324829101673
254.29937744140622,1382.4352819919586, -18.36732482910168
254.29937744140622,1382.4352819919586, -18.36732482910168
249.29937744140622,1382.4352819919586, -18.367324829101673
254.29937744140622,1382.1046974658966, -17.613668441772578
254.29937744140622,1382.4352819919586, -18.36732482910168
254.29937744140622,1382.1046974658966, -17.613668441772578
254.29937744140622,1378.5281982421875, -21.999954223632926
249.29937744140622,1382.4352819919586, -18.367324829101673
249.29937744140622,1378.5281982421875, -21.99995422363292
249.29937744140622,1382.1046974658966, -17.61366844177257
249.29937744140622,1382.4352819919586, -18.367324829101673
249.29937744140622,1382.1046974658966, -17.61366844177257
254.29937744140622,1382.1046974658966, -17.613668441772578
254.29937744140622,1382.1046974658966, -17.613668441772578
249.29937744140622,1382.1046974658966, -17.61366844177257
254.29937744140622,1382.0367369651794, -16.79350662231457
254.29937744140622,1382.1046974658966, -17.613668441772578
254.29937744140622,1382.0367369651794, -16.79350662231457
254.29937744140622,1378.5281982421875, -21.999954223632926
249.29937744140622,1382.1046974658966, -17.61366844177257
249.29937744140622,1378.5281982421875, -21.99995422363292
249.29937744140622,1382.0367369651794, -16.793506622314563
249.29937744140622,1382.1046974658966, -17.61366844177257
249.29937744140622,1382.0367369651794, -16.793506622314563
254.29937744140622,1382.0367369651794, -16.79350662231457
249.29937744140622,1382.0367369651794, -16.793506622314563
249.29937744140622,1378.5281982421875, -21.99995422363292
249.29937744140622,1382.238765001297, -15.995716094970813
249.29937744140622,1382.0367369651794, -16.793506622314563
249.29937744140622,1382.238765001297, -15.995716094970813
254.29937744140622,1382.238765001297, -15.99571609497082
249.29937744140622,1382.0367369651794, -16.793506622314563
254.29937744140622,1382.238765001297, -15.99571609497082
254.29937744140622,1382.0367369651794, -16.79350662231457
254.29937744140622,1382.0367369651794, -16.79350662231457
254.29937744140622,1382.238765001297, -15.99571609497082
254.29937744140628,1384.5281982421875, 30.500045776367067
254.29937744140622,1382.0367369651794, -16.79350662231457
254.29937744140628,1384.5281982421875, 30.500045776367067
254.29937744140628,1383.716449558735, 30.63550186157215
254.29937744140622,1382.0367369651794, -16.79350662231457
254.29937744140628,1383.716449558735, 30.63550186157215
254.29937744140622,1378.5281982421875, -21.999954223632926
254.29937744140622,1382.238765001297, -15.99571609497082
249.29937744140622,1382.238765001297, -15.995716094970813
254.29937744140622,1382.6888884305954, -15.306749343872188
254.29937744140622,1382.238765001297, -15.99571609497082
254.29937744140622,1382.6888884305954, -15.306749343872188
254.29937744140628,1385.33994692564, 30.635501861572145
254.29937744140622,1382.238765001297, -15.99571609497082
254.29937744140628,1385.33994692564, 30.635501861572145
254.29937744140628,1384.5281982421875, 30.500045776367067
254.29937744140628,1384.5281982421875, 30.500045776367067
254.29937744140628,1385.33994692564, 30.635501861572145
249.29937744140628,1385.33994692564, 30.635501861572152
254.29937744140628,1384.5281982421875, 30.500045776367067
249.29937744140628,1385.33994692564, 30.635501861572152
249.29937744140628,1384.5281982421875, 30.500045776367074
254.29937744140628,1384.5281982421875, 30.500045776367067
249.29937744140628,1384.5281982421875, 30.500045776367074
254.29937744140628,1383.716449558735, 30.63550186157215
249.29937744140628,1385.33994692564, 30.635501861572152
254.29937744140628,1385.33994692564, 30.635501861572145
249.29937744140628,1386.0637300014496, 31.027194976806527
249.29937744140628,1385.33994692564, 30.635501861572152
249.29937744140628,1386.0637300014496, 31.027194976806527
249.29937744140622,1384.9396847188473, -14.534051895141715
249.29937744140628,1385.33994692564, 30.635501861572152
249.29937744140622,1384.9396847188473, -14.534051895141715
249.29937744140628,1384.5281982421875, 30.500045776367074
254.29937744140628,1385.33994692564, 30.635501861572145
254.29937744140622,1382.6888884305954, -15.306749343872188
254.29937744140628,1386.0637300014496, 31.02719497680652
254.29937744140628,1385.33994692564, 30.635501861572145
254.29937744140628,1386.0637300014496, 31.02719497680652
249.29937744140628,1386.0637300014496, 31.027194976806527
249.29937744140628,1386.0637300014496, 31.027194976806527
254.29937744140628,1386.0637300014496, 31.02719497680652
249.29937744140628,1386.6211144924164, 31.63267517089832
249.29937744140628,1386.0637300014496, 31.027194976806527
249.29937744140628,1386.6211144924164, 31.63267517089832
249.29937744140622,1384.9396847188473, -14.534051895141715
254.29937744140628,1386.0637300014496, 31.02719497680652
254.29937744140622,1382.6888884305954, -15.306749343872188
254.29937744140628,1386.6211144924164, 31.632675170898317
254.29937744140628,1386.0637300014496, 31.02719497680652
254.29937744140628,1386.6211144924164, 31.632675170898317
249.29937744140628,1386.6211144924164, 31.63267517089832
249.29937744140628,1386.6211144924164, 31.63267517089832
254.29937744140628,1386.6211144924164, 31.632675170898317
249.29937744140628,1386.9516990184784, 32.386331558227425
249.29937744140628,1386.6211144924164, 31.63267517089832
249.29937744140628,1386.9516990184784, 32.386331558227425
249.29937744140622,1384.9396847188473, -14.534051895141715
254.29937744140628,1386.6211144924164, 31.632675170898317
254.29937744140622,1382.6888884305954, -15.306749343872188
254.29937744140628,1386.9516990184784, 32.38633155822742
254.29937744140628,1386.6211144924164, 31.632675170898317
254.29937744140628,1386.9516990184784, 32.38633155822742
249.29937744140628,1386.9516990184784, 32.386331558227425
249.29937744140628,1386.9516990184784, 32.386331558227425
254.29937744140628,1386.9516990184784, 32.38633155822742
249.29937744140628,1387.0196595191956, 33.20649337768543
249.29937744140628,1386.9516990184784, 32.386331558227425
249.29937744140628,1387.0196595191956, 33.20649337768543
249.29937744140628,1390.5281982421875, 38.00004577636707
249.29937744140628,1386.9516990184784, 32.386331558227425
249.29937744140628,1390.5281982421875, 38.00004577636707
249.29937744140622,1384.9396847188473, -14.534051895141715
249.29937744140622,1384.9396847188473, -14.534051895141715
254.29937744140622,1384.9396847188473, -14.534051895141722
249.29937744140622,1384.1167117655277, -14.534051895141715
249.29937744140622,1384.9396847188473, -14.534051895141715
249.29937744140622,1384.1167117655277, -14.534051895141715
249.29937744140628,1384.5281982421875, 30.500045776367074
249.29937744140628,1384.5281982421875, 30.500045776367074
249.29937744140622,1384.1167117655277, -14.534051895141715
249.29937744140628,1383.716449558735, 30.635501861572152
249.29937744140628,1384.5281982421875, 30.500045776367074
249.29937744140628,1383.716449558735, 30.635501861572152
254.29937744140628,1383.716449558735, 30.63550186157215
254.29937744140628,1383.716449558735, 30.63550186157215
249.29937744140628,1383.716449558735, 30.635501861572152
254.29937744140628,1382.9926664829254, 31.027194976806523
254.29937744140628,1383.716449558735, 30.63550186157215
254.29937744140628,1382.9926664829254, 31.027194976806523
254.29937744140622,1378.5281982421875, -21.999954223632926
254.29937744140628,1382.9926664829254, 31.027194976806523
249.29937744140628,1383.716449558735, 30.635501861572152
249.29937744140628,1382.9926664829254, 31.027194976806527
254.29937744140628,1382.9926664829254, 31.027194976806523
249.29937744140628,1382.9926664829254, 31.027194976806527
254.29937744140628,1382.4352819919586, 31.63267517089832
254.29937744140628,1382.9926664829254, 31.027194976806523
254.29937744140628,1382.4352819919586, 31.63267517089832
254.29937744140622,1378.5281982421875, -21.999954223632926
254.29937744140628,1382.4352819919586, 31.63267517089832
249.29937744140628,1382.9926664829254, 31.027194976806527
249.29937744140628,1382.4352819919586, 31.632675170898327
254.29937744140628,1382.4352819919586, 31.63267517089832
249.29937744140628,1382.4352819919586, 31.632675170898327
254.29937744140628,1382.1046974658966, 32.386331558227425
254.29937744140628,1382.4352819919586, 31.63267517089832
254.29937744140628,1382.1046974658966, 32.386331558227425
254.29937744140622,1378.5281982421875, -21.999954223632926
249.29937744140628,1382.4352819919586, 31.632675170898327
249.29937744140628,1382.9926664829254, 31.027194976806527
249.29937744140622,1378.5281982421875, -21.99995422363292
249.29937744140628,1382.4352819919586, 31.632675170898327
249.29937744140622,1378.5281982421875, -21.99995422363292
249.29937744140628,1382.1046974658966, 32.386331558227425
249.29937744140628,1382.4352819919586, 31.632675170898327
249.29937744140628,1382.1046974658966, 32.386331558227425
254.29937744140628,1382.1046974658966, 32.386331558227425
249.29937744140628,1382.9926664829254, 31.027194976806527
249.29937744140628,1383.716449558735, 30.635501861572152
249.29937744140622,1382.238765001297, -15.995716094970813
249.29937744140628,1382.9926664829254, 31.027194976806527
249.29937744140622,1382.238765001297, -15.995716094970813
249.29937744140622,1378.5281982421875, -21.99995422363292
249.29937744140622,1382.238765001297, -15.995716094970813
249.29937744140628,1383.716449558735, 30.635501861572152
249.29937744140622,1382.6888884305954, -15.30674934387218
249.29937744140622,1382.238765001297, -15.995716094970813
249.29937744140622,1382.6888884305954, -15.30674934387218
254.29937744140622,1382.6888884305954, -15.306749343872188
249.29937744140628,1383.716449558735, 30.635501861572152
249.29937744140622,1384.1167117655277, -14.534051895141715
249.29937744140622,1383.3383297920227, -14.801269531250114
249.29937744140628,1383.716449558735, 30.635501861572152
249.29937744140622,1383.3383297920227, -14.801269531250114
249.29937744140622,1382.6888884305954, -15.30674934387218
249.29937744140622,1382.6888884305954, -15.30674934387218
249.29937744140622,1383.3383297920227, -14.801269531250114
254.29937744140622,1383.3383297920227, -14.801269531250117
249.29937744140622,1382.6888884305954, -15.30674934387218
254.29937744140622,1383.3383297920227, -14.801269531250117
254.29937744140622,1382.6888884305954, -15.306749343872188
254.29937744140622,1382.6888884305954, -15.306749343872188
254.29937744140622,1383.3383297920227, -14.801269531250117
254.29937744140628,1386.9516990184784, 32.38633155822742
254.29937744140622,1383.3383297920227, -14.801269531250117
249.29937744140622,1383.3383297920227, -14.801269531250114
254.29937744140622,1384.1167117655277, -14.534051895141719
254.29937744140622,1383.3383297920227, -14.801269531250117
254.29937744140622,1384.1167117655277, -14.534051895141719
254.29937744140628,1386.9516990184784, 32.38633155822742
249.29937744140622,1383.3383297920227, -14.801269531250114
249.29937744140622,1384.1167117655277, -14.534051895141715
254.29937744140622,1384.1167117655277, -14.534051895141719
249.29937744140622,1384.1167117655277, -14.534051895141715
254.29937744140622,1384.9396847188473, -14.534051895141722
254.29937744140622,1384.1167117655277, -14.534051895141719
254.29937744140622,1384.1167117655277, -14.534051895141719
254.29937744140622,1384.9396847188473, -14.534051895141722
254.29937744140628,1386.9516990184784, 32.38633155822742
254.29937744140622,1384.9396847188473, -14.534051895141722
254.29937744140628,1390.5281982421875, 38.00004577636706
254.29937744140628,1386.9516990184784, 32.38633155822742
254.29937744140628,1386.9516990184784, 32.38633155822742
254.29937744140628,1390.5281982421875, 38.00004577636706
254.29937744140628,1387.0196595191956, 33.206493377685426
254.29937744140628,1386.9516990184784, 32.38633155822742
254.29937744140628,1387.0196595191956, 33.206493377685426
249.29937744140628,1387.0196595191956, 33.20649337768543
249.29937744140628,1387.0196595191956, 33.20649337768543
254.29937744140628,1387.0196595191956, 33.206493377685426
249.29937744140628,1386.817631483078, 34.00428390502918
249.29937744140628,1387.0196595191956, 33.20649337768543
249.29937744140628,1386.817631483078, 34.00428390502918
249.29937744140628,1390.5281982421875, 38.00004577636707
254.29937744140628,1387.0196595191956, 33.206493377685426
254.29937744140628,1390.5281982421875, 38.00004577636706
254.29937744140628,1386.817631483078, 34.004283905029176
254.29937744140628,1387.0196595191956, 33.206493377685426
254.29937744140628,1386.817631483078, 34.004283905029176
249.29937744140628,1386.817631483078, 34.00428390502918
249.29937744140628,1386.817631483078, 34.00428390502918
254.29937744140628,1386.817631483078, 34.004283905029176
249.29937744140628,1386.3675080537796, 34.693250656127816
249.29937744140628,1386.817631483078, 34.00428390502918
249.29937744140628,1386.3675080537796, 34.693250656127816
249.29937744140628,1390.5281982421875, 38.00004577636707
254.29937744140628,1386.817631483078, 34.004283905029176
254.29937744140628,1390.5281982421875, 38.00004577636706
254.29937744140628,1386.3675080537796, 34.69325065612781
254.29937744140628,1386.817631483078, 34.004283905029176
254.29937744140628,1386.3675080537796, 34.69325065612781
249.29937744140628,1386.3675080537796, 34.693250656127816
249.29937744140628,1386.3675080537796, 34.693250656127816
254.29937744140628,1386.3675080537796, 34.69325065612781
249.29937744140628,1385.7180666923523, 35.198730468749886
249.29937744140628,1386.3675080537796, 34.693250656127816
249.29937744140628,1385.7180666923523, 35.198730468749886
249.29937744140628,1390.5281982421875, 38.00004577636707
254.29937744140628,1386.3675080537796, 34.69325065612781
254.29937744140628,1390.5281982421875, 38.00004577636706
254.29937744140628,1385.7180666923523, 35.19873046874988
254.29937744140628,1386.3675080537796, 34.69325065612781
254.29937744140628,1385.7180666923523, 35.19873046874988
249.29937744140628,1385.7180666923523, 35.198730468749886
249.29937744140628,1385.7180666923523, 35.198730468749886
254.29937744140628,1385.7180666923523, 35.19873046874988
249.29937744140628,1384.9396847188473, 35.465948104858285
249.29937744140628,1385.7180666923523, 35.198730468749886
249.29937744140628,1384.9396847188473, 35.465948104858285
249.29937744140628,1390.5281982421875, 38.00004577636707
254.29937744140628,1385.7180666923523, 35.19873046874988
254.29937744140628,1390.5281982421875, 38.00004577636706
254.29937744140628,1384.9396847188473, 35.46594810485828
254.29937744140628,1385.7180666923523, 35.19873046874988
254.29937744140628,1384.9396847188473, 35.46594810485828
249.29937744140628,1384.9396847188473, 35.465948104858285
254.29937744140628,1384.9396847188473, 35.46594810485828
254.29937744140628,1390.5281982421875, 38.00004577636706
254.29937744140628,1384.1167117655277, 35.465948104858285
254.29937744140628,1384.9396847188473, 35.46594810485828
254.29937744140628,1384.1167117655277, 35.465948104858285
249.29937744140628,1384.1167117655277, 35.465948104858285
254.29937744140628,1384.9396847188473, 35.46594810485828
249.29937744140628,1384.1167117655277, 35.465948104858285
249.29937744140628,1384.9396847188473, 35.465948104858285
249.29937744140628,1384.9396847188473, 35.465948104858285
249.29937744140628,1384.1167117655277, 35.465948104858285
249.29937744140628,1378.5281982421875, 38.00004577636708
249.29937744140628,1384.9396847188473, 35.465948104858285
249.29937744140628,1378.5281982421875, 38.00004577636708
249.29937744140628,1390.5281982421875, 38.00004577636707
249.29937744140628,1384.1167117655277, 35.465948104858285
254.29937744140628,1384.1167117655277, 35.465948104858285
249.29937744140628,1383.3383297920227, 35.198730468749886
249.29937744140628,1384.1167117655277, 35.465948104858285
249.29937744140628,1383.3383297920227, 35.198730468749886
249.29937744140628,1378.5281982421875, 38.00004577636708
249.29937744140628,1383.3383297920227, 35.198730468749886
254.29937744140628,1384.1167117655277, 35.465948104858285
254.29937744140628,1383.3383297920227, 35.198730468749886
249.29937744140628,1383.3383297920227, 35.198730468749886
254.29937744140628,1383.3383297920227, 35.198730468749886
249.29937744140628,1382.6888884305954, 34.693250656127816
249.29937744140628,1383.3383297920227, 35.198730468749886
249.29937744140628,1382.6888884305954, 34.693250656127816
249.29937744140628,1378.5281982421875, 38.00004577636708
254.29937744140628,1384.1167117655277, 35.465948104858285
254.29937744140628,1390.5281982421875, 38.00004577636706
254.29937744140628,1378.5281982421875, 38.000045776367074
254.29937744140628,1384.1167117655277, 35.465948104858285
254.29937744140628,1378.5281982421875, 38.000045776367074
254.29937744140628,1383.3383297920227, 35.198730468749886
254.29937744140628,1383.3383297920227, 35.198730468749886
254.29937744140628,1378.5281982421875, 38.000045776367074
254.29937744140628,1382.6888884305954, 34.693250656127816
254.29937744140628,1383.3383297920227, 35.198730468749886
254.29937744140628,1382.6888884305954, 34.693250656127816
249.29937744140628,1382.6888884305954, 34.693250656127816
249.29937744140628,1382.6888884305954, 34.693250656127816
254.29937744140628,1382.6888884305954, 34.693250656127816
249.29937744140628,1382.238765001297, 34.00428390502918
249.29937744140628,1382.6888884305954, 34.693250656127816
249.29937744140628,1382.238765001297, 34.00428390502918
249.29937744140628,1378.5281982421875, 38.00004577636708
254.29937744140628,1382.6888884305954, 34.693250656127816
254.29937744140628,1378.5281982421875, 38.000045776367074
254.29937744140628,1382.238765001297, 34.00428390502918
254.29937744140628,1382.6888884305954, 34.693250656127816
254.29937744140628,1382.238765001297, 34.00428390502918
249.29937744140628,1382.238765001297, 34.00428390502918
249.29937744140628,1382.238765001297, 34.00428390502918
254.29937744140628,1382.238765001297, 34.00428390502918
249.29937744140628,1382.0367369651794, 33.20649337768543
249.29937744140628,1382.238765001297, 34.00428390502918
249.29937744140628,1382.0367369651794, 33.20649337768543
249.29937744140628,1378.5281982421875, 38.00004577636708
254.29937744140628,1382.238765001297, 34.00428390502918
254.29937744140628,1378.5281982421875, 38.000045776367074
254.29937744140628,1382.0367369651794, 33.20649337768543
254.29937744140628,1382.238765001297, 34.00428390502918
254.29937744140628,1382.0367369651794, 33.20649337768543
249.29937744140628,1382.0367369651794, 33.20649337768543
249.29937744140628,1382.0367369651794, 33.20649337768543
254.29937744140628,1382.0367369651794, 33.20649337768543
249.29937744140628,1382.1046974658966, 32.386331558227425
249.29937744140628,1382.0367369651794, 33.20649337768543
249.29937744140628,1382.1046974658966, 32.386331558227425
249.29937744140628,1378.5281982421875, 38.00004577636708
254.29937744140628,1382.0367369651794, 33.20649337768543
254.29937744140628,1378.5281982421875, 38.000045776367074
254.29937744140628,1382.1046974658966, 32.386331558227425
254.29937744140628,1382.0367369651794, 33.20649337768543
254.29937744140628,1382.1046974658966, 32.386331558227425
249.29937744140628,1382.1046974658966, 32.386331558227425
249.29937744140628,1382.1046974658966, 32.386331558227425
249.29937744140622,1378.5281982421875, -21.99995422363292
249.29937744140628,1378.5281982421875, 38.00004577636708
254.29937744140628,1382.1046974658966, 32.386331558227425
254.29937744140628,1378.5281982421875, 38.000045776367074
254.29937744140622,1378.5281982421875, -21.999954223632926
254.29937744140628,1378.5281982421875, 38.000045776367074
254.29937744140628,1390.5281982421875, 38.00004577636706
249.29937744140628,1378.5281982421875, 38.00004577636708
254.29937744140628,1378.5281982421875, 38.000045776367074
249.29937744140628,1378.5281982421875, 38.00004577636708
249.29937744140622,1378.5281982421875, -21.99995422363292
254.29937744140628,1378.5281982421875, 38.000045776367074
249.29937744140622,1378.5281982421875, -21.99995422363292
254.29937744140622,1378.5281982421875, -21.999954223632926
249.29937744140628,1378.5281982421875, 38.00004577636708
254.29937744140628,1390.5281982421875, 38.00004577636706
249.29937744140628,1390.5281982421875, 38.00004577636707
249.29937744140622,1378.5281982421875, -21.99995422363292
249.29937744140622,1390.5281982421875, -21.999954223632933
254.29937744140622,1378.5281982421875, -21.999954223632926
254.29937744140622,1378.5281982421875, -21.999954223632926
249.29937744140622,1390.5281982421875, -21.999954223632933
254.29937744140622,1390.5281982421875, -21.999954223632937
249.29937744140622,1390.5281982421875, -21.999954223632933
249.29937744140628,1390.5281982421875, 38.00004577636707
254.29937744140622,1390.5281982421875, -21.999954223632937
254.29937744140622,1390.5281982421875, -21.999954223632937
249.29937744140628,1390.5281982421875, 38.00004577636707
254.29937744140628,1390.5281982421875, 38.00004577636706
