-104.74126125880355,1219.0208740234375,-104.74126125880355
-106.44131895899773,1219.0208740234375,-106.44131895899773
-106.44131895899773,1144.0208740234375,-106.44131895899773
-106.44131895899773,1144.0208740234375,-106.44131895899773
-106.44131895899773,1219.0208740234375,-106.44131895899773
-106.98501005474964,1144.0208740234375,-106.98501005474964
-106.44131895899773,1144.0208740234375,-106.44131895899773
-106.98501005474964,1144.0208740234375,-106.98501005474964
-105.500000923872,1144.0208740234375,-105.500000923872
-106.44131895899773,1144.0208740234375,-106.44131895899773
-105.500000923872,1144.0208740234375,-105.500000923872
-104.74126125880355,1144.0208740234375,-104.74126125880355
-106.44131895899773,1144.0208740234375,-106.44131895899773
-104.74126125880355,1144.0208740234375,-104.74126125880355
-104.74126125880355,1219.0208740234375,-104.74126125880355
-104.74126125880355,1144.0208740234375,-104.74126125880355
-105.500000923872,1144.0208740234375,-105.500000923872
-102.7384069309901,1144.0208740234375,-102.7384069309901
-104.74126125880355,1144.0208740234375,-104.74126125880355
-102.7384069309901,1144.0208740234375,-102.7384069309901
-104.74126125880355,1219.0208740234375,-104.74126125880355
-102.7384069309901,1144.0208740234375,-102.7384069309901
-105.500000923872,1144.0208740234375,-105.500000923872
-101.61233827471733,1144.0208740234375,-101.61233827471733
-102.7384069309901,1144.0208740234375,-102.7384069309901
-101.61233827471733,1144.0208740234375,-101.61233827471733
-102.7384069309901,1219.0208740234375,-102.7384069309901
-102.7384069309901,1144.0208740234375,-102.7384069309901
-102.7384069309901,1219.0208740234375,-102.7384069309901
-104.74126125880355,1219.0208740234375,-104.74126125880355
-104.74126125880355,1219.0208740234375,-104.74126125880355
-102.7384069309901,1219.0208740234375,-102.7384069309901
-105.500000923872,1219.0208740234375,-105.500000923872
-104.74126125880355,1219.0208740234375,-104.74126125880355
-105.500000923872,1219.0208740234375,-105.500000923872
-106.44131895899773,1219.0208740234375,-106.44131895899773
-102.7384069309901,1219.0208740234375,-102.7384069309901
-101.61233827471733,1144.0208740234375,-101.61233827471733
-101.61233827471733,1219.0208740234375,-101.61233827471733
-102.7384069309901,1219.0208740234375,-102.7384069309901
-101.61233827471733,1219.0208740234375,-101.61233827471733
-105.500000923872,1219.0208740234375,-105.500000923872
-101.61233827471733,1144.0208740234375,-101.61233827471733
-105.500000923872,1144.0208740234375,-105.500000923872
-101.72057700151072,1144.0208740234375,-101.72057700151072
-101.61233827471733,1144.0208740234375,-101.61233827471733
-101.72057700151072,1144.0208740234375,-101.72057700151072
-101.61233827471733,1219.0208740234375,-101.61233827471733
-101.61233827471733,1219.0208740234375,-101.61233827471733
-101.72057700151072,1144.0208740234375,-101.72057700151072
-101.72057700151072,1219.0208740234375,-101.72057700151072
-101.61233827471733,1219.0208740234375,-101.61233827471733
-101.72057700151072,1219.0208740234375,-101.72057700151072
-105.500000923872,1219.0208740234375,-105.500000923872
-101.72057700151072,1144.0208740234375,-101.72057700151072
-105.500000923872,1144.0208740234375,-105.500000923872
-103.02875530605036,1144.0208740234375,-103.02875530605036
-101.72057700151072,1144.0208740234375,-101.72057700151072
-103.02875530605036,1144.0208740234375,-103.02875530605036
-101.72057700151072,1219.0208740234375,-101.72057700151072
-101.72057700151072,1219.0208740234375,-101.72057700151072
-103.02875530605036,1144.0208740234375,-103.02875530605036
-103.02875530605036,1219.0208740234375,-103.02875530605036
-101.72057700151072,1219.0208740234375,-101.72057700151072
-103.02875530605036,1219.0208740234375,-103.02875530605036
-105.500000923872,1219.0208740234375,-105.500000923872
-103.02875530605036,1144.0208740234375,-103.02875530605036
-105.500000923872,1144.0208740234375,-105.500000923872
-105.12153651995368,1144.0208740234375,-105.12153651995368
-103.02875530605036,1144.0208740234375,-103.02875530605036
-105.12153651995368,1144.0208740234375,-105.12153651995368
-103.02875530605036,1219.0208740234375,-103.02875530605036
-103.02875530605036,1219.0208740234375,-103.02875530605036
-105.12153651995368,1144.0208740234375,-105.12153651995368
-105.12153651995368,1219.0208740234375,-105.12153651995368
-103.02875530605036,1219.0208740234375,-103.02875530605036
-105.12153651995368,1219.0208740234375,-105.12153651995368
-105.500000923872,1219.0208740234375,-105.500000923872
-105.12153651995368,1144.0208740234375,-105.12153651995368
-105.500000923872,1144.0208740234375,-105.500000923872
-107.33447690385691,1144.0208740234375,-107.33447690385691
-105.12153651995368,1144.0208740234375,-105.12153651995368
-107.33447690385691,1144.0208740234375,-107.33447690385691
-105.12153651995368,1219.0208740234375,-105.12153651995368
-105.12153651995368,1219.0208740234375,-105.12153651995368
-107.33447690385691,1144.0208740234375,-107.33447690385691
-107.33447690385691,1219.0208740234375,-107.33447690385691
-105.12153651995368,1219.0208740234375,-105.12153651995368
-107.33447690385691,1219.0208740234375,-107.33447690385691
-105.500000923872,1219.0208740234375,-105.500000923872
-107.33447690385691,1144.0208740234375,-107.33447690385691
-105.500000923872,1144.0208740234375,-105.500000923872
-108.96498485224379,1144.0208740234375,-108.96498485224379
-107.33447690385691,1144.0208740234375,-107.33447690385691
-108.96498485224379,1144.0208740234375,-108.96498485224379
-107.33447690385691,1219.0208740234375,-107.33447690385691
-107.33447690385691,1219.0208740234375,-107.33447690385691
-108.96498485224379,1144.0208740234375,-108.96498485224379
-108.96498485224379,1219.0208740234375,-108.96498485224379
-107.33447690385691,1219.0208740234375,-107.33447690385691
-108.96498485224379,1219.0208740234375,-108.96498485224379
-105.500000923872,1219.0208740234375,-105.500000923872
-108.96498485224379,1144.0208740234375,-108.96498485224379
-105.500000923872,1144.0208740234375,-105.500000923872
-109.49538473036569,1144.0208740234375,-109.49538473036569
-108.96498485224379,1144.0208740234375,-108.96498485224379
-109.49538473036569,1144.0208740234375,-109.49538473036569
-108.96498485224379,1219.0208740234375,-108.96498485224379
-108.96498485224379,1219.0208740234375,-108.96498485224379
-109.49538473036569,1144.0208740234375,-109.49538473036569
-109.49538473036569,1219.0208740234375,-109.49538473036569
-108.96498485224379,1219.0208740234375,-108.96498485224379
-109.49538473036569,1219.0208740234375,-109.49538473036569
-105.500000923872,1219.0208740234375,-105.500000923872
-109.49538473036569,1144.0208740234375,-109.49538473036569
-105.500000923872,1144.0208740234375,-105.500000923872
-108.75727832935019,1144.0208740234375,-108.75727832935019
-109.49538473036569,1144.0208740234375,-109.49538473036569
-108.75727832935019,1144.0208740234375,-108.75727832935019
-109.49538473036569,1219.0208740234375,-109.49538473036569
-105.500000923872,1144.0208740234375,-105.500000923872
-106.98501005474964,1144.0208740234375,-106.98501005474964
-108.75727832935019,1144.0208740234375,-108.75727832935019
-108.75727832935019,1144.0208740234375,-108.75727832935019
-106.98501005474964,1144.0208740234375,-106.98501005474964
-108.75727832935019,1219.0208740234375,-108.75727832935019
-108.75727832935019,1144.0208740234375,-108.75727832935019
-108.75727832935019,1219.0208740234375,-108.75727832935019
-109.49538473036569,1219.0208740234375,-109.49538473036569
-109.49538473036569,1219.0208740234375,-109.49538473036569
-108.75727832935019,1219.0208740234375,-108.75727832935019
-105.500000923872,1219.0208740234375,-105.500000923872
-108.75727832935019,1219.0208740234375,-108.75727832935019
-106.98501005474964,1144.0208740234375,-106.98501005474964
-106.98501005474964,1219.0208740234375,-106.98501005474964
-108.75727832935019,1219.0208740234375,-108.75727832935019
-106.98501005474964,1219.0208740234375,-106.98501005474964
-105.500000923872,1219.0208740234375,-105.500000923872
-105.500000923872,1219.0208740234375,-105.500000923872
-106.98501005474964,1219.0208740234375,-106.98501005474964
-106.44131895899773,1219.0208740234375,-106.44131895899773
-106.98501005474964,1219.0208740234375,-106.98501005474964
-106.98501005474964,1144.0208740234375,-106.98501005474964
-106.44131895899773,1219.0208740234375,-106.44131895899773
-104.74126125880355,1579.0208740234375,-104.74126125880355
-106.44131895899773,1579.0208740234375,-106.44131895899773
-106.44131895899773,1504.0208740234375,-106.44131895899773
-106.44131895899773,1504.0208740234375,-106.44131895899773
-106.44131895899773,1579.0208740234375,-106.44131895899773
-106.98501005474964,1504.0208740234375,-106.98501005474964
-106.44131895899773,1504.0208740234375,-106.44131895899773
-106.98501005474964,1504.0208740234375,-106.98501005474964
-105.500000923872,1504.0208740234375,-105.500000923872
-106.44131895899773,1504.0208740234375,-106.44131895899773
-105.500000923872,1504.0208740234375,-105.500000923872
-104.74126125880355,1504.0208740234375,-104.74126125880355
-106.44131895899773,1504.0208740234375,-106.44131895899773
-104.74126125880355,1504.0208740234375,-104.74126125880355
-104.74126125880355,1579.0208740234375,-104.74126125880355
-104.74126125880355,1504.0208740234375,-104.74126125880355
-105.500000923872,1504.0208740234375,-105.500000923872
-102.7384069309901,1504.0208740234375,-102.7384069309901
-104.74126125880355,1504.0208740234375,-104.74126125880355
-102.7384069309901,1504.0208740234375,-102.7384069309901
-104.74126125880355,1579.0208740234375,-104.74126125880355
-102.7384069309901,1504.0208740234375,-102.7384069309901
-105.500000923872,1504.0208740234375,-105.500000923872
-101.61233827471733,1504.0208740234375,-101.61233827471733
-102.7384069309901,1504.0208740234375,-102.7384069309901
-101.61233827471733,1504.0208740234375,-101.61233827471733
-102.7384069309901,1579.0208740234375,-102.7384069309901
-102.7384069309901,1504.0208740234375,-102.7384069309901
-102.7384069309901,1579.0208740234375,-102.7384069309901
-104.74126125880355,1579.0208740234375,-104.74126125880355
-104.74126125880355,1579.0208740234375,-104.74126125880355
-102.7384069309901,1579.0208740234375,-102.7384069309901
-105.500000923872,1579.0208740234375,-105.500000923872
-104.74126125880355,1579.0208740234375,-104.74126125880355
-105.500000923872,1579.0208740234375,-105.500000923872
-106.44131895899773,1579.0208740234375,-106.44131895899773
-102.7384069309901,1579.0208740234375,-102.7384069309901
-101.61233827471733,1504.0208740234375,-101.61233827471733
-101.61233827471733,1579.0208740234375,-101.61233827471733
-102.7384069309901,1579.0208740234375,-102.7384069309901
-101.61233827471733,1579.0208740234375,-101.61233827471733
-105.500000923872,1579.0208740234375,-105.500000923872
-101.61233827471733,1504.0208740234375,-101.61233827471733
-105.500000923872,1504.0208740234375,-105.500000923872
-101.72057700151072,1504.0208740234375,-101.72057700151072
-101.61233827471733,1504.0208740234375,-101.61233827471733
-101.72057700151072,1504.0208740234375,-101.72057700151072
-101.61233827471733,1579.0208740234375,-101.61233827471733
-101.61233827471733,1579.0208740234375,-101.61233827471733
-101.72057700151072,1504.0208740234375,-101.72057700151072
-101.72057700151072,1579.0208740234375,-101.72057700151072
-101.61233827471733,1579.0208740234375,-101.61233827471733
-101.72057700151072,1579.0208740234375,-101.72057700151072
-105.500000923872,1579.0208740234375,-105.500000923872
-101.72057700151072,1504.0208740234375,-101.72057700151072
-105.500000923872,1504.0208740234375,-105.500000923872
-103.02875530605036,1504.0208740234375,-103.02875530605036
-101.72057700151072,1504.0208740234375,-101.72057700151072
-103.02875530605036,1504.0208740234375,-103.02875530605036
-101.72057700151072,1579.0208740234375,-101.72057700151072
-101.72057700151072,1579.0208740234375,-101.72057700151072
-103.02875530605036,1504.0208740234375,-103.02875530605036
-103.02875530605036,1579.0208740234375,-103.02875530605036
-101.72057700151072,1579.0208740234375,-101.72057700151072
-103.02875530605036,1579.0208740234375,-103.02875530605036
-105.500000923872,1579.0208740234375,-105.500000923872
-103.02875530605036,1504.0208740234375,-103.02875530605036
-105.500000923872,1504.0208740234375,-105.500000923872
-105.12153651995368,1504.0208740234375,-105.12153651995368
-103.02875530605036,1504.0208740234375,-103.02875530605036
-105.12153651995368,1504.0208740234375,-105.12153651995368
-103.02875530605036,1579.0208740234375,-103.02875530605036
-103.02875530605036,1579.0208740234375,-103.02875530605036
-105.12153651995368,1504.0208740234375,-105.12153651995368
-105.12153651995368,1579.0208740234375,-105.12153651995368
-103.02875530605036,1579.0208740234375,-103.02875530605036
-105.12153651995368,1579.0208740234375,-105.12153651995368
-105.500000923872,1579.0208740234375,-105.500000923872
-105.12153651995368,1504.0208740234375,-105.12153651995368
-105.500000923872,1504.0208740234375,-105.500000923872
-107.33447690385691,1504.0208740234375,-107.33447690385691
-105.12153651995368,1504.0208740234375,-105.12153651995368
-107.33447690385691,1504.0208740234375,-107.33447690385691
-105.12153651995368,1579.0208740234375,-105.12153651995368
-105.12153651995368,1579.0208740234375,-105.12153651995368
-107.33447690385691,1504.0208740234375,-107.33447690385691
-107.33447690385691,1579.0208740234375,-107.33447690385691
-105.12153651995368,1579.0208740234375,-105.12153651995368
-107.33447690385691,1579.0208740234375,-107.33447690385691
-105.500000923872,1579.0208740234375,-105.500000923872
-107.33447690385691,1504.0208740234375,-107.33447690385691
-105.500000923872,1504.0208740234375,-105.500000923872
-108.96498485224379,1504.0208740234375,-108.96498485224379
-107.33447690385691,1504.0208740234375,-107.33447690385691
-108.96498485224379,1504.0208740234375,-108.96498485224379
-107.33447690385691,1579.0208740234375,-107.33447690385691
-107.33447690385691,1579.0208740234375,-107.33447690385691
-108.96498485224379,1504.0208740234375,-108.96498485224379
-108.96498485224379,1579.0208740234375,-108.96498485224379
-107.33447690385691,1579.0208740234375,-107.33447690385691
-108.96498485224379,1579.0208740234375,-108.96498485224379
-105.500000923872,1579.0208740234375,-105.500000923872
-108.96498485224379,1504.0208740234375,-108.96498485224379
-105.500000923872,1504.0208740234375,-105.500000923872
-109.49538473036569,1504.0208740234375,-109.49538473036569
-108.96498485224379,1504.0208740234375,-108.96498485224379
-109.49538473036569,1504.0208740234375,-109.49538473036569
-108.96498485224379,1579.0208740234375,-108.96498485224379
-108.96498485224379,1579.0208740234375,-108.96498485224379
-109.49538473036569,1504.0208740234375,-109.49538473036569
-109.49538473036569,1579.0208740234375,-109.49538473036569
-108.96498485224379,1579.0208740234375,-108.96498485224379
-109.49538473036569,1579.0208740234375,-109.49538473036569
-105.500000923872,1579.0208740234375,-105.500000923872
-109.49538473036569,1504.0208740234375,-109.49538473036569
-105.500000923872,1504.0208740234375,-105.500000923872
-108.75727832935019,1504.0208740234375,-108.75727832935019
-109.49538473036569,1504.0208740234375,-109.49538473036569
-108.75727832935019,1504.0208740234375,-108.75727832935019
-109.49538473036569,1579.0208740234375,-109.49538473036569
-105.500000923872,1504.0208740234375,-105.500000923872
-106.98501005474964,1504.0208740234375,-106.98501005474964
-108.75727832935019,1504.0208740234375,-108.75727832935019
-108.75727832935019,1504.0208740234375,-108.75727832935019
-106.98501005474964,1504.0208740234375,-106.98501005474964
-108.75727832935019,1579.0208740234375,-108.75727832935019
-108.75727832935019,1504.0208740234375,-108.75727832935019
-108.75727832935019,1579.0208740234375,-108.75727832935019
-109.49538473036569,1579.0208740234375,-109.49538473036569
-109.49538473036569,1579.0208740234375,-109.49538473036569
-108.75727832935019,1579.0208740234375,-108.75727832935019
-105.500000923872,1579.0208740234375,-105.500000923872
-108.75727832935019,1579.0208740234375,-108.75727832935019
-106.98501005474964,1504.0208740234375,-106.98501005474964
-106.98501005474964,1579.0208740234375,-106.98501005474964
-108.75727832935019,1579.0208740234375,-108.75727832935019
-106.98501005474964,1579.0208740234375,-106.98501005474964
-105.500000923872,1579.0208740234375,-105.500000923872
-105.500000923872,1579.0208740234375,-105.500000923872
-106.98501005474964,1579.0208740234375,-106.98501005474964
-106.44131895899773,1579.0208740234375,-106.44131895899773
-106.98501005474964,1579.0208740234375,-106.98501005474964
-106.98501005474964,1504.0208740234375,-106.98501005474964
-106.44131895899773,1579.0208740234375,-106.44131895899773
-104.74126125880355,1579.0208740234375,-104.74126125880355
-106.44131895899773,1579.0208740234375,-106.44131895899773
-106.44131895899773,1504.0208740234375,-106.44131895899773
-106.44131895899773,1504.0208740234375,-106.44131895899773
-106.44131895899773,1579.0208740234375,-106.44131895899773
-106.98501005474964,1504.0208740234375,-106.98501005474964
-106.44131895899773,1504.0208740234375,-106.44131895899773
-106.98501005474964,1504.0208740234375,-106.98501005474964
-105.500000923872,1504.0208740234375,-105.500000923872
-106.44131895899773,1504.0208740234375,-106.44131895899773
-105.500000923872,1504.0208740234375,-105.500000923872
-104.74126125880355,1504.0208740234375,-104.74126125880355
-106.44131895899773,1504.0208740234375,-106.44131895899773
-104.74126125880355,1504.0208740234375,-104.74126125880355
-104.74126125880355,1579.0208740234375,-104.74126125880355
-104.74126125880355,1504.0208740234375,-104.74126125880355
-105.500000923872,1504.0208740234375,-105.500000923872
-102.7384069309901,1504.0208740234375,-102.7384069309901
-104.74126125880355,1504.0208740234375,-104.74126125880355
-102.7384069309901,1504.0208740234375,-102.7384069309901
-104.74126125880355,1579.0208740234375,-104.74126125880355
-102.7384069309901,1504.0208740234375,-102.7384069309901
-105.500000923872,1504.0208740234375,-105.500000923872
-101.61233827471733,1504.0208740234375,-101.61233827471733
-102.7384069309901,1504.0208740234375,-102.7384069309901
-101.61233827471733,1504.0208740234375,-101.61233827471733
-102.7384069309901,1579.0208740234375,-102.7384069309901
-102.7384069309901,1504.0208740234375,-102.7384069309901
-102.7384069309901,1579.0208740234375,-102.7384069309901
-104.74126125880355,1579.0208740234375,-104.74126125880355
-104.74126125880355,1579.0208740234375,-104.74126125880355
-102.7384069309901,1579.0208740234375,-102.7384069309901
-105.500000923872,1579.0208740234375,-105.500000923872
-104.74126125880355,1579.0208740234375,-104.74126125880355
-105.500000923872,1579.0208740234375,-105.500000923872
-106.44131895899773,1579.0208740234375,-106.44131895899773
-102.7384069309901,1579.0208740234375,-102.7384069309901
-101.61233827471733,1504.0208740234375,-101.61233827471733
-101.61233827471733,1579.0208740234375,-101.61233827471733
-102.7384069309901,1579.0208740234375,-102.7384069309901
-101.61233827471733,1579.0208740234375,-101.61233827471733
-105.500000923872,1579.0208740234375,-105.500000923872
-101.61233827471733,1504.0208740234375,-101.61233827471733
-105.500000923872,1504.0208740234375,-105.500000923872
-101.72057700151072,1504.0208740234375,-101.72057700151072
-101.61233827471733,1504.0208740234375,-101.61233827471733
-101.72057700151072,1504.0208740234375,-101.72057700151072
-101.61233827471733,1579.0208740234375,-101.61233827471733
-101.61233827471733,1579.0208740234375,-101.61233827471733
-101.72057700151072,1504.0208740234375,-101.72057700151072
-101.72057700151072,1579.0208740234375,-101.72057700151072
-101.61233827471733,1579.0208740234375,-101.61233827471733
-101.72057700151072,1579.0208740234375,-101.72057700151072
-105.500000923872,1579.0208740234375,-105.500000923872
-101.72057700151072,1504.0208740234375,-101.72057700151072
-105.500000923872,1504.0208740234375,-105.500000923872
-103.02875530605036,1504.0208740234375,-103.02875530605036
-101.72057700151072,1504.0208740234375,-101.72057700151072
-103.02875530605036,1504.0208740234375,-103.02875530605036
-101.72057700151072,1579.0208740234375,-101.72057700151072
-101.72057700151072,1579.0208740234375,-101.72057700151072
-103.02875530605036,1504.0208740234375,-103.02875530605036
-103.02875530605036,1579.0208740234375,-103.02875530605036
-101.72057700151072,1579.0208740234375,-101.72057700151072
-103.02875530605036,1579.0208740234375,-103.02875530605036
-105.500000923872,1579.0208740234375,-105.500000923872
-103.02875530605036,1504.0208740234375,-103.02875530605036
-105.500000923872,1504.0208740234375,-105.500000923872
-105.12153651995368,1504.0208740234375,-105.12153651995368
-103.02875530605036,1504.0208740234375,-103.02875530605036
-105.12153651995368,1504.0208740234375,-105.12153651995368
-103.02875530605036,1579.0208740234375,-103.02875530605036
-103.02875530605036,1579.0208740234375,-103.02875530605036
-105.12153651995368,1504.0208740234375,-105.12153651995368
-105.12153651995368,1579.0208740234375,-105.12153651995368
-103.02875530605036,1579.0208740234375,-103.02875530605036
-105.12153651995368,1579.0208740234375,-105.12153651995368
-105.500000923872,1579.0208740234375,-105.500000923872
-105.12153651995368,1504.0208740234375,-105.12153651995368
-105.500000923872,1504.0208740234375,-105.500000923872
-107.33447690385691,1504.0208740234375,-107.33447690385691
-105.12153651995368,1504.0208740234375,-105.12153651995368
-107.33447690385691,1504.0208740234375,-107.33447690385691
-105.12153651995368,1579.0208740234375,-105.12153651995368
-105.12153651995368,1579.0208740234375,-105.12153651995368
-107.33447690385691,1504.0208740234375,-107.33447690385691
-107.33447690385691,1579.0208740234375,-107.33447690385691
-105.12153651995368,1579.0208740234375,-105.12153651995368
-107.33447690385691,1579.0208740234375,-107.33447690385691
-105.500000923872,1579.0208740234375,-105.500000923872
-107.33447690385691,1504.0208740234375,-107.33447690385691
-105.500000923872,1504.0208740234375,-105.500000923872
-108.96498485224379,1504.0208740234375,-108.96498485224379
-107.33447690385691,1504.0208740234375,-107.33447690385691
-108.96498485224379,1504.0208740234375,-108.96498485224379
-107.33447690385691,1579.0208740234375,-107.33447690385691
-107.33447690385691,1579.0208740234375,-107.33447690385691
-108.96498485224379,1504.0208740234375,-108.96498485224379
-108.96498485224379,1579.0208740234375,-108.96498485224379
-107.33447690385691,1579.0208740234375,-107.33447690385691
-108.96498485224379,1579.0208740234375,-108.96498485224379
-105.500000923872,1579.0208740234375,-105.500000923872
-108.96498485224379,1504.0208740234375,-108.96498485224379
-105.500000923872,1504.0208740234375,-105.500000923872
-109.49538473036569,1504.0208740234375,-109.49538473036569
-108.96498485224379,1504.0208740234375,-108.96498485224379
-109.49538473036569,1504.0208740234375,-109.49538473036569
-108.96498485224379,1579.0208740234375,-108.96498485224379
-108.96498485224379,1579.0208740234375,-108.96498485224379
-109.49538473036569,1504.0208740234375,-109.49538473036569
-109.49538473036569,1579.0208740234375,-109.49538473036569
-108.96498485224379,1579.0208740234375,-108.96498485224379
-109.49538473036569,1579.0208740234375,-109.49538473036569
-105.500000923872,1579.0208740234375,-105.500000923872
-109.49538473036569,1504.0208740234375,-109.49538473036569
-105.500000923872,1504.0208740234375,-105.500000923872
-108.75727832935019,1504.0208740234375,-108.75727832935019
-109.49538473036569,1504.0208740234375,-109.49538473036569
-108.75727832935019,1504.0208740234375,-108.75727832935019
-109.49538473036569,1579.0208740234375,-109.49538473036569
-105.500000923872,1504.0208740234375,-105.500000923872
-106.98501005474964,1504.0208740234375,-106.98501005474964
-108.75727832935019,1504.0208740234375,-108.75727832935019
-108.75727832935019,1504.0208740234375,-108.75727832935019
-106.98501005474964,1504.0208740234375,-106.98501005474964
-108.75727832935019,1579.0208740234375,-108.75727832935019
-108.75727832935019,1504.0208740234375,-108.75727832935019
-108.75727832935019,1579.0208740234375,-108.75727832935019
-109.49538473036569,1579.0208740234375,-109.49538473036569
-109.49538473036569,1579.0208740234375,-109.49538473036569
-108.75727832935019,1579.0208740234375,-108.75727832935019
-105.500000923872,1579.0208740234375,-105.500000923872
-108.75727832935019,1579.0208740234375,-108.75727832935019
-106.98501005474964,1504.0208740234375,-106.98501005474964
-106.98501005474964,1579.0208740234375,-106.98501005474964
-108.75727832935019,1579.0208740234375,-108.75727832935019
-106.98501005474964,1579.0208740234375,-106.98501005474964
-105.500000923872,1579.0208740234375,-105.500000923872
-105.500000923872,1579.0208740234375,-105.500000923872
-106.98501005474964,1579.0208740234375,-106.98501005474964
-106.44131895899773,1579.0208740234375,-106.44131895899773
-106.98501005474964,1579.0208740234375,-106.98501005474964
-106.98501005474964,1504.0208740234375,-106.98501005474964
-106.44131895899773,1579.0208740234375,-106.44131895899773
-104.74126125880355,1219.0208740234375,-104.74126125880355
-106.44131895899773,1219.0208740234375,-106.44131895899773
-106.44131895899773,1144.0208740234375,-106.44131895899773
-106.44131895899773,1144.0208740234375,-106.44131895899773
-106.44131895899773,1219.0208740234375,-106.44131895899773
-106.98501005474964,1144.0208740234375,-106.98501005474964
-106.44131895899773,1144.0208740234375,-106.44131895899773
-106.98501005474964,1144.0208740234375,-106.98501005474964
-105.500000923872,1144.0208740234375,-105.500000923872
-106.44131895899773,1144.0208740234375,-106.44131895899773
-105.500000923872,1144.0208740234375,-105.500000923872
-104.74126125880355,1144.0208740234375,-104.74126125880355
-106.44131895899773,1144.0208740234375,-106.44131895899773
-104.74126125880355,1144.0208740234375,-104.74126125880355
-104.74126125880355,1219.0208740234375,-104.74126125880355
-104.74126125880355,1144.0208740234375,-104.74126125880355
-105.500000923872,1144.0208740234375,-105.500000923872
-102.7384069309901,1144.0208740234375,-102.7384069309901
-104.74126125880355,1144.0208740234375,-104.74126125880355
-102.7384069309901,1144.0208740234375,-102.7384069309901
-104.74126125880355,1219.0208740234375,-104.74126125880355
-102.7384069309901,1144.0208740234375,-102.7384069309901
-105.500000923872,1144.0208740234375,-105.500000923872
-101.61233827471733,1144.0208740234375,-101.61233827471733
-102.7384069309901,1144.0208740234375,-102.7384069309901
-101.61233827471733,1144.0208740234375,-101.61233827471733
-102.7384069309901,1219.0208740234375,-102.7384069309901
-102.7384069309901,1144.0208740234375,-102.7384069309901
-102.7384069309901,1219.0208740234375,-102.7384069309901
-104.74126125880355,1219.0208740234375,-104.74126125880355
-104.74126125880355,1219.0208740234375,-104.74126125880355
-102.7384069309901,1219.0208740234375,-102.7384069309901
-105.500000923872,1219.0208740234375,-105.500000923872
-104.74126125880355,1219.0208740234375,-104.74126125880355
-105.500000923872,1219.0208740234375,-105.500000923872
-106.44131895899773,1219.0208740234375,-106.44131895899773
-102.7384069309901,1219.0208740234375,-102.7384069309901
-101.61233827471733,1144.0208740234375,-101.61233827471733
-101.61233827471733,1219.0208740234375,-101.61233827471733
-102.7384069309901,1219.0208740234375,-102.7384069309901
-101.61233827471733,1219.0208740234375,-101.61233827471733
-105.500000923872,1219.0208740234375,-105.500000923872
-101.61233827471733,1144.0208740234375,-101.61233827471733
-105.500000923872,1144.0208740234375,-105.500000923872
-101.72057700151072,1144.0208740234375,-101.72057700151072
-101.61233827471733,1144.0208740234375,-101.61233827471733
-101.72057700151072,1144.0208740234375,-101.72057700151072
-101.61233827471733,1219.0208740234375,-101.61233827471733
-101.61233827471733,1219.0208740234375,-101.61233827471733
-101.72057700151072,1144.0208740234375,-101.72057700151072
-101.72057700151072,1219.0208740234375,-101.72057700151072
-101.61233827471733,1219.0208740234375,-101.61233827471733
-101.72057700151072,1219.0208740234375,-101.72057700151072
-105.500000923872,1219.0208740234375,-105.500000923872
-101.72057700151072,1144.0208740234375,-101.72057700151072
-105.500000923872,1144.0208740234375,-105.500000923872
-103.02875530605036,1144.0208740234375,-103.02875530605036
-101.72057700151072,1144.0208740234375,-101.72057700151072
-103.02875530605036,1144.0208740234375,-103.02875530605036
-101.72057700151072,1219.0208740234375,-101.72057700151072
-101.72057700151072,1219.0208740234375,-101.72057700151072
-103.02875530605036,1144.0208740234375,-103.02875530605036
-103.02875530605036,1219.0208740234375,-103.02875530605036
-101.72057700151072,1219.0208740234375,-101.72057700151072
-103.02875530605036,1219.0208740234375,-103.02875530605036
-105.500000923872,1219.0208740234375,-105.500000923872
-103.02875530605036,1144.0208740234375,-103.02875530605036
-105.500000923872,1144.0208740234375,-105.500000923872
-105.12153651995368,1144.0208740234375,-105.12153651995368
-103.02875530605036,1144.0208740234375,-103.02875530605036
-105.12153651995368,1144.0208740234375,-105.12153651995368
-103.02875530605036,1219.0208740234375,-103.02875530605036
-103.02875530605036,1219.0208740234375,-103.02875530605036
-105.12153651995368,1144.0208740234375,-105.12153651995368
-105.12153651995368,1219.0208740234375,-105.12153651995368
-103.02875530605036,1219.0208740234375,-103.02875530605036
-105.12153651995368,1219.0208740234375,-105.12153651995368
-105.500000923872,1219.0208740234375,-105.500000923872
-105.12153651995368,1144.0208740234375,-105.12153651995368
-105.500000923872,1144.0208740234375,-105.500000923872
-107.33447690385691,1144.0208740234375,-107.33447690385691
-105.12153651995368,1144.0208740234375,-105.12153651995368
-107.33447690385691,1144.0208740234375,-107.33447690385691
-105.12153651995368,1219.0208740234375,-105.12153651995368
-105.12153651995368,1219.0208740234375,-105.12153651995368
-107.33447690385691,1144.0208740234375,-107.33447690385691
-107.33447690385691,1219.0208740234375,-107.33447690385691
-105.12153651995368,1219.0208740234375,-105.12153651995368
-107.33447690385691,1219.0208740234375,-107.33447690385691
-105.500000923872,1219.0208740234375,-105.500000923872
-107.33447690385691,1144.0208740234375,-107.33447690385691
-105.500000923872,1144.0208740234375,-105.500000923872
-108.96498485224379,1144.0208740234375,-108.96498485224379
-107.33447690385691,1144.0208740234375,-107.33447690385691
-108.96498485224379,1144.0208740234375,-108.96498485224379
-107.33447690385691,1219.0208740234375,-107.33447690385691
-107.33447690385691,1219.0208740234375,-107.33447690385691
-108.96498485224379,1144.0208740234375,-108.96498485224379
-108.96498485224379,1219.0208740234375,-108.96498485224379
-107.33447690385691,1219.0208740234375,-107.33447690385691
-108.96498485224379,1219.0208740234375,-108.96498485224379
-105.500000923872,1219.0208740234375,-105.500000923872
-108.96498485224379,1144.0208740234375,-108.96498485224379
-105.500000923872,1144.0208740234375,-105.500000923872
-109.49538473036569,1144.0208740234375,-109.49538473036569
-108.96498485224379,1144.0208740234375,-108.96498485224379
-109.49538473036569,1144.0208740234375,-109.49538473036569
-108.96498485224379,1219.0208740234375,-108.96498485224379
-108.96498485224379,1219.0208740234375,-108.96498485224379
-109.49538473036569,1144.0208740234375,-109.49538473036569
-109.49538473036569,1219.0208740234375,-109.49538473036569
-108.96498485224379,1219.0208740234375,-108.96498485224379
-109.49538473036569,1219.0208740234375,-109.49538473036569
-105.500000923872,1219.0208740234375,-105.500000923872
-109.49538473036569,1144.0208740234375,-109.49538473036569
-105.500000923872,1144.0208740234375,-105.500000923872
-108.75727832935019,1144.0208740234375,-108.75727832935019
-109.49538473036569,1144.0208740234375,-109.49538473036569
-108.75727832935019,1144.0208740234375,-108.75727832935019
-109.49538473036569,1219.0208740234375,-109.49538473036569
-105.500000923872,1144.0208740234375,-105.500000923872
-106.98501005474964,1144.0208740234375,-106.98501005474964
-108.75727832935019,1144.0208740234375,-108.75727832935019
-108.75727832935019,1144.0208740234375,-108.75727832935019
-106.98501005474964,1144.0208740234375,-106.98501005474964
-108.75727832935019,1219.0208740234375,-108.75727832935019
-108.75727832935019,1144.0208740234375,-108.75727832935019
-108.75727832935019,1219.0208740234375,-108.75727832935019
-109.49538473036569,1219.0208740234375,-109.49538473036569
-109.49538473036569,1219.0208740234375,-109.49538473036569
-108.75727832935019,1219.0208740234375,-108.75727832935019
-105.500000923872,1219.0208740234375,-105.500000923872
-108.75727832935019,1219.0208740234375,-108.75727832935019
-106.98501005474964,1144.0208740234375,-106.98501005474964
-106.98501005474964,1219.0208740234375,-106.98501005474964
-108.75727832935019,1219.0208740234375,-108.75727832935019
-106.98501005474964,1219.0208740234375,-106.98501005474964
-105.500000923872,1219.0208740234375,-105.500000923872
-105.500000923872,1219.0208740234375,-105.500000923872
-106.98501005474964,1219.0208740234375,-106.98501005474964
-106.44131895899773,1219.0208740234375,-106.44131895899773
-106.98501005474964,1219.0208740234375,-106.98501005474964
-106.98501005474964,1144.0208740234375,-106.98501005474964
-106.44131895899773,1219.0208740234375,-106.44131895899773
