0.13893224837204474,0.3483143448829651,-3.05353025419447
0.05478274784593527,0.3709757924079895,-3.0611091879860624
0.1382111317656167,0.3505459427833557,-3.0386937156755494
0.05440584423297555,0.3729284405708313,-3.045923619621476
0.05464237047988395,0.3790063261985779,-3.0306789562565655
0.9925208598673421,0.12204962968826294,-0.5714331308855662
0.998176337039355,-0.0603373646736145,-0.5776658067010203
1.0003819923662163,-0.014602482318878174,-0.5873850875356084
0.9889921959398875,-0.15143269300460815,-0.5751671962185583
0.9903767398242294,-0.15287572145462036,-0.5831173204809375
0.9398620407995408,-0.349190890789032,-0.5331968189569807
0.9420734650592535,-0.3527904152870178,-0.5414571919710625
0.8224277206983301,-0.5839270949363708,-0.44227546752051694
0.8257737017521563,-0.5905864834785461,-0.45071497225433177
0.8224277206983301,-0.5839270949363708,-0.44227546752051694
0.6552671223954589,-0.783125102519989,-0.3434870941658801
0.652236509670844,-0.7738135457038879,-0.3342701208340486
0.45408712706773846,-0.9206698536872864,-0.2557938071221315
0.4516564833596717,-0.909169614315033,-0.2459489494118543
0.31226368184832287,-0.9808425307273865,-0.215073658461165
0.4516564833596717,-0.909169614315033,-0.2459489494118543
0.3104599288434442,-0.9682415127754211,-0.2049628732494284
0.4511468942911292,-0.8998902440071106,-0.23375506543868596
0.3102099417532158,-0.9583860039710999,-0.19203953536600693
0.45251797733215104,-0.8935366272926331,-0.22036635442771058
0.3114618001819749,-0.9520946145057678,-0.17768314372472105
0.31404820507703013,-0.9494048953056335,-0.1634080077088811
0.10480901055586987,-0.9945035576820374,-0.12922524345879083
1.3794431862123715,-1.124998390674591,-0.2364309609221209
1.2655413759938496,-1.124998390674591,-0.28574019853647314
1.5041367468182911,-1.124998390674591,-0.2175556484747858
1.2655413759938496,-1.124998390674591,-0.28574019853647314
1.6201019120200058,-1.124998390674591,-0.229719984947792
1.7530315857601422,-1.124998390674591,-0.27754261396023594
0.38478109076834377,-0.8124985098838806,-3.554382542568078
0.32482841759872505,-0.8124985098838806,-3.636934564583612
0.4250309352727313,-0.8124985098838806,-3.4516348041917126
0.2304313693508688,-0.8124985098838806,-3.716744209240346
0.17016525082965603,-0.8124985098838806,-3.449632961055727
0.2304313693508688,-0.8124985098838806,-3.716744209240346
0.1201274502540186,-0.8124985098838806,-3.5039172590098815
0.2304313693508688,-0.8124985098838806,-3.716744209240346
0.07183379037712843,-0.8124985098838806,-3.5310695649401396
0.2304313693508688,-0.8124985098838806,-3.716744209240346
0.014811735096033271,-0.8124985098838806,-3.5432708357883484
0.2304313693508688,-0.8124985098838806,-3.716744209240346
-0.024630458809154834,-0.8124985098838806,-3.542397337814805
-0.23043713828371762,-0.8124985098838806,-3.716742362521586
-0.07185302015329721,-0.8124985098838806,-3.531064024783859
-0.23043713828371762,-0.8124985098838806,-3.716742362521586
-0.12014091109733595,-0.8124985098838806,-3.503908025416081
-0.4250251663398772,-0.8124985098838806,-3.451679125441956
-0.17017486571773913,-0.8124985098838806,-3.449621880743166
-0.4250251663398772,-0.8124985098838806,-3.451679125441956
-0.19429477396954423,-0.8124985098838806,-3.3931030530892485
-0.43750144511989086,-0.8124985098838806,-3.343751340943413
-0.20000217153722002,-0.8124985098838806,-3.343751340943413
-0.43750144511989086,-0.8124985098838806,-3.343751340943413
-0.19429477396954423,-0.8124985098838806,-3.294399628797578
-0.43750144511989086,-0.8124985098838806,-2.9958276798153065
-0.19429477396954423,-0.8124985098838806,-3.294399628797578
-0.14896249962305189,-0.8124985098838806,-3.0561729087402227
0.998176337039355,-0.0603373646736145,-0.5776658067010203
0.9886479829464192,-0.1502332091331482,-0.5672041449248582
0.9889921959398875,-0.15143269300460815,-0.5751671962185583
0.9597167846965262,-0.2809630036354065,-0.5366631100697532
0.9389332426104615,-0.345969021320343,-0.5246557446913584
0.8674427037379941,-0.4975578188896179,-0.4501757303763725
-0.1701690967848877,-0.8124985098838806,-3.2378697208310996
0.8207181935966914,-0.5729579329490662,-0.4229975703834725
-0.14896249962305189,-0.8124985098838806,-3.0561729087402227
-0.12009860558975884,-0.8124985098838806,-3.183559568814303
0.6544094743782138,-0.7561571002006531,-0.30000610095851243
-0.14896249962305189,-0.8124985098838806,-3.0561729087402227
-0.07181840655618867,-0.8124985098838806,-3.1564257300716463
0.6520038293791699,-0.7599175572395325,-0.31177523961684983
0.45251797733215104,-0.8935366272926331,-0.22036635442771058
0.6520038293791699,-0.7599175572395325,-0.31177523961684983
-0.14896249962305189,-0.8124985098838806,-3.0561729087402227
-0.014771352566070664,-0.8124985098838806,-3.144229999379718
0.4511468942911292,-0.8998902440071106,-0.23375506543868596
-0.14896249962305189,-0.8124985098838806,-3.0561729087402227
0.6511461813619248,-0.7659160494804382,-0.32343911530585956
0.4516564833596717,-0.909169614315033,-0.2459489494118543
0.6511461813619248,-0.7659160494804382,-0.32343911530585956
0.652236509670844,-0.7738135457038879,-0.3342701208340486
0.8207278084847771,-0.5779618620872498,-0.43288120918771256
0.8224277206983301,-0.5839270949363708,-0.44227546752051694
0.8207278084847771,-0.5779618620872498,-0.43288120918771256
0.9398620407995408,-0.349190890789032,-0.5331968189569807
0.9389332426104615,-0.345969021320343,-0.5246557446913584
0.9889921959398875,-0.15143269300460815,-0.5751671962185583
-0.05745760971137638,1.125000536441803,-3.8408123157024647
-0.17958014924317792,1.125000536441803,-3.8120533644508896
0.04929649270423074,1.125000536441803,-3.841600864613042
-0.2633546691339448,1.125000536441803,-3.770027585626508
0.14533191788189145,1.125000536441803,-3.82359166326421
-0.2633546691339448,1.125000536441803,-3.770027585626508
0.2633527461563303,1.125000536441803,-3.770027585626508
-0.37123755941081393,1.125000536441803,-3.6788181460634632
0.3494098404786441,1.125000536441803,-3.701397976343628
-0.43975517488718063,1.125000536441803,-3.58447297804571
0.42540976186330814,1.125000536441803,-3.608467394896138
0.02298631294650154,1.125000536441803,-3.5425746228157777
0.42540976186330814,1.125000536441803,-3.608467394896138
0.07183955930997986,1.125000536441803,-3.5310677182213794
0.42540976186330814,1.125000536441803,-3.608467394896138
0.10533975237820091,1.125000536441803,-3.514262577504155
0.42540976186330814,1.125000536441803,-3.608467394896138
0.14850675392779197,1.125000536441803,-3.477762181210096
0.024591999256814642,-0.8124985098838806,-3.1451016506345013
0.42540976186330814,1.125000536441803,-3.608467394896138
-0.14896249962305189,-0.8124985098838806,-3.0561729087402227
0.07183955930997986,-0.8124985098838806,-3.156434963665447
0.17586880244209754,1.125000536441803,-3.440094658659632
0.43749759916465925,-0.8124985098838806,-2.9958276798153065
0.43749759916465925,-0.8124985098838806,-3.343751340943413
0.45792923634678706,-0.8159328103065491,-3.343751340943413
0.48573741566826945,1.125000536441803,-3.467097380370319
0.42403675584466916,-0.8124985098838806,-3.451444592159419
0.1942928509919297,1.125000536441803,-3.3930919727766877
0.4438395793459917,-0.8159328103065491,-3.456473207343265
0.48573741566826945,1.125000536441803,-3.467097380370319
0.38375422072079024,-0.8124985098838806,-3.5538396072525984
0.4016763721125485,-0.8159328103065491,-3.563651224025193
0.19999832558198835,1.125000536441803,-3.343751340943413
0.32473996062833654,-0.8124985098838806,-3.636921637552291
0.3399064850947311,-0.8159328103065491,-3.6506132104399285
0.4999982176769904,1.125000536441803,-3.343751340943413
0.2299160113494749,-0.8124985098838806,-3.7159648939235694
0.2406539183635927,-0.8159328103065491,-3.733348057612716
0.1942928509919297,1.125000536441803,-3.2944107091101387
0.15666210200208883,-0.8124985098838806,-3.752239990528892
0.16397710885769487,-0.8159328103065491,-3.771316595321082
0.4999982176769904,1.125000536441803,-3.343751340943413
0.05024259769186433,-0.8124985098838806,-3.7783562872347147
0.05258863038477689,-0.8159328103065491,-3.7986535731273534
0.17016525082965603,1.125000536441803,-3.2378697208310996
-0.043106427754649804,-0.8124985098838806,-3.7791226755201706
-0.04511978531979689,-0.8159328103065491,-3.799455049069252
0.4999982176769904,1.125000536441803,-3.343751340943413
-0.1268482570259253,-0.8124985098838806,-3.7624578854287165
-0.1327729510643381,-0.8159328103065491,-3.782012790379781
0.13976297470264984,1.125000536441803,-3.2006934254708312
-0.2299217802823237,-0.8124985098838806,-3.7159648939235694
-0.24065968729644152,-0.8159328103065491,-3.733348057612716
0.4999982176769904,1.125000536441803,-3.343751340943413
-0.30574671070382786,-0.8124985098838806,-3.656688915160771
-0.32001520462301736,-0.8159328103065491,-3.671307540865996
0.10533975237820091,1.125000536441803,-3.1732401043826712
-0.3714644707696366,-0.8124985098838806,-3.5748829675243314
-0.38881165185386957,-0.8159328103065491,-3.585677038677318
-0.4240406017999008,-0.8124985098838806,-3.4514427454406587
-0.44384342530122334,-0.8159328103065491,-3.456473207343265
-0.4579330823020187,-0.8159328103065491,-3.343751340943413
-0.4723611833634309,-0.8231232762336731,-3.343751340943413
-0.4556562768033232,-0.8151935935020447,-2.983218284121108
-0.4723611833634309,-0.8231232762336731,-3.343751340943413
0.4999982176769904,1.125000536441803,-3.343751340943413
0.05814218974308137,1.125000536441803,-3.1518181667651106
0.4999982176769904,1.125000536441803,-2.950520281754166
0.019699944198806815,1.125000536441803,-3.1446104234443055
-0.500002063632222,1.125000536441803,-2.950520281754166
-0.022974775080796053,1.125000536441803,-3.1449262123522885
-0.500002063632222,1.125000536441803,-2.950520281754166
-0.07185302015329721,1.125000536441803,-3.1564386571029672
-0.500002063632222,1.125000536441803,-3.343751340943413
-0.10534936726628398,1.125000536441803,-3.1732437978201915
-0.500002063632222,1.125000536441803,-3.343751340943413
-0.14846444842021225,1.125000536441803,-3.2096906392702067
-0.500002063632222,1.125000536441803,-3.343751340943413
-0.17590341603920348,1.125000536441803,-3.2474615780712384
-0.500002063632222,1.125000536441803,-3.343751340943413
-0.19429477396954423,1.125000536441803,-3.294399628797578
-0.500002063632222,1.125000536441803,-3.343751340943413
-0.20000217153722002,1.125000536441803,-3.343751340943413
-0.48575472246682105,1.125000536441803,-3.4670475189637955
-0.19429477396954423,1.125000536441803,-3.3931030530892485
-0.48575472246682105,1.125000536441803,-3.4670475189637955
-0.47159199231657434,-0.8226147294044495,-2.9725036218748073
-0.1701690967848877,1.125000536441803,-3.449632961055727
-0.48032038772077934,-0.8294693827629089,-3.343751340943413
-0.48396443030526237,-0.8331965804100037,-2.963414072137425
-0.43975517488718063,1.125000536441803,-3.58447297804571
-0.4900718072173036,-0.8411960005760193,-3.343751340943413
-0.1398033572326072,1.125000536441803,-3.4867760154783127
-0.4932735649498441,-0.8467889428138733,-2.9562506500668633
-0.43975517488718063,1.125000536441803,-3.58447297804571
-0.4965676256080074,-0.8545662760734558,-3.343751340943413
-0.4984444517623374,-0.8611312508583069,-2.9519699559808714
-0.10534936726628398,1.125000536441803,-3.514258884066635
-0.500002063632222,-0.8749982714653015,-3.343751340943413
-0.43975517488718063,1.125000536441803,-3.58447297804571
-0.500002063632222,-0.8749982714653015,-2.950520281754166
-0.058171034407335856,1.125000536441803,-3.5356771282466752
-0.500002063632222,-1.124998390674591,-3.343751340943413
-0.43975517488718063,1.125000536441803,-3.58447297804571
-0.500002063632222,-0.8749982714653015,-2.950520281754166
-0.500002063632222,-1.124998390674591,-2.950520281754166
-0.01970186717642132,1.125000536441803,-3.542892258442521
-0.5011250825606326,-0.8749982714653015,-2.9387215955956663
0.02298631294650154,1.125000536441803,-3.5425746228157777
-0.5046325937342986,-1.124998390674591,-2.9269081356870856
-0.5063421208359373,-0.8749982714653015,-2.9230928147286477
-0.5129840855255439,-1.124998390674591,-2.9123855393573876
-0.5156570244133705,-0.8749982714653015,-2.9091463946521117
-0.5247719383186209,-1.124998390674591,-2.9006921161682158
-0.5280967666186585,-0.8749982714653015,-2.8983412431865645
-0.5385654567663765,-1.124998390674591,-2.8927844664373197
-0.5385654567663765,-0.8749982714653015,-2.8927844664373197
-0.8437593114052775,-1.124998390674591,-2.7187459970447208
-0.8438016169128546,1.125000536441803,-2.7187127561070383
-0.8437593114052775,-1.124998390674591,-2.7187459970447208
-1.124935175606082,1.125000536441803,-2.437588605970518
-1.1249717121808076,-1.124998390674591,-2.4375424380015147
-1.2980743113206459,1.125000536441803,-2.134625159776647
-1.2980858491863487,-1.124998390674591,-2.134599305714005
-1.4062514171729377,1.125000536441803,-1.5937526291521635
-1.4062514171729377,-1.124998390674591,-1.5937526291521635
-1.394278958528615,0.8750004172325134,-1.410644923928544
-1.394278958528615,-0.8749982714653015,-1.410644923928544
-1.3919233109476168,0.8119599223136902,-1.393527687740857
-1.3905445359961264,-0.7986261248588562,-1.384166670345735
-1.387819676712637,0.7805920243263245,-1.3668222877505514
-1.3844236982407652,-0.7662014365196228,-1.3469442070164632
-1.3803854452447681,0.7563212513923645,-1.3252748090850446
-1.3720070317668829,-0.7499987483024597,-1.285308121678213
-1.3720070317668829,0.7500008940696716,-1.285308121678213
-1.2828250988167142,0.7500008940696716,-1.017641011146793
-1.2859653212655062,0.7704328894615173,-1.0162504319204118
-0.9531248174249627,0.7500008940696716,-0.5597821822278775
-1.291890015303919,0.7838031649589539,-1.013589310187058
-0.9544055205179789,0.7652540802955627,-0.5583916030014962
-1.3007857097608153,0.7955297827720642,-1.009594857508887
-0.9605667408033001,0.7853845953941345,-0.5517083278085693
-1.3080468732431414,0.8018758893013,-1.0063353988972494
-0.9694201297526193,0.7992666363716125,-0.5421053902558697
-1.3212077320548574,0.8090663552284241,-1.0004240521460588
-0.9781639089777614,0.8070364594459534,-0.5326206427038187
-0.9886499059240337,0.8116820454597473,-0.5212430084226298
-0.905761878714769,0.7667368054389954,-0.5180481849675971
-0.9954860913529715,0.8125006556510925,-0.5138284326006897
-0.8768499102410474,0.7987012267112732,-0.494354783275071
-0.9667510368200269,0.8121272921562195,-0.5145320324483009
-0.8657620213006099,0.8750004172325134,-0.48411288103136485
-0.9561765829033662,0.8056363463401794,-0.5238542687494601
-0.8772710423392014,0.8750004172325134,-0.4885173052742857
-0.9460271070400936,0.795660674571991,-0.5312319101961975
-0.9271915412801932,0.8600969910621643,-0.48317105446369624
-0.9373237103449115,0.7830135226249695,-0.5358413202214933
-0.8685138022707393,0.8482620120048523,-0.4862329141679993
-0.930818277066122,0.7690102458000183,-0.5373796369486854
-0.8751269222960887,0.8264749646186829,-0.4913815660712544
-0.9103597181973542,0.7798774838447571,-0.5199115241965728
-0.8835572561696368,0.80961674451828,-0.4980352937640191
-0.8939797948545434,0.7951435446739197,-0.5064101633412292
-0.8939009527722406,0.8173715472221375,-0.5010823797182411
-0.903573530186462,0.8048391938209534,-0.508576364446867
-0.9054195886989178,0.8245802521705627,-0.5015255922206734
-0.9145345026041682,0.8137956261634827,-0.5080001881937051
-0.9173362809923433,0.8307128548622131,-0.49924489455190724
-0.9260685223517826,0.8212950825691223,-0.504622539581419
-0.9288241492771463,0.835385262966156,-0.4944895937445608
-0.9373006346135058,0.8268343806266785,-0.49879614189319454
0.48144148367157547,-0.8795033097267151,0.031247229921859798
0.09319807170356985,-0.7607672810554504,0.031247229921859798
-0.939179383745453,0.8384343981742859,-0.48780816527039406
-0.9373006346135058,0.8268343806266785,-0.49879614189319454
-0.9474751091858011,0.8302332758903503,-0.4911858138826801
-0.9504980299999475,0.8180442452430725,-0.505693636462297
-0.960510974452403,0.8214581608772278,-0.4967924520384486
-0.9667510368200269,0.8121272921562195,-0.5145320324483009
-0.976771673182951,0.8150251507759094,-0.5043326047360779
-0.9954860913529715,0.8125006556510925,-0.5138284326006897
0.24675744932039964,-0.9714623093605042,0.031247229921859798
