0.18245284918521065,0.23925427524955012,0.2048636064719176
0.18153029745735694,0.23925427524955012,0.2048636064719176
0.18345228022371884,0.23925427524955012,0.2048636064719176
0.18153029745735694,0.23925427524955012,0.2048636064719176
0.18414419401960913,0.23925427524955012,0.2048636064719176
0.18022334917623084,0.23925427524955012,0.20478673446632456
0.18414419401960913,0.23925427524955012,0.2048636064719176
0.17853200434183236,0.2391004876990337,0.204671426457935
0.1855280216113897,0.2391773814742919,0.20478673446632456
0.18806503886298742,0.23902359392377548,0.20451768244674895
0.18637369402858894,0.2391773814742919,0.20470986246073153
0.18406731470895465,0.19996155609260313,0.2048636064719176
0.18537426299008075,0.19996155609260313,0.20478673446632456
0.18276036642782856,0.19996155609260313,0.2048636064719176
0.18537426299008075,0.19996155609260313,0.20478673446632456
0.18145341814670246,0.19996155609260313,0.2048636064719176
0.18537426299008075,0.19996155609260313,0.20478673446632456
0.18014646986557636,0.19996155609260313,0.20478673446632456
0.18537426299008075,0.19996155609260313,0.20478673446632456
0.1787626422737958,0.20011534364311956,0.204671426457935
0.18537426299008075,0.19996155609260313,0.20478673446632456
0.17737881468201522,0.20019223741837777,0.20451768244674895
0.1874500043777516,0.20011534364311956,0.2046329904551385
0.17737881468201522,0.20019223741837777,0.20451768244674895
0.18821879748429637,0.20019223741837777,0.20451768244674895
0.17737881468201522,0.20019223741837777,0.20451768244674895
0.19014078025065828,0.20049981251941063,0.20421019442437682
0.17607186640088912,0.2003460249688942,0.20432550243276637
0.19014078025065828,0.20049981251941063,0.20421019442437682
0.17476491811976302,0.20057670629466884,0.20405645041319076
0.19221652163832914,0.2008842813957017,0.2036720903852256
0.17338109052798245,0.2008842813957017,0.2036720903852256
0.19221652163832914,0.2008842813957017,0.2036720903852256
0.1713053491403116,0.2015763253730256,0.2029418063320918
0.19360034923010971,0.20134564404725097,0.2031724223488709
0.16907584913133178,0.2026528382266406,0.20178872624819633
0.19575296992843505,0.20226836935034953,0.202211522278958
0.16907584913133178,0.2026528382266406,0.20178872624819633
0.19767495269479696,0.20349866975448094,0.201020006192266
0.16792265947151463,0.20349866975448094,0.201020006192266
0.19767495269479696,0.20349866975448094,0.201020006192266
0.1663850732584251,0.20511343903490342,0.199751618099981
0.19867438373330515,0.20457518260809593,0.20017441413074266
0.1663850732584251,0.20511343903490342,0.199751618099981
0.19959693546115886,0.20572858923696913,0.1993288220692193
0.16600067670515273,0.20565169546171091,0.19936725807201583
0.19959693546115886,0.20572858923696913,0.1993288220692193
0.16500124566664454,0.20749714606790803,0.19825261399091687
0.20028884925704915,0.20695888964110054,0.198560102013289
0.16500124566664454,0.20749714606790803,0.19825261399091687
0.2010576423635939,0.20880434024729766,0.19756076594057959
0.16430933187075425,0.20941949044936337,0.19725327791820746
0.20151891822752077,0.21034221575246193,0.1968689178902423
0.16400181462813634,0.21064979085349478,0.19671517387905624
0.20182643547013868,0.2118800912576262,0.19629237784829456
0.16361741807486396,0.2124952414596919,0.19610019783431198
0.2020570734021021,0.2131103916617576,0.1959080178203294
0.1635405387642095,0.21318728543701582,0.1958695818175329
0.2020570734021021,0.2131103916617576,0.1959080178203294
0.16330990083224606,0.21510962981847115,0.19544678578677122
0.20221083202341106,0.21441758584114723,0.19560052979795728
0.16330990083224606,0.21510962981847115,0.19544678578677122
0.20228771133406553,0.21572478002053685,0.19533147777838167
0.1631561422109371,0.21703197419992648,0.1951777337671956
0.20236459064472,0.21703197419992648,0.1951777337671956
0.1631561422109371,0.2183391683793161,0.19506242575880606
0.2024414699553745,0.2183391683793161,0.19506242575880606
0.1631561422109371,0.22033840653602965,0.19506242575880606
0.2024414699553745,0.22026151276077144,0.19506242575880606
0.16323302152159158,0.22218385714222677,0.1951777337671956
0.2024414699553745,0.22218385714222677,0.1951777337671956
0.16330990083224606,0.2234910513216164,0.19533147777838167
0.20236459064472,0.2234910513216164,0.19533147777838167
0.16338678014290053,0.2247213517257478,0.19560052979795728
0.20221083202341106,0.2247213517257478,0.19556209379516076
0.16338678014290053,0.2247213517257478,0.19560052979795728
0.2020570734021021,0.22602854590513743,0.1959080178203294
0.16369429738551844,0.22672058988246135,0.19610019783431198
0.2017495561594842,0.22795089028659277,0.19648455786227714
0.16407869393879082,0.2286429342639167,0.19675360988185275
0.2017495561594842,0.22795089028659277,0.19648455786227714
0.16438621118140873,0.22979634089278989,0.19725327791820746
0.20128828029555734,0.22979634089278989,0.19725327791820746
0.16438621118140873,0.22979634089278989,0.19725327791820746
0.20082700443163048,0.2310266412969213,0.1978682539629517
0.165078124977299,0.23171868527424522,0.19821417798812035
0.20082700443163048,0.2310266412969213,0.1978682539629517
0.16538564221991692,0.23233383547631092,0.198560102013289
0.20028884925704915,0.2322569417010527,0.198560102013289
0.16646195256907959,0.23410239230724983,0.199751618099981
0.199135659597232,0.23410239230724983,0.199751618099981
0.16646195256907959,0.23410239230724983,0.199751618099981
0.19759807338414248,0.2357171615876723,0.20105844219506253
0.1679995387821691,0.2357171615876723,0.201020006192266
0.19636800441367086,0.23656299311551265,0.20186559825378936
0.16915272844198626,0.23656299311551265,0.20182716225099284
0.19436914233665448,0.23763950596912764,0.20286493432649877
0.17122846982965712,0.23763950596912764,0.20290337032929529
0.19436914233665448,0.23763950596912764,0.20286493432649877
0.17330421121732797,0.23833154994645156,0.2036720903852256
0.19152460784243885,0.238485337496968,0.20386427039920818
0.17476491811976302,0.2386391250474844,0.20405645041319076
0.19152460784243885,0.238485337496968,0.20386427039920818
0.1764562629541615,0.23886980637325905,0.2044023744383594
0.189448866454768,0.23886980637325905,0.20432550243276637
0.17753257330332417,0.23902359392377548,0.20455611844954547
0.18806503886298742,0.23902359392377548,0.20451768244674895
0.17853200434183236,0.2391004876990337,0.204671426457935
0.18153029745735694,0.19996155609260313,0.19137256949034054
0.18022334917623084,0.20003844986786135,0.19133413348754402
0.18276036642782856,0.19996155609260313,0.19137256949034054
0.18022334917623084,0.20003844986786135,0.19133413348754402
0.18414419401960913,0.19996155609260313,0.19137256949034054
0.18022334917623084,0.20003844986786135,0.19133413348754402
0.18537426299008075,0.20003844986786135,0.19133413348754402
0.18022334917623084,0.20003844986786135,0.19133413348754402
0.18729624575644266,0.20019223741837777,0.19121882547915448
0.17891640089510474,0.20011534364311956,0.191257261481951
0.18729624575644266,0.20019223741837777,0.19121882547915448
0.17760945261397865,0.20026913119363599,0.19114195347356144
0.18729624575644266,0.20019223741837777,0.19121882547915448
0.17630250433285255,0.20049981251941063,0.1910266454651719
0.18991014231869485,0.20057670629466884,0.19094977345957886
0.17499555605172645,0.20073049384518526,0.19083446545118932
0.19190900439571124,0.20111496272147633,0.19060384943441022
0.17368860777060036,0.20111496272147633,0.19060384943441022
0.19190900439571124,0.20111496272147633,0.19060384943441022
0.17176662500423845,0.20188390047405846,0.19014261740085203
0.19321595267683733,0.2015763253730256,0.1902963614120381
0.16984464223787654,0.20288351955241524,0.1895660773589043
0.19506105613254476,0.20249905067612417,0.1897966933756834
0.16984464223787654,0.20288351955241524,0.1895660773589043
0.1969061595882522,0.20372935108025558,0.1891048453253461
0.1686914525780594,0.20372935108025558,0.1891048453253461
0.1969061595882522,0.20372935108025558,0.1891048453253461
0.1670769870543154,0.20526722658541985,0.1883361252694158
0.19790559062676039,0.20465207638335414,0.18864361329178791
0.1670769870543154,0.20526722658541985,0.1883361252694158
0.1988281423546141,0.20572858923696913,0.1881439452554332
0.16661571119038854,0.20580548301222734,0.1881055092526367
0.1988281423546141,0.20572858923696913,0.1881439452554332
0.16553940084122587,0.20757403984316625,0.1873752251995029
0.19967381477181334,0.20688199586584233,0.1876442772190785
0.16553940084122587,0.20757403984316625,0.1873752251995029
0.20059636649966706,0.20872744647203945,0.18699086517153773
0.16469372842402663,0.20941949044936337,0.18676024915475864
0.20082700443163048,0.20926570289884694,0.18679868515755516
0.16469372842402663,0.20941949044936337,0.18676024915475864
0.20128828029555734,0.21057289707823656,0.18641432512959
0.16423245256009977,0.21064979085349478,0.18637588912679348
0.20128828029555734,0.21057289707823656,0.18641432512959
0.16377117669617292,0.2124952414596919,0.1859530930960318
0.20167267684882972,0.2118800912576262,0.18610683710721787
0.16377117669617292,0.2124952414596919,0.1859530930960318
0.20190331478079315,0.2131103916617576,0.18583778508764226
0.16361741807486396,0.21318728543701582,0.18579934908484574
0.20190331478079315,0.2131103916617576,0.18583778508764226
0.16338678014290053,0.21510962981847115,0.18549186106247362
0.20213395271275658,0.21441758584114723,0.18560716907086316
0.16338678014290053,0.21510962981847115,0.18549186106247362
0.20228771133406553,0.21572478002053685,0.18541498905688059
0.16323302152159158,0.21703197419992648,0.18529968104849104
0.20236459064472,0.21703197419992648,0.18529968104849104
0.1631561422109371,0.2183391683793161,0.185222809042898
0.2024414699553745,0.2183391683793161,0.185222809042898
0.1631561422109371,0.22026151276077144,0.185222809042898
0.2024414699553745,0.22026151276077144,0.185222809042898
0.16323302152159158,0.22218385714222677,0.18529968104849104
0.20236459064472,0.22218385714222677,0.18529968104849104
0.16330990083224606,0.2234910513216164,0.18541498905688059
0.20228771133406553,0.2234910513216164,0.18541498905688059
0.163463659453555,0.22479824550100602,0.18560716907086316
0.20213395271275658,0.2247213517257478,0.18560716907086316
0.163463659453555,0.22479824550100602,0.18560716907086316
0.20198019409144763,0.22602854590513743,0.18579934908484574
0.16377117669617292,0.22664369610720314,0.1859530930960318
0.20151891822752077,0.22795089028659277,0.18622214511560742
0.16430933187075425,0.2286429342639167,0.18641432512959
0.20151891822752077,0.22795089028659277,0.18622214511560742
0.16469372842402663,0.2298732346680481,0.18676024915475864
0.20090388374228496,0.22979634089278989,0.18676024915475864
0.16469372842402663,0.2298732346680481,0.18676024915475864
0.20036572856770363,0.2310266412969213,0.1871830451855203
0.16553940084122587,0.23171868527424522,0.1874136612022994
0.19967381477181334,0.23233383547631092,0.1876442772190785
0.16592379739449825,0.23233383547631092,0.1876442772190785
0.19844374580134172,0.23402549853199162,0.1883745612722123
0.16715386636496987,0.23402549853199162,0.1883745612722123
0.1969061595882522,0.23548648026189767,0.1891048453253461
0.1686914525780594,0.23556337403715588,0.1891048453253461
0.19575296992843505,0.23633231178973801,0.1895660773589043
0.16984464223787654,0.23633231178973801,0.1895660773589043
0.19383098716207314,0.2373319308680948,0.19014261740085203
0.17168974569358397,0.2373319308680948,0.19014261740085203
0.19383098716207314,0.2373319308680948,0.19014261740085203
0.17368860777060036,0.23810086862067692,0.19060384943441022
0.19121709059982095,0.23825465617119335,0.19071915744279977
0.17499555605172645,0.238485337496968,0.19083446545118932
0.19121709059982095,0.23825465617119335,0.19071915744279977
0.17668690088612493,0.23879291259800084,0.1910650814679684
0.18929510783345904,0.23871601882274263,0.1910266454651719
0.17760945261397865,0.23894670014851727,0.19118038947635796
0.18798815955233295,0.23894670014851727,0.19114195347356144
0.17860888365248684,0.2391004876990337,0.191257261481951
0.18637369402858894,0.2391004876990337,0.191257261481951
0.17860888365248684,0.2391004876990337,0.191257261481951
0.1852205043687718,0.2391773814742919,0.19133413348754402
0.18022334917623084,0.2391773814742919,0.19133413348754402
0.1852205043687718,0.2391773814742919,0.19133413348754402
0.18153029745735694,0.23925427524955012,0.19137256949034054
0.18414419401960913,0.23925427524955012,0.19137256949034054
0.18345228022371884,0.23925427524955012,0.19137256949034054
0.18153029745735694,0.19996155609260313,0.20474829846352804
0.18276036642782856,0.19996155609260313,0.19137256949034054
0.18276036642782856,0.19996155609260313,0.2048636064719176
0.18276036642782856,0.19996155609260313,0.19137256949034054
0.18406731470895465,0.19996155609260313,0.20474829846352804
0.18414419401960913,0.19996155609260313,0.19133413348754402
0.18537426299008075,0.20011534364311956,0.20451768244674895
0.18537426299008075,0.20011534364311956,0.19121882547915448
0.18729624575644266,0.2004229187441524,0.2039411424048012
0.18729624575644266,0.2004229187441524,0.19091133745678235
0.18798815955233295,0.20065360006992705,0.20371052638802212
0.18729624575644266,0.2004229187441524,0.19091133745678235
0.1897563836973859,0.20119185649673454,0.20305711434048135
0.18967950438673142,0.20119185649673454,0.19041166942042764
0.19152460784243885,0.20196079424931668,0.20224995828175452
0.19152460784243885,0.20196079424931668,0.18995043738686945
0.19260091819160152,0.20257594445138238,0.2017118542426033
0.192677797502256,0.20257594445138238,0.1896045133617008
0.194292263026,0.20365245730499737,0.20086626218107995
0.19421538371534552,0.20357556352973916,0.1891048453253461
0.19575296992843505,0.20480586393387057,0.19998223411676008
0.19575296992843505,0.20480586393387057,0.18852830528339837
0.19667552165628877,0.20572858923696913,0.19936725807201583
0.19667552165628877,0.20565169546171091,0.1881439452554332
0.19759807338414248,0.2066513145400677,0.19875228202727158
0.197521194073488,0.20657442076480947,0.18775958522746805
0.19836686649068724,0.20765093361842446,0.19817574198532384
0.19836686649068724,0.20757403984316625,0.1874136612022994
0.1995200561505044,0.20918880912358873,0.19740702192939352
0.1994431768398499,0.20918880912358873,0.1868755571631482
0.20028884925704915,0.21057289707823656,0.19683048188744579
0.19975069408246782,0.209650171775138,0.18676024915475864
0.20028884925704915,0.21057289707823656,0.19683048188744579
0.20036572856770363,0.2108035784040112,0.18641432512959
0.20098076305293944,0.21211077258340083,0.19633081385109108
0.20098076305293944,0.21203387880814262,0.1861452731100144
0.2014420389168663,0.21326417921227403,0.19594645382312592
0.20136515960621182,0.21318728543701582,0.18587622109043878
0.2017495561594842,0.21449447961640544,0.1956389658007538
0.2017495561594842,0.21449447961640544,0.1856840410764562
0.2020570734021021,0.21572478002053685,0.1954083497839747
0.2020570734021021,0.21580167379579507,0.18549186106247362
0.20228771133406553,0.21703197419992648,0.19521616976999212
0.20228771133406553,0.21703197419992648,0.18533811705128755
0.2024414699553745,0.2183391683793161,0.19510086176160257
0.2024414699553745,0.2183391683793161,0.185222809042898
0.2024414699553745,0.22026151276077144,0.19506242575880606
0.2024414699553745,0.22026151276077144,0.185222809042898
0.2024414699553745,0.22026151276077144,0.19506242575880606
0.20228771133406553,0.22218385714222677,0.18533811705128755
0.20228771133406553,0.22218385714222677,0.19521616976999212
0.2020570734021021,0.22341415754635818,0.1854534250596771
0.2020570734021021,0.22341415754635818,0.19536991378117818
0.20182643547013868,0.2247213517257478,0.18564560507365968
0.20182643547013868,0.2246444579504896,0.1956389658007538
0.2014420389168663,0.225874758354621,0.18587622109043878
0.2014420389168663,0.22595165212987922,0.19594645382312592
0.200750125120976,0.22772020896081813,0.18626058111840393
0.200750125120976,0.22772020896081813,0.19648455786227714
0.1998275733931223,0.22941187201649882,0.1866833771491656
0.1998275733931223,0.22941187201649882,0.1971379699098179
0.199135659597232,0.2304883848701138,0.18702930117433425
0.199135659597232,0.2304883848701138,0.19763763794617262
0.19836686649068724,0.231641791498987,0.1873752251995029
0.19844374580134172,0.2315648977237288,0.19817574198532384
0.19713679752021562,0.23310277322889306,0.18795176524145063
0.19713679752021562,0.23310277322889306,0.1990597700496437
0.19575296992843505,0.23440996740828268,0.18852830528339837
0.19575296992843505,0.23440996740828268,0.19998223411676008
0.19475353888992686,0.23517890516086482,0.18891266531136353
0.19475353888992686,0.23517890516086482,0.20059721016150434
0.19313907336618286,0.23633231178973801,0.18945076935051475
0.19321595267683733,0.2362554180144798,0.20144280222302768
0.19090957335720304,0.2374857184186112,0.19010418139805552
0.19098645266785752,0.2374857184186112,0.20251901030133013
0.1891413492121501,0.23825465617119335,0.1905654134316137
0.1891413492121501,0.23825465617119335,0.20328773035726044
0.18791128024167847,0.2385622312722262,0.1907960294483928
0.18791128024167847,0.2385622312722262,0.20374896239081863
0.18637369402858894,0.23894670014851727,0.1910650814679684
0.18629681471793447,0.23894670014851727,0.20428706642996985
0.1852205043687718,0.2391004876990337,0.19121882547915448
0.1855280216113897,0.2391004876990337,0.20447924644395243
0.18414419401960913,0.23925427524955012,0.19133413348754402
0.18414419401960913,0.23925427524955012,0.20474829846352804
0.18345228022371884,0.23925427524955012,0.19137256949034054
0.18345228022371884,0.23925427524955012,0.2048636064719176
0.18345228022371884,0.23925427524955012,0.19137256949034054
0.18245284918521065,0.23925427524955012,0.2048636064719176
0.18153029745735694,0.23925427524955012,0.19133413348754402
0.18153029745735694,0.23925427524955012,0.20474829846352804
0.18153029745735694,0.23925427524955012,0.19133413348754402
0.18030022848688532,0.2391004876990337,0.20451768244674895
0.18022334917623084,0.2391004876990337,0.19121882547915448
0.17868576296314131,0.23886980637325905,0.20405645041319076
0.17860888365248684,0.23879291259800084,0.19094977345957886
0.17768633192463312,0.2386391250474844,0.20374896239081863
0.17860888365248684,0.23879291259800084,0.19094977345957886
0.1767637801967794,0.23833154994645156,0.20340303836565
0.17768633192463312,0.2386391250474844,0.1907960294483928
0.1767637801967794,0.23833154994645156,0.20340303836565
0.1767637801967794,0.23833154994645156,0.19060384943441022
0.17522619398368988,0.23779329351964407,0.20278806232090574
0.17530307329434436,0.23779329351964407,0.19025792540924158
0.17407300432387274,0.23725503709283657,0.20224995828175452
0.1741498836345272,0.23725503709283657,0.18995043738686945
0.17238165948947426,0.23633231178973801,0.20144280222302768
0.17238165948947426,0.23633231178973801,0.18945076935051475
0.17076719396573026,0.23517890516086482,0.20055877415870782
0.17084407327638473,0.23517890516086482,0.18891266531136353
0.16984464223787654,0.23440996740828268,0.19998223411676008
0.16984464223787654,0.23440996740828268,0.18852830528339837
0.16846081464609597,0.23302587945363484,0.1990597700496437
0.16846081464609597,0.23302587945363484,0.18795176524145063
0.16723074567562435,0.2315648977237288,0.19821417798812035
0.16723074567562435,0.231641791498987,0.1874136612022994
0.16684634912235197,0.2311035350721795,0.19794512596854474
0.16684634912235197,0.2311035350721795,0.18722148118831683
0.1657700387731893,0.22941187201649882,0.19717640591261443
0.1657700387731893,0.22948876579175703,0.18672181315196212
0.1651550042879535,0.22833535916288383,0.19675360988185275
0.1651550042879535,0.22833535916288383,0.18641432512959
0.16438621118140873,0.22656680233194493,0.1961386338371085
0.16438621118140873,0.22656680233194493,0.18599152909882832
0.16377117669617292,0.2247213517257478,0.1956389658007538
0.16377117669617292,0.2247213517257478,0.1856840410764562
0.1635405387642095,0.2234910513216164,0.1954083497839747
0.1635405387642095,0.2234910513216164,0.18549186106247362
0.16330990083224606,0.22218385714222677,0.19521616976999212
0.16330990083224606,0.22218385714222677,0.18533811705128755
0.1631561422109371,0.22033840653602965,0.19506242575880606
0.1631561422109371,0.22026151276077144,0.185222809042898
0.1631561422109371,0.22033840653602965,0.19506242575880606
0.1631561422109371,0.2183391683793161,0.185222809042898
0.1631561422109371,0.2183391683793161,0.19510086176160257
0.16330990083224606,0.21703197419992648,0.18533811705128755
0.16330990083224606,0.21703197419992648,0.19521616976999212
0.16361741807486396,0.21518652359372936,0.18556873306806665
0.16361741807486396,0.21510962981847115,0.19552365779236425
0.1641555732494453,0.21326417921227403,0.18587622109043878
0.1641555732494453,0.21334107298753224,0.19594645382312592
0.16438621118140873,0.21264902901020832,0.18599152909882832
0.16438621118140873,0.21264902901020832,0.1961386338371085
0.1651550042879535,0.21095736595452763,0.18641432512959
0.1651550042879535,0.21095736595452763,0.19671517387905624
0.1657700387731893,0.20980395932565443,0.18672181315196212
0.1657700387731893,0.20980395932565443,0.1971379699098179
0.1667694698116975,0.20818919004523195,0.18722148118831683
0.16684634912235197,0.20811229626997374,0.19794512596854474
0.1679995387821691,0.2066513145400677,0.18775958522746805
0.1679995387821691,0.2066513145400677,0.19875228202727158
0.16846081464609597,0.2061899518885184,0.18795176524145063
0.16846081464609597,0.2061899518885184,0.1990597700496437
0.16984464223787654,0.20480586393387057,0.18852830528339837
0.16984464223787654,0.20480586393387057,0.19994379811396357
0.17076719396573026,0.20403692618128844,0.18891266531136353
0.17076719396573026,0.20403692618128844,0.2005203381559113
0.17238165948947426,0.20288351955241524,0.18945076935051475
0.17245853880012874,0.20288351955241524,0.20144280222302768
0.17407300432387274,0.20196079424931668,0.18995043738686945
0.17407300432387274,0.20196079424931668,0.20224995828175452
0.17522619398368988,0.20142253782250918,0.19025792540924158
0.17522619398368988,0.20142253782250918,0.20278806232090574
0.1764562629541615,0.2009611751709599,0.1905269774288172
0.17637938364350703,0.20103806894621812,0.20324929435446393
0.1764562629541615,0.2009611751709599,0.1905269774288172
0.17760945261397865,0.20065360006992705,0.20371052638802212
0.17768633192463312,0.20065360006992705,0.1907960294483928
0.17891640089510474,0.2003460249688942,0.2041333224187838
0.17891640089510474,0.2003460249688942,0.1910266454651719
0.17891640089510474,0.2003460249688942,0.2041333224187838
0.18022334917623084,0.20011534364311956,0.19121882547915448
0.18022334917623084,0.20011534364311956,0.20447924644395243
0.18153029745735694,0.19996155609260313,0.19133413348754402
0.18153029745735694,0.19996155609260313,0.20474829846352804
0.18276036642782856,0.19996155609260313,0.19137256949034054
