0.06350001494865865,-0.9687504619359983, -1.593750461935997
0.06350001494865865,-0.9191080480813993, -1.9088748842477798
0.06350001494865865,-0.9191246777772917, -1.2786768525838852
0.06350001494865865,-0.7757646888494505, -2.175677105784416
0.06350001494865865,-0.7758025676012053, -1.0118746310472488
0.06350001494865865,-0.5819649845361723, -2.3694851249456406
0.06350001494865865,-0.581850424408914, -0.8179289549589157
0.06350001494865865,-0.3736355453729643, -2.490839406847954
0.06350001494865865,-0.37376858294010296, -0.6967178732156754
0.06350001494865865,-0.1750224679708494, -2.548067733645439
0.06350001494865865,-0.1749439388513578, -0.6394202560186386
0.06350001494865865,-0.07766668498516215, -2.0847708731889725
0.06350001494865865,-0.07497175037861002, -1.1164735704660416
0.06350001494865865,-0.07766668498516215, -2.0847708731889725
0.06350001494865865,-0.06660516560077799, -1.1349020451307297
0.06350001494865865,-0.07317112386226786, -2.065687373280525
0.06350001494865865,-0.055869773030282385, -1.148361012339592
0.06350001494865865,-0.07317112386226786, -2.065687373280525
0.06350001494865865,-0.041360363364220984, -1.1602226048707962
0.06350001494865865,-0.06660701334476603, -2.0526016503572464
0.06350001494865865,-0.041360363364220984, -1.1602226048707962
0.06350001494865865,-0.05234889686107767, -2.0357391387224197
0.06350001494865865,-0.01927889883518351, -1.1696470230817795
0.06350001494865865,-0.03763531148433817, -2.025050863623619
0.06350001494865865,-0.01927889883518351, -1.1696470230817795
0.06350001494865865,-0.019274279475213416, -2.0178539007902145
0.06350001494865865,-0.01927889883518351, -1.1696470230817795
0.06350001494865865,-4.619359983271646E-7, -2.015625521540642
0.06350001494865865,-4.619359983271646E-7, -1.1718763262033463
0.06350001494865865,-4.619359983271646E-7, -2.015625521540642
0.06350001494865865,0.019277051091192834, -1.1696470230817795
0.06350001494865865,-4.619359983271646E-7, -2.015625521540642
0.06350001494865865,0.03761221468448507, -1.1624620705842972
0.06350001494865865,-4.619359983271646E-7, -2.015625521540642
0.06350001494865865,0.05236645042896139, -1.151744231581688
0.06350001494865865,0.01927243173122274, -2.0178539007902145
0.06350001494865865,0.05236645042896139, -1.151744231581688
0.06350001494865865,0.04135943949222433, -2.027279242873192
0.06350001494865865,0.05236645042896139, -1.151744231581688
0.06350001494865865,0.05588178336620199, -2.0391546934843063
0.06350001494865865,0.06660331785678732, -1.1349020451307297
0.06350001494865865,0.05588178336620199, -2.0391546934843063
0.06350001494865865,0.07316835224628317, -1.121818169951439
0.06350001494865865,0.06660424172878134, -2.0526016503572464
0.06350001494865865,0.07316835224628317, -1.121818169951439
0.06350001494865865,0.0749726742506014, -2.0710384398698807
0.06350001494865865,0.07766576111316549, -1.1027245074510574
0.06350001494865865,0.174734219908713, -0.6393851488828659
0.06350001494865865,0.07778863608836996, -1.0860550850629807
0.06350001494865865,0.174734219908713, -0.6393851488828659
0.06350001494865865,0.0749726742506014, -1.071038469672203
0.06350001494865865,0.174734219908713, -0.6393851488828659
0.06350001494865865,0.06660424172878134, -1.0526016801595688
0.06350001494865865,0.174734219908713, -0.6393851488828659
0.06350001494865865,0.05588178336620199, -1.0391556471586227
0.06350001494865865,-4.619359983271646E-7, -0.625001385807991
0.06350001494865865,0.04135943949222433, -1.0272792726755142
0.06350001494865865,-4.619359983271646E-7, -0.625001385807991
0.06350001494865865,0.01927243173122274, -1.017854854464531
0.06350001494865865,-4.619359983271646E-7, -0.625001385807991
0.06350001494865865,-4.619359983271646E-7, -1.0156264752149582
0.06350001494865865,-4.619359983271646E-7, -0.625001385807991
0.06350001494865865,-0.019274279475213416, -1.017854854464531
0.06350001494865865,-4.619359983271646E-7, -0.625001385807991
0.06350001494865865,-0.03763531148433817, -1.0250518172979355
0.06350001494865865,-4.619359983271646E-7, -0.625001385807991
0.06350001494865865,-0.05234889686107767, -1.0357400923967361
0.06350001494865865,-0.1749439388513578, -0.6394202560186386
0.06350001494865865,-0.06660701334476603, -1.0526016801595688
0.06350001494865865,-0.1749439388513578, -0.6394202560186386
0.06350001494865865,-0.07317112386226786, -1.0656874030828476
0.06350001494865865,-0.1749439388513578, -0.6394202560186386
0.06350001494865865,-0.07766668498516215, -1.0847718268632889
0.06350001494865865,-0.1749439388513578, -0.6394202560186386
0.06350001494865865,-0.07779048383236063, -1.1014467924833298
0.06350001494865865,-0.07497175037861002, -1.1164735704660416
0.06350001494865865,0.9687486141920076, -1.593750461935997
0.06350001494865865,0.919122830033301, -1.2786768525838852
0.06350001494865865,0.9191634804010378, -1.9087030440568924
0.06350001494865865,0.7757452875375734, -1.0118016451597214
0.06350001494865865,0.775925442576407, -2.175464615225792
0.06350001494865865,0.5818485766649233, -0.8179289549589157
0.06350001494865865,0.5819631367921816, -2.3694851249456406
0.06350001494865865,0.3738230913877474, -0.6967418938875198
0.06350001494865865,0.3736336976289736, -2.490839406847954
0.06350001494865865,0.174734219908713, -0.6393851488828659
0.06350001494865865,0.17498643696308006, -2.5480732768774033
0.06350001494865865,0.0749726742506014, -2.0710384398698807
0.06350001494865865,0.17498643696308006, -2.5480732768774033
0.06350001494865865,0.07778863608836996, -2.0860550552606583
0.06350001494865865,0.17498643696308006, -2.5480732768774033
0.06350001494865865,0.07766576111316549, -2.102724477648735
0.06350001494865865,0.17498643696308006, -2.5480732768774033
0.06350001494865865,0.07316835224628317, -2.1218172162771225
0.06350001494865865,0.17498643696308006, -2.5480732768774033
0.06350001494865865,0.06660331785678732, -2.1349020153284073
0.06350001494865865,-4.619359983271646E-7, -2.562500461935997
0.06350001494865865,0.052350744605063074, -2.1517405062913895
0.06350001494865865,-4.619359983271646E-7, -2.562500461935997
0.06350001494865865,0.03761221468448507, -2.162462040781975
0.06350001494865865,-4.619359983271646E-7, -2.562500461935997
0.06350001494865865,0.019277051091192834, -2.169646069407463
0.06350001494865865,-4.619359983271646E-7, -2.562500461935997
0.06350001494865865,-4.619359983271646E-7, -2.17187537252903
0.06350001494865865,-4.619359983271646E-7, -2.562500461935997
0.06350001494865865,-0.01927889883518351, -2.169646069407463
0.06350001494865865,-4.619359983271646E-7, -2.562500461935997
0.06350001494865865,-0.041360363364220984, -2.160222575068474
0.06350001494865865,-0.1750224679708494, -2.548067733645439
0.06350001494865865,-0.055869773030282385, -2.1483609825372696
0.06350001494865865,-0.1750224679708494, -2.548067733645439
0.06350001494865865,-0.06660516560077799, -2.1349020153284073
0.06350001494865865,-0.1750224679708494, -2.548067733645439
0.06350001494865865,-0.07497175037861002, -2.116472616791725
0.06350001494865865,-0.1750224679708494, -2.548067733645439
0.06350001494865865,-0.07779048383236063, -2.1014458388090134
0.06350001494865865,-0.07766668498516215, -2.0847708731889725
0.0010000447509810328,-0.9687504619359983, -1.593750461935997
0.0010000447509810328,-0.9191080480813993, -1.2786269634962082
0.0010000447509810328,-0.9191246777772917, -1.9088249951601028
0.0010000447509810328,-0.7757646888494505, -1.0118247419595718
0.0010000447509810328,-0.7758025676012053, -2.175627216696739
0.0010000447509810328,-0.5819649845361723, -0.8180167227983475
0.0010000447509810328,-0.581850424408914, -2.3695728927850723
0.0010000447509810328,-0.3736355453729643, -0.6966624408960342
0.0010000447509810328,-0.37376858294010296, -2.4907839745283127
0.0010000447509810328,-0.1750224679708494, -0.6394341140985489
0.0010000447509810328,-0.1749439388513578, -2.5480815917253494
0.0010000447509810328,-0.07766668498516215, -2.0847708731889725
0.0010000447509810328,-0.1749439388513578, -2.5480815917253494
0.0010000447509810328,-0.07779048383236063, -2.1014504581689835
0.0010000447509810328,-0.1749439388513578, -2.5480815917253494
0.0010000447509810328,-0.07497175037861002, -2.116472616791725
0.0010000447509810328,-0.1749439388513578, -2.5480815917253494
0.0010000447509810328,-0.06660516560077799, -2.1349020153284073
0.0010000447509810328,-0.1749439388513578, -2.5480815917253494
0.0010000447509810328,-0.055883631110192664, -2.1483471244573593
0.0010000447509810328,-0.1749439388513578, -2.5480815917253494
0.0010000447509810328,-0.04135666787624491, -2.160225346684456
0.0010000447509810328,-4.619359983271646E-7, -2.562500461935997
0.0010000447509810328,-0.01927889883518351, -2.169646069407463
0.0010000447509810328,-4.619359983271646E-7, -2.562500461935997
0.0010000447509810328,-4.619359983271646E-7, -2.17187537252903
0.0010000447509810328,-4.619359983271646E-7, -2.562500461935997
0.0010000447509810328,0.019277051091192834, -2.169646069407463
0.0010000447509810328,-4.619359983271646E-7, -2.562500461935997
0.0010000447509810328,0.03761221468448507, -2.162462040781975
0.0010000447509810328,-4.619359983271646E-7, -2.562500461935997
0.0010000447509810328,0.05236645042896139, -2.1517442017793655
0.0010000447509810328,0.174734219908713, -2.548116698861122
0.0010000447509810328,0.06660331785678732, -2.1349020153284073
0.0010000447509810328,0.174734219908713, -2.548116698861122
0.0010000447509810328,0.07317389547824728, -2.121803358197212
0.0010000447509810328,0.174734219908713, -2.548116698861122
0.0010000447509810328,0.07766668498515951, -2.1027096956968307
0.0010000447509810328,0.174734219908713, -2.548116698861122
0.0010000447509810328,0.07778771221637594, -2.086043044924736
0.0010000447509810328,0.174734219908713, -2.548116698861122
0.0010000447509810328,0.0749726742506014, -2.0710384398698807
0.0010000447509810328,0.07766668498515951, -1.1027097254991531
0.0010000447509810328,0.06660424172878134, -2.0526016503572464
0.0010000447509810328,0.07317389547824728, -1.1218043118715286
0.0010000447509810328,0.06660424172878134, -2.0526016503572464
0.0010000447509810328,0.06660331785678732, -1.1349020451307297
0.0010000447509810328,0.06660424172878134, -2.0526016503572464
0.0010000447509810328,0.05236645042896139, -1.151744231581688
0.0010000447509810328,0.06660424172878134, -2.0526016503572464
0.0010000447509810328,0.03761221468448507, -1.1624620705842972
0.0010000447509810328,0.06660424172878134, -2.0526016503572464
0.0010000447509810328,0.019277051091192834, -1.1696470230817795
0.0010000447509810328,0.06660424172878134, -2.0526016503572464
0.0010000447509810328,-4.619359983271646E-7, -1.1718763262033463
0.0010000447509810328,0.05588178336620199, -2.0391546934843063
0.0010000447509810328,-4.619359983271646E-7, -1.1718763262033463
0.0010000447509810328,0.04135943949222433, -2.027279242873192
0.0010000447509810328,-4.619359983271646E-7, -1.1718763262033463
0.0010000447509810328,0.01927243173122274, -2.0178539007902145
0.0010000447509810328,-4.619359983271646E-7, -1.1718763262033463
0.0010000447509810328,-4.619359983271646E-7, -2.015625521540642
0.0010000447509810328,-0.01927889883518351, -1.1696470230817795
0.0010000447509810328,-4.619359983271646E-7, -2.015625521540642
0.0010000447509810328,-0.04135666787624491, -1.1602253764867783
0.0010000447509810328,-4.619359983271646E-7, -2.015625521540642
0.0010000447509810328,-0.055883631110192664, -1.1483471542596817
0.0010000447509810328,-4.619359983271646E-7, -2.015625521540642
0.0010000447509810328,-0.06660516560077799, -1.1349020451307297
0.0010000447509810328,-0.019274279475213416, -2.0178539007902145
0.0010000447509810328,-0.06660516560077799, -1.1349020451307297
0.0010000447509810328,-0.03761868178844584, -2.025042548775673
0.0010000447509810328,-0.06660516560077799, -1.1349020451307297
0.0010000447509810328,-0.052360907196999915, -2.035750225186348
0.0010000447509810328,-0.06660516560077799, -1.1349020451307297
0.0010000447509810328,-0.06660701334476603, -2.0526016503572464
0.0010000447509810328,-0.06660516560077799, -1.1349020451307297
0.0010000447509810328,-0.07317204773426188, -2.0656901448965073
0.0010000447509810328,-0.06660516560077799, -1.1349020451307297
0.0010000447509810328,-0.07766668498516215, -2.0847708731889725
0.0010000447509810328,-0.07497175037861002, -1.1164735704660416
0.0010000447509810328,-0.1750224679708494, -0.6394341140985489
0.0010000447509810328,-0.07779048383236063, -1.1014514118432999
0.0010000447509810328,-0.1750224679708494, -0.6394341140985489
0.0010000447509810328,-0.07766668498516215, -1.0847718268632889
0.0010000447509810328,-0.1750224679708494, -0.6394341140985489
0.0010000447509810328,-0.07317204773426188, -1.0656901746988297
0.0010000447509810328,-0.1750224679708494, -0.6394341140985489
0.0010000447509810328,-0.06660701334476603, -1.0526016801595688
0.0010000447509810328,-0.1750224679708494, -0.6394341140985489
0.0010000447509810328,-0.052360907196999915, -1.0357502549886703
0.0010000447509810328,-4.619359983271646E-7, -0.625001385807991
0.0010000447509810328,-0.03761868178844584, -1.0250425785779953
0.0010000447509810328,-4.619359983271646E-7, -0.625001385807991
0.0010000447509810328,-0.019274279475213416, -1.017854854464531
0.0010000447509810328,-4.619359983271646E-7, -0.625001385807991
0.0010000447509810328,-4.619359983271646E-7, -1.0156264752149582
0.0010000447509810328,-4.619359983271646E-7, -0.625001385807991
0.0010000447509810328,0.01927243173122274, -1.017854854464531
0.0010000447509810328,-4.619359983271646E-7, -0.625001385807991
0.0010000447509810328,0.04135943949222433, -1.0272792726755142
0.0010000447509810328,0.17498643696308006, -0.6394285708665848
0.0010000447509810328,0.05588178336620199, -1.0391556471586227
0.0010000447509810328,0.17498643696308006, -0.6394285708665848
0.0010000447509810328,0.06660424172878134, -1.0526016801595688
0.0010000447509810328,0.17498643696308006, -0.6394285708665848
0.0010000447509810328,0.0749726742506014, -1.071038469672203
0.0010000447509810328,0.17498643696308006, -0.6394285708665848
0.0010000447509810328,0.07778771221637594, -1.0860430747270584
0.0010000447509810328,0.17498643696308006, -0.6394285708665848
0.0010000447509810328,0.07766668498515951, -1.1027097254991531
0.0010000447509810328,0.17498643696308006, -0.6394285708665848
0.0010000447509810328,0.174734219908713, -2.548116698861122
0.0010000447509810328,0.3736336976289736, -0.6966624408960342
0.0010000447509810328,0.3738230913877474, -2.490759953856468
0.0010000447509810328,0.5819631367921816, -0.8180167227983475
0.0010000447509810328,0.5818485766649233, -2.3695728927850723
0.0010000447509810328,0.775925442576407, -1.012037232518196
0.0010000447509810328,0.7757452875375734, -2.1757002025842667
0.0010000447509810328,0.9191634804010378, -1.2787988036870956
0.0010000447509810328,0.919122830033301, -1.9088249951601028
0.0010000447509810328,0.9687486141920076, -1.593750461935997
0.0010000447509810328,-0.581250831484796, -0.8187512010335922
0.06350001494865865,-0.37259711325168743, -0.6995209008455276
0.0010000447509810328,-0.37259711325168743, -0.6995209008455276
0.06350001494865865,-0.37259711325168743, -0.6995209008455276
0.0010000447509810328,-0.17469356954097878, -0.64088274538517
0.06350001494865865,-0.17469356954097878, -0.64088274538517
0.0010000447509810328,-4.619359983271646E-7, -0.625001385807991
0.06350001494865865,-4.619359983271646E-7, -0.625001385807991
0.0010000447509810328,-4.619359983271646E-7, -0.625001385807991
0.06350001494865865,0.17469172179698814, -0.64088274538517
0.0010000447509810328,0.17469172179698814, -0.64088274538517
0.06350001494865865,0.17469172179698814, -0.64088274538517
0.0010000447509810328,0.3725952655076967, -0.6995209008455276
0.06350001494865865,0.3725952655076967, -0.6995209008455276
0.0010000447509810328,0.3725952655076967, -0.6995209008455276
0.06350001494865865,0.5812489837408052, -0.8187512010335922
0.0010000447509810328,0.5812489837408052, -0.8187512010335922
0.06350001494865865,0.7749987989664064, -1.0125010162591934
0.0010000447509810328,0.7749987989664064, -1.0125010162591934
0.06350001494865865,0.916383549571036, -1.279561921954155
0.0010000447509810328,0.916383549571036, -1.279561921954155
0.06350001494865865,0.916383549571036, -1.279561921954155
0.0010000447509810328,0.9687486141920076, -1.593750461935997
0.06350001494865865,0.9687486141920076, -1.593750461935997
0.0010000447509810328,0.9687486141920076, -1.593750461935997
0.06350001494865865,0.916383549571036, -1.907939925789833
0.0010000447509810328,0.916383549571036, -1.907939925789833
0.06350001494865865,0.7749987989664064, -2.1750008314847946
0.0010000447509810328,0.7749987989664064, -2.1750008314847946
0.06350001494865865,0.7749987989664064, -2.1750008314847946
0.0010000447509810328,0.5812489837408052, -2.368750646710396
0.06350001494865865,0.5812489837408052, -2.368750646710396
0.0010000447509810328,0.5812489837408052, -2.368750646710396
0.06350001494865865,0.3725952655076967, -2.4879809468984604
0.0010000447509810328,0.3725952655076967, -2.4879809468984604
0.06350001494865865,0.3725952655076967, -2.4879809468984604
0.0010000447509810328,0.17469172179698814, -2.546619102358818
0.06350001494865865,0.17469172179698814, -2.546619102358818
0.0010000447509810328,0.17469172179698814, -2.546619102358818
0.06350001494865865,-4.619359983271646E-7, -2.562500461935997
0.0010000447509810328,-4.619359983271646E-7, -2.562500461935997
0.06350001494865865,-4.619359983271646E-7, -2.562500461935997
0.0010000447509810328,-0.17469356954097878, -2.546619102358818
0.06350001494865865,-0.17469356954097878, -2.546619102358818
0.0010000447509810328,-0.17469356954097878, -2.546619102358818
0.06350001494865865,-0.37259711325168743, -2.4879809468984604
0.0010000447509810328,-0.37259711325168743, -2.4879809468984604
0.06350001494865865,-0.37259711325168743, -2.4879809468984604
0.0010000447509810328,-0.581250831484796, -2.368750646710396
0.06350001494865865,-0.581250831484796, -2.368750646710396
0.0010000447509810328,-0.7750006467103971, -2.1750008314847946
0.06350001494865865,-0.7750006467103971, -2.1750008314847946
0.0010000447509810328,-0.7750006467103971, -2.1750008314847946
0.06350001494865865,-0.9163853973150267, -1.907939925789833
0.0010000447509810328,-0.9163853973150267, -1.907939925789833
0.06350001494865865,-0.9163853973150267, -1.907939925789833
0.0010000447509810328,-0.9687504619359983, -1.593750461935997
0.06350001494865865,-0.9687504619359983, -1.593750461935997
0.0010000447509810328,-0.9163853973150267, -1.279561921954155
0.06350001494865865,-0.9163853973150267, -1.279561921954155
0.0010000447509810328,-0.7750006467103971, -1.0125010162591934
0.06350001494865865,-0.7750006467103971, -1.0125010162591934
0.0010000447509810328,-0.581250831484796, -0.8187512010335922
0.06350001494865865,-0.581250831484796, -0.8187512010335922
0.06350001494865865,-0.37259711325168743, -0.6995209008455276
0.06350001494865865,-0.06646750867366923, -1.0526940673589706
0.0010000447509810328,-0.052360907196999915, -1.0357502549886703
0.06350001494865865,-0.05235259234905375, -1.0357613414525986
0.0010000447509810328,-0.037517055869103796, -1.025223657488823
0.06350001494865865,-0.037517055869103796, -1.025223657488823
0.0010000447509810328,-0.037517055869103796, -1.025223657488823
0.06350001494865865,-0.019231781363488562, -1.0180303901433945
0.0010000447509810328,-0.019231781363488562, -1.0180303901433945
0.06350001494865865,-0.019231781363488562, -1.0180303901433945
0.0010000447509810328,-4.619359983271646E-7, -1.0156264752149582
0.06350001494865865,-4.619359983271646E-7, -1.0156264752149582
0.0010000447509810328,0.019229933619497888, -1.0180303901433945
0.06350001494865865,0.019229933619497888, -1.0180303901433945
0.0010000447509810328,0.041272595524786584, -1.027418777346611
0.06350001494865865,0.041272595524786584, -1.027418777346611
0.0010000447509810328,0.041272595524786584, -1.027418777346611
0.06350001494865865,0.05588178336620199, -1.0391556471586227
0.0010000447509810328,0.05588178336620199, -1.0391556471586227
0.06350001494865865,0.05588178336620199, -1.0391556471586227
0.0010000447509810328,0.06646566092967855, -1.0526940673589706
0.06350001494865865,0.06646566092967855, -1.0526940673589706
0.0010000447509810328,0.06646566092967855, -1.0526940673589706
0.06350001494865865,0.0747684985399233, -1.0711003690958023
0.0010000447509810328,0.0747684985399233, -1.0711003690958023
0.06350001494865865,0.07774429023265707, -1.0860541611909866
0.0010000447509810328,0.07774429023265707, -1.0860541611909866
0.06350001494865865,0.07774429023265707, -1.0860541611909866
0.0010000447509810328,0.07760755717754232, -1.1027235835790634
0.06350001494865865,0.07760755717754232, -1.1027235835790634
0.0010000447509810328,0.07294385135173666, -1.121726706624031
0.06350001494865865,0.07294385135173666, -1.121726706624031
0.0010000447509810328,0.07294385135173666, -1.121726706624031
0.06350001494865865,0.06646566092967855, -1.1348078101873398
0.0010000447509810328,0.06646566092967855, -1.1348078101873398
0.06350001494865865,0.052350744605063074, -1.1517405360937119
0.0010000447509810328,0.05236645042896139, -1.151744231581688
0.06350001494865865,0.052350744605063074, -1.1517405360937119
0.0010000447509810328,0.03751520812511312, -1.1622791439294815
0.06350001494865865,0.03751520812511312, -1.1622791439294815
0.0010000447509810328,0.03751520812511312, -1.1622791439294815
0.06350001494865865,0.019229933619497888, -1.16947241127491
0.0010000447509810328,0.019229933619497888, -1.16947241127491
0.06350001494865865,0.019229933619497888, -1.16947241127491
0.0010000447509810328,-4.619359983271646E-7, -1.1718763262033463
0.06350001494865865,-4.619359983271646E-7, -1.1718763262033463
0.0010000447509810328,-0.019231781363488562, -1.16947241127491
0.06350001494865865,-0.019231781363488562, -1.16947241127491
0.0010000447509810328,-0.019231781363488562, -1.16947241127491
0.06350001494865865,-0.04127444326877726, -1.1600840240716934
0.0010000447509810328,-0.04127444326877726, -1.1600840240716934
0.06350001494865865,-0.04127444326877726, -1.1600840240716934
0.0010000447509810328,-0.055883631110192664, -1.1483471542596817
0.06350001494865865,-0.055883631110192664, -1.1483471542596817
0.0010000447509810328,-0.06646750867366923, -1.1348078101873398
0.06350001494865865,-0.06646750867366923, -1.1348078101873398
0.0010000447509810328,-0.06646750867366923, -1.1348078101873398
0.06350001494865865,-0.07477034628391398, -1.1164024323225021
0.0010000447509810328,-0.07477034628391398, -1.1164024323225021
0.06350001494865865,-0.07477034628391398, -1.1164024323225021
0.0010000447509810328,-0.07774613797664774, -1.1014486402273178
0.06350001494865865,-0.07774613797664774, -1.1014486402273178
0.0010000447509810328,-0.077609404921533, -1.084779217839241
0.06350001494865865,-0.077609404921533, -1.084779217839241
0.0010000447509810328,-0.07294569909572733, -1.0657751709222794
0.06350001494865865,-0.07294569909572733, -1.0657751709222794
0.0010000447509810328,-0.07294569909572733, -1.0657751709222794
0.06350001494865865,-0.06646750867366923, -1.0526940673589706
0.0010000447509810328,-0.06646750867366923, -1.0526940673589706
0.0010000447509810328,-0.052360907196999915, -1.0357502549886703
0.0010000447509810328,-0.06646750867366923, -2.0526940375566483
0.06350001494865865,-0.06646750867366923, -2.0526940375566483
0.0010000447509810328,-0.07294569909572733, -2.065775141119957
0.06350001494865865,-0.07294569909572733, -2.065775141119957
0.0010000447509810328,-0.07294569909572733, -2.065775141119957
0.06350001494865865,-0.077609404921533, -2.0847782641649246
0.0010000447509810328,-0.077609404921533, -2.0847782641649246
0.06350001494865865,-0.07774613797664774, -2.1014476865530014
0.0010000447509810328,-0.07774613797664774, -2.1014476865530014
0.06350001494865865,-0.07477034628391398, -2.1164014786481857
0.0010000447509810328,-0.07477034628391398, -2.1164014786481857
0.06350001494865865,-0.07477034628391398, -2.1164014786481857
0.0010000447509810328,-0.06646750867366923, -2.1348077803850174
0.06350001494865865,-0.06646750867366923, -2.1348077803850174
0.0010000447509810328,-0.06646750867366923, -2.1348077803850174
0.06350001494865865,-0.055883631110192664, -2.1483462005853653
0.0010000447509810328,-0.055883631110192664, -2.1483471244573593
0.06350001494865865,-0.04127444326877726, -2.160083070397377
0.0010000447509810328,-0.04127444326877726, -2.160083070397377
0.06350001494865865,-0.04127444326877726, -2.160083070397377
0.0010000447509810328,-0.019231781363488562, -2.1694714576005936
0.06350001494865865,-0.019231781363488562, -2.1694714576005936
0.0010000447509810328,-0.019231781363488562, -2.1694714576005936
0.06350001494865865,-4.619359983271646E-7, -2.17187537252903
0.0010000447509810328,-4.619359983271646E-7, -2.17187537252903
0.06350001494865865,0.019229933619497888, -2.1694714576005936
0.0010000447509810328,0.019229933619497888, -2.1694714576005936
0.06350001494865865,0.019229933619497888, -2.1694714576005936
0.0010000447509810328,0.03751520812511312, -2.162278190255165
0.06350001494865865,0.03751520812511312, -2.162278190255165
0.0010000447509810328,0.03751520812511312, -2.162278190255165
0.06350001494865865,0.052350744605063074, -2.1517405062913895
0.0010000447509810328,0.05236645042896139, -2.1517442017793655
0.06350001494865865,0.052350744605063074, -2.1517405062913895
0.0010000447509810328,0.06646566092967855, -2.1348077803850174
0.06350001494865865,0.06646566092967855, -2.1348077803850174
0.0010000447509810328,0.07294385135173666, -2.1217266768217087
0.06350001494865865,0.07294385135173666, -2.1217266768217087
0.0010000447509810328,0.07294385135173666, -2.1217266768217087
0.06350001494865865,0.07760755717754232, -2.102722629904747
0.0010000447509810328,0.07760755717754232, -2.102722629904747
0.06350001494865865,0.07774429023265707, -2.0860532075166702
0.0010000447509810328,0.07774429023265707, -2.0860532075166702
0.06350001494865865,0.07774429023265707, -2.0860532075166702
0.0010000447509810328,0.0747684985399233, -2.071099415421486
0.06350001494865865,0.0747684985399233, -2.071099415421486
0.0010000447509810328,0.06646566092967855, -2.0526940375566483
0.06350001494865865,0.06646566092967855, -2.0526940375566483
0.0010000447509810328,0.06646566092967855, -2.0526940375566483
0.06350001494865865,0.05588178336620199, -2.0391546934843063
0.0010000447509810328,0.05588178336620199, -2.0391546934843063
0.06350001494865865,0.05588178336620199, -2.0391546934843063
0.0010000447509810328,0.041272595524786584, -2.0274178236722946
0.06350001494865865,0.041272595524786584, -2.0274178236722946
0.0010000447509810328,0.041272595524786584, -2.0274178236722946
0.06350001494865865,0.019229933619497888, -2.018029436469078
0.0010000447509810328,0.019229933619497888, -2.018029436469078
0.06350001494865865,-4.619359983271646E-7, -2.015625521540642
0.0010000447509810328,-4.619359983271646E-7, -2.015625521540642
0.06350001494865865,-0.019231781363488562, -2.018029436469078
0.0010000447509810328,-0.019231781363488562, -2.018029436469078
0.06350001494865865,-0.019231781363488562, -2.018029436469078
0.0010000447509810328,-0.037517055869103796, -2.0252227038145065
0.06350001494865865,-0.037517055869103796, -2.0252227038145065
0.0010000447509810328,-0.037517055869103796, -2.0252227038145065
0.06350001494865865,-0.05235259234905375, -2.035761311650276
0.0010000447509810328,-0.052360907196999915, -2.035750225186348
0.06350001494865865,-0.06646750867366923, -2.0526940375566483
0.0010000447509810328,-0.06646750867366923, -2.0526940375566483
