284.29940001216784,1482.514666616693, 332.3460130801783
284.2994000105376,1482.3257924790519, 331.86406312869207
284.2993999999999,1481.5208986995367, 332.457482013701
284.29940001216784,1482.514666616693, 332.3460130801783
284.2993999999999,1481.5208986995367, 332.457482013701
284.299400011983,1482.51892547626, 332.52027318665193
284.29940001216784,1482.514666616693, 332.3460130801783
284.299400011983,1482.51892547626, 332.52027318665193
285.799400011983,1482.5189254581217, 332.5202731886865
284.29940001216784,1482.514666616693, 332.3460130801783
285.799400011983,1482.5189254581217, 332.5202731886865
285.79940001216784,1482.5146665985549, 332.34601308221283
284.29940001216784,1482.514666616693, 332.3460130801783
285.79940001216784,1482.5146665985549, 332.34601308221283
284.2994000105376,1482.3257924790519, 331.86406312869207
284.299400011983,1482.51892547626, 332.52027318665193
284.2993999999999,1481.5208986995367, 332.457482013701
284.2994000078213,1482.245070605523, 333.1471017246955
284.299400011983,1482.51892547626, 332.52027318665193
284.2994000078213,1482.245070605523, 333.1471017246955
285.799400011983,1482.5189254581217, 332.5202731886865
284.2994000078213,1482.245070605523, 333.1471017246955
284.2993999999999,1481.5208986995367, 332.457482013701
284.2993999999999,1481.6323676330594, 333.4512499308572
284.2994000078213,1482.245070605523, 333.1471017246955
284.2993999999999,1481.6323676330594, 333.4512499308572
285.7994000078213,1482.2450705873848, 333.14710172673
284.2994000078213,1482.245070605523, 333.1471017246955
285.7994000078213,1482.2450705873848, 333.14710172673
285.799400011983,1482.5189254581217, 332.5202731886865
284.2993999999999,1481.6323676330594, 333.4512499308572
284.2993999999999,1481.5208986995367, 332.457482013701
284.29939999217845,1480.967507146459, 333.2904034290783
284.2993999999999,1481.6323676330594, 333.4512499308572
284.29939999217845,1480.967507146459, 333.2904034290783
285.7993999999999,1481.6323676149213, 333.45124993289176
284.2993999999999,1481.6323676330594, 333.4512499308572
285.7993999999999,1481.6323676149213, 333.45124993289176
285.7994000078213,1482.2450705873848, 333.14710172673
284.29939999217845,1480.967507146459, 333.2904034290783
284.2993999999999,1481.5208986995367, 332.457482013701
284.2993999880168,1480.5615848235313, 332.73982412136576
284.29939999217845,1480.967507146459, 333.2904034290783
284.2993999880168,1480.5615848235313, 332.73982412136576
285.79939999217845,1480.9675071283207, 333.29040343111285
284.29939999217845,1480.967507146459, 333.2904034290783
285.79939999217845,1480.9675071283207, 333.29040343111285
285.7993999999999,1481.6323676149213, 333.45124993289176
285.79939999217845,1480.9675071283207, 333.29040343111285
284.2993999880168,1480.5615848235313, 332.73982412136576
285.7993999880168,1480.5615848053933, 332.7398241234003
285.79939999217845,1480.9675071283207, 333.29040343111285
285.7993999880168,1480.5615848053933, 332.7398241234003
285.799399988878,1480.7076127826297, 333.4067264713645
285.79939999217845,1480.9675071283207, 333.29040343111285
285.799399988878,1480.7076127826297, 333.4067264713645
285.7993999999999,1481.6323676149213, 333.45124993289176
284.2993999880168,1480.5615848235313, 332.73982412136576
284.2993999999999,1481.5208986995367, 332.457482013701
284.29939998946213,1480.6045359864988, 332.05713298155365
284.2993999880168,1480.5615848235313, 332.73982412136576
284.29939998946213,1480.6045359864988, 332.05713298155365
285.7993999880168,1480.5615848053933, 332.7398241234003
285.7993999999999,1481.6323676149213, 333.45124993289176
285.799399988878,1480.7076127826297, 333.4067264713645
285.7993999978931,1481.4868285875154, 333.7070182602761
285.7993999999999,1481.6323676149213, 333.45124993289176
285.7993999978931,1481.4868285875154, 333.7070182602761
285.7994000078213,1482.2450705873848, 333.14710172673
285.7994000078213,1482.2450705873848, 333.14710172673
285.7993999978931,1481.4868285875154, 333.7070182602761
285.7994000078484,1482.2812499072263, 333.44963413303185
285.7994000078213,1482.2450705873848, 333.14710172673
285.7994000078484,1482.2812499072263, 333.44963413303185
285.799400011983,1482.5189254581217, 332.5202731886865
285.799400011983,1482.5189254581217, 332.5202731886865
285.7994000078484,1482.2812499072263, 333.44963413303185
285.79940001430094,1482.7363227543485, 332.74944820858605
285.799400011983,1482.5189254581217, 332.5202731886865
285.79940001430094,1482.7363227543485, 332.74944820858605
285.79940001216784,1482.5146665985549, 332.34601308221283
285.7994000078484,1482.2812499072263, 333.44963413303185
285.7993999978931,1481.4868285875154, 333.7070182602761
286.7994000078484,1482.2812498951341, 333.4496341343882
285.7994000078484,1482.2812499072263, 333.44963413303185
286.7994000078484,1482.2812498951341, 333.4496341343882
286.79940001430094,1482.7363227422563, 332.74944820994244
285.7994000078484,1482.2812499072263, 333.44963413303185
286.79940001430094,1482.7363227422563, 332.74944820994244
285.79940001430094,1482.7363227543485, 332.74944820858605
286.79940001430094,1482.7363227422563, 332.74944820994244
286.7994000078484,1482.2812498951341, 333.4496341343882
286.7994000143708,1482.6489457206328, 331.91895603547476
286.79940001430094,1482.7363227422563, 332.74944820994244
286.7994000143708,1482.6489457206328, 331.91895603547476
285.79940001430094,1482.7363227543485, 332.74944820858605
286.7994000078484,1482.2812498951341, 333.4496341343882
285.7993999978931,1481.4868285875154, 333.7070182602761
286.7993999978931,1481.4868285754233, 333.7070182616324
286.7994000078484,1482.2812498951341, 333.4496341343882
286.7993999978931,1481.4868285754233, 333.7070182616324
286.7994000143708,1482.6489457206328, 331.91895603547476
285.7993999978931,1481.4868285875154, 333.7070182602761
285.799399988878,1480.7076127826297, 333.4067264713645
286.7993999978931,1481.4868285754233, 333.7070182616324
285.79940001430094,1482.7363227543485, 332.74944820858605
286.7994000143708,1482.6489457206328, 331.91895603547476
285.7994000143708,1482.648945732725, 331.9189560341184
285.79940001430094,1482.7363227543485, 332.74944820858605
285.7994000143708,1482.648945732725, 331.9189560341184
285.79940001216784,1482.5146665985549, 332.34601308221283
286.7994000143708,1482.6489457206328, 331.91895603547476
286.7993999978931,1481.4868285754233, 333.7070182616324
286.79940000802685,1482.0581157156817, 331.3288108106338
286.7994000143708,1482.6489457206328, 331.91895603547476
286.79940000802685,1482.0581157156817, 331.3288108106338
285.7994000143708,1482.648945732725, 331.9189560341184
285.79940001216784,1482.5146665985549, 332.34601308221283
285.7994000143708,1482.648945732725, 331.9189560341184
285.7994000105376,1482.3257924609136, 331.8640631307266
285.79940001216784,1482.5146665985549, 332.34601308221283
285.7994000105376,1482.3257924609136, 331.8640631307266
284.2994000105376,1482.3257924790519, 331.86406312869207
285.7994000105376,1482.3257924609136, 331.8640631307266
285.7994000143708,1482.648945732725, 331.9189560341184
285.79940000416155,1481.7560407106507, 331.4855201904321
285.7994000105376,1482.3257924609136, 331.8640631307266
285.79940000416155,1481.7560407106507, 331.4855201904321
284.2994000105376,1482.3257924790519, 331.86406312869207
285.7994000143708,1482.648945732725, 331.9189560341184
286.79940000802685,1482.0581157156817, 331.3288108106338
285.79940000802685,1482.0581157277738, 331.32881080927746
285.7994000143708,1482.648945732725, 331.9189560341184
285.79940000802685,1482.0581157277738, 331.32881080927746
285.79940000416155,1481.7560407106507, 331.4855201904321
286.79940000802685,1482.0581157156817, 331.3288108106338
286.7993999978931,1481.4868285754233, 333.7070182616324
286.7993999981004,1481.2275229650502, 331.2423964833211
286.79940000802685,1482.0581157156817, 331.3288108106338
286.7993999981004,1481.2275229650502, 331.2423964833211
285.79940000802685,1482.0581157277738, 331.32881080927746
284.2994000105376,1482.3257924790519, 331.86406312869207
285.79940000416155,1481.7560407106507, 331.4855201904321
284.29940000416155,1481.756040728789, 331.48552018839763
284.2994000105376,1482.3257924790519, 331.86406312869207
284.29940000416155,1481.756040728789, 331.48552018839763
284.2993999999999,1481.5208986995367, 332.457482013701
285.79940000416155,1481.7560407106507, 331.4855201904321
285.79940000802685,1482.0581157277738, 331.32881080927746
285.7993999958382,1481.07626339852, 331.5617694340513
285.79940000416155,1481.7560407106507, 331.4855201904321
285.7993999958382,1481.07626339852, 331.5617694340513
284.29940000416155,1481.756040728789, 331.48552018839763
284.29940000416155,1481.756040728789, 331.48552018839763
285.7993999958382,1481.07626339852, 331.5617694340513
284.2993999958382,1481.076263416658, 331.5617694320168
284.29940000416155,1481.756040728789, 331.48552018839763
284.2993999958382,1481.076263416658, 331.5617694320168
284.2993999999999,1481.5208986995367, 332.457482013701
284.2993999999999,1481.5208986995367, 332.457482013701
284.2993999958382,1481.076263416658, 331.5617694320168
284.29939998946213,1480.6045359864988, 332.05713298155365
284.2993999958382,1481.076263416658, 331.5617694320168
285.7993999958382,1481.07626339852, 331.5617694340513
285.79939998946213,1480.6045359683608, 332.0571329835882
284.2993999958382,1481.076263416658, 331.5617694320168
285.79939998946213,1480.6045359683608, 332.0571329835882
284.29939998946213,1480.6045359864988, 332.05713298155365
284.29939998946213,1480.6045359864988, 332.05713298155365
285.79939998946213,1480.6045359683608, 332.0571329835882
285.7993999880168,1480.5615848053933, 332.7398241234003
285.7993999958382,1481.07626339852, 331.5617694340513
285.79940000802685,1482.0581157277738, 331.32881080927746
285.7993999981004,1481.2275229771424, 331.24239648196476
285.7993999958382,1481.07626339852, 331.5617694340513
285.7993999981004,1481.2275229771424, 331.24239648196476
285.79939998946213,1480.6045359683608, 332.0571329835882
285.79940000802685,1482.0581157277738, 331.32881080927746
286.7993999981004,1481.2275229650502, 331.2423964833211
285.7993999981004,1481.2275229771424, 331.24239648196476
286.7993999981004,1481.2275229650502, 331.2423964833211
286.7993999978931,1481.4868285754233, 333.7070182616324
286.7993999890217,1480.5278653008154, 331.6982810920106
286.7993999981004,1481.2275229650502, 331.2423964833211
286.7993999890217,1480.5278653008154, 331.6982810920106
285.7993999981004,1481.2275229771424, 331.24239648196476
285.7993999981004,1481.2275229771424, 331.24239648196476
286.7993999890217,1480.5278653008154, 331.6982810920106
285.7993999890217,1480.5278653129076, 331.69828109065423
285.7993999981004,1481.2275229771424, 331.24239648196476
285.7993999890217,1480.5278653129076, 331.69828109065423
285.79939998946213,1480.6045359683608, 332.0571329835882
285.79939998946213,1480.6045359683608, 332.0571329835882
285.7993999890217,1480.5278653129076, 331.69828109065423
285.79939998484264,1480.2714033423424, 332.49300035683456
285.79939998946213,1480.6045359683608, 332.0571329835882
285.79939998484264,1480.2714033423424, 332.49300035683456
285.7993999880168,1480.5615848053933, 332.7398241234003
285.7993999880168,1480.5615848053933, 332.7398241234003
285.79939998484264,1480.2714033423424, 332.49300035683456
285.799399988878,1480.7076127826297, 333.4067264713645
285.7993999890217,1480.5278653129076, 331.69828109065423
286.7993999890217,1480.5278653008154, 331.6982810920106
286.79939998484264,1480.2714033302505, 332.4930003581909
285.7993999890217,1480.5278653129076, 331.69828109065423
286.79939998484264,1480.2714033302505, 332.4930003581909
285.79939998484264,1480.2714033423424, 332.49300035683456
286.7993999890217,1480.5278653008154, 331.6982810920106
286.7993999978931,1481.4868285754233, 333.7070182616324
286.799399988878,1480.7076127705375, 333.40672647272083
286.7993999890217,1480.5278653008154, 331.6982810920106
286.799399988878,1480.7076127705375, 333.40672647272083
286.79939998484264,1480.2714033302505, 332.4930003581909
286.7993999978931,1481.4868285754233, 333.7070182616324
285.799399988878,1480.7076127826297, 333.4067264713645
286.799399988878,1480.7076127705375, 333.40672647272083
285.799399988878,1480.7076127826297, 333.4067264713645
285.79939998484264,1480.2714033423424, 332.49300035683456
285.799399437597,1437.4946534211851, 354.5990472699533
285.799399988878,1480.7076127826297, 333.4067264713645
285.799399437597,1437.4946534211851, 354.5990472699533
286.799399988878,1480.7076127705375, 333.40672647272083
286.799399988878,1480.7076127705375, 333.40672647272083
285.799399437597,1437.4946534211851, 354.5990472699533
286.799399437597,1437.494653409093, 354.59904727130964
286.799399988878,1480.7076127705375, 333.40672647272083
286.799399437597,1437.494653409093, 354.59904727130964
286.79939998484264,1480.2714033302505, 332.4930003581909
286.79939998484264,1480.2714033302505, 332.4930003581909
286.799399437597,1437.494653409093, 354.59904727130964
286.79939943535953,1437.258331214091, 354.1417937363757
286.79939998484264,1480.2714033302505, 332.4930003581909
286.79939943535953,1437.258331214091, 354.1417937363757
285.79939998484264,1480.2714033423424, 332.49300035683456
285.79939998484264,1480.2714033423424, 332.49300035683456
286.79939943535953,1437.258331214091, 354.1417937363757
285.79939943535953,1437.2583312261831, 354.14179373501935
285.79939998484264,1480.2714033423424, 332.49300035683456
285.79939943535953,1437.2583312261831, 354.14179373501935
285.799399437597,1437.4946534211851, 354.5990472699533
286.79939943535953,1437.258331214091, 354.1417937363757
286.799399437597,1437.494653409093, 354.59904727130964
286.79939941741577,1435.8832684782565, 355.11229722145833
286.79939943535953,1437.258331214091, 354.1417937363757
286.79939941741577,1435.8832684782565, 355.11229722145833
285.79939943535953,1437.2583312261831, 354.14179373501935
286.79939941741577,1435.8832684782565, 355.11229722145833
286.799399437597,1437.494653409093, 354.59904727130964
285.79939941741577,1435.8832684903487, 355.112297220102
286.79939941741577,1435.8832684782565, 355.11229722145833
285.79939941741577,1435.8832684903487, 355.112297220102
285.79939943535953,1437.2583312261831, 354.14179373501935
285.79939943535953,1437.2583312261831, 354.14179373501935
285.79939941741577,1435.8832684903487, 355.112297220102
285.799399437597,1437.4946534211851, 354.5990472699533
285.79939941741577,1435.8832684903487, 355.112297220102
286.799399437597,1437.494653409093, 354.59904727130964
285.799399437597,1437.4946534211851, 354.5990472699533
