-0.3522241662722081,0.3135734534589574,0.1908495327224955
-0.3522241662722081,0.25267286121379584,0.2079201532760635
-0.3522241662722081,0.25359559745993465,0.21899298822972924
0.7137999085243791,0.31265071721281856,0.18715858773794025
0.7137999085243791,0.3163416621973738,0.20284510392230004
0.7137999085243791,0.317725766566582,0.21899298822972924
0.7137999085243791,0.3061915634898469,0.17285617592278868
0.7137999085243791,0.31265071721281856,0.18715858773794025
0.7137999085243791,0.2978869372745976,0.15993786847684532
0.7137999085243791,0.1257966273697093,0.2512887568445876
0.7137999085243791,0.12210568238515407,0.23560224066022784
0.7137999085243791,0.12072157801594585,0.21899298822972924
0.43842774047516286,0.1248738911235705,0.14840366540011019
0.43842774047516286,0.13594672607723624,0.13548535795416683
0.43842774047516286,0.14840366540011019,0.1248738911235705
-0.07685199822299182,0.1248738911235705,0.2900436791824177
-0.07685199822299182,0.13594672607723624,0.30296198662836105
-0.07685199822299182,0.14840366540011019,0.3135734534589574
-0.07685199822299182,0.24067729001399127,0.33525775524321944
-0.07685199822299182,0.25221149309072644,0.3329509146278724
-0.07685199822299182,0.2646684324136004,0.32833723339717835
-0.3522241662722081,0.2595933830598369,0.12948757235426456
-0.3522241662722081,0.24944328435230997,0.1253352592466399
-0.3522241662722081,0.27020484989043325,0.13502398983109742
-0.3522241662722081,0.2808163167210296,0.1424058798002079
0.43842774047516286,0.10734190244693309,0.18069943401496857
0.43842774047516286,0.11472379241604358,0.16362881346140057
0.43842774047516286,0.10272822121623904,0.1996155270608142
0.43842774047516286,0.1248738911235705,0.14840366540011019
-0.07685199822299182,0.10734190244693309,0.2577479105675593
-0.07685199822299182,0.11472379241604358,0.2748185311211273
-0.07685199822299182,0.10272822121623904,0.23883181752171367
-0.07685199822299182,0.1248738911235705,0.2900436791824177
-0.07685199822299182,0.2900436791824177,0.3135734534589574
-0.07685199822299182,0.30250061850529164,0.30296198662836105
-0.07685199822299182,0.27758673985954374,0.3223394477972761
-0.07685199822299182,0.3135734534589574,0.2900436791824177
-0.3522241662722081,0.21899298822972924,0.317725766566582
-0.3522241662722081,0.23098855942953378,0.3168030303204432
-0.3522241662722081,0.20146099955309182,0.3158802940743044
-0.3522241662722081,0.2443682349985465,0.3144961897050962
-0.3522241662722081,0.21899298822972924,0.25359559745993465
-0.3522241662722081,0.2443682349985465,0.3144961897050962
-0.3522241662722081,0.2254521419527009,0.25313422933686525
-0.3522241662722081,0.2443682349985465,0.3144961897050962
-0.3522241662722081,0.2328340319218114,0.25175012496765703
-0.3522241662722081,0.2651298005366698,0.3066529316129163
-0.3522241662722081,0.3061915634898469,0.2655911686597392
-0.3522241662722081,0.2651298005366698,0.3066529316129163
-0.3522241662722081,0.2978869372745976,0.27850947610568255
-0.3522241662722081,0.283584525459446,0.29373462416697294
-0.3522241662722081,0.17054933530744165,0.30480745912063867
-0.3522241662722081,0.18669721961487085,0.31218934908974916
-0.3522241662722081,0.15486281912308186,0.29373462416697294
-0.3522241662722081,0.20561331266071647,0.25175012496765703
-0.3522241662722081,0.15486281912308186,0.29373462416697294
-0.3522241662722081,0.19777005456853658,0.24852054810617116
-0.3522241662722081,0.15486281912308186,0.29373462416697294
-0.3522241662722081,0.18992679647635669,0.24067729001399127
-0.3522241662722081,0.1405604073079303,0.27850947610568255
-0.3522241662722081,0.18992679647635669,0.24067729001399127
-0.3522241662722081,0.13594672607723624,0.2720503223827109
-0.3522241662722081,0.18577448336873204,0.23052719130646437
-0.3522241662722081,0.13594672607723624,0.166397022199817
-0.3522241662722081,0.18485174712259322,0.21899298822972924
-0.3522241662722081,0.13594672607723624,0.166397022199817
-0.3522241662722081,0.18577448336873204,0.2079201532760635
-0.3522241662722081,0.18669721961487085,0.12625799549277872
-0.3522241662722081,0.18992679647635669,0.19777005456853658
-0.3522241662722081,0.18669721961487085,0.12625799549277872
-0.3522241662722081,0.19777005456853658,0.18992679647635669
-0.3522241662722081,0.18669721961487085,0.12625799549277872
-0.3522241662722081,0.20561331266071647,0.18669721961487085
-0.3522241662722081,0.18669721961487085,0.12625799549277872
-0.3522241662722081,0.21299520262982696,0.18531311524566263
-0.3522241662722081,0.24944328435230997,0.1253352592466399
-0.3522241662722081,0.21899298822972924,0.18485174712259322
-0.3522241662722081,0.24944328435230997,0.1253352592466399
-0.3522241662722081,0.2254521419527009,0.18531311524566263
-0.3522241662722081,0.24944328435230997,0.1253352592466399
-0.3522241662722081,0.2328340319218114,0.18669721961487085
-0.3522241662722081,0.24944328435230997,0.1253352592466399
-0.3522241662722081,0.24067729001399127,0.18992679647635669
-0.3522241662722081,0.24944328435230997,0.1253352592466399
-0.3522241662722081,0.24852054810617116,0.19777005456853658
-0.3522241662722081,0.2808163167210296,0.1424058798002079
-0.3522241662722081,0.24852054810617116,0.19777005456853658
-0.3522241662722081,0.2895823110593483,0.1507105060154572
-0.3522241662722081,0.25267286121379584,0.2079201532760635
-0.3522241662722081,0.2978869372745976,0.15993786847684532
-0.3522241662722081,0.3135734534589574,0.1908495327224955
-0.3522241662722081,0.30434609099756926,0.16962659906130284
-0.3522241662722081,0.30988250847440213,0.17977669776882976
-0.3522241662722081,0.3163416621973738,0.20284510392230004
-0.3522241662722081,0.3135734534589574,0.1908495327224955
-0.3522241662722081,0.3172643984435126,0.215302043245174
-0.3522241662722081,0.3135734534589574,0.1908495327224955
-0.3522241662722081,0.3172643984435126,0.22729761444497854
-0.3522241662722081,0.3135734534589574,0.1908495327224955
-0.3522241662722081,0.3135734534589574,0.24759781186003235
-0.3522241662722081,0.25359559745993465,0.21899298822972924
-0.3522241662722081,0.3135734534589574,0.24759781186003235
-0.3522241662722081,0.25267286121379584,0.23052719130646437
-0.3522241662722081,0.3135734534589574,0.24759781186003235
-0.3522241662722081,0.24852054810617116,0.24067729001399127
-0.3522241662722081,0.3135734534589574,0.24759781186003235
-0.3522241662722081,0.24067729001399127,0.24852054810617116
-0.3522241662722081,0.3135734534589574,0.24759781186003235
-0.3522241662722081,0.2328340319218114,0.25175012496765703
-0.3522241662722081,0.3061915634898469,0.2655911686597392
-0.3522241662722081,0.1654742859536782,0.13686946232337505
-0.3522241662722081,0.1497877697693184,0.149326401646249
-0.3522241662722081,0.17608575278427452,0.13041030860040337
-0.3522241662722081,0.1497877697693184,0.149326401646249
-0.3522241662722081,0.18669721961487085,0.12625799549277872
-0.3522241662722081,0.13594672607723624,0.166397022199817
-0.3522241662722081,0.12118294613901526,0.215302043245174
-0.3522241662722081,0.12256705050822347,0.23744771315250546
-0.3522241662722081,0.12256705050822347,0.20099963143002242
-0.3522241662722081,0.12856483610812575,0.2586706468136981
-0.3522241662722081,0.1257966273697093,0.18715858773794025
-0.3522241662722081,0.12856483610812575,0.2586706468136981
-0.3522241662722081,0.13041030860040337,0.17608575278427452
-0.3522241662722081,0.13594672607723624,0.2720503223827109
-0.3522241662722081,0.13594672607723624,0.166397022199817
-0.3522241662722081,0.24944328435230997,0.1253352592466399
-0.3522241662722081,0.23560224066022784,0.12210568238515407
-0.3522241662722081,0.18669721961487085,0.12625799549277872
-0.3522241662722081,0.2236066694604233,0.12118294613901526
-0.3522241662722081,0.20146099955309182,0.12256705050822347
0.7137999085243791,0.3163416621973738,0.23560224066022784
0.7137999085243791,0.31265071721281856,0.2512887568445876
0.7137999085243791,0.317725766566582,0.21899298822972924
0.7137999085243791,0.25359559745993465,0.21899298822972924
0.7137999085243791,0.31265071721281856,0.18715858773794025
0.7137999085243791,0.25267286121379584,0.2079201532760635
0.7137999085243791,0.31265071721281856,0.18715858773794025
0.7137999085243791,0.24852054810617116,0.19777005456853658
0.7137999085243791,0.2978869372745976,0.15993786847684532
0.7137999085243791,0.27850947610568255,0.1405604073079303
0.7137999085243791,0.2886595748132095,0.149326401646249
0.7137999085243791,0.18116080213803798,0.31034387659747154
0.7137999085243791,0.17054933530744165,0.30480745912063867
0.7137999085243791,0.20146099955309182,0.3158802940743044
0.7137999085243791,0.15993786847684532,0.2978869372745976
0.7137999085243791,0.21299520262982696,0.25313422933686525
0.7137999085243791,0.1497877697693184,0.2891209429362789
0.7137999085243791,0.20561331266071647,0.25175012496765703
0.7137999085243791,0.1405604073079303,0.27804810798261315
0.7137999085243791,0.1257966273697093,0.2512887568445876
0.7137999085243791,0.132255781092681,0.2655911686597392
0.7137999085243791,0.25359559745993465,0.21899298822972924
0.7137999085243791,0.31265071721281856,0.2512887568445876
0.7137999085243791,0.25267286121379584,0.23052719130646437
0.7137999085243791,0.31265071721281856,0.2512887568445876
0.7137999085243791,0.24852054810617116,0.24067729001399127
0.7137999085243791,0.31265071721281856,0.2512887568445876
0.7137999085243791,0.24067729001399127,0.24852054810617116
0.7137999085243791,0.31265071721281856,0.2512887568445876
0.7137999085243791,0.2328340319218114,0.25175012496765703
0.7137999085243791,0.23698634502943605,0.3158802940743044
0.7137999085243791,0.2254521419527009,0.25313422933686525
0.7137999085243791,0.23698634502943605,0.3158802940743044
0.7137999085243791,0.21899298822972924,0.25359559745993465
0.7137999085243791,0.21899298822972924,0.317725766566582
0.7137999085243791,0.21899298822972924,0.25359559745993465
0.7137999085243791,0.20146099955309182,0.3158802940743044
0.7137999085243791,0.21299520262982696,0.25313422933686525
0.7137999085243791,0.2886595748132095,0.2891209429362789
0.7137999085243791,0.27850947610568255,0.2978869372745976
0.7137999085243791,0.2978869372745976,0.27850947610568255
0.7137999085243791,0.2678980092750862,0.30480745912063867
0.7137999085243791,0.3061915634898469,0.2655911686597392
0.7137999085243791,0.2572865424444899,0.31034387659747154
0.7137999085243791,0.31265071721281856,0.2512887568445876
0.7137999085243791,0.23698634502943605,0.3158802940743044
0.7137999085243791,0.1497877697693184,0.149326401646249
0.7137999085243791,0.15993786847684532,0.1405604073079303
0.7137999085243791,0.1405604073079303,0.15993786847684532
0.7137999085243791,0.17054933530744165,0.1336398854618892
0.7137999085243791,0.132255781092681,0.17285617592278868
0.7137999085243791,0.18116080213803798,0.12810346798505634
0.7137999085243791,0.1257966273697093,0.18715858773794025
0.7137999085243791,0.20146099955309182,0.12256705050822347
0.7137999085243791,0.20561331266071647,0.18669721961487085
0.7137999085243791,0.20146099955309182,0.12256705050822347
0.7137999085243791,0.21299520262982696,0.18531311524566263
0.7137999085243791,0.20146099955309182,0.12256705050822347
0.7137999085243791,0.21899298822972924,0.18485174712259322
0.7137999085243791,0.21899298822972924,0.12072157801594585
0.7137999085243791,0.21899298822972924,0.18485174712259322
0.7137999085243791,0.23698634502943605,0.12256705050822347
0.7137999085243791,0.2254521419527009,0.18531311524566263
0.7137999085243791,0.23698634502943605,0.12256705050822347
0.7137999085243791,0.2328340319218114,0.18669721961487085
0.7137999085243791,0.2572865424444899,0.12810346798505634
0.7137999085243791,0.27850947610568255,0.1405604073079303
0.7137999085243791,0.2678980092750862,0.1336398854618892
0.7137999085243791,0.12210568238515407,0.20284510392230004
0.7137999085243791,0.1257966273697093,0.18715858773794025
0.7137999085243791,0.12072157801594585,0.21899298822972924
0.7137999085243791,0.18485174712259322,0.21899298822972924
0.7137999085243791,0.1257966273697093,0.2512887568445876
0.7137999085243791,0.18577448336873204,0.23052719130646437
0.7137999085243791,0.1257966273697093,0.2512887568445876
0.7137999085243791,0.18992679647635669,0.24067729001399127
0.7137999085243791,0.1257966273697093,0.2512887568445876
0.7137999085243791,0.19777005456853658,0.24852054810617116
0.7137999085243791,0.20561331266071647,0.25175012496765703
0.43842774047516286,0.25221149309072644,0.3329509146278724
0.43842774047516286,0.24067729001399127,0.33525775524321944
0.43842774047516286,0.2646684324136004,0.32833723339717835
0.43842774047516286,0.2572865424444899,0.31034387659747154
0.43842774047516286,0.27758673985954374,0.3223394477972761
0.43842774047516286,0.2678980092750862,0.30480745912063867
0.43842774047516286,0.27758673985954374,0.3223394477972761
0.43842774047516286,0.27850947610568255,0.2978869372745976
0.43842774047516286,0.27758673985954374,0.3223394477972761
0.43842774047516286,0.2886595748132095,0.2891209429362789
0.43842774047516286,0.2900436791824177,0.3135734534589574
0.43842774047516286,0.3135734534589574,0.2900436791824177
0.43842774047516286,0.30250061850529164,0.30296198662836105
0.43842774047516286,0.18623585149180144,0.3329509146278724
0.43842774047516286,0.1737789121689275,0.32833723339717835
0.43842774047516286,0.19777005456853658,0.33525775524321944
0.43842774047516286,0.18116080213803798,0.31034387659747154
0.43842774047516286,0.19777005456853658,0.33525775524321944
0.43842774047516286,0.20146099955309182,0.3158802940743044
0.43842774047516286,0.19777005456853658,0.33525775524321944
0.43842774047516286,0.21899298822972924,0.317725766566582
0.43842774047516286,0.21899298822972924,0.33710322773549706
0.43842774047516286,0.21899298822972924,0.317725766566582
0.43842774047516286,0.24067729001399127,0.33525775524321944
0.43842774047516286,0.23698634502943605,0.3158802940743044
0.43842774047516286,0.2572865424444899,0.31034387659747154
0.43842774047516286,0.13594672607723624,0.30296198662836105
0.43842774047516286,0.1248738911235705,0.2900436791824177
0.43842774047516286,0.14840366540011019,0.3135734534589574
0.43842774047516286,0.1497877697693184,0.2891209429362789
0.43842774047516286,0.14840366540011019,0.3135734534589574
0.43842774047516286,0.15993786847684532,0.2978869372745976
0.43842774047516286,0.16086060472298414,0.3223394477972761
0.43842774047516286,0.17054933530744165,0.30480745912063867
0.43842774047516286,0.16086060472298414,0.3223394477972761
0.43842774047516286,0.18116080213803798,0.31034387659747154
0.43842774047516286,0.1737789121689275,0.32833723339717835
0.43842774047516286,0.11472379241604358,0.2748185311211273
0.43842774047516286,0.10734190244693309,0.2577479105675593
0.43842774047516286,0.1248738911235705,0.2900436791824177
0.43842774047516286,0.10272822121623904,0.23883181752171367
0.43842774047516286,0.1257966273697093,0.2512887568445876
0.43842774047516286,0.10272822121623904,0.23883181752171367
0.43842774047516286,0.12210568238515407,0.23560224066022784
0.43842774047516286,0.10272822121623904,0.23883181752171367
0.43842774047516286,0.12072157801594585,0.21899298822972924
0.43842774047516286,0.10134411684703082,0.21899298822972924
0.43842774047516286,0.12072157801594585,0.21899298822972924
0.43842774047516286,0.10272822121623904,0.1996155270608142
0.43842774047516286,0.12210568238515407,0.20284510392230004
0.43842774047516286,0.1248738911235705,0.14840366540011019
0.43842774047516286,0.1257966273697093,0.18715858773794025
0.43842774047516286,0.1248738911235705,0.14840366540011019
0.43842774047516286,0.132255781092681,0.17285617592278868
0.43842774047516286,0.1248738911235705,0.14840366540011019
0.43842774047516286,0.1405604073079303,0.15993786847684532
0.43842774047516286,0.1248738911235705,0.14840366540011019
0.43842774047516286,0.1497877697693184,0.149326401646249
0.43842774047516286,0.14840366540011019,0.1248738911235705
0.43842774047516286,0.15993786847684532,0.1405604073079303
0.43842774047516286,0.14840366540011019,0.1248738911235705
0.43842774047516286,0.17054933530744165,0.1336398854618892
0.43842774047516286,0.16086060472298414,0.1161078967852518
0.43842774047516286,0.18116080213803798,0.12810346798505634
0.43842774047516286,0.1737789121689275,0.11011011118534952
0.43842774047516286,0.19777005456853658,0.10318958933930844
0.43842774047516286,0.18623585149180144,0.10549642995465547
0.43842774047516286,0.2900436791824177,0.1248738911235705
0.43842774047516286,0.30250061850529164,0.13548535795416683
0.43842774047516286,0.27758673985954374,0.1161078967852518
0.43842774047516286,0.3135734534589574,0.14840366540011019
0.43842774047516286,0.27850947610568255,0.1405604073079303
0.43842774047516286,0.3135734534589574,0.14840366540011019
0.43842774047516286,0.2886595748132095,0.149326401646249
0.43842774047516286,0.3135734534589574,0.14840366540011019
0.43842774047516286,0.2978869372745976,0.15993786847684532
0.43842774047516286,0.3135734534589574,0.14840366540011019
0.43842774047516286,0.3061915634898469,0.17285617592278868
0.43842774047516286,0.3237235521664843,0.16362881346140057
0.43842774047516286,0.31265071721281856,0.18715858773794025
0.43842774047516286,0.3311054421355948,0.18069943401496857
0.43842774047516286,0.31265071721281856,0.18715858773794025
0.43842774047516286,0.33571912336628884,0.1996155270608142
0.43842774047516286,0.3163416621973738,0.20284510392230004
0.43842774047516286,0.33571912336628884,0.1996155270608142
0.43842774047516286,0.317725766566582,0.21899298822972924
0.43842774047516286,0.33710322773549706,0.21899298822972924
0.43842774047516286,0.317725766566582,0.21899298822972924
0.43842774047516286,0.33571912336628884,0.23883181752171367
0.43842774047516286,0.3163416621973738,0.23560224066022784
0.43842774047516286,0.33571912336628884,0.23883181752171367
0.43842774047516286,0.31265071721281856,0.2512887568445876
0.43842774047516286,0.3311054421355948,0.2577479105675593
0.43842774047516286,0.3061915634898469,0.2655911686597392
0.43842774047516286,0.3237235521664843,0.2748185311211273
0.43842774047516286,0.3061915634898469,0.2655911686597392
0.43842774047516286,0.3135734534589574,0.2900436791824177
0.43842774047516286,0.2978869372745976,0.27804810798261315
0.43842774047516286,0.2886595748132095,0.2891209429362789
0.43842774047516286,0.25221149309072644,0.10549642995465547
0.43842774047516286,0.2646684324136004,0.11011011118534952
0.43842774047516286,0.24067729001399127,0.10318958933930844
0.43842774047516286,0.2572865424444899,0.12810346798505634
0.43842774047516286,0.24067729001399127,0.10318958933930844
0.43842774047516286,0.23698634502943605,0.12256705050822347
0.43842774047516286,0.24067729001399127,0.10318958933930844
0.43842774047516286,0.21899298822972924,0.12072157801594585
0.43842774047516286,0.21899298822972924,0.10134411684703082
0.43842774047516286,0.21899298822972924,0.12072157801594585
0.43842774047516286,0.19777005456853658,0.10318958933930844
0.43842774047516286,0.20146099955309182,0.12256705050822347
0.43842774047516286,0.18116080213803798,0.12810346798505634
-0.07685199822299182,0.25221149309072644,0.10549642995465547
-0.07685199822299182,0.24067729001399127,0.10318958933930844
-0.07685199822299182,0.2646684324136004,0.11011011118534952
-0.07685199822299182,0.2572865424444899,0.12810346798505634
-0.07685199822299182,0.27758673985954374,0.1161078967852518
-0.07685199822299182,0.2678980092750862,0.1336398854618892
-0.07685199822299182,0.27758673985954374,0.1161078967852518
-0.07685199822299182,0.27850947610568255,0.1405604073079303
-0.07685199822299182,0.27758673985954374,0.1161078967852518
-0.07685199822299182,0.2886595748132095,0.149326401646249
-0.07685199822299182,0.2900436791824177,0.1248738911235705
-0.07685199822299182,0.3135734534589574,0.14840366540011019
-0.07685199822299182,0.30250061850529164,0.13548535795416683
-0.07685199822299182,0.18623585149180144,0.10549642995465547
-0.07685199822299182,0.1737789121689275,0.11011011118534952
-0.07685199822299182,0.19777005456853658,0.10318958933930844
-0.07685199822299182,0.18116080213803798,0.12810346798505634
-0.07685199822299182,0.19777005456853658,0.10318958933930844
-0.07685199822299182,0.20146099955309182,0.12256705050822347
-0.07685199822299182,0.19777005456853658,0.10318958933930844
-0.07685199822299182,0.21899298822972924,0.12072157801594585
-0.07685199822299182,0.21899298822972924,0.10134411684703082
-0.07685199822299182,0.21899298822972924,0.12072157801594585
-0.07685199822299182,0.24067729001399127,0.10318958933930844
-0.07685199822299182,0.23698634502943605,0.12256705050822347
-0.07685199822299182,0.2572865424444899,0.12810346798505634
-0.07685199822299182,0.13594672607723624,0.13548535795416683
-0.07685199822299182,0.1248738911235705,0.14840366540011019
-0.07685199822299182,0.14840366540011019,0.1248738911235705
-0.07685199822299182,0.1497877697693184,0.149326401646249
-0.07685199822299182,0.14840366540011019,0.1248738911235705
-0.07685199822299182,0.15993786847684532,0.1405604073079303
-0.07685199822299182,0.16086060472298414,0.1161078967852518
-0.07685199822299182,0.17054933530744165,0.1336398854618892
-0.07685199822299182,0.16086060472298414,0.1161078967852518
-0.07685199822299182,0.18116080213803798,0.12810346798505634
-0.07685199822299182,0.1737789121689275,0.11011011118534952
-0.07685199822299182,0.11472379241604358,0.16362881346140057
-0.07685199822299182,0.10734190244693309,0.18069943401496857
-0.07685199822299182,0.1248738911235705,0.14840366540011019
-0.07685199822299182,0.10272822121623904,0.1996155270608142
-0.07685199822299182,0.1257966273697093,0.18715858773794025
-0.07685199822299182,0.10272822121623904,0.1996155270608142
-0.07685199822299182,0.12210568238515407,0.20284510392230004
-0.07685199822299182,0.10272822121623904,0.1996155270608142
-0.07685199822299182,0.12072157801594585,0.21899298822972924
-0.07685199822299182,0.10134411684703082,0.21899298822972924
-0.07685199822299182,0.12072157801594585,0.21899298822972924
-0.07685199822299182,0.10272822121623904,0.23883181752171367
-0.07685199822299182,0.12210568238515407,0.23560224066022784
-0.07685199822299182,0.1248738911235705,0.2900436791824177
-0.07685199822299182,0.1257966273697093,0.2512887568445876
-0.07685199822299182,0.1248738911235705,0.2900436791824177
-0.07685199822299182,0.132255781092681,0.2655911686597392
-0.07685199822299182,0.1248738911235705,0.2900436791824177
-0.07685199822299182,0.1405604073079303,0.27850947610568255
-0.07685199822299182,0.1248738911235705,0.2900436791824177
-0.07685199822299182,0.1497877697693184,0.2891209429362789
-0.07685199822299182,0.14840366540011019,0.3135734534589574
-0.07685199822299182,0.15993786847684532,0.2978869372745976
-0.07685199822299182,0.14840366540011019,0.3135734534589574
-0.07685199822299182,0.17054933530744165,0.30480745912063867
-0.07685199822299182,0.16086060472298414,0.3223394477972761
-0.07685199822299182,0.18116080213803798,0.31034387659747154
-0.07685199822299182,0.1737789121689275,0.32833723339717835
-0.07685199822299182,0.19777005456853658,0.33525775524321944
-0.07685199822299182,0.18623585149180144,0.3329509146278724
-0.07685199822299182,0.18116080213803798,0.31034387659747154
-0.07685199822299182,0.19777005456853658,0.33525775524321944
-0.07685199822299182,0.20146099955309182,0.3158802940743044
-0.07685199822299182,0.19777005456853658,0.33525775524321944
-0.07685199822299182,0.21899298822972924,0.317725766566582
-0.07685199822299182,0.21899298822972924,0.33710322773549706
-0.07685199822299182,0.21899298822972924,0.317725766566582
-0.07685199822299182,0.24067729001399127,0.33525775524321944
-0.07685199822299182,0.23698634502943605,0.3158802940743044
-0.07685199822299182,0.24067729001399127,0.33525775524321944
-0.07685199822299182,0.2572865424444899,0.31034387659747154
-0.07685199822299182,0.2646684324136004,0.32833723339717835
-0.07685199822299182,0.2572865424444899,0.31034387659747154
-0.07685199822299182,0.27758673985954374,0.3223394477972761
-0.07685199822299182,0.2678980092750862,0.30480745912063867
-0.07685199822299182,0.27758673985954374,0.3223394477972761
-0.07685199822299182,0.27850947610568255,0.2978869372745976
-0.07685199822299182,0.3135734534589574,0.2900436791824177
-0.07685199822299182,0.2886595748132095,0.2891209429362789
-0.07685199822299182,0.3135734534589574,0.2900436791824177
-0.07685199822299182,0.2978869372745976,0.27850947610568255
-0.07685199822299182,0.3135734534589574,0.2900436791824177
-0.07685199822299182,0.3061915634898469,0.2655911686597392
-0.07685199822299182,0.3237235521664843,0.2748185311211273
-0.07685199822299182,0.31265071721281856,0.2512887568445876
-0.07685199822299182,0.3311054421355948,0.2577479105675593
-0.07685199822299182,0.31265071721281856,0.2512887568445876
-0.07685199822299182,0.33571912336628884,0.23883181752171367
-0.07685199822299182,0.3163416621973738,0.23560224066022784
-0.07685199822299182,0.33571912336628884,0.23883181752171367
-0.07685199822299182,0.317725766566582,0.21899298822972924
-0.07685199822299182,0.33710322773549706,0.21899298822972924
-0.07685199822299182,0.317725766566582,0.21899298822972924
-0.07685199822299182,0.33571912336628884,0.1996155270608142
-0.07685199822299182,0.3163416621973738,0.20284510392230004
-0.07685199822299182,0.33571912336628884,0.1996155270608142
-0.07685199822299182,0.31265071721281856,0.18715858773794025
-0.07685199822299182,0.3311054421355948,0.18069943401496857
-0.07685199822299182,0.3061915634898469,0.17285617592278868
-0.07685199822299182,0.3237235521664843,0.16362881346140057
-0.07685199822299182,0.3061915634898469,0.17285617592278868
-0.07685199822299182,0.3135734534589574,0.14840366540011019
-0.07685199822299182,0.2978869372745976,0.16039923659991473
-0.07685199822299182,0.2886595748132095,0.149326401646249
-0.07685199822299182,0.1497877697693184,0.149326401646249
-0.07685199822299182,0.1248738911235705,0.14840366540011019
-0.07685199822299182,0.1405604073079303,0.15993786847684532
-0.07685199822299182,0.1248738911235705,0.14840366540011019
-0.07685199822299182,0.132255781092681,0.17285617592278868
-0.07685199822299182,0.1257966273697093,0.18715858773794025
0.7137999085243791,0.18485174712259322,0.21899298822972924
0.7137999085243791,0.1257966273697093,0.18715858773794025
0.7137999085243791,0.18577448336873204,0.2079201532760635
0.7137999085243791,0.1257966273697093,0.18715858773794025
0.7137999085243791,0.18992679647635669,0.19777005456853658
0.7137999085243791,0.1257966273697093,0.18715858773794025
0.7137999085243791,0.19777005456853658,0.18992679647635669
0.7137999085243791,0.20561331266071647,0.18669721961487085
0.43842774047516286,0.1257966273697093,0.2512887568445876
0.43842774047516286,0.132255781092681,0.2655911686597392
0.43842774047516286,0.1248738911235705,0.2900436791824177
0.43842774047516286,0.1405604073079303,0.27850947610568255
0.43842774047516286,0.1497877697693184,0.2891209429362789
0.43842774047516286,0.27850947610568255,0.1405604073079303
0.43842774047516286,0.2678980092750862,0.1336398854618892
0.43842774047516286,0.27758673985954374,0.1161078967852518
0.43842774047516286,0.2572865424444899,0.12810346798505634
0.43842774047516286,0.2646684324136004,0.11011011118534952
-0.3522241662722081,0.21899298822972924,0.25359559745993465
-0.3522241662722081,0.21299520262982696,0.25313422933686525
-0.3522241662722081,0.20146099955309182,0.3158802940743044
-0.3522241662722081,0.20561331266071647,0.25175012496765703
-0.3522241662722081,0.18669721961487085,0.31218934908974916
0.43842774047516286,0.2978869372745976,0.27804810798261315
0.7137999085243791,0.2978869372745976,0.27804810798261315
0.43842774047516286,0.3061915634898469,0.2655911686597392
0.7137999085243791,0.3061915634898469,0.2655911686597392
0.43842774047516286,0.31218934908974916,0.2512887568445876
0.7137999085243791,0.31218934908974916,0.2512887568445876
0.43842774047516286,0.3163416621973738,0.23560224066022784
0.7137999085243791,0.3163416621973738,0.23560224066022784
0.43842774047516286,0.317725766566582,0.21899298822972924
0.7137999085243791,0.317725766566582,0.21899298822972924
0.43842774047516286,0.3163416621973738,0.20284510392230004
0.7137999085243791,0.3163416621973738,0.20284510392230004
0.43842774047516286,0.31218934908974916,0.18715858773794025
0.7137999085243791,0.31218934908974916,0.18715858773794025
0.43842774047516286,0.31218934908974916,0.18715858773794025
0.7137999085243791,0.3061915634898469,0.17285617592278868
0.43842774047516286,0.3061915634898469,0.17285617592278868
0.7137999085243791,0.3061915634898469,0.17285617592278868
0.43842774047516286,0.2978869372745976,0.16039923659991473
0.7137999085243791,0.2978869372745976,0.16039923659991473
0.43842774047516286,0.2886595748132095,0.149326401646249
0.7137999085243791,0.2886595748132095,0.149326401646249
0.43842774047516286,0.27804810798261315,0.1405604073079303
0.7137999085243791,0.27804810798261315,0.1405604073079303
0.43842774047516286,0.2674366411520168,0.1336398854618892
0.7137999085243791,0.2674366411520168,0.1336398854618892
0.43842774047516286,0.2674366411520168,0.1336398854618892
0.7137999085243791,0.2568251743214205,0.12856483610812575
0.43842774047516286,0.2568251743214205,0.12856483610812575
0.7137999085243791,0.23698634502943605,0.12256705050822347
0.43842774047516286,0.23698634502943605,0.12256705050822347
0.7137999085243791,0.23698634502943605,0.12256705050822347
0.43842774047516286,0.21899298822972924,0.12072157801594585
0.7137999085243791,0.21899298822972924,0.12072157801594585
0.43842774047516286,0.20146099955309182,0.12256705050822347
0.7137999085243791,0.20146099955309182,0.12256705050822347
0.43842774047516286,0.18162217026110739,0.12856483610812575
0.7137999085243791,0.18162217026110739,0.12856483610812575
0.43842774047516286,0.17101070343051106,0.1336398854618892
0.7137999085243791,0.17101070343051106,0.1336398854618892
0.43842774047516286,0.16039923659991473,0.1405604073079303
0.7137999085243791,0.16039923659991473,0.1405604073079303
0.43842774047516286,0.1497877697693184,0.149326401646249
0.7137999085243791,0.1497877697693184,0.149326401646249
0.43842774047516286,0.1405604073079303,0.16039923659991473
0.7137999085243791,0.1405604073079303,0.16039923659991473
0.43842774047516286,0.132255781092681,0.17285617592278868
0.7137999085243791,0.132255781092681,0.17285617592278868
0.43842774047516286,0.12625799549277872,0.18715858773794025
0.7137999085243791,0.12625799549277872,0.18715858773794025
0.43842774047516286,0.12210568238515407,0.20284510392230004
0.7137999085243791,0.12210568238515407,0.20284510392230004
0.43842774047516286,0.12072157801594585,0.21899298822972924
0.7137999085243791,0.12072157801594585,0.21899298822972924
0.43842774047516286,0.12210568238515407,0.23560224066022784
0.7137999085243791,0.12210568238515407,0.23560224066022784
0.43842774047516286,0.12625799549277872,0.2512887568445876
0.7137999085243791,0.12625799549277872,0.2512887568445876
0.43842774047516286,0.132255781092681,0.2655911686597392
0.7137999085243791,0.132255781092681,0.2655911686597392
0.43842774047516286,0.1405604073079303,0.27804810798261315
0.7137999085243791,0.1405604073079303,0.27804810798261315
0.43842774047516286,0.1497877697693184,0.2891209429362789
0.7137999085243791,0.1497877697693184,0.2891209429362789
0.43842774047516286,0.16039923659991473,0.2978869372745976
0.7137999085243791,0.16039923659991473,0.2978869372745976
0.43842774047516286,0.17101070343051106,0.30480745912063867
0.7137999085243791,0.17101070343051106,0.30480745912063867
0.43842774047516286,0.18162217026110739,0.30988250847440213
0.7137999085243791,0.18162217026110739,0.30988250847440213
0.43842774047516286,0.20146099955309182,0.3158802940743044
0.7137999085243791,0.20146099955309182,0.3158802940743044
0.43842774047516286,0.21899298822972924,0.317725766566582
0.7137999085243791,0.21899298822972924,0.317725766566582
0.43842774047516286,0.23698634502943605,0.3158802940743044
0.7137999085243791,0.23698634502943605,0.3158802940743044
0.43842774047516286,0.2568251743214205,0.30988250847440213
0.7137999085243791,0.2568251743214205,0.30988250847440213
0.43842774047516286,0.2674366411520168,0.30480745912063867
0.7137999085243791,0.2674366411520168,0.30480745912063867
0.43842774047516286,0.27804810798261315,0.2978869372745976
0.7137999085243791,0.27804810798261315,0.2978869372745976
0.43842774047516286,0.2886595748132095,0.2891209429362789
0.7137999085243791,0.2886595748132095,0.2891209429362789
0.43842774047516286,0.2978869372745976,0.27804810798261315
0.7137999085243791,0.2978869372745976,0.27804810798261315
-0.07685199822299182,0.11518516053911299,0.16362881346140057
0.43842774047516286,0.11518516053911299,0.16362881346140057
-0.07685199822299182,0.1078032705700025,0.18116080213803798
0.43842774047516286,0.1078032705700025,0.18116080213803798
-0.07685199822299182,0.1078032705700025,0.18116080213803798
0.43842774047516286,0.10272822121623904,0.1996155270608142
-0.07685199822299182,0.10272822121623904,0.1996155270608142
0.43842774047516286,0.10134411684703082,0.21899298822972924
-0.07685199822299182,0.10134411684703082,0.21899298822972924
0.43842774047516286,0.10134411684703082,0.21899298822972924
-0.07685199822299182,0.10272822121623904,0.23883181752171367
0.43842774047516286,0.10272822121623904,0.23883181752171367
-0.07685199822299182,0.1078032705700025,0.2572865424444899
0.43842774047516286,0.1078032705700025,0.2572865424444899
-0.07685199822299182,0.11518516053911299,0.2748185311211273
0.43842774047516286,0.11518516053911299,0.2748185311211273
-0.07685199822299182,0.1248738911235705,0.2900436791824177
0.43842774047516286,0.1248738911235705,0.2900436791824177
-0.07685199822299182,0.13594672607723624,0.30296198662836105
0.43842774047516286,0.13594672607723624,0.30296198662836105
-0.07685199822299182,0.14840366540011019,0.3135734534589574
0.43842774047516286,0.14840366540011019,0.3135734534589574
-0.07685199822299182,0.16132197284605354,0.3218780796742067
0.43842774047516286,0.16132197284605354,0.3218780796742067
-0.07685199822299182,0.1737789121689275,0.32833723339717835
0.43842774047516286,0.1737789121689275,0.32833723339717835
-0.07685199822299182,0.18623585149180144,0.332489546504803
0.43842774047516286,0.18623585149180144,0.332489546504803
-0.07685199822299182,0.19777005456853658,0.33525775524321944
0.43842774047516286,0.19777005456853658,0.33525775524321944
0.1797447947319597,0.1996155270608142,0.33571912336628884
0.43842774047516286,0.19777005456853658,0.33525775524321944
0.18600325309671462,0.2000768951838836,0.33571912336628884
0.43842774047516286,0.19777005456853658,0.33525775524321944
0.1901755586732179,0.20146099955309182,0.33571912336628884
0.43842774047516286,0.19777005456853658,0.33525775524321944
0.1964340170379728,0.20469057641457766,0.33618049148935825
0.43842774047516286,0.19777005456853658,0.33525775524321944
0.19852016982622445,0.20930425764527172,0.33664185961242765
0.43842774047516286,0.21899298822972924,0.33710322773549706
0.20060632261447608,0.21391793887596577,0.33710322773549706
0.43842774047516286,0.21899298822972924,0.33710322773549706
0.20060632261447608,0.21899298822972924,0.33710322773549706
0.43842774047516286,0.21899298822972924,0.33710322773549706
0.20060632261447608,0.2245294057065621,0.33710322773549706
0.43842774047516286,0.21899298822972924,0.33710322773549706
0.19852016982622445,0.22914308693725616,0.33664185961242765
0.43842774047516286,0.24067729001399127,0.33525775524321944
0.1964340170379728,0.2337567681679502,0.33618049148935825
0.43842774047516286,0.24067729001399127,0.33525775524321944
0.1901755586732179,0.23698634502943605,0.33571912336628884
0.43842774047516286,0.24067729001399127,0.33525775524321944
0.18600325309671462,0.23837044939864427,0.33571912336628884
0.43842774047516286,0.24067729001399127,0.33525775524321944
0.18183094752021134,0.23883181752171367,0.33571912336628884
0.43842774047516286,0.25221149309072644,0.332489546504803
-0.07685199822299182,0.25221149309072644,0.332489546504803
0.43842774047516286,0.25221149309072644,0.332489546504803
-0.07685199822299182,0.2646684324136004,0.32833723339717835
0.43842774047516286,0.2646684324136004,0.32833723339717835
-0.07685199822299182,0.27712537173647434,0.3218780796742067
0.43842774047516286,0.27712537173647434,0.3218780796742067
-0.07685199822299182,0.2900436791824177,0.3135734534589574
0.43842774047516286,0.2900436791824177,0.3135734534589574
-0.07685199822299182,0.30250061850529164,0.30296198662836105
0.43842774047516286,0.30250061850529164,0.30296198662836105
-0.07685199822299182,0.3135734534589574,0.2900436791824177
0.43842774047516286,0.3135734534589574,0.2900436791824177
-0.07685199822299182,0.3232621840434149,0.2748185311211273
0.43842774047516286,0.3232621840434149,0.2748185311211273
-0.07685199822299182,0.3306440740125254,0.2572865424444899
0.43842774047516286,0.3306440740125254,0.2572865424444899
-0.07685199822299182,0.3306440740125254,0.2572865424444899
0.43842774047516286,0.33571912336628884,0.23883181752171367
-0.07685199822299182,0.33571912336628884,0.23883181752171367
0.43842774047516286,0.33710322773549706,0.21899298822972924
-0.07685199822299182,0.33710322773549706,0.21899298822972924
0.43842774047516286,0.33571912336628884,0.1996155270608142
-0.07685199822299182,0.33571912336628884,0.1996155270608142
0.43842774047516286,0.3306440740125254,0.18116080213803798
-0.07685199822299182,0.3306440740125254,0.18116080213803798
0.43842774047516286,0.3232621840434149,0.16362881346140057
-0.07685199822299182,0.3232621840434149,0.16362881346140057
0.43842774047516286,0.3232621840434149,0.16362881346140057
-0.07685199822299182,0.3135734534589574,0.14840366540011019
0.43842774047516286,0.3135734534589574,0.14840366540011019
-0.07685199822299182,0.30250061850529164,0.13548535795416683
0.43842774047516286,0.30250061850529164,0.13548535795416683
-0.07685199822299182,0.30250061850529164,0.13548535795416683
0.43842774047516286,0.2900436791824177,0.1248738911235705
-0.07685199822299182,0.2900436791824177,0.1248738911235705
0.43842774047516286,0.27712537173647434,0.1165692649083212
-0.07685199822299182,0.27712537173647434,0.1165692649083212
0.43842774047516286,0.27712537173647434,0.1165692649083212
-0.07685199822299182,0.2646684324136004,0.11011011118534952
0.43842774047516286,0.2646684324136004,0.11011011118534952
-0.07685199822299182,0.25221149309072644,0.10595779807772487
0.43842774047516286,0.25221149309072644,0.10595779807772487
-0.07685199822299182,0.25221149309072644,0.10595779807772487
0.43842774047516286,0.24067729001399127,0.10318958933930844
-0.07685199822299182,0.24067729001399127,0.10318958933930844
0.43842774047516286,0.21899298822972924,0.10134411684703082
-0.07685199822299182,0.21899298822972924,0.10134411684703082
0.43842774047516286,0.21899298822972924,0.10134411684703082
-0.07685199822299182,0.19777005456853658,0.10318958933930844
0.43842774047516286,0.19777005456853658,0.10318958933930844
-0.07685199822299182,0.18623585149180144,0.10595779807772487
0.43842774047516286,0.18623585149180144,0.10595779807772487
-0.07685199822299182,0.1737789121689275,0.11011011118534952
0.43842774047516286,0.1737789121689275,0.11011011118534952
-0.07685199822299182,0.16132197284605354,0.1165692649083212
0.43842774047516286,0.16132197284605354,0.1165692649083212
-0.07685199822299182,0.14840366540011019,0.1248738911235705
0.43842774047516286,0.14840366540011019,0.1248738911235705
-0.07685199822299182,0.13594672607723624,0.13548535795416683
0.43842774047516286,0.13594672607723624,0.13548535795416683
-0.07685199822299182,0.1248738911235705,0.14840366540011019
0.43842774047516286,0.1248738911235705,0.14840366540011019
-0.07685199822299182,0.11518516053911299,0.16362881346140057
0.43842774047516286,0.11518516053911299,0.16362881346140057
0.1797447947319597,0.1996155270608142,0.33571912336628884
0.17557248915545642,0.2000768951838836,0.33571912336628884
-0.07685199822299182,0.19777005456853658,0.33525775524321944
0.17140018357895315,0.20146099955309182,0.33571912336628884
-0.07685199822299182,0.19777005456853658,0.33525775524321944
0.16514172521419823,0.20469057641457766,0.33618049148935825
-0.07685199822299182,0.19777005456853658,0.33525775524321944
0.1630555724259466,0.20930425764527172,0.33664185961242765
-0.07685199822299182,0.21899298822972924,0.33710322773549706
0.16096941963769495,0.21391793887596577,0.33710322773549706
-0.07685199822299182,0.21899298822972924,0.33710322773549706
0.16096941963769495,0.21945435635279864,0.33710322773549706
-0.07685199822299182,0.21899298822972924,0.33710322773549706
0.16096941963769495,0.2245294057065621,0.33710322773549706
-0.07685199822299182,0.21899298822972924,0.33710322773549706
0.1630555724259466,0.22960445506032556,0.33664185961242765
-0.07685199822299182,0.24067729001399127,0.33525775524321944
0.16514172521419823,0.2337567681679502,0.33618049148935825
-0.07685199822299182,0.24067729001399127,0.33525775524321944
0.17140018357895315,0.23698634502943605,0.33571912336628884
-0.07685199822299182,0.24067729001399127,0.33525775524321944
0.17557248915545642,0.23837044939864427,0.33571912336628884
-0.07685199822299182,0.24067729001399127,0.33525775524321944
0.18183094752021134,0.23883181752171367,0.33571912336628884
-0.07685199822299182,0.25221149309072644,0.332489546504803
0.7137999085243791,0.232372663798742,0.18761995586100966
-0.3522241662722081,0.2254521419527009,0.18531311524566263
0.7137999085243791,0.2254521419527009,0.18531311524566263
-0.3522241662722081,0.21899298822972924,0.18485174712259322
0.7137999085243791,0.21899298822972924,0.18485174712259322
-0.3522241662722081,0.21299520262982696,0.18531311524566263
0.7137999085243791,0.21299520262982696,0.18531311524566263
-0.3522241662722081,0.20607468078378588,0.18761995586100966
0.7137999085243791,0.20607468078378588,0.18761995586100966
-0.3522241662722081,0.1986927908146754,0.1917722689686343
0.7137999085243791,0.1986927908146754,0.1917722689686343
-0.3522241662722081,0.1917722689686343,0.1986927908146754
0.7137999085243791,0.1917722689686343,0.1986927908146754
-0.3522241662722081,0.18669721961487085,0.2079201532760635
0.7137999085243791,0.18669721961487085,0.2079201532760635
-0.3522241662722081,0.18485174712259322,0.21899298822972924
0.7137999085243791,0.18485174712259322,0.21899298822972924
-0.3522241662722081,0.18669721961487085,0.23052719130646437
0.7137999085243791,0.18669721961487085,0.23052719130646437
-0.3522241662722081,0.1917722689686343,0.23975455376785246
0.7137999085243791,0.1917722689686343,0.23975455376785246
0.1797447947319597,0.1996155270608142,0.24759781186003235
0.7137999085243791,0.1986927908146754,0.24667507561389354
0.18600325309671462,0.2000768951838836,0.24759781186003235
0.7137999085243791,0.1986927908146754,0.24667507561389354
0.1901755586732179,0.20146099955309182,0.24898191622924057
0.7137999085243791,0.1986927908146754,0.24667507561389354
0.1964340170379728,0.20607468078378588,0.2508273887215182
0.7137999085243791,0.20607468078378588,0.2508273887215182
0.19852016982622445,0.21068836201447994,0.25267286121379584
0.7137999085243791,0.21299520262982696,0.25313422933686525
0.20060632261447608,0.21484067512210459,0.25359559745993465
0.7137999085243791,0.21899298822972924,0.25359559745993465
0.20060632261447608,0.21899298822972924,0.25359559745993465
0.7137999085243791,0.2254521419527009,0.25313422933686525
0.20060632261447608,0.2245294057065621,0.25313422933686525
0.7137999085243791,0.232372663798742,0.2508273887215182
0.19852016982622445,0.22960445506032556,0.25221149309072644
0.7137999085243791,0.232372663798742,0.2508273887215182
0.1964340170379728,0.2337567681679502,0.2503660205984488
0.7137999085243791,0.23975455376785246,0.24667507561389354
0.1901755586732179,0.23698634502943605,0.24898191622924057
0.7137999085243791,0.23975455376785246,0.24667507561389354
0.18600325309671462,0.23837044939864427,0.24759781186003235
0.7137999085243791,0.23975455376785246,0.24667507561389354
0.18183094752021134,0.23883181752171367,0.24759781186003235
0.7137999085243791,0.24667507561389354,0.23975455376785246
-0.3522241662722081,0.24667507561389354,0.23975455376785246
0.7137999085243791,0.24667507561389354,0.23975455376785246
-0.3522241662722081,0.25175012496765703,0.23052719130646437
0.7137999085243791,0.25175012496765703,0.23052719130646437
-0.3522241662722081,0.25359559745993465,0.21899298822972924
0.7137999085243791,0.25359559745993465,0.21899298822972924
-0.3522241662722081,0.25175012496765703,0.2079201532760635
0.7137999085243791,0.25175012496765703,0.2079201532760635
-0.3522241662722081,0.24667507561389354,0.1986927908146754
0.7137999085243791,0.24667507561389354,0.1986927908146754
-0.3522241662722081,0.23975455376785246,0.1917722689686343
0.7137999085243791,0.23975455376785246,0.1917722689686343
-0.3522241662722081,0.232372663798742,0.18761995586100966
0.7137999085243791,0.232372663798742,0.18761995586100966
-0.3522241662722081,0.2254521419527009,0.18531311524566263
-0.3522241662722081,0.1917722689686343,0.23975455376785246
-0.3522241662722081,0.1986927908146754,0.24667507561389354
0.1797447947319597,0.1996155270608142,0.24759781186003235
-0.3522241662722081,0.1986927908146754,0.24667507561389354
0.17557248915545642,0.2000768951838836,0.24759781186003235
-0.3522241662722081,0.1986927908146754,0.24667507561389354
0.17140018357895315,0.20146099955309182,0.24898191622924057
-0.3522241662722081,0.1986927908146754,0.24667507561389354
0.16514172521419823,0.20469057641457766,0.2503660205984488
-0.3522241662722081,0.20607468078378588,0.2508273887215182
0.1630555724259466,0.2088428895222023,0.25221149309072644
-0.3522241662722081,0.20607468078378588,0.2508273887215182
0.16096941963769495,0.21391793887596577,0.25313422933686525
-0.3522241662722081,0.21299520262982696,0.25313422933686525
0.16096941963769495,0.21899298822972924,0.25359559745993465
-0.3522241662722081,0.21899298822972924,0.25359559745993465
0.16096941963769495,0.2236066694604233,0.25359559745993465
-0.3522241662722081,0.2254521419527009,0.25313422933686525
0.1630555724259466,0.22775898256804794,0.25267286121379584
-0.3522241662722081,0.232372663798742,0.2508273887215182
0.16514172521419823,0.232372663798742,0.2508273887215182
-0.3522241662722081,0.23975455376785246,0.24667507561389354
0.17140018357895315,0.23698634502943605,0.24898191622924057
-0.3522241662722081,0.23975455376785246,0.24667507561389354
0.17557248915545642,0.23837044939864427,0.24759781186003235
-0.3522241662722081,0.23975455376785246,0.24667507561389354
0.18183094752021134,0.23883181752171367,0.24759781186003235
-0.3522241662722081,0.24667507561389354,0.23975455376785246
-0.3522241662722081,0.3163416621973738,0.23560224066022784
-0.07685199822299182,0.3163416621973738,0.23560224066022784
-0.3522241662722081,0.317725766566582,0.21899298822972924
-0.07685199822299182,0.317725766566582,0.21899298822972924
-0.3522241662722081,0.317725766566582,0.21899298822972924
-0.07685199822299182,0.3163416621973738,0.20284510392230004
-0.3522241662722081,0.3163416621973738,0.20284510392230004
-0.07685199822299182,0.3163416621973738,0.20284510392230004
-0.3522241662722081,0.31218934908974916,0.18715858773794025
-0.07685199822299182,0.31218934908974916,0.18715858773794025
-0.3522241662722081,0.3061915634898469,0.17285617592278868
-0.07685199822299182,0.3061915634898469,0.17285617592278868
-0.3522241662722081,0.3061915634898469,0.17285617592278868
-0.07685199822299182,0.2978869372745976,0.16039923659991473
-0.3522241662722081,0.2978869372745976,0.16039923659991473
-0.07685199822299182,0.2978869372745976,0.16039923659991473
-0.3522241662722081,0.2886595748132095,0.149326401646249
-0.07685199822299182,0.2886595748132095,0.149326401646249
-0.3522241662722081,0.27804810798261315,0.1405604073079303
-0.07685199822299182,0.27804810798261315,0.1405604073079303
-0.3522241662722081,0.2674366411520168,0.1336398854618892
-0.07685199822299182,0.2674366411520168,0.1336398854618892
-0.3522241662722081,0.2568251743214205,0.12856483610812575
-0.07685199822299182,0.2568251743214205,0.12856483610812575
-0.3522241662722081,0.2568251743214205,0.12856483610812575
-0.07685199822299182,0.23698634502943605,0.12256705050822347
-0.3522241662722081,0.23698634502943605,0.12256705050822347
-0.07685199822299182,0.23698634502943605,0.12256705050822347
-0.3522241662722081,0.21899298822972924,0.12072157801594585
-0.07685199822299182,0.21899298822972924,0.12072157801594585
-0.3522241662722081,0.20146099955309182,0.12256705050822347
-0.07685199822299182,0.20146099955309182,0.12256705050822347
-0.3522241662722081,0.18162217026110739,0.12856483610812575
-0.07685199822299182,0.18162217026110739,0.12856483610812575
-0.3522241662722081,0.17101070343051106,0.1336398854618892
-0.07685199822299182,0.17101070343051106,0.1336398854618892
-0.3522241662722081,0.16039923659991473,0.1405604073079303
-0.07685199822299182,0.16039923659991473,0.1405604073079303
-0.3522241662722081,0.1497877697693184,0.149326401646249
-0.07685199822299182,0.1497877697693184,0.149326401646249
-0.3522241662722081,0.1405604073079303,0.16039923659991473
-0.07685199822299182,0.1405604073079303,0.16039923659991473
-0.3522241662722081,0.132255781092681,0.17285617592278868
-0.07685199822299182,0.132255781092681,0.17285617592278868
-0.3522241662722081,0.12625799549277872,0.18715858773794025
-0.07685199822299182,0.12625799549277872,0.18715858773794025
-0.3522241662722081,0.12210568238515407,0.20284510392230004
-0.07685199822299182,0.12210568238515407,0.20284510392230004
-0.3522241662722081,0.12072157801594585,0.21899298822972924
-0.07685199822299182,0.12072157801594585,0.21899298822972924
-0.3522241662722081,0.12210568238515407,0.23560224066022784
-0.07685199822299182,0.12210568238515407,0.23560224066022784
-0.3522241662722081,0.12210568238515407,0.23560224066022784
-0.07685199822299182,0.12625799549277872,0.2512887568445876
-0.3522241662722081,0.12625799549277872,0.2512887568445876
-0.07685199822299182,0.12625799549277872,0.2512887568445876
-0.3522241662722081,0.132255781092681,0.2655911686597392
-0.07685199822299182,0.132255781092681,0.2655911686597392
-0.3522241662722081,0.1405604073079303,0.27804810798261315
-0.07685199822299182,0.1405604073079303,0.27804810798261315
-0.3522241662722081,0.1497877697693184,0.2891209429362789
-0.07685199822299182,0.1497877697693184,0.2891209429362789
-0.3522241662722081,0.16039923659991473,0.2978869372745976
-0.07685199822299182,0.16039923659991473,0.2978869372745976
-0.3522241662722081,0.17101070343051106,0.30480745912063867
-0.07685199822299182,0.17101070343051106,0.30480745912063867
-0.3522241662722081,0.18162217026110739,0.30988250847440213
-0.07685199822299182,0.18162217026110739,0.30988250847440213
-0.3522241662722081,0.20146099955309182,0.3158802940743044
-0.07685199822299182,0.20146099955309182,0.3158802940743044
-0.3522241662722081,0.21899298822972924,0.317725766566582
-0.07685199822299182,0.21899298822972924,0.317725766566582
-0.3522241662722081,0.23698634502943605,0.3158802940743044
-0.07685199822299182,0.23698634502943605,0.3158802940743044
-0.3522241662722081,0.23698634502943605,0.3158802940743044
-0.07685199822299182,0.2568251743214205,0.30988250847440213
-0.3522241662722081,0.2568251743214205,0.30988250847440213
-0.07685199822299182,0.2674366411520168,0.30480745912063867
-0.3522241662722081,0.2674366411520168,0.30480745912063867
-0.07685199822299182,0.2674366411520168,0.30480745912063867
-0.3522241662722081,0.27804810798261315,0.2978869372745976
-0.07685199822299182,0.27804810798261315,0.2978869372745976
-0.3522241662722081,0.2886595748132095,0.2891209429362789
-0.07685199822299182,0.2886595748132095,0.2891209429362789
-0.3522241662722081,0.2886595748132095,0.2891209429362789
-0.07685199822299182,0.2978869372745976,0.27804810798261315
-0.3522241662722081,0.2978869372745976,0.27804810798261315
-0.07685199822299182,0.2978869372745976,0.27804810798261315
-0.3522241662722081,0.3061915634898469,0.2655911686597392
-0.07685199822299182,0.3061915634898469,0.2655911686597392
-0.3522241662722081,0.31218934908974916,0.2512887568445876
-0.07685199822299182,0.31218934908974916,0.2512887568445876
-0.3522241662722081,0.3163416621973738,0.23560224066022784
-0.07685199822299182,0.3163416621973738,0.23560224066022784
0.7137999085243791,0.24852054810617116,0.19777005456853658
0.7137999085243791,0.24067729001399127,0.18992679647635669
0.7137999085243791,0.27850947610568255,0.1405604073079303
0.7137999085243791,0.2328340319218114,0.18669721961487085
0.16315053169091698,0.21964659307559486,0.3358849521900993
0.16315053169091698,0.2195696983981179,0.25372563002747484
0.1638425837882096,0.22472164178907406,0.3358849521900993
0.16361189975577872,0.22395269501430448,0.25338114649639465
0.16576495072513353,0.22948911179264542,0.3358849521900993
0.16499600395036396,0.22795121824310627,0.2526921794342343
0.16576495072513353,0.22948911179264542,0.3358849521900993
0.1670721602422418,0.23141147872956935,0.2518309706065338
0.16891763250168879,0.2334876350214472,0.3358849521900993
0.1670721602422418,0.23141147872956935,0.2518309706065338
0.17299305040796753,0.23664031679800246,0.3358849521900993
0.172147208955721,0.23610205405566376,0.2497640694200527
0.17768362573406193,0.23863957841240335,0.3358849521900993
0.17691467895929236,0.23840889437997248,0.24855837706127204
0.18275867444754113,0.239254735832219,0.3358849521900993
0.18052872880070936,0.2391009464772651,0.24804165176465176
0.18275867444754113,0.239254735832219,0.3358849521900993
0.1851424094493268,0.2391009464772651,0.24786940999911167
0.18275867444754113,0.239254735832219,0.3358849521900993
0.1903712475177599,0.23771684228267986,0.24890286059235223
0.18791061783849727,0.23863957841240335,0.3358849521900993
0.19460045477899257,0.23533310728089418,0.25028079471667297
0.19260119316459168,0.23664031679800246,0.3358849521900993
0.1985220833303174,0.23141147872956935,0.2518309706065338
0.19667661107087042,0.2334876350214472,0.3358849521900993
0.1985220833303174,0.23141147872956935,0.2518309706065338
0.19982929284742568,0.22941221711516846,0.3358849521900993
0.20136718639696483,0.22595195662870537,0.25338114649639465
0.20182855446182657,0.2246447471115971,0.3358849521900993
0.20244371188164223,0.2195696983981179,0.254070113558555
0.20244371188164223,0.2195696983981179,0.3358849521900993
0.20244371188164223,0.2195696983981179,0.254070113558555
0.20182855446182657,0.21449464968463872,0.3358849521900993
0.20136718639696483,0.2132643348450074,0.25320890473085456
0.19982929284742568,0.20972717968106735,0.3358849521900993
0.1985220833303174,0.20780481274414342,0.2518309706065338
0.19667661107087042,0.20572865645226557,0.3358849521900993
0.1985220833303174,0.20780481274414342,0.2518309706065338
0.19267808784206863,0.2025759746757103,0.3358849521900993
0.1934470346168382,0.20311423741804902,0.2497640694200527
0.18791061783849727,0.20065360773878638,0.3358849521900993
0.18791061783849727,0.20065360773878638,0.24838613529573195
0.18275867444754113,0.19996155564149376,0.3358849521900993
0.18275867444754113,0.19996155564149376,0.24786940999911167
0.18275867444754113,0.19996155564149376,0.3358849521900993
0.1753767854097532,0.20142255451355595,0.2495918276545126
0.17768362573406193,0.20065360773878638,0.3358849521900993
0.17091689411608968,0.2038831841928186,0.25079752001329325
0.17291615573049057,0.2025759746757103,0.3358849521900993
0.17091689411608968,0.2038831841928186,0.25079752001329325
0.16891763250168879,0.20572865645226557,0.3358849521900993
0.16699526556476485,0.20788170742162038,0.252175454137614
0.16576495072513353,0.2098040743585443,0.3358849521900993
0.16422705717559438,0.21318744016753044,0.25338114649639465
0.16376568911073264,0.21449464968463872,0.3358849521900993
0.16315053169091698,0.2195696983981179,0.25372563002747484
0.16315053169091698,0.21964659307559486,0.3358849521900993
