472.52886962890636,-528.2069683074924, 676.9358520507812
472.52886962890636,-529.5750713348361, 679.305419921875
472.52886962890636,-535.635831832883, 665.0
472.52886962890636,-528.2069683074924, 676.9358520507812
472.52886962890636,-535.635831832883, 665.0
472.52886962890636,-525.635831832883, 676.0
472.52886962890636,-528.2069683074924, 676.9358520507812
472.52886962890636,-525.635831832883, 676.0
470.52886962890636,-525.635831832883, 676.0
472.52886962890636,-528.2069683074924, 676.9358520507812
470.52886962890636,-525.635831832883, 676.0
470.52886962890636,-528.2069683074924, 676.9358520507812
472.52886962890636,-528.2069683074924, 676.9358520507812
470.52886962890636,-528.2069683074924, 676.9358520507812
472.52886962890636,-529.5750713348361, 679.305419921875
470.52886962890636,-528.2069683074924, 676.9358520507812
470.52886962890636,-525.635831832883, 676.0
470.52886962890636,-535.635831832883, 665.0
470.52886962890636,-528.2069683074924, 676.9358520507812
470.52886962890636,-535.635831832883, 665.0
470.52886962890636,-529.5750713348361, 679.305419921875
470.52886962890636,-528.2069683074924, 676.9358520507812
470.52886962890636,-529.5750713348361, 679.305419921875
472.52886962890636,-529.5750713348361, 679.305419921875
470.52886962890636,-525.635831832883, 676.0
472.52886962890636,-525.635831832883, 676.0
470.52886962890636,-523.0646953582736, 676.9358520507812
470.52886962890636,-525.635831832883, 676.0
470.52886962890636,-523.0646953582736, 676.9358520507812
470.52886962890636,-449.5750713348361, 679.305419921875
470.52886962890636,-525.635831832883, 676.0
470.52886962890636,-449.5750713348361, 679.305419921875
470.52886962890636,-535.635831832883, 665.0
472.52886962890636,-525.635831832883, 676.0
472.52886962890636,-535.635831832883, 665.0
472.52886962890636,-523.0646953582736, 676.9358520507812
472.52886962890636,-525.635831832883, 676.0
472.52886962890636,-523.0646953582736, 676.9358520507812
470.52886962890636,-523.0646953582736, 676.9358520507812
470.52886962890636,-523.0646953582736, 676.9358520507812
472.52886962890636,-523.0646953582736, 676.9358520507812
470.52886962890636,-521.6965923309299, 679.305419921875
470.52886962890636,-523.0646953582736, 676.9358520507812
470.52886962890636,-521.6965923309299, 679.305419921875
470.52886962890636,-449.5750713348361, 679.305419921875
472.52886962890636,-523.0646953582736, 676.9358520507812
472.52886962890636,-535.635831832883, 665.0
472.52886962890636,-435.63583183288296, 665.0
472.52886962890636,-523.0646953582736, 676.9358520507812
472.52886962890636,-435.63583183288296, 665.0
472.52886962890636,-521.6965923309299, 679.305419921875
472.52886962890636,-523.0646953582736, 676.9358520507812
472.52886962890636,-521.6965923309299, 679.305419921875
470.52886962890636,-521.6965923309299, 679.305419921875
472.52886962890636,-521.6965923309299, 679.305419921875
472.52886962890636,-435.63583183288296, 665.0
472.52886962890636,-521.635831832883, 680.0
472.52886962890636,-521.6965923309299, 679.305419921875
472.52886962890636,-521.635831832883, 680.0
470.52886962890636,-521.635831832883, 680.0
472.52886962890636,-521.6965923309299, 679.305419921875
470.52886962890636,-521.635831832883, 680.0
470.52886962890636,-521.6965923309299, 679.305419921875
470.52886962890636,-521.6965923309299, 679.305419921875
470.52886962890636,-521.635831832883, 680.0
470.52886962890636,-449.09994316100796, 682.0
470.52886962890636,-521.6965923309299, 679.305419921875
470.52886962890636,-449.09994316100796, 682.0
470.52886962890636,-449.5750713348361, 679.305419921875
470.52886962890636,-521.635831832883, 680.0
472.52886962890636,-521.635831832883, 680.0
470.52886962890636,-522.171720504758, 682.0
470.52886962890636,-521.635831832883, 680.0
470.52886962890636,-522.171720504758, 682.0
470.52886962890636,-449.09994316100796, 682.0
470.52886962890636,-522.171720504758, 682.0
472.52886962890636,-521.635831832883, 680.0
472.52886962890636,-522.171720504758, 682.0
470.52886962890636,-522.171720504758, 682.0
472.52886962890636,-522.171720504758, 682.0
470.52886962890636,-524.2677593231174, 683.7587890625
470.52886962890636,-522.171720504758, 682.0
470.52886962890636,-524.2677593231174, 683.7587890625
470.52886962890636,-449.09994316100796, 682.0
472.52886962890636,-521.635831832883, 680.0
472.52886962890636,-435.63583183288296, 665.0
472.52886962890636,-445.63583183288296, 676.0
472.52886962890636,-521.635831832883, 680.0
472.52886962890636,-445.63583183288296, 676.0
472.52886962890636,-522.171720504758, 682.0
472.52886962890636,-522.171720504758, 682.0
472.52886962890636,-445.63583183288296, 676.0
472.52886962890636,-524.2677593231174, 683.7587890625
472.52886962890636,-522.171720504758, 682.0
472.52886962890636,-524.2677593231174, 683.7587890625
470.52886962890636,-524.2677593231174, 683.7587890625
470.52886962890636,-524.2677593231174, 683.7587890625
472.52886962890636,-524.2677593231174, 683.7587890625
470.52886962890636,-527.0039043426486, 683.7587890625
470.52886962890636,-524.2677593231174, 683.7587890625
470.52886962890636,-527.0039043426486, 683.7587890625
470.52886962890636,-535.635831832883, 695.0
470.52886962890636,-524.2677593231174, 683.7587890625
470.52886962890636,-535.635831832883, 695.0
470.52886962890636,-449.09994316100796, 682.0
470.52886962890636,-527.0039043426486, 683.7587890625
472.52886962890636,-524.2677593231174, 683.7587890625
472.52886962890636,-527.0039043426486, 683.7587890625
470.52886962890636,-527.0039043426486, 683.7587890625
472.52886962890636,-527.0039043426486, 683.7587890625
470.52886962890636,-529.099943161008, 682.0
470.52886962890636,-527.0039043426486, 683.7587890625
470.52886962890636,-529.099943161008, 682.0
470.52886962890636,-535.635831832883, 695.0
470.52886962890636,-529.099943161008, 682.0
472.52886962890636,-527.0039043426486, 683.7587890625
472.52886962890636,-529.099943161008, 682.0
470.52886962890636,-529.099943161008, 682.0
472.52886962890636,-529.099943161008, 682.0
470.52886962890636,-529.5750713348361, 679.305419921875
470.52886962890636,-529.099943161008, 682.0
470.52886962890636,-529.5750713348361, 679.305419921875
470.52886962890636,-535.635831832883, 695.0
472.52886962890636,-527.0039043426486, 683.7587890625
472.52886962890636,-524.2677593231174, 683.7587890625
472.52886962890636,-535.635831832883, 695.0
472.52886962890636,-527.0039043426486, 683.7587890625
472.52886962890636,-535.635831832883, 695.0
472.52886962890636,-529.099943161008, 682.0
472.52886962890636,-529.099943161008, 682.0
472.52886962890636,-535.635831832883, 695.0
472.52886962890636,-529.5750713348361, 679.305419921875
472.52886962890636,-529.099943161008, 682.0
472.52886962890636,-529.5750713348361, 679.305419921875
470.52886962890636,-529.5750713348361, 679.305419921875
470.52886962890636,-529.5750713348361, 679.305419921875
470.52886962890636,-535.635831832883, 665.0
470.52886962890636,-535.635831832883, 695.0
472.52886962890636,-529.5750713348361, 679.305419921875
472.52886962890636,-535.635831832883, 695.0
472.52886962890636,-535.635831832883, 665.0
472.52886962890636,-535.635831832883, 665.0
472.52886962890636,-535.635831832883, 695.0
470.52886962890636,-535.635831832883, 665.0
472.52886962890636,-535.635831832883, 665.0
470.52886962890636,-535.635831832883, 665.0
470.52886962890636,-435.63583183288296, 665.0
472.52886962890636,-535.635831832883, 665.0
470.52886962890636,-435.63583183288296, 665.0
472.52886962890636,-435.63583183288296, 665.0
470.52886962890636,-535.635831832883, 665.0
470.52886962890636,-449.5750713348361, 679.305419921875
470.52886962890636,-448.20696830749233, 676.9358520507812
470.52886962890636,-535.635831832883, 665.0
470.52886962890636,-448.20696830749233, 676.9358520507812
470.52886962890636,-435.63583183288296, 665.0
470.52886962890636,-535.635831832883, 665.0
472.52886962890636,-535.635831832883, 695.0
470.52886962890636,-535.635831832883, 695.0
470.52886962890636,-449.5750713348361, 679.305419921875
470.52886962890636,-449.09994316100796, 682.0
472.52886962890636,-449.09994316100796, 682.0
470.52886962890636,-449.5750713348361, 679.305419921875
472.52886962890636,-449.09994316100796, 682.0
472.52886962890636,-449.5750713348361, 679.305419921875
470.52886962890636,-449.5750713348361, 679.305419921875
472.52886962890636,-449.5750713348361, 679.305419921875
470.52886962890636,-448.20696830749233, 676.9358520507812
472.52886962890636,-449.5750713348361, 679.305419921875
472.52886962890636,-449.09994316100796, 682.0
472.52886962890636,-524.2677593231174, 683.7587890625
472.52886962890636,-449.5750713348361, 679.305419921875
472.52886962890636,-524.2677593231174, 683.7587890625
472.52886962890636,-448.20696830749233, 676.9358520507812
472.52886962890636,-449.5750713348361, 679.305419921875
472.52886962890636,-448.20696830749233, 676.9358520507812
470.52886962890636,-448.20696830749233, 676.9358520507812
470.52886962890636,-448.20696830749233, 676.9358520507812
472.52886962890636,-448.20696830749233, 676.9358520507812
470.52886962890636,-445.63583183288296, 676.0
470.52886962890636,-448.20696830749233, 676.9358520507812
470.52886962890636,-445.63583183288296, 676.0
470.52886962890636,-435.63583183288296, 665.0
472.52886962890636,-448.20696830749233, 676.9358520507812
472.52886962890636,-524.2677593231174, 683.7587890625
472.52886962890636,-445.63583183288296, 676.0
472.52886962890636,-448.20696830749233, 676.9358520507812
472.52886962890636,-445.63583183288296, 676.0
470.52886962890636,-445.63583183288296, 676.0
472.52886962890636,-524.2677593231174, 683.7587890625
472.52886962890636,-449.09994316100796, 682.0
472.52886962890636,-535.635831832883, 695.0
470.52886962890636,-445.63583183288296, 676.0
472.52886962890636,-445.63583183288296, 676.0
470.52886962890636,-443.0646953582736, 676.9358520507812
470.52886962890636,-445.63583183288296, 676.0
470.52886962890636,-443.0646953582736, 676.9358520507812
470.52886962890636,-435.63583183288296, 665.0
472.52886962890636,-449.09994316100796, 682.0
470.52886962890636,-449.09994316100796, 682.0
472.52886962890636,-447.0039043426486, 683.7587890625
472.52886962890636,-449.09994316100796, 682.0
472.52886962890636,-447.0039043426486, 683.7587890625
472.52886962890636,-535.635831832883, 695.0
472.52886962890636,-535.635831832883, 695.0
472.52886962890636,-447.0039043426486, 683.7587890625
472.52886962890636,-435.63583183288296, 695.0
472.52886962890636,-535.635831832883, 695.0
472.52886962890636,-435.63583183288296, 695.0
470.52886962890636,-535.635831832883, 695.0
472.52886962890636,-445.63583183288296, 676.0
472.52886962890636,-435.63583183288296, 665.0
472.52886962890636,-443.0646953582736, 676.9358520507812
472.52886962890636,-445.63583183288296, 676.0
472.52886962890636,-443.0646953582736, 676.9358520507812
470.52886962890636,-443.0646953582736, 676.9358520507812
470.52886962890636,-443.0646953582736, 676.9358520507812
472.52886962890636,-443.0646953582736, 676.9358520507812
470.52886962890636,-441.69659233092983, 679.305419921875
470.52886962890636,-443.0646953582736, 676.9358520507812
470.52886962890636,-441.69659233092983, 679.305419921875
470.52886962890636,-435.63583183288296, 665.0
472.52886962890636,-443.0646953582736, 676.9358520507812
472.52886962890636,-435.63583183288296, 665.0
472.52886962890636,-441.69659233092983, 679.305419921875
472.52886962890636,-443.0646953582736, 676.9358520507812
472.52886962890636,-441.69659233092983, 679.305419921875
470.52886962890636,-441.69659233092983, 679.305419921875
470.52886962890636,-441.69659233092983, 679.305419921875
472.52886962890636,-441.69659233092983, 679.305419921875
470.52886962890636,-441.63583183288296, 680.0
470.52886962890636,-441.69659233092983, 679.305419921875
470.52886962890636,-441.63583183288296, 680.0
470.52886962890636,-435.63583183288296, 665.0
472.52886962890636,-441.69659233092983, 679.305419921875
472.52886962890636,-435.63583183288296, 665.0
472.52886962890636,-441.63583183288296, 680.0
472.52886962890636,-441.69659233092983, 679.305419921875
472.52886962890636,-441.63583183288296, 680.0
470.52886962890636,-441.63583183288296, 680.0
470.52886962890636,-435.63583183288296, 665.0
470.52886962890636,-441.63583183288296, 680.0
470.52886962890636,-435.63583183288296, 695.0
470.52886962890636,-435.63583183288296, 665.0
470.52886962890636,-435.63583183288296, 695.0
472.52886962890636,-435.63583183288296, 665.0
470.52886962890636,-441.63583183288296, 680.0
472.52886962890636,-441.63583183288296, 680.0
470.52886962890636,-442.17172050475796, 682.0
470.52886962890636,-441.63583183288296, 680.0
470.52886962890636,-442.17172050475796, 682.0
470.52886962890636,-435.63583183288296, 695.0
470.52886962890636,-449.09994316100796, 682.0
470.52886962890636,-535.635831832883, 695.0
470.52886962890636,-447.0039043426486, 683.7587890625
470.52886962890636,-449.09994316100796, 682.0
470.52886962890636,-447.0039043426486, 683.7587890625
472.52886962890636,-447.0039043426486, 683.7587890625
472.52886962890636,-447.0039043426486, 683.7587890625
470.52886962890636,-447.0039043426486, 683.7587890625
472.52886962890636,-444.26775932311733, 683.7587890625
472.52886962890636,-447.0039043426486, 683.7587890625
472.52886962890636,-444.26775932311733, 683.7587890625
472.52886962890636,-435.63583183288296, 695.0
470.52886962890636,-535.635831832883, 695.0
472.52886962890636,-435.63583183288296, 695.0
470.52886962890636,-435.63583183288296, 695.0
470.52886962890636,-535.635831832883, 695.0
470.52886962890636,-435.63583183288296, 695.0
470.52886962890636,-447.0039043426486, 683.7587890625
470.52886962890636,-447.0039043426486, 683.7587890625
470.52886962890636,-435.63583183288296, 695.0
470.52886962890636,-444.26775932311733, 683.7587890625
470.52886962890636,-447.0039043426486, 683.7587890625
470.52886962890636,-444.26775932311733, 683.7587890625
472.52886962890636,-444.26775932311733, 683.7587890625
472.52886962890636,-444.26775932311733, 683.7587890625
470.52886962890636,-444.26775932311733, 683.7587890625
472.52886962890636,-442.17172050475796, 682.0
472.52886962890636,-444.26775932311733, 683.7587890625
472.52886962890636,-442.17172050475796, 682.0
472.52886962890636,-435.63583183288296, 695.0
470.52886962890636,-444.26775932311733, 683.7587890625
470.52886962890636,-435.63583183288296, 695.0
470.52886962890636,-442.17172050475796, 682.0
470.52886962890636,-444.26775932311733, 683.7587890625
470.52886962890636,-442.17172050475796, 682.0
472.52886962890636,-442.17172050475796, 682.0
470.52886962890636,-442.17172050475796, 682.0
472.52886962890636,-441.63583183288296, 680.0
472.52886962890636,-442.17172050475796, 682.0
472.52886962890636,-442.17172050475796, 682.0
472.52886962890636,-441.63583183288296, 680.0
472.52886962890636,-435.63583183288296, 695.0
470.52886962890636,-435.63583183288296, 695.0
472.52886962890636,-435.63583183288296, 695.0
472.52886962890636,-435.63583183288296, 665.0
472.52886962890636,-441.63583183288296, 680.0
472.52886962890636,-435.63583183288296, 665.0
472.52886962890636,-435.63583183288296, 695.0
