289.2994384765625,1428.0208740234375, 330.0
289.2994384765625,1535.0208740234375, 330.0
289.2994384765625,1428.0208740234375, 387.0
289.2994384765625,1428.0208740234375, 330.0
289.2994384765625,1428.0208740234375, 387.0
288.2994384765625,1428.0208740234375, 330.0
289.2994384765625,1428.0208740234375, 330.0
288.2994384765625,1428.0208740234375, 330.0
288.2994384765625,1535.0208740234375, 330.0
289.2994384765625,1428.0208740234375, 330.0
288.2994384765625,1535.0208740234375, 330.0
289.2994384765625,1535.0208740234375, 330.0
288.2994384765625,1535.0208740234375, 330.0
288.2994384765625,1428.0208740234375, 330.0
288.2994384765625,1535.0208740234375, 387.0
288.2994384765625,1535.0208740234375, 330.0
288.2994384765625,1535.0208740234375, 387.0
289.2994384765625,1535.0208740234375, 330.0
288.2994384765625,1428.0208740234375, 330.0
289.2994384765625,1428.0208740234375, 387.0
288.2994384765625,1428.0208740234375, 387.0
288.2994384765625,1428.0208740234375, 330.0
288.2994384765625,1428.0208740234375, 387.0
288.2994384765625,1535.0208740234375, 387.0
288.2994384765625,1428.0208740234375, 387.0
289.2994384765625,1428.0208740234375, 387.0
289.2994384765625,1535.0208740234375, 387.0
288.2994384765625,1428.0208740234375, 387.0
289.2994384765625,1535.0208740234375, 387.0
288.2994384765625,1535.0208740234375, 387.0
288.2994384765625,1535.0208740234375, 387.0
289.2994384765625,1535.0208740234375, 387.0
289.2994384765625,1535.0208740234375, 330.0
289.2994384765625,1535.0208740234375, 387.0
289.2994384765625,1428.0208740234375, 387.0
289.2994384765625,1535.0208740234375, 330.0
