-0.8038509606771527,0.3449998215373711, 0.3332492823218728
-0.8290191102977928,0.3749999144077236, 0.283249340608819
-0.8152114083699757,0.3059613554660956, 0.283249340608819
-0.49518735111377055,0.3449998215373711, 0.3332492823218728
-0.49518735111377055,0.3565681312434634, 0.3332492823218728
-0.8038509606771527,0.3449998215373711, 0.3332492823218728
-0.49518735111377055,0.3565681312434634, 0.3332492823218728
-0.8038509606771527,0.4049998360935234, 0.3332492823218728
-0.49518735111377055,0.3934306704646673, 0.3332492823218728
-0.49518735111377055,0.4049998360935234, 0.3332492823218728
-0.6494142004314085,0.3449998215373711, 0.4176598719998593
-0.6391976819671186,0.3449998215373711, 0.417427082675914
-0.659830390266336,0.3449998215373711, 0.41743045643423204
-0.6391976819671186,0.3449998215373711, 0.417427082675914
-0.6722938089578179,0.3449998215373711, 0.4165014077373995
-0.626722658443839,0.3449998215373711, 0.4164938167811839
-0.6906547007733366,0.3449998215373711, 0.4136944408167834
-0.6083438474027503,0.3449998215373711, 0.41367799374498293
-0.7229292739364723,0.3449998215373711, 0.4038080637855329
-0.575787515749937,0.3449998215373711, 0.4036625704580671
-0.7804109070386289,0.3449998215373711, 0.3634224898393369
-0.5353538925365342,0.3449998215373711, 0.3791252262109025
-0.8038509606771527,0.3449998215373711, 0.3332492823218728
-0.49518735111377055,0.3449998215373711, 0.3332492823218728
-0.8038509606771527,0.4049998360935234, 0.3332492823218728
-0.49518735111377055,0.4049998360935234, 0.3332492823218728
-0.7636845899136802,0.4049998360935234, 0.3791252262109025
-0.5186274047522943,0.4049998360935234, 0.3634224898393369
-0.7232507960409862,0.4049998360935234, 0.4036625704580671
-0.5761090378544509,0.4049998360935234, 0.4038080637855329
-0.690694464388173,0.4049998360935234, 0.41367799374498293
-0.6083836110175866,0.4049998360935234, 0.4136944408167834
-0.6723156533470842,0.4049998360935234, 0.4164938167811839
-0.6267445028331053,0.4049998360935234, 0.4165014077373995
-0.6598406298238046,0.4049998360935234, 0.417427082675914
-0.6392079215245872,0.4049998360935234, 0.41743045643423204
-0.6496241113595147,0.4049998360935234, 0.4176598719998593
-0.5736223613232028,0.3942732408333285, -0.46675020680677903
-0.5713942336180367,0.3749999144077236, -0.46675020680677903
-0.5830477033137527,0.4163599853834654, -0.46675020680677903
-0.5736225319824939,0.355726416797566, -0.46675020680677903
-0.5949235420658283,0.4308820845473491, -0.46675020680677903
-0.5808197462678777,0.337365846407252, -0.46675020680677903
-0.6083699582742952,0.4416054273010417, -0.46675020680677903
-0.5915081376721787,0.3226516781751769, -0.46675020680677903
-0.6268066228150815,0.44997361297792793, -0.46675020680677903
-0.6083701289335863,0.30839405914530005, -0.46675020680677903
-0.6418232751613573,0.45278942768619856, -0.46675020680677903
-0.6214557714005764,0.30182930273169006, -0.46675020680677903
-0.6584929334016465,0.45266600362366205, -0.46675020680677903
-0.640539746632669,0.2973341675608907, -0.46675020680677903
-0.6775861242354608,0.4481689854227824, -0.46675020680677903
-0.6572145246516925,0.2972102299446959, -0.46675020680677903
-0.6906702307688306,0.44160440019372516, -0.46675020680677903
-0.6722410752368546,0.30002878360581064, -0.46675020680677903
-0.7075124255524656,0.42736749449473166, -0.46675020680677903
-0.6906704014281217,0.3083954286217221, -0.46675020680677903
-0.7182305116734256,0.4126127555236536, -0.46675020680677903
-0.7041294464241332,0.31913075429410753, -0.46675020680677903
-0.7254147558526824,0.3942778628162529, -0.46675020680677903
-0.7159909497957528,0.3336400146165346, -0.46675020680677903
-0.7276440781728866,0.3749999144077236, -0.46675020680677903
-0.7254147558526824,0.35572196599919437, -0.46675020680677903
-0.6495191558954616,0.1954999008178646, 0.283249340608819
-0.7078993101654873,0.20469507906911133, 0.283249340608819
-0.5911297860237141,0.20469833157561368, 0.283249340608819
-0.757335210986696,0.23125128110713433, 0.283249340608819
-0.5416938852025055,0.2312582996737973, 0.283249340608819
-0.7932714499006011,0.267188739005249, 0.283249340608819
-0.5057832451822719,0.26716751212070733, 0.283249340608819
-0.6602945835382457,0.2818010524284347, 0.283249340608819
-0.5057832451822719,0.26716751212070733, 0.283249340608819
-0.640284781651701,0.2816522930520904, 0.283249340608819
-0.5057832451822719,0.26716751212070733, 0.283249340608819
-0.6222529209495065,0.2850347286299808, 0.283249340608819
-0.5057832451822719,0.26716751212070733, 0.283249340608819
-0.6001376953881277,0.2950745314645218, 0.283249340608819
-0.48329734764053,0.30576894402879873, 0.283249340608819
-0.583987012052205,0.30795702498211597, 0.283249340608819
-0.48329734764053,0.30576894402879873, 0.283249340608819
-0.5697531738744033,0.3253680346582968, 0.283249340608819
-0.47112080721745997,0.35393171794648026, 0.283249340608819
-0.5584444359467966,0.3518663763174885, 0.283249340608819
-0.47112080721745997,0.35393171794648026, 0.283249340608819
-0.5557691808988352,0.3749999144077236, 0.283249340608819
-0.47112080721745997,0.39606828205351974, 0.283249340608819
-0.5584444359467966,0.39813345249795873, 0.283249340608819
-0.47112080721745997,0.39606828205351974, 0.283249340608819
-0.5670656313574796,0.42013528950992907, 0.283249340608819
-0.48329734764053,0.44423071360209576, 0.283249340608819
-0.5670656313574796,0.42013528950992907, 0.283249340608819
-0.5057832451822719,0.48283214551018716, 0.283249340608819
-0.5799271981751986,0.4378409078014016, 0.283249340608819
-0.5057832451822719,0.48283214551018716, 0.283249340608819
-0.60013803670671,0.45492529735092546, 0.283249340608819
-0.5057832451822719,0.48283214551018716, 0.283249340608819
-0.615838862151179,0.46280286809961524, 0.283249340608819
-0.5057832451822719,0.48283214551018716, 0.283249340608819
-0.6387507252836144,0.46819928994067084, 0.283249340608819
-0.7932714499006011,0.4828109186256455, 0.283249340608819
-0.6587542127763868,0.4683473645788041, 0.283249340608819
-0.7932714499006011,0.4828109186256455, 0.283249340608819
-0.6767741273282013,0.4649683526919688, 0.283249340608819
-0.7932714499006011,0.4828109186256455, 0.283249340608819
-0.6988982271727195,0.45492649564279475, 0.283249340608819
-0.7932714499006011,0.4828109186256455, 0.283249340608819
-0.7150338924910216,0.44205855281218476, 0.283249340608819
-0.7932714499006011,0.4828109186256455, 0.283249340608819
-0.7292849672572288,0.424632136526256, 0.283249340608819
-0.8157262874513549,0.4442658064354106, 0.283249340608819
-0.7405952411184558,0.3981278034077178, 0.283249340608819
-0.8290191102977928,0.3749999144077236, 0.283249340608819
-0.743269130892088,0.3749999144077236, 0.283249340608819
-0.8290191102977928,0.3749999144077236, 0.283249340608819
-0.7405952411184558,0.35187168303862393, 0.283249340608819
-0.8157307245929246,0.305744293453202, 0.283249340608819
-0.7319585157122788,0.32983903280715765, 0.283249340608819
-0.7932714499006011,0.267188739005249, 0.283249340608819
-0.7191324460271176,0.3121820309286676, 0.283249340608819
-0.7932714499006011,0.267188739005249, 0.283249340608819
-0.6988980565134284,0.295072990803547, 0.283249340608819
-0.7932714499006011,0.267188739005249, 0.283249340608819
-0.6831953538167568,0.28719524887030445, 0.283249340608819
-0.6602945835382457,0.2818010524284347, 0.283249340608819
-0.6495191558954616,0.5544997568130299, 0.283249340608819
-0.5911616993111579,0.5453121106821044, 0.283249340608819
-0.7078993101654873,0.5453045785617832, 0.283249340608819
-0.5417333074987596,0.5187714864383821, 0.283249340608819
-0.7573486930706963,0.5187381054505948, 0.283249340608819
-0.5057832451822719,0.48283214551018716, 0.283249340608819
-0.7932714499006011,0.4828109186256455, 0.283249340608819
-0.5586538348970294,0.35192286721989774, -0.45112506687652854
-0.5713942336180367,0.3749999144077236, -0.46675020680677903
-0.5557691808988352,0.3749999144077236, -0.45112506687652854
-0.5713942336180367,0.3749999144077236, -0.46675020680677903
-0.5586538348970294,0.39807679041099675, -0.45112506687652854
-0.5737981403930803,0.39423061587969244, -0.46675020680677903
-0.5699200786611414,0.4245280563181808, -0.45112506687652854
-0.5831866199767433,0.41627336599977127, -0.46675020680677903
-0.5840044192999017,0.44205855281218476, -0.45112506687652854
-0.5949235420658283,0.4308820845473491, -0.46675020680677903
-0.6002510131574468,0.4547601042575167, -0.45112506687652854
-0.6084621142915125,0.4414665966287572, -0.46675020680677903
-0.6002510131574468,0.4547601042575167, -0.45112506687652854
-0.626868060159893,0.44976904743738544, -0.46675020680677903
-0.6223377386172046,0.4647228740433178, -0.45112506687652854
-0.641821739227737,0.45274474851792945, -0.46675020680677903
-0.640282392421625,0.46829361262923896, -0.45112506687652854
-0.641821739227737,0.45274474851792945, -0.46675020680677903
-0.6602857092551062,0.4681294466431467, -0.45112506687652854
-0.6584912268087351,0.45260797206027803, -0.46675020680677903
-0.6830898863748303,0.462533081244473, -0.45112506687652854
-0.6774948215146992,0.4479442201050148, -0.46675020680677903
-0.6830898863748303,0.462533081244473, -0.45112506687652854
-0.6905760268401195,0.44146676781330996, -0.46675020680677903
-0.6987874692927676,0.4547601042575167, -0.45112506687652854
-0.6905760268401195,0.44146676781330996, -0.46675020680677903
-0.7191066764741549,0.43782207750059854, -0.45112506687652854
-0.7075088417073516,0.4273517455158782, -0.46675020680677903
-0.73175270060716,0.4200188840140555, -0.45112506687652854
-0.7180470529354466,0.4125156938822414, -0.46675020680677903
-0.7403844768938939,0.39807679041099675, -0.45112506687652854
-0.7252403420571341,0.39423061587969244, -0.46675020680677903
-0.743269130892088,0.3749999144077236, -0.45112506687652854
-0.7276440781728866,0.3749999144077236, -0.46675020680677903
-0.7403844768938939,0.35192286721989774, -0.45112506687652854
-0.7252403420571341,0.35576904175120205, -0.46675020680677903
-0.7291182331297819,0.32547177249726644, -0.45112506687652854
-0.71585169181418,0.333726462815676, -0.46675020680677903
-0.7150338924910216,0.30794110481870973, -0.45112506687652854
-0.7041147697250949,0.3191175730835454, -0.46675020680677903
-0.6987874692927676,0.2952395533733778, -0.45112506687652854
-0.6905761974994107,0.3085330610021373, -0.46675020680677903
-0.6767005731737186,0.2852767835875767, -0.45112506687652854
-0.6721704222903213,0.30023061019350905, -0.46675020680677903
-0.6587560900285894,0.2817060450016555, -0.45112506687652854
-0.6572165725631862,0.2972550802975178, -0.46675020680677903
-0.638752602535817,0.2818702109877478, -0.45112506687652854
-0.6405470849821882,0.2973918567551692, -0.46675020680677903
-0.615948425416093,0.2874665763864215, -0.45112506687652854
-0.6215436609355152,0.3020554375258797, -0.46675020680677903
-0.6002506718388645,0.29523972455793057, -0.45112506687652854
-0.6084622849508037,0.30853288981758453, -0.46675020680677903
-0.5799316353167683,0.31217758013029595, -0.45112506687652854
-0.5915296407428627,0.3226479121150163, -0.46675020680677903
-0.5672857818430543,0.329980773616839, -0.45112506687652854
-0.5809912588554766,0.3374839637486531, -0.46675020680677903
-0.5586538348970294,0.35192286721989774, -0.45112506687652854
-0.5737981403930803,0.35576904175120205, -0.46675020680677903
-0.5713942336180367,0.3749999144077236, -0.46675020680677903
-0.5586538348970294,0.39807679041099675, -0.45112506687652854
-0.5557691808988352,0.3749999144077236, 0.283249340608819
-0.5557691808988352,0.3749999144077236, -0.45112506687652854
-0.5586538348970294,0.35192286721989774, 0.283249340608819
-0.5586538348970294,0.35192286721989774, -0.45112506687652854
-0.5586538348970294,0.35192286721989774, 0.283249340608819
-0.5699200786611414,0.32547177249726644, -0.45112506687652854
-0.5699200786611414,0.32547177249726644, 0.283249340608819
-0.5840044192999017,0.30794110481870973, -0.45112506687652854
-0.5840044192999017,0.30794110481870973, 0.283249340608819
-0.6002506718388645,0.29523972455793057, -0.45112506687652854
-0.6002506718388645,0.29523972455793057, 0.283249340608819
-0.6223377386172046,0.2852767835875767, -0.45112506687652854
-0.6223377386172046,0.2852767835875767, 0.283249340608819
-0.640282392421625,0.2817060450016555, -0.45112506687652854
-0.640282392421625,0.2817060450016555, 0.283249340608819
-0.6602857092551062,0.2818702109877478, -0.45112506687652854
-0.6602857092551062,0.2818702109877478, 0.283249340608819
-0.6830898863748303,0.2874665763864215, -0.45112506687652854
-0.6830898863748303,0.2874665763864215, 0.283249340608819
-0.6987874692927676,0.2952395533733778, -0.45112506687652854
-0.6987874692927676,0.2952395533733778, 0.283249340608819
-0.6987874692927676,0.2952395533733778, -0.45112506687652854
-0.7191066764741549,0.31217758013029595, 0.283249340608819
-0.7191066764741549,0.31217758013029595, -0.45112506687652854
-0.73175270060716,0.329980773616839, 0.283249340608819
-0.73175270060716,0.329980773616839, -0.45112506687652854
-0.7403844768938939,0.35192286721989774, 0.283249340608819
-0.7403844768938939,0.35192286721989774, -0.45112506687652854
-0.7403844768938939,0.35192286721989774, 0.283249340608819
-0.743269130892088,0.3749999144077236, -0.45112506687652854
-0.743269130892088,0.3749999144077236, 0.283249340608819
-0.743269130892088,0.3749999144077236, -0.45112506687652854
-0.7403844768938939,0.39807679041099675, 0.283249340608819
-0.7403844768938939,0.39807679041099675, -0.45112506687652854
-0.7291182331297819,0.4245280563181808, 0.283249340608819
-0.7291182331297819,0.4245280563181808, -0.45112506687652854
-0.7291182331297819,0.4245280563181808, 0.283249340608819
-0.7150338924910216,0.44205855281218476, -0.45112506687652854
-0.7150338924910216,0.44205855281218476, 0.283249340608819
-0.6987874692927676,0.4547601042575167, -0.45112506687652854
-0.6987876399520587,0.4547599330729639, 0.283249340608819
-0.6987874692927676,0.4547601042575167, -0.45112506687652854
-0.6767005731737186,0.4647228740433178, 0.283249340608819
-0.6767005731737186,0.4647228740433178, -0.45112506687652854
-0.6587560900285894,0.46829361262923896, 0.283249340608819
-0.6587560900285894,0.46829361262923896, -0.45112506687652854
-0.638752602535817,0.4681294466431467, 0.283249340608819
-0.638752602535817,0.4681294466431467, -0.45112506687652854
-0.638752602535817,0.4681294466431467, 0.283249340608819
-0.615948425416093,0.462533081244473, -0.45112506687652854
-0.615948425416093,0.462533081244473, 0.283249340608819
-0.6002510131574468,0.4547601042575167, -0.45112506687652854
-0.6002510131574468,0.4547601042575167, 0.283249340608819
-0.5799316353167683,0.43782207750059854, -0.45112506687652854
-0.5799316353167683,0.43782207750059854, 0.283249340608819
-0.5799316353167683,0.43782207750059854, -0.45112506687652854
-0.5672857818430543,0.4200188840140555, 0.283249340608819
-0.5672857818430543,0.4200188840140555, -0.45112506687652854
-0.5586538348970294,0.39807679041099675, 0.283249340608819
-0.5586538348970294,0.39807679041099675, -0.45112506687652854
-0.5557691808988352,0.3749999144077236, 0.283249340608819
-0.8038509606771527,0.4049998360935234, 0.3332492823218728
-0.7628964853071807,0.4050056563683171, 0.37817888700269
-0.7719485954280003,0.4260120552060158, 0.3642039366097548
-0.7226316441327185,0.40547299019733885, 0.4021962507490854
-0.7250715600181934,0.4316642267688877, 0.39410176110450823
-0.6905101523537382,0.40577684277847936, 0.4128016600218699
-0.7061835016523332,0.4505522167662406, 0.39410176110450823
-0.672272476546425,0.4053240596364418, 0.4161551757900098
-0.6801485734919765,0.46433548340043274, 0.39410176110450823
-0.6598506987219821,0.40500651229108087, 0.4173600292293428
-0.6495191558954616,0.4694403779481462, 0.39410176110450823
-0.6496241113595147,0.4049998360935234, 0.4176598719998593
-0.6495191558954616,0.4694403779481462, 0.39410176110450823
-0.6392072388874226,0.4049808346081676, 0.4173655115866096
-0.6188899089582378,0.46433548340043274, 0.39410176110450823
-0.6267832424921949,0.4052441164503051, 0.4161707794222308
-0.59285481013859,0.4505522167662406, 0.39410176110450823
-0.6085803811802748,0.40564143579725, 0.4128370844842094
-0.5739667517727298,0.4316642267688877, 0.39410176110450823
-0.5767150489973005,0.40534990850390784, 0.4023531305108746
-0.5739667517727298,0.4316642267688877, 0.39410176110450823
-0.5191086639533182,0.4050186663943265, 0.36298347953820087
-0.543413789538647,0.4545788198161489, 0.3642039366097548
-0.49518735111377055,0.4049998360935234, 0.3332492823218728
-0.543413789538647,0.4545788198161489, 0.3642039366097548
-0.5201786977087863,0.4720052361020777, 0.3258620167647165
-0.5699400457982051,0.4811052357419925, 0.3642039366097548
-0.5525138549202779,0.5043404574565642, 0.3258620167647165
-0.6065034576070616,0.5004622714138947, 0.3642039366097548
-0.5970839180324106,0.5279363650237912, 0.3258620167647165
-0.6495191558954616,0.5076316516678361, 0.3642039366097548
-0.6495191558954616,0.536675507626498, 0.3258620167647165
-0.6925348541838616,0.5004622714138947, 0.3642039366097548
-0.7019545644178038,0.5279363650237912, 0.3258620167647165
-0.7290982659927181,0.4811052357419925, 0.3642039366097548
-0.7465246275299364,0.5043404574565642, 0.3258620167647165
-0.7556246929115673,0.4545788198161489, 0.3642039366097548
-0.778859784741428,0.4720052361020777, 0.3258620167647165
-0.7719485954280003,0.4260120552060158, 0.3642039366097548
-0.7987583167701473,0.43718287438061054, 0.3258620167647165
-0.8038509606771527,0.4049998360935234, 0.3332492823218728
-0.8111951126122108,0.3749999144077236, 0.32586159504492673
-0.8067397104983343,0.3749999144077236, 0.3332492823218728
-0.8111951126122108,0.3749999144077236, 0.32586159504492673
-0.8038509606771527,0.3449998215373711, 0.3332492823218728
-0.8111951126122108,0.3749999144077236, 0.32586159504492673
-0.8290191102977928,0.3749999144077236, 0.283249340608819
-0.7987583167701473,0.43718287438061054, 0.3258620167647165
-0.8152114083699757,0.4440383021647989, 0.283249340608819
-0.778859784741428,0.4720052361020777, 0.3258620167647165
-0.7931190511536101,0.4826998198509074, 0.283249340608819
-0.778859784741428,0.4720052361020777, 0.3258620167647165
-0.7572191626687186,0.5185997883319686, 0.283249340608819
-0.7465246275299364,0.5043404574565642, 0.3258620167647165
-0.7077353065866987,0.5447970163628639, 0.283249340608819
-0.7019545644178038,0.5279363650237912, 0.3258620167647165
-0.6495191558954616,0.5544997568130299, 0.283249340608819
-0.6495191558954616,0.536675507626498, 0.3258620167647165
-0.5913030052042245,0.5447970163628639, 0.283249340608819
-0.5970839180324106,0.5279363650237912, 0.3258620167647165
-0.5418193197814958,0.5185997883319686, 0.283249340608819
-0.5525138549202779,0.5043404574565642, 0.3258620167647165
-0.5059192606373131,0.4826998198509074, 0.283249340608819
-0.5201786977087863,0.4720052361020777, 0.3258620167647165
-0.4838269034209475,0.4440383021647989, 0.283249340608819
-0.49518735111377055,0.4049998360935234, 0.3332492823218728
-0.4712571639910834,0.3960446585852395, 0.283249340608819
-0.49338279976922195,0.3934313552028783, 0.3332492823218728
-0.4712571639910834,0.3960446585852395, 0.283249340608819
-0.4933826291099308,0.35656881598167445, 0.3332492823218728
-0.4712571639910834,0.3539551702302077, 0.283249340608819
-0.5002801656800671,0.3128169544348367, 0.3258620167647165
-0.4838269034209475,0.3059613554660956, 0.283249340608819
-0.5002801656800671,0.3128169544348367, 0.3258620167647165
-0.5059192606373131,0.2672998377799871, 0.283249340608819
-0.5002801656800671,0.3128169544348367, 0.3258620167647165
-0.5201786977087863,0.2779944215288168, 0.3258620167647165
-0.527089887022214,0.3239876024248787, 0.3642039366097548
-0.543413789538647,0.2954208378147456, 0.3642039366097548
-0.5361419971430337,0.3449940012625774, 0.37817888700269
-0.5739667517727298,0.31833560204655953, 0.39410176110450823
-0.5764066676582047,0.34452666743355564, 0.4021962507490854
-0.5739667517727298,0.31833560204655953, 0.39410176110450823
-0.6085283300964761,0.3442228148524151, 0.4128016600218699
-0.59285481013859,0.2994474408646539, 0.39410176110450823
-0.6267660059037894,0.3446755979944527, 0.4161551757900098
-0.6188899089582378,0.28566417423046175, 0.39410176110450823
-0.6391876130689411,0.3449933165243664, 0.4173600292293428
-0.6495191558954616,0.2805592796827483, 0.39410176110450823
-0.6494142004314085,0.3449998215373711, 0.4176598719998593
-0.6495191558954616,0.2805592796827483, 0.39410176110450823
-0.6598312435627918,0.3450188230227269, 0.4173655115866096
-0.6801485734919765,0.28566417423046175, 0.39410176110450823
-0.6722552399580195,0.3447555411805894, 0.4161707794222308
-0.7061835016523332,0.2994474408646539, 0.39410176110450823
-0.6904579306106484,0.3443582218336445, 0.4128370844842094
-0.7250715600181934,0.31833560204655953, 0.39410176110450823
-0.7223234334529138,0.34464974912698665, 0.4023531305108746
-0.7250715600181934,0.31833560204655953, 0.39410176110450823
-0.7799298184968961,0.344980991236568, 0.36298347953820087
-0.7556246929115673,0.2954208378147456, 0.3642039366097548
-0.8038509606771527,0.3449998215373711, 0.3332492823218728
-0.778859784741428,0.2779944215288168, 0.3258620167647165
-0.8152114083699757,0.3059613554660956, 0.283249340608819
-0.778859784741428,0.2779944215288168, 0.3258620167647165
-0.7931190511536101,0.2672998377799871, 0.283249340608819
-0.7465246275299364,0.24565937135888305, 0.3258620167647165
-0.7572191626687186,0.23139986929892586, 0.283249340608819
-0.7019545644178038,0.2220634637916561, 0.3258620167647165
-0.7077353065866987,0.20520264126803056, 0.283249340608819
-0.6495191558954616,0.21332415000439653, 0.3258620167647165
-0.6495191558954616,0.1954999008178646, 0.283249340608819
-0.5970839180324106,0.2220634637916561, 0.3258620167647165
-0.5913030052042245,0.20520264126803056, 0.283249340608819
-0.5525138549202779,0.24565937135888305, 0.3258620167647165
-0.5418193197814958,0.23139986929892586, 0.283249340608819
-0.5525138549202779,0.24565937135888305, 0.3258620167647165
-0.5059192606373131,0.2672998377799871, 0.283249340608819
-0.5525138549202779,0.24565937135888305, 0.3258620167647165
-0.5201786977087863,0.2779944215288168, 0.3258620167647165
-0.5525138549202779,0.24565937135888305, 0.3258620167647165
-0.543413789538647,0.2954208378147456, 0.3642039366097548
-0.5699400457982051,0.268894421888902, 0.3642039366097548
-0.5739667517727298,0.31833560204655953, 0.39410176110450823
-0.5699400457982051,0.268894421888902, 0.3642039366097548
-0.59285481013859,0.2994474408646539, 0.39410176110450823
-0.6065034576070616,0.24953738621699983, 0.3642039366097548
-0.6188899089582378,0.28566417423046175, 0.39410176110450823
-0.6495191558954616,0.2423680059630584, 0.3642039366097548
-0.6495191558954616,0.2805592796827483, 0.39410176110450823
-0.6925348541838616,0.24953738621699983, 0.3642039366097548
-0.6801485734919765,0.28566417423046175, 0.39410176110450823
-0.7290982659927181,0.268894421888902, 0.3642039366097548
-0.7061835016523332,0.2994474408646539, 0.39410176110450823
-0.7556246929115673,0.2954208378147456, 0.3642039366097548
-0.7250715600181934,0.31833560204655953, 0.39410176110450823
-0.7719485954280003,0.4260120552060158, 0.3642039366097548
-0.7250715600181934,0.4316642267688877, 0.39410176110450823
-0.7556246929115673,0.4545788198161489, 0.3642039366097548
-0.7250715600181934,0.4316642267688877, 0.39410176110450823
-0.7290982659927181,0.4811052357419925, 0.3642039366097548
-0.7061835016523332,0.4505522167662406, 0.39410176110450823
-0.6925348541838616,0.5004622714138947, 0.3642039366097548
-0.6801485734919765,0.46433548340043274, 0.39410176110450823
-0.6495191558954616,0.5076316516678361, 0.3642039366097548
-0.6495191558954616,0.4694403779481462, 0.39410176110450823
-0.6065034576070616,0.5004622714138947, 0.3642039366097548
-0.6188899089582378,0.46433548340043274, 0.39410176110450823
-0.5699400457982051,0.4811052357419925, 0.3642039366097548
-0.59285481013859,0.4505522167662406, 0.39410176110450823
-0.543413789538647,0.4545788198161489, 0.3642039366097548
-0.5739667517727298,0.4316642267688877, 0.39410176110450823
-0.5361419971430337,0.3449940012625774, 0.37817888700269
-0.527089887022214,0.3239876024248787, 0.3642039366097548
-0.49518735111377055,0.3449998215373711, 0.3332492823218728
-0.5002801656800671,0.3128169544348367, 0.3258620167647165
-0.4933826291099308,0.35656881598167445, 0.3332492823218728
-0.5525138549202779,0.24565937135888305, 0.3258620167647165
-0.5699400457982051,0.268894421888902, 0.3642039366097548
-0.5970839180324106,0.2220634637916561, 0.3258620167647165
-0.6065034576070616,0.24953738621699983, 0.3642039366097548
-0.6495191558954616,0.21332415000439653, 0.3258620167647165
-0.6495191558954616,0.2423680059630584, 0.3642039366097548
-0.7019545644178038,0.2220634637916561, 0.3258620167647165
-0.6925348541838616,0.24953738621699983, 0.3642039366097548
-0.7465246275299364,0.24565937135888305, 0.3258620167647165
-0.7290982659927181,0.268894421888902, 0.3642039366097548
-0.778859784741428,0.2779944215288168, 0.3258620167647165
-0.7556246929115673,0.2954208378147456, 0.3642039366097548
