-0.0560000315308571,-0.34375004094839445, 0.34820762489211177
0.06899990886449812,-0.34375004094839445, 0.34820762489211177
-0.0560000315308571,-0.34375004094839445, 0.8392919067731981
0.06899990886449812,-0.34375004094839445, 0.8392919067731981
-0.0560000315308571,-0.34375004094839445, 0.34820762489211177
-0.0560000315308571,-0.3016874608698443, 0.36015226699679204
0.06899990886449812,-0.34375004094839445, 0.34820762489211177
-0.0560000315308571,-0.3016874608698443, 0.36015226699679204
0.06899990886449812,-0.3016874608698443, 0.36015226699679204
-0.0560000315308571,-0.3016874608698443, 0.36015226699679204
0.06899990886449812,-0.25724936236328366, 0.3823791972235
-0.0560000315308571,-0.25724936236328366, 0.3823791972235
0.06899990886449812,-0.25724936236328366, 0.3823791972235
-0.0560000315308571,-0.21371922860366643, 0.41722774734948587
0.06899990886449812,-0.21371922860366643, 0.41722774734948587
-0.0560000315308571,-0.21371922860366643, 0.41722774734948587
0.06899990886449812,-0.17604217633162156, 0.4656854010689102
-0.0560000315308571,-0.17604217633162156, 0.4656854010689102
0.06899990886449812,-0.17604217633162156, 0.4656854010689102
-0.0560000315308571,-0.1500663503394022, 0.52613827703955
0.06899990886449812,-0.1500663503394022, 0.52613827703955
-0.0560000315308571,-0.1500663503394022, 0.52613827703955
0.06899990886449812,-0.14075012868643588, 0.5937496487489824
-0.0560000315308571,-0.14075012868643588, 0.5937496487489824
0.06899990886449812,-0.1500663503394022, 0.6613612546257599
-0.0560000315308571,-0.1500663503394022, 0.6613612546257599
0.06899990886449812,-0.17604217633162156, 0.7218141305963997
-0.0560000315308571,-0.17604217633162156, 0.7218141305963997
0.06899990886449812,-0.21371922860366643, 0.770271784315824
-0.0560000315308571,-0.21371922860366643, 0.770271784315824
0.06899990886449812,-0.21371922860366643, 0.770271784315824
-0.0560000315308571,-0.25724936236328366, 0.8051203344418099
0.06899990886449812,-0.25724936236328366, 0.8051203344418099
-0.0560000315308571,-0.25724936236328366, 0.8051203344418099
0.06899990886449812,-0.3016874608698443, 0.8273472646685178
-0.0560000315308571,-0.3016874608698443, 0.8273472646685178
0.06899990886449812,-0.3016874608698443, 0.8273472646685178
-0.0560000315308571,-0.34375004094839445, 0.8392919067731981
0.06899990886449812,-0.34375004094839445, 0.8392919067731981
-0.0560000315308571,-0.14075012868643588, 0.5937496487489824
-0.0560000315308571,-0.14966105733349044, 0.5260169783548037
-0.0560000315308571,-0.14966105733349044, 0.6614825533105062
-0.0560000315308571,-0.14966105733349044, 0.5260169783548037
-0.0560000315308571,-0.1758702631769764, 0.7219447959749488
-0.0560000315308571,-0.17585467870743932, 0.4655804940983188
-0.0560000315308571,-0.2136561163419386, 0.7703450786948309
-0.0560000315308571,-0.2136520508281463, 0.4171584338153451
-0.0560000315308571,-0.25699836528558384, 0.8055020272142741
-0.0560000315308571,-0.257007077100853, 0.38199188443475407
-0.0560000315308571,-0.30161050650163324, 0.8275961845563273
-0.0560000315308571,-0.301595115627991, 0.3599092012926093
-0.0560000315308571,-0.34375004094839445, 0.8392919067731981
-0.0560000315308571,-0.34375004094839445, 0.34820762489211177
0.06899990886449812,-0.34375004094839445, 0.34820762489211177
0.06899990886449812,-0.301595115627991, 0.3599092012926093
0.06899990886449812,-0.34375004094839445, 0.8392919067731981
0.06899990886449812,-0.257007077100853, 0.38199188443475407
0.06899990886449812,-0.30161050650163324, 0.8275961845563273
0.06899990886449812,-0.2136520508281463, 0.4171584338153451
0.06899990886449812,-0.25699836528558384, 0.8055020272142741
0.06899990886449812,-0.17585467870743932, 0.4655804940983188
0.06899990886449812,-0.2136561163419386, 0.7703450786948309
0.06899990886449812,-0.14966105733349044, 0.5260169783548037
0.06899990886449812,-0.1758702631769764, 0.7219447959749488
0.06899990886449812,-0.14075012868643588, 0.5937496487489824
0.06899990886449812,-0.14966105733349044, 0.6614825533105062
