284.2994384765625,1534.0208740234375, 331.0
284.2994384765625,1534.0208740234375, 386.0
284.49943828582764,1534.0208740234375, 331.0
284.2994384765625,1534.0208740234375, 386.0
284.2994384765625,1534.0208740234375, 331.0
284.2994384765625,1482.5056817531586, 332.6311378479004
284.2994384765625,1534.0208740234375, 386.0
284.2994384765625,1482.5056817531586, 332.6311378479004
284.2994384765625,1482.1636616587639, 333.2235336303711
284.2994384765625,1534.0208740234375, 386.0
284.2994384765625,1482.1636616587639, 333.2235336303711
284.2994384765625,1481.5208740234375, 333.4574890136719
284.2994384765625,1534.0208740234375, 386.0
284.2994384765625,1481.5208740234375, 333.4574890136719
284.2994384765625,1429.0208740234375, 386.0
284.2994384765625,1534.0208740234375, 386.0
284.2994384765625,1429.0208740234375, 386.0
284.49943828582764,1534.0208740234375, 386.0
284.2994384765625,1534.0208740234375, 386.0
284.49943828582764,1534.0208740234375, 386.0
284.49943828582764,1534.0208740234375, 331.0
284.2994384765625,1482.1636616587639, 333.2235336303711
284.2994384765625,1482.5056817531586, 332.6311378479004
284.49943828582764,1482.5056817531586, 332.6311378479004
284.2994384765625,1482.1636616587639, 333.2235336303711
284.49943828582764,1482.5056817531586, 332.6311378479004
284.49943828582764,1482.1636616587639, 333.2235336303711
284.2994384765625,1482.1636616587639, 333.2235336303711
284.49943828582764,1482.1636616587639, 333.2235336303711
284.2994384765625,1481.5208740234375, 333.4574890136719
284.49943828582764,1482.5056817531586, 332.6311378479004
284.2994384765625,1482.5056817531586, 332.6311378479004
284.49943828582764,1482.5208740234375, 332.4574890136719
284.49943828582764,1482.5056817531586, 332.6311378479004
284.49943828582764,1482.5208740234375, 332.4574890136719
284.49943828582764,1534.0208740234375, 331.0
284.49943828582764,1482.5056817531586, 332.6311378479004
284.49943828582764,1534.0208740234375, 331.0
284.49943828582764,1482.1636616587639, 333.2235336303711
284.2994384765625,1482.5056817531586, 332.6311378479004
284.2994384765625,1534.0208740234375, 331.0
284.2994384765625,1482.5208740234375, 332.4574890136719
284.2994384765625,1482.5056817531586, 332.6311378479004
284.2994384765625,1482.5208740234375, 332.4574890136719
284.49943828582764,1482.5208740234375, 332.4574890136719
284.49943828582764,1482.5208740234375, 332.4574890136719
284.2994384765625,1482.5208740234375, 332.4574890136719
284.49943828582764,1482.3868994116783, 331.9574890136719
284.49943828582764,1482.5208740234375, 332.4574890136719
284.49943828582764,1482.3868994116783, 331.9574890136719
284.49943828582764,1534.0208740234375, 331.0
284.2994384765625,1482.5208740234375, 332.4574890136719
284.2994384765625,1534.0208740234375, 331.0
284.2994384765625,1482.3868994116783, 331.9574890136719
284.2994384765625,1482.5208740234375, 332.4574890136719
284.2994384765625,1482.3868994116783, 331.9574890136719
284.49943828582764,1482.3868994116783, 331.9574890136719
284.49943828582764,1482.3868994116783, 331.9574890136719
284.2994384765625,1482.3868994116783, 331.9574890136719
284.49943828582764,1481.8628941774368, 331.51779556274414
284.49943828582764,1482.3868994116783, 331.9574890136719
284.49943828582764,1481.8628941774368, 331.51779556274414
284.49943828582764,1534.0208740234375, 331.0
284.2994384765625,1482.3868994116783, 331.9574890136719
284.2994384765625,1534.0208740234375, 331.0
284.2994384765625,1481.8628941774368, 331.51779556274414
284.2994384765625,1482.3868994116783, 331.9574890136719
284.2994384765625,1481.8628941774368, 331.51779556274414
284.49943828582764,1481.8628941774368, 331.51779556274414
284.2994384765625,1481.8628941774368, 331.51779556274414
284.2994384765625,1534.0208740234375, 331.0
284.2994384765625,1481.1788538694382, 331.51779556274414
284.2994384765625,1481.8628941774368, 331.51779556274414
284.2994384765625,1481.1788538694382, 331.51779556274414
284.49943828582764,1481.1788538694382, 331.51779556274414
284.2994384765625,1481.8628941774368, 331.51779556274414
284.49943828582764,1481.1788538694382, 331.51779556274414
284.49943828582764,1481.8628941774368, 331.51779556274414
284.49943828582764,1481.8628941774368, 331.51779556274414
284.49943828582764,1481.1788538694382, 331.51779556274414
284.49943828582764,1429.0208740234375, 331.0
284.49943828582764,1481.8628941774368, 331.51779556274414
284.49943828582764,1429.0208740234375, 331.0
284.49943828582764,1534.0208740234375, 331.0
284.49943828582764,1481.1788538694382, 331.51779556274414
284.2994384765625,1481.1788538694382, 331.51779556274414
284.49943828582764,1480.6548486351967, 331.9574890136719
284.49943828582764,1481.1788538694382, 331.51779556274414
284.49943828582764,1480.6548486351967, 331.9574890136719
284.49943828582764,1429.0208740234375, 331.0
284.49943828582764,1534.0208740234375, 331.0
284.49943828582764,1534.0208740234375, 386.0
284.49943828582764,1482.1636616587639, 333.2235336303711
284.49943828582764,1534.0208740234375, 331.0
284.49943828582764,1429.0208740234375, 331.0
284.2994384765625,1534.0208740234375, 331.0
284.49943828582764,1482.1636616587639, 333.2235336303711
284.49943828582764,1534.0208740234375, 386.0
284.49943828582764,1481.5208740234375, 333.4574890136719
284.49943828582764,1482.1636616587639, 333.2235336303711
284.49943828582764,1481.5208740234375, 333.4574890136719
284.2994384765625,1481.5208740234375, 333.4574890136719
284.2994384765625,1481.5208740234375, 333.4574890136719
284.49943828582764,1481.5208740234375, 333.4574890136719
284.2994384765625,1480.8780863881111, 333.2235336303711
284.2994384765625,1481.5208740234375, 333.4574890136719
284.2994384765625,1480.8780863881111, 333.2235336303711
284.2994384765625,1429.0208740234375, 386.0
284.49943828582764,1481.5208740234375, 333.4574890136719
284.49943828582764,1534.0208740234375, 386.0
284.49943828582764,1480.8780863881111, 333.2235336303711
284.49943828582764,1481.5208740234375, 333.4574890136719
284.49943828582764,1480.8780863881111, 333.2235336303711
284.2994384765625,1480.8780863881111, 333.2235336303711
284.49943828582764,1534.0208740234375, 386.0
284.2994384765625,1429.0208740234375, 386.0
284.49943828582764,1429.0208740234375, 386.0
284.49943828582764,1534.0208740234375, 386.0
284.49943828582764,1429.0208740234375, 386.0
284.49943828582764,1480.8780863881111, 333.2235336303711
284.2994384765625,1429.0208740234375, 386.0
284.2994384765625,1480.8780863881111, 333.2235336303711
284.2994384765625,1429.0208740234375, 331.0
284.2994384765625,1429.0208740234375, 386.0
284.2994384765625,1429.0208740234375, 331.0
284.49943828582764,1429.0208740234375, 386.0
284.2994384765625,1480.8780863881111, 333.2235336303711
284.49943828582764,1480.8780863881111, 333.2235336303711
284.2994384765625,1480.5360662937164, 332.6311378479004
284.2994384765625,1480.8780863881111, 333.2235336303711
284.2994384765625,1480.5360662937164, 332.6311378479004
284.2994384765625,1429.0208740234375, 331.0
284.49943828582764,1480.8780863881111, 333.2235336303711
284.49943828582764,1429.0208740234375, 386.0
284.49943828582764,1480.5360662937164, 332.6311378479004
284.49943828582764,1480.8780863881111, 333.2235336303711
284.49943828582764,1480.5360662937164, 332.6311378479004
284.2994384765625,1480.5360662937164, 332.6311378479004
284.2994384765625,1480.5360662937164, 332.6311378479004
284.49943828582764,1480.5360662937164, 332.6311378479004
284.2994384765625,1480.6548486351967, 331.9574890136719
284.2994384765625,1480.5360662937164, 332.6311378479004
284.2994384765625,1480.6548486351967, 331.9574890136719
284.2994384765625,1429.0208740234375, 331.0
284.49943828582764,1429.0208740234375, 386.0
284.2994384765625,1429.0208740234375, 331.0
284.49943828582764,1429.0208740234375, 331.0
284.49943828582764,1429.0208740234375, 386.0
284.49943828582764,1429.0208740234375, 331.0
284.49943828582764,1480.5360662937164, 332.6311378479004
284.49943828582764,1480.5360662937164, 332.6311378479004
284.49943828582764,1429.0208740234375, 331.0
284.49943828582764,1480.6548486351967, 331.9574890136719
284.49943828582764,1480.5360662937164, 332.6311378479004
284.49943828582764,1480.6548486351967, 331.9574890136719
284.2994384765625,1480.6548486351967, 331.9574890136719
284.49943828582764,1480.6548486351967, 331.9574890136719
284.2994384765625,1481.1788538694382, 331.51779556274414
284.2994384765625,1480.6548486351967, 331.9574890136719
284.2994384765625,1480.6548486351967, 331.9574890136719
284.2994384765625,1481.1788538694382, 331.51779556274414
284.2994384765625,1429.0208740234375, 331.0
284.49943828582764,1429.0208740234375, 331.0
284.2994384765625,1429.0208740234375, 331.0
284.2994384765625,1534.0208740234375, 331.0
284.2994384765625,1429.0208740234375, 331.0
284.2994384765625,1481.1788538694382, 331.51779556274414
284.2994384765625,1534.0208740234375, 331.0
