279.4994506835939,1153.577148437499, 397.9999961853023
279.4994506835939,1153.577148437499, 382.9999961853023
279.49945068359386,1188.577148437499, 397.99999618530234
279.4994506835939,1153.577148437499, 397.9999961853023
279.49945068359386,1188.577148437499, 397.99999618530234
279.29943847656267,1153.577148437499, 397.9999961853023
279.4994506835939,1153.577148437499, 397.9999961853023
279.29943847656267,1153.577148437499, 397.9999961853023
279.29943847656267,1153.577148437499, 382.9999961853023
279.4994506835939,1153.577148437499, 397.9999961853023
279.29943847656267,1153.577148437499, 382.9999961853023
279.4994506835939,1153.577148437499, 382.9999961853023
279.29943847656267,1153.577148437499, 382.9999961853023
279.29943847656267,1153.577148437499, 397.9999961853023
279.2994384765626,1188.577148437499, 382.99999618530234
279.29943847656267,1153.577148437499, 382.9999961853023
279.2994384765626,1188.577148437499, 382.99999618530234
279.4994506835939,1153.577148437499, 382.9999961853023
279.29943847656267,1153.577148437499, 397.9999961853023
279.49945068359386,1188.577148437499, 397.99999618530234
279.2994384765626,1188.577148437499, 397.99999618530234
279.29943847656267,1153.577148437499, 397.9999961853023
279.2994384765626,1188.577148437499, 397.99999618530234
279.2994384765626,1188.577148437499, 382.99999618530234
279.2994384765626,1188.577148437499, 397.99999618530234
279.49945068359386,1188.577148437499, 397.99999618530234
279.49945068359386,1188.577148437499, 382.99999618530234
279.2994384765626,1188.577148437499, 397.99999618530234
279.49945068359386,1188.577148437499, 382.99999618530234
279.2994384765626,1188.577148437499, 382.99999618530234
279.2994384765626,1188.577148437499, 382.99999618530234
279.49945068359386,1188.577148437499, 382.99999618530234
279.4994506835939,1153.577148437499, 382.9999961853023
279.49945068359386,1188.577148437499, 382.99999618530234
279.49945068359386,1188.577148437499, 397.99999618530234
279.4994506835939,1153.577148437499, 382.9999961853023
