247.60327148437494,1578.7830810546875, 454.00000000000006
248.35189819335932,1579.4700775146484, 454.00000000000006
248.37051391601557,1579.4497985839844, 452.00000000000006
247.60327148437494,1578.7830810546875, 454.00000000000006
248.37051391601557,1579.4497985839844, 452.00000000000006
247.40908813476557,1578.6048889160156, 454.00000000000006
247.60327148437494,1578.7830810546875, 454.00000000000006
247.40908813476557,1578.6048889160156, 454.00000000000006
248.7723999023437,1577.3577117919922, 452.00000000000006
247.60327148437494,1578.7830810546875, 454.00000000000006
248.7723999023437,1577.3577117919922, 452.00000000000006
248.35189819335932,1579.4700775146484, 454.00000000000006
247.40908813476557,1578.6048889160156, 454.00000000000006
248.37051391601557,1579.4497985839844, 452.00000000000006
245.16763305664057,1577.4507904052734, 454.00000000000006
247.40908813476557,1578.6048889160156, 454.00000000000006
245.16763305664057,1577.4507904052734, 454.00000000000006
246.86398315429682,1575.8878173828125, 452.00000000000006
247.40908813476557,1578.6048889160156, 454.00000000000006
246.86398315429682,1575.8878173828125, 452.00000000000006
248.7723999023437,1577.3577117919922, 452.00000000000006
248.7723999023437,1577.3577117919922, 452.00000000000006
246.86398315429682,1575.8878173828125, 452.00000000000006
248.37051391601557,1579.4497985839844, 452.00000000000006
248.7723999023437,1577.3577117919922, 452.00000000000006
248.37051391601557,1579.4497985839844, 452.00000000000006
250.15597534179682,1578.423355102539, 452.00000000000006
248.7723999023437,1577.3577117919922, 452.00000000000006
250.15597534179682,1578.423355102539, 452.00000000000006
248.35189819335932,1579.4700775146484, 454.00000000000006
248.35189819335932,1579.4700775146484, 454.00000000000006
250.15597534179682,1578.423355102539, 452.00000000000006
248.66580200195307,1579.7581176757812, 454.00000000000006
248.35189819335932,1579.4700775146484, 454.00000000000006
248.66580200195307,1579.7581176757812, 454.00000000000006
248.37051391601557,1579.4497985839844, 452.00000000000006
248.66580200195307,1579.7581176757812, 454.00000000000006
250.15597534179682,1578.423355102539, 452.00000000000006
249.35806274414057,1580.8706817626953, 454.00000000000006
248.66580200195307,1579.7581176757812, 454.00000000000006
249.35806274414057,1580.8706817626953, 454.00000000000006
248.37051391601557,1579.4497985839844, 452.00000000000006
250.15597534179682,1578.423355102539, 452.00000000000006
248.37051391601557,1579.4497985839844, 452.00000000000006
250.98803710937494,1579.7312622070312, 452.00000000000006
250.15597534179682,1578.423355102539, 452.00000000000006
250.98803710937494,1579.7312622070312, 452.00000000000006
249.35806274414057,1580.8706817626953, 454.00000000000006
250.98803710937494,1579.7312622070312, 452.00000000000006
248.37051391601557,1579.4497985839844, 452.00000000000006
252.38598632812494,1581.9286804199219, 452.00000000000006
250.98803710937494,1579.7312622070312, 452.00000000000006
252.38598632812494,1581.9286804199219, 452.00000000000006
250.50537109374994,1582.7144927978516, 454.00000000000006
250.98803710937494,1579.7312622070312, 452.00000000000006
250.50537109374994,1582.7144927978516, 454.00000000000006
249.35806274414057,1580.8706817626953, 454.00000000000006
249.35806274414057,1580.8706817626953, 454.00000000000006
250.50537109374994,1582.7144927978516, 454.00000000000006
250.53823852539057,1582.6940460205078, 452.00000000000006
249.35806274414057,1580.8706817626953, 454.00000000000006
250.53823852539057,1582.6940460205078, 452.00000000000006
248.37051391601557,1579.4497985839844, 452.00000000000006
250.50537109374994,1582.7144927978516, 454.00000000000006
252.38598632812494,1581.9286804199219, 452.00000000000006
250.62097167968744,1582.9002838134766, 454.00000000000006
250.50537109374994,1582.7144927978516, 454.00000000000006
250.62097167968744,1582.9002838134766, 454.00000000000006
250.53823852539057,1582.6940460205078, 452.00000000000006
250.62097167968744,1582.9002838134766, 454.00000000000006
252.38598632812494,1581.9286804199219, 452.00000000000006
250.69104003906244,1583.2742462158203, 454.00000000000006
250.62097167968744,1582.9002838134766, 454.00000000000006
250.69104003906244,1583.2742462158203, 454.00000000000006
250.53823852539057,1582.6940460205078, 452.00000000000006
252.38598632812494,1581.9286804199219, 452.00000000000006
248.37051391601557,1579.4497985839844, 452.00000000000006
250.53823852539057,1582.6940460205078, 452.00000000000006
252.38598632812494,1581.9286804199219, 452.00000000000006
250.53823852539057,1582.6940460205078, 452.00000000000006
252.54943847656244,1582.6328887939453, 452.00000000000006
252.38598632812494,1581.9286804199219, 452.00000000000006
252.54943847656244,1582.6328887939453, 452.00000000000006
250.69104003906244,1583.2742462158203, 454.00000000000006
252.54943847656244,1582.6328887939453, 452.00000000000006
250.53823852539057,1582.6940460205078, 452.00000000000006
253.27624511718744,1585.7643585205078, 452.00000000000006
252.54943847656244,1582.6328887939453, 452.00000000000006
253.27624511718744,1585.7643585205078, 452.00000000000006
250.69104003906244,1583.2742462158203, 454.00000000000006
250.69104003906244,1583.2742462158203, 454.00000000000006
253.27624511718744,1585.7643585205078, 452.00000000000006
251.20336914062494,1586.0081939697266, 454.00000000000006
250.69104003906244,1583.2742462158203, 454.00000000000006
251.20336914062494,1586.0081939697266, 454.00000000000006
250.53823852539057,1582.6940460205078, 452.00000000000006
250.53823852539057,1582.6940460205078, 452.00000000000006
251.20336914062494,1586.0081939697266, 454.00000000000006
251.29943847656244,1586.5208740234375, 452.00000000000006
250.53823852539057,1582.6940460205078, 452.00000000000006
251.29943847656244,1586.5208740234375, 452.00000000000006
253.27624511718744,1585.7643585205078, 452.00000000000006
253.27624511718744,1585.7643585205078, 452.00000000000006
251.29943847656244,1586.5208740234375, 452.00000000000006
253.26281738281244,1585.885025024414, 452.00000000000006
253.27624511718744,1585.7643585205078, 452.00000000000006
253.26281738281244,1585.885025024414, 452.00000000000006
251.20336914062494,1586.0081939697266, 454.00000000000006
251.20336914062494,1586.0081939697266, 454.00000000000006
253.26281738281244,1585.885025024414, 452.00000000000006
251.29943847656244,1586.5208740234375, 454.00000000000006
251.20336914062494,1586.0081939697266, 454.00000000000006
251.29943847656244,1586.5208740234375, 454.00000000000006
251.29943847656244,1586.5208740234375, 452.00000000000006
251.29943847656244,1586.5208740234375, 454.00000000000006
253.26281738281244,1585.885025024414, 452.00000000000006
251.0454711914062,1588.0782012939453, 454.00000000000006
251.29943847656244,1586.5208740234375, 454.00000000000006
251.0454711914062,1588.0782012939453, 454.00000000000006
251.29943847656244,1586.5208740234375, 452.00000000000006
253.26281738281244,1585.885025024414, 452.00000000000006
251.29943847656244,1586.5208740234375, 452.00000000000006
252.98364257812494,1588.3964233398438, 452.00000000000006
253.26281738281244,1585.885025024414, 452.00000000000006
252.98364257812494,1588.3964233398438, 452.00000000000006
251.0454711914062,1588.0782012939453, 454.00000000000006
248.37051391601557,1579.4497985839844, 452.00000000000006
246.86398315429682,1575.8878173828125, 452.00000000000006
245.1262817382812,1577.2820739746094, 452.00000000000006
248.37051391601557,1579.4497985839844, 452.00000000000006
245.1262817382812,1577.2820739746094, 452.00000000000006
245.16763305664057,1577.4507904052734, 454.00000000000006
246.86398315429682,1575.8878173828125, 452.00000000000006
245.16763305664057,1577.4507904052734, 454.00000000000006
245.98019409179682,1575.6066589355469, 452.00000000000006
246.86398315429682,1575.8878173828125, 452.00000000000006
245.98019409179682,1575.6066589355469, 452.00000000000006
245.1262817382812,1577.2820739746094, 452.00000000000006
245.16763305664057,1577.4507904052734, 454.00000000000006
245.1262817382812,1577.2820739746094, 452.00000000000006
245.06628417968744,1577.3986053466797, 454.00000000000006
245.16763305664057,1577.4507904052734, 454.00000000000006
245.06628417968744,1577.3986053466797, 454.00000000000006
245.98019409179682,1575.6066589355469, 452.00000000000006
245.06628417968744,1577.3986053466797, 454.00000000000006
245.1262817382812,1577.2820739746094, 452.00000000000006
244.19332885742182,1576.9491271972656, 454.00000000000006
245.06628417968744,1577.3986053466797, 454.00000000000006
244.19332885742182,1576.9491271972656, 454.00000000000006
245.98019409179682,1575.6066589355469, 452.00000000000006
245.98019409179682,1575.6066589355469, 452.00000000000006
244.19332885742182,1576.9491271972656, 454.00000000000006
242.8975219726562,1574.6259460449219, 452.00000000000006
245.98019409179682,1575.6066589355469, 452.00000000000006
242.8975219726562,1574.6259460449219, 452.00000000000006
245.1262817382812,1577.2820739746094, 452.00000000000006
244.19332885742182,1576.9491271972656, 454.00000000000006
245.1262817382812,1577.2820739746094, 452.00000000000006
242.5402221679687,1576.7683410644531, 454.00000000000006
244.19332885742182,1576.9491271972656, 454.00000000000006
242.5402221679687,1576.7683410644531, 454.00000000000006
242.8975219726562,1574.6259460449219, 452.00000000000006
245.1262817382812,1577.2820739746094, 452.00000000000006
242.8975219726562,1574.6259460449219, 452.00000000000006
241.29943847656244,1576.5208740234375, 452.00000000000006
245.1262817382812,1577.2820739746094, 452.00000000000006
241.29943847656244,1576.5208740234375, 452.00000000000006
242.5402221679687,1576.7683410644531, 454.00000000000006
242.8975219726562,1574.6259460449219, 452.00000000000006
242.5402221679687,1576.7683410644531, 454.00000000000006
242.81069946289057,1574.628662109375, 452.00000000000006
242.8975219726562,1574.6259460449219, 452.00000000000006
242.81069946289057,1574.628662109375, 452.00000000000006
241.29943847656244,1576.5208740234375, 452.00000000000006
242.5402221679687,1576.7683410644531, 454.00000000000006
241.29943847656244,1576.5208740234375, 452.00000000000006
241.28735351562494,1576.6313171386719, 454.00000000000006
242.5402221679687,1576.7683410644531, 454.00000000000006
241.28735351562494,1576.6313171386719, 454.00000000000006
242.81069946289057,1574.628662109375, 452.00000000000006
242.81069946289057,1574.628662109375, 452.00000000000006
241.28735351562494,1576.6313171386719, 454.00000000000006
239.79187011718744,1574.7230834960938, 452.00000000000006
242.81069946289057,1574.628662109375, 452.00000000000006
239.79187011718744,1574.7230834960938, 452.00000000000006
241.29943847656244,1576.5208740234375, 452.00000000000006
241.28735351562494,1576.6313171386719, 454.00000000000006
241.29943847656244,1576.5208740234375, 452.00000000000006
240.54220581054682,1576.549819946289, 454.00000000000006
241.28735351562494,1576.6313171386719, 454.00000000000006
240.54220581054682,1576.549819946289, 454.00000000000006
239.79187011718744,1574.7230834960938, 452.00000000000006
240.54220581054682,1576.549819946289, 454.00000000000006
241.29943847656244,1576.5208740234375, 452.00000000000006
240.06118774414057,1576.6786804199219, 454.00000000000006
240.54220581054682,1576.549819946289, 454.00000000000006
240.06118774414057,1576.6786804199219, 454.00000000000006
239.79187011718744,1574.7230834960938, 452.00000000000006
239.79187011718744,1574.7230834960938, 452.00000000000006
240.06118774414057,1576.6786804199219, 454.00000000000006
238.95828247070307,1574.7491607666016, 452.00000000000006
239.79187011718744,1574.7230834960938, 452.00000000000006
238.95828247070307,1574.7491607666016, 452.00000000000006
241.29943847656244,1576.5208740234375, 452.00000000000006
240.06118774414057,1576.6786804199219, 454.00000000000006
241.29943847656244,1576.5208740234375, 452.00000000000006
237.49511718749994,1577.3661041259766, 454.00000000000006
240.06118774414057,1576.6786804199219, 454.00000000000006
237.49511718749994,1577.3661041259766, 454.00000000000006
238.95828247070307,1574.7491607666016, 452.00000000000006
241.29943847656244,1576.5208740234375, 452.00000000000006
238.95828247070307,1574.7491607666016, 452.00000000000006
237.4725952148437,1577.2820739746094, 452.00000000000006
241.29943847656244,1576.5208740234375, 452.00000000000006
237.4725952148437,1577.2820739746094, 452.00000000000006
237.49511718749994,1577.3661041259766, 454.00000000000006
238.95828247070307,1574.7491607666016, 452.00000000000006
237.49511718749994,1577.3661041259766, 454.00000000000006
236.6201782226562,1575.6584014892578, 452.00000000000006
238.95828247070307,1574.7491607666016, 452.00000000000006
236.6201782226562,1575.6584014892578, 452.00000000000006
237.4725952148437,1577.2820739746094, 452.00000000000006
237.49511718749994,1577.3661041259766, 454.00000000000006
237.4725952148437,1577.2820739746094, 452.00000000000006
237.36563110351557,1577.4008026123047, 454.00000000000006
237.49511718749994,1577.3661041259766, 454.00000000000006
237.36563110351557,1577.4008026123047, 454.00000000000006
236.6201782226562,1575.6584014892578, 452.00000000000006
237.36563110351557,1577.4008026123047, 454.00000000000006
237.4725952148437,1577.2820739746094, 452.00000000000006
236.97021484374994,1577.5067291259766, 454.00000000000006
237.36563110351557,1577.4008026123047, 454.00000000000006
236.97021484374994,1577.5067291259766, 454.00000000000006
236.6201782226562,1575.6584014892578, 452.00000000000006
236.6201782226562,1575.6584014892578, 452.00000000000006
236.97021484374994,1577.5067291259766, 454.00000000000006
235.07371520996088,1576.2597961425781, 452.00000000000006
236.6201782226562,1575.6584014892578, 452.00000000000006
235.07371520996088,1576.2597961425781, 452.00000000000006
237.4725952148437,1577.2820739746094, 452.00000000000006
236.97021484374994,1577.5067291259766, 454.00000000000006
237.4725952148437,1577.2820739746094, 452.00000000000006
235.04154968261713,1578.87353515625, 454.00000000000006
236.97021484374994,1577.5067291259766, 454.00000000000006
235.04154968261713,1578.87353515625, 454.00000000000006
235.07371520996088,1576.2597961425781, 452.00000000000006
237.4725952148437,1577.2820739746094, 452.00000000000006
235.07371520996088,1576.2597961425781, 452.00000000000006
234.22836303710932,1579.4497985839844, 452.00000000000006
237.4725952148437,1577.2820739746094, 452.00000000000006
234.22836303710932,1579.4497985839844, 452.00000000000006
235.04154968261713,1578.87353515625, 454.00000000000006
235.07371520996088,1576.2597961425781, 452.00000000000006
235.04154968261713,1578.87353515625, 454.00000000000006
233.82096862792963,1577.3572845458984, 452.00000000000006
235.07371520996088,1576.2597961425781, 452.00000000000006
233.82096862792963,1577.3572845458984, 452.00000000000006
234.22836303710932,1579.4497985839844, 452.00000000000006
235.04154968261713,1578.87353515625, 454.00000000000006
234.22836303710932,1579.4497985839844, 452.00000000000006
234.22836303710932,1579.4497985839844, 454.00000000000006
235.04154968261713,1578.87353515625, 454.00000000000006
234.22836303710932,1579.4497985839844, 454.00000000000006
233.82096862792963,1577.3572845458984, 452.00000000000006
233.82096862792963,1577.3572845458984, 452.00000000000006
234.22836303710932,1579.4497985839844, 454.00000000000006
231.94914245605463,1578.9971313476562, 452.00000000000006
233.82096862792963,1577.3572845458984, 452.00000000000006
231.94914245605463,1578.9971313476562, 452.00000000000006
234.22836303710932,1579.4497985839844, 452.00000000000006
234.22836303710932,1579.4497985839844, 454.00000000000006
234.22836303710932,1579.4497985839844, 452.00000000000006
233.23738098144526,1580.898696899414, 454.00000000000006
234.22836303710932,1579.4497985839844, 454.00000000000006
233.23738098144526,1580.898696899414, 454.00000000000006
231.94914245605463,1578.9971313476562, 452.00000000000006
231.94914245605463,1578.9971313476562, 452.00000000000006
233.23738098144526,1580.898696899414, 454.00000000000006
231.55480957031244,1579.7131042480469, 452.00000000000006
231.94914245605463,1578.9971313476562, 452.00000000000006
231.55480957031244,1579.7131042480469, 452.00000000000006
234.22836303710932,1579.4497985839844, 452.00000000000006
231.55480957031244,1579.7131042480469, 452.00000000000006
233.23738098144526,1580.898696899414, 454.00000000000006
229.94482421874994,1582.6364288330078, 452.00000000000006
231.55480957031244,1579.7131042480469, 452.00000000000006
229.94482421874994,1582.6364288330078, 452.00000000000006
232.06063842773432,1582.6940460205078, 452.00000000000006
231.55480957031244,1579.7131042480469, 452.00000000000006
232.06063842773432,1582.6940460205078, 452.00000000000006
234.22836303710932,1579.4497985839844, 452.00000000000006
233.23738098144526,1580.898696899414, 454.00000000000006
234.22836303710932,1579.4497985839844, 452.00000000000006
232.14584350585932,1582.4945678710938, 454.00000000000006
233.23738098144526,1580.898696899414, 454.00000000000006
232.14584350585932,1582.4945678710938, 454.00000000000006
229.94482421874994,1582.6364288330078, 452.00000000000006
234.22836303710932,1579.4497985839844, 452.00000000000006
232.06063842773432,1582.6940460205078, 452.00000000000006
232.14584350585932,1582.4945678710938, 454.00000000000006
232.14584350585932,1582.4945678710938, 454.00000000000006
232.06063842773432,1582.6940460205078, 452.00000000000006
232.09751892089838,1582.7026062011719, 454.00000000000006
232.14584350585932,1582.4945678710938, 454.00000000000006
232.09751892089838,1582.7026062011719, 454.00000000000006
229.94482421874994,1582.6364288330078, 452.00000000000006
229.94482421874994,1582.6364288330078, 452.00000000000006
232.09751892089838,1582.7026062011719, 454.00000000000006
229.94274902343744,1582.648941040039, 452.00000000000006
229.94482421874994,1582.6364288330078, 452.00000000000006
229.94274902343744,1582.648941040039, 452.00000000000006
232.06063842773432,1582.6940460205078, 452.00000000000006
232.09751892089838,1582.7026062011719, 454.00000000000006
232.06063842773432,1582.6940460205078, 452.00000000000006
231.95368957519526,1583.32177734375, 454.00000000000006
232.09751892089838,1582.7026062011719, 454.00000000000006
231.95368957519526,1583.32177734375, 454.00000000000006
229.94274902343744,1582.648941040039, 452.00000000000006
229.94274902343744,1582.648941040039, 452.00000000000006
231.95368957519526,1583.32177734375, 454.00000000000006
229.39562988281244,1585.94189453125, 452.00000000000006
229.94274902343744,1582.648941040039, 452.00000000000006
229.39562988281244,1585.94189453125, 452.00000000000006
232.06063842773432,1582.6940460205078, 452.00000000000006
232.06063842773432,1582.6940460205078, 452.00000000000006
229.39562988281244,1585.94189453125, 452.00000000000006
231.29943847656244,1586.5208740234375, 452.00000000000006
232.06063842773432,1582.6940460205078, 452.00000000000006
231.29943847656244,1586.5208740234375, 452.00000000000006
231.95368957519526,1583.32177734375, 454.00000000000006
231.95368957519526,1583.32177734375, 454.00000000000006
231.29943847656244,1586.5208740234375, 452.00000000000006
231.32455444335932,1586.0300903320312, 454.00000000000006
231.95368957519526,1583.32177734375, 454.00000000000006
231.32455444335932,1586.0300903320312, 454.00000000000006
229.39562988281244,1585.94189453125, 452.00000000000006
231.32455444335932,1586.0300903320312, 454.00000000000006
231.29943847656244,1586.5208740234375, 452.00000000000006
231.3084106445312,1586.0995788574219, 454.00000000000006
231.32455444335932,1586.0300903320312, 454.00000000000006
231.3084106445312,1586.0995788574219, 454.00000000000006
229.39562988281244,1585.94189453125, 452.00000000000006
229.39562988281244,1585.94189453125, 452.00000000000006
231.3084106445312,1586.0995788574219, 454.00000000000006
229.29943847656244,1586.5208740234375, 452.00000000000006
229.39562988281244,1585.94189453125, 452.00000000000006
229.29943847656244,1586.5208740234375, 452.00000000000006
231.29943847656244,1586.5208740234375, 452.00000000000006
231.3084106445312,1586.0995788574219, 454.00000000000006
231.29943847656244,1586.5208740234375, 452.00000000000006
231.32621765136713,1586.5197448730469, 454.00000000000006
231.3084106445312,1586.0995788574219, 454.00000000000006
231.32621765136713,1586.5197448730469, 454.00000000000006
229.29943847656244,1586.5208740234375, 452.00000000000006
231.32621765136713,1586.5197448730469, 454.00000000000006
231.29943847656244,1586.5208740234375, 452.00000000000006
231.37971496582026,1587.7817077636719, 454.00000000000006
231.32621765136713,1586.5197448730469, 454.00000000000006
231.37971496582026,1587.7817077636719, 454.00000000000006
229.77311706542963,1589.2172241210938, 452.00000000000006
231.32621765136713,1586.5197448730469, 454.00000000000006
229.77311706542963,1589.2172241210938, 452.00000000000006
229.29943847656244,1586.5208740234375, 452.00000000000006
231.37971496582026,1587.7817077636719, 454.00000000000006
231.29943847656244,1586.5208740234375, 452.00000000000006
231.68821716308588,1588.750747680664, 454.00000000000006
231.37971496582026,1587.7817077636719, 454.00000000000006
231.68821716308588,1588.750747680664, 454.00000000000006
229.77311706542963,1589.2172241210938, 452.00000000000006
229.29943847656244,1586.5208740234375, 452.00000000000006
229.77311706542963,1589.2172241210938, 452.00000000000006
232.06063842773432,1590.3477020263672, 452.00000000000006
229.29943847656244,1586.5208740234375, 452.00000000000006
232.06063842773432,1590.3477020263672, 452.00000000000006
231.29943847656244,1586.5208740234375, 452.00000000000006
231.29943847656244,1586.5208740234375, 452.00000000000006
232.06063842773432,1590.3477020263672, 452.00000000000006
231.68821716308588,1588.750747680664, 454.00000000000006
229.77311706542963,1589.2172241210938, 452.00000000000006
231.68821716308588,1588.750747680664, 454.00000000000006
230.01828002929682,1590.6127624511719, 452.00000000000006
229.77311706542963,1589.2172241210938, 452.00000000000006
230.01828002929682,1590.6127624511719, 452.00000000000006
232.06063842773432,1590.3477020263672, 452.00000000000006
231.68821716308588,1588.750747680664, 454.00000000000006
232.06063842773432,1590.3477020263672, 452.00000000000006
232.18411254882807,1590.3083953857422, 454.00000000000006
231.68821716308588,1588.750747680664, 454.00000000000006
232.18411254882807,1590.3083953857422, 454.00000000000006
230.01828002929682,1590.6127624511719, 452.00000000000006
230.01828002929682,1590.6127624511719, 452.00000000000006
232.18411254882807,1590.3083953857422, 454.00000000000006
230.97494506835932,1592.2767639160156, 452.00000000000006
230.01828002929682,1590.6127624511719, 452.00000000000006
230.97494506835932,1592.2767639160156, 452.00000000000006
232.06063842773432,1590.3477020263672, 452.00000000000006
232.18411254882807,1590.3083953857422, 454.00000000000006
232.06063842773432,1590.3477020263672, 452.00000000000006
232.47673034667963,1591.227554321289, 454.00000000000006
232.18411254882807,1590.3083953857422, 454.00000000000006
232.47673034667963,1591.227554321289, 454.00000000000006
230.97494506835932,1592.2767639160156, 452.00000000000006
232.47673034667963,1591.227554321289, 454.00000000000006
232.06063842773432,1590.3477020263672, 452.00000000000006
232.5870513916015,1591.376480102539, 454.00000000000006
232.47673034667963,1591.227554321289, 454.00000000000006
232.5870513916015,1591.376480102539, 454.00000000000006
230.97494506835932,1592.2767639160156, 452.00000000000006
232.5870513916015,1591.376480102539, 454.00000000000006
232.06063842773432,1590.3477020263672, 452.00000000000006
234.22836303710932,1593.5919494628906, 454.00000000000006
232.5870513916015,1591.376480102539, 454.00000000000006
234.22836303710932,1593.5919494628906, 454.00000000000006
232.08934020996088,1594.215087890625, 452.00000000000006
232.5870513916015,1591.376480102539, 454.00000000000006
232.08934020996088,1594.215087890625, 452.00000000000006
230.97494506835932,1592.2767639160156, 452.00000000000006
230.97494506835932,1592.2767639160156, 452.00000000000006
232.08934020996088,1594.215087890625, 452.00000000000006
234.22836303710932,1593.5919494628906, 452.00000000000006
230.97494506835932,1592.2767639160156, 452.00000000000006
234.22836303710932,1593.5919494628906, 452.00000000000006
232.06063842773432,1590.3477020263672, 452.00000000000006
232.06063842773432,1590.3477020263672, 452.00000000000006
234.22836303710932,1593.5919494628906, 452.00000000000006
234.22836303710932,1593.5919494628906, 454.00000000000006
232.08934020996088,1594.215087890625, 452.00000000000006
234.22836303710932,1593.5919494628906, 454.00000000000006
232.81416320800776,1595.0061492919922, 452.00000000000006
232.08934020996088,1594.215087890625, 452.00000000000006
232.81416320800776,1595.0061492919922, 452.00000000000006
234.22836303710932,1593.5919494628906, 452.00000000000006
232.81416320800776,1595.0061492919922, 452.00000000000006
234.22836303710932,1593.5919494628906, 454.00000000000006
234.38253784179682,1596.1067504882812, 452.00000000000006
232.81416320800776,1595.0061492919922, 452.00000000000006
234.38253784179682,1596.1067504882812, 452.00000000000006
234.22836303710932,1593.5919494628906, 452.00000000000006
234.22836303710932,1593.5919494628906, 454.00000000000006
234.22836303710932,1593.5919494628906, 452.00000000000006
235.54272460937494,1594.4959106445312, 454.00000000000006
234.22836303710932,1593.5919494628906, 454.00000000000006
235.54272460937494,1594.4959106445312, 454.00000000000006
234.38253784179682,1596.1067504882812, 452.00000000000006
235.54272460937494,1594.4959106445312, 454.00000000000006
234.22836303710932,1593.5919494628906, 452.00000000000006
237.2258911132812,1595.6535186767578, 454.00000000000006
235.54272460937494,1594.4959106445312, 454.00000000000006
237.2258911132812,1595.6535186767578, 454.00000000000006
236.20739746093744,1597.3872985839844, 452.00000000000006
235.54272460937494,1594.4959106445312, 454.00000000000006
236.20739746093744,1597.3872985839844, 452.00000000000006
234.38253784179682,1596.1067504882812, 452.00000000000006
234.38253784179682,1596.1067504882812, 452.00000000000006
236.20739746093744,1597.3872985839844, 452.00000000000006
237.4725952148437,1595.7596740722656, 452.00000000000006
234.38253784179682,1596.1067504882812, 452.00000000000006
237.4725952148437,1595.7596740722656, 452.00000000000006
234.22836303710932,1593.5919494628906, 452.00000000000006
234.22836303710932,1593.5919494628906, 452.00000000000006
237.4725952148437,1595.7596740722656, 452.00000000000006
237.2258911132812,1595.6535186767578, 454.00000000000006
237.2258911132812,1595.6535186767578, 454.00000000000006
237.4725952148437,1595.7596740722656, 452.00000000000006
237.48327636718744,1595.7147521972656, 454.00000000000006
237.2258911132812,1595.6535186767578, 454.00000000000006
237.48327636718744,1595.7147521972656, 454.00000000000006
236.20739746093744,1597.3872985839844, 452.00000000000006
236.20739746093744,1597.3872985839844, 452.00000000000006
237.48327636718744,1595.7147521972656, 454.00000000000006
237.28115844726557,1597.677993774414, 452.00000000000006
236.20739746093744,1597.3872985839844, 452.00000000000006
237.28115844726557,1597.677993774414, 452.00000000000006
237.4725952148437,1595.7596740722656, 452.00000000000006
237.48327636718744,1595.7147521972656, 454.00000000000006
237.4725952148437,1595.7596740722656, 452.00000000000006
237.94564819335932,1595.824722290039, 454.00000000000006
237.48327636718744,1595.7147521972656, 454.00000000000006
237.94564819335932,1595.824722290039, 454.00000000000006
237.28115844726557,1597.677993774414, 452.00000000000006
237.28115844726557,1597.677993774414, 452.00000000000006
237.94564819335932,1595.824722290039, 454.00000000000006
240.2183227539062,1598.4731750488281, 452.00000000000006
237.28115844726557,1597.677993774414, 452.00000000000006
240.2183227539062,1598.4731750488281, 452.00000000000006
237.4725952148437,1595.7596740722656, 452.00000000000006
237.4725952148437,1595.7596740722656, 452.00000000000006
240.2183227539062,1598.4731750488281, 452.00000000000006
241.29943847656244,1596.5208740234375, 452.00000000000006
237.4725952148437,1595.7596740722656, 452.00000000000006
241.29943847656244,1596.5208740234375, 452.00000000000006
237.94564819335932,1595.824722290039, 454.00000000000006
237.94564819335932,1595.824722290039, 454.00000000000006
241.29943847656244,1596.5208740234375, 452.00000000000006
240.60290527343744,1596.4567565917969, 454.00000000000006
237.94564819335932,1595.824722290039, 454.00000000000006
240.60290527343744,1596.4567565917969, 454.00000000000006
240.2183227539062,1598.4731750488281, 452.00000000000006
240.2183227539062,1598.4731750488281, 452.00000000000006
240.60290527343744,1596.4567565917969, 454.00000000000006
240.44937133789057,1598.4537353515625, 452.00000000000006
240.2183227539062,1598.4731750488281, 452.00000000000006
240.44937133789057,1598.4537353515625, 452.00000000000006
241.29943847656244,1596.5208740234375, 452.00000000000006
240.60290527343744,1596.4567565917969, 454.00000000000006
241.29943847656244,1596.5208740234375, 452.00000000000006
240.82458496093744,1596.5094757080078, 454.00000000000006
240.60290527343744,1596.4567565917969, 454.00000000000006
240.82458496093744,1596.5094757080078, 454.00000000000006
240.44937133789057,1598.4537353515625, 452.00000000000006
240.82458496093744,1596.5094757080078, 454.00000000000006
241.29943847656244,1596.5208740234375, 452.00000000000006
241.29782104492182,1596.4868774414062, 454.00000000000006
240.82458496093744,1596.5094757080078, 454.00000000000006
241.29782104492182,1596.4868774414062, 454.00000000000006
240.44937133789057,1598.4537353515625, 452.00000000000006
240.44937133789057,1598.4537353515625, 452.00000000000006
241.29782104492182,1596.4868774414062, 454.00000000000006
241.56869506835932,1598.3595886230469, 452.00000000000006
240.44937133789057,1598.4537353515625, 452.00000000000006
241.56869506835932,1598.3595886230469, 452.00000000000006
241.29943847656244,1596.5208740234375, 452.00000000000006
241.29782104492182,1596.4868774414062, 454.00000000000006
241.29943847656244,1596.5208740234375, 452.00000000000006
241.53286743164057,1596.4756469726562, 454.00000000000006
241.29782104492182,1596.4868774414062, 454.00000000000006
241.53286743164057,1596.4756469726562, 454.00000000000006
241.56869506835932,1598.3595886230469, 452.00000000000006
241.56869506835932,1598.3595886230469, 452.00000000000006
241.53286743164057,1596.4756469726562, 454.00000000000006
244.36611938476557,1598.124267578125, 452.00000000000006
241.56869506835932,1598.3595886230469, 452.00000000000006
244.36611938476557,1598.124267578125, 452.00000000000006
241.29943847656244,1596.5208740234375, 452.00000000000006
241.53286743164057,1596.4756469726562, 454.00000000000006
241.29943847656244,1596.5208740234375, 452.00000000000006
242.71969604492182,1596.4189758300781, 454.00000000000006
241.53286743164057,1596.4756469726562, 454.00000000000006
242.71969604492182,1596.4189758300781, 454.00000000000006
244.36611938476557,1598.124267578125, 452.00000000000006
242.71969604492182,1596.4189758300781, 454.00000000000006
241.29943847656244,1596.5208740234375, 452.00000000000006
244.2255249023437,1595.912124633789, 454.00000000000006
242.71969604492182,1596.4189758300781, 454.00000000000006
244.2255249023437,1595.912124633789, 454.00000000000006
244.84310913085932,1597.9092102050781, 452.00000000000006
242.71969604492182,1596.4189758300781, 454.00000000000006
244.84310913085932,1597.9092102050781, 452.00000000000006
244.36611938476557,1598.124267578125, 452.00000000000006
244.36611938476557,1598.124267578125, 452.00000000000006
244.84310913085932,1597.9092102050781, 452.00000000000006
245.1262817382812,1595.7596740722656, 452.00000000000006
244.36611938476557,1598.124267578125, 452.00000000000006
245.1262817382812,1595.7596740722656, 452.00000000000006
241.29943847656244,1596.5208740234375, 452.00000000000006
241.29943847656244,1596.5208740234375, 452.00000000000006
245.1262817382812,1595.7596740722656, 452.00000000000006
244.2255249023437,1595.912124633789, 454.00000000000006
244.2255249023437,1595.912124633789, 454.00000000000006
245.1262817382812,1595.7596740722656, 452.00000000000006
245.08071899414057,1595.624282836914, 454.00000000000006
244.2255249023437,1595.912124633789, 454.00000000000006
245.08071899414057,1595.624282836914, 454.00000000000006
244.84310913085932,1597.9092102050781, 452.00000000000006
245.08071899414057,1595.624282836914, 454.00000000000006
245.1262817382812,1595.7596740722656, 452.00000000000006
246.15390014648432,1595.2630615234375, 454.00000000000006
245.08071899414057,1595.624282836914, 454.00000000000006
246.15390014648432,1595.2630615234375, 454.00000000000006
247.88308715820307,1596.5385437011719, 452.00000000000006
245.08071899414057,1595.624282836914, 454.00000000000006
247.88308715820307,1596.5385437011719, 452.00000000000006
244.84310913085932,1597.9092102050781, 452.00000000000006
246.15390014648432,1595.2630615234375, 454.00000000000006
245.1262817382812,1595.7596740722656, 452.00000000000006
246.7205200195312,1594.794189453125, 454.00000000000006
246.15390014648432,1595.2630615234375, 454.00000000000006
246.7205200195312,1594.794189453125, 454.00000000000006
247.88308715820307,1596.5385437011719, 452.00000000000006
244.84310913085932,1597.9092102050781, 452.00000000000006
247.88308715820307,1596.5385437011719, 452.00000000000006
248.37051391601557,1593.5919494628906, 452.00000000000006
244.84310913085932,1597.9092102050781, 452.00000000000006
248.37051391601557,1593.5919494628906, 452.00000000000006
245.1262817382812,1595.7596740722656, 452.00000000000006
245.1262817382812,1595.7596740722656, 452.00000000000006
248.37051391601557,1593.5919494628906, 452.00000000000006
248.29037475585932,1593.495101928711, 454.00000000000006
245.1262817382812,1595.7596740722656, 452.00000000000006
248.29037475585932,1593.495101928711, 454.00000000000006
246.7205200195312,1594.794189453125, 454.00000000000006
246.7205200195312,1594.794189453125, 454.00000000000006
248.29037475585932,1593.495101928711, 454.00000000000006
247.9672241210937,1596.5005950927734, 452.00000000000006
246.7205200195312,1594.794189453125, 454.00000000000006
247.9672241210937,1596.5005950927734, 452.00000000000006
247.88308715820307,1596.5385437011719, 452.00000000000006
247.9672241210937,1596.5005950927734, 452.00000000000006
248.29037475585932,1593.495101928711, 454.00000000000006
250.2741088867187,1594.292221069336, 452.00000000000006
247.9672241210937,1596.5005950927734, 452.00000000000006
250.2741088867187,1594.292221069336, 452.00000000000006
247.88308715820307,1596.5385437011719, 452.00000000000006
247.88308715820307,1596.5385437011719, 452.00000000000006
250.2741088867187,1594.292221069336, 452.00000000000006
248.37051391601557,1593.5919494628906, 452.00000000000006
248.29037475585932,1593.495101928711, 454.00000000000006
248.37051391601557,1593.5919494628906, 452.00000000000006
248.83059692382807,1593.0480499267578, 454.00000000000006
248.29037475585932,1593.495101928711, 454.00000000000006
248.83059692382807,1593.0480499267578, 454.00000000000006
250.2741088867187,1594.292221069336, 452.00000000000006
248.83059692382807,1593.0480499267578, 454.00000000000006
248.37051391601557,1593.5919494628906, 452.00000000000006
248.9794311523437,1592.9249114990234, 454.00000000000006
248.83059692382807,1593.0480499267578, 454.00000000000006
248.9794311523437,1592.9249114990234, 454.00000000000006
250.2741088867187,1594.292221069336, 452.00000000000006
250.2741088867187,1594.292221069336, 452.00000000000006
248.9794311523437,1592.9249114990234, 454.00000000000006
250.97802734374994,1593.6183319091797, 452.00000000000006
250.2741088867187,1594.292221069336, 452.00000000000006
250.97802734374994,1593.6183319091797, 452.00000000000006
248.37051391601557,1593.5919494628906, 452.00000000000006
248.9794311523437,1592.9249114990234, 454.00000000000006
248.37051391601557,1593.5919494628906, 452.00000000000006
250.2390747070312,1590.6683807373047, 454.00000000000006
248.9794311523437,1592.9249114990234, 454.00000000000006
250.2390747070312,1590.6683807373047, 454.00000000000006
250.97802734374994,1593.6183319091797, 452.00000000000006
248.37051391601557,1593.5919494628906, 452.00000000000006
250.97802734374994,1593.6183319091797, 452.00000000000006
250.53823852539057,1590.3477020263672, 452.00000000000006
248.37051391601557,1593.5919494628906, 452.00000000000006
250.53823852539057,1590.3477020263672, 452.00000000000006
250.2390747070312,1590.6683807373047, 454.00000000000006
250.97802734374994,1593.6183319091797, 452.00000000000006
250.2390747070312,1590.6683807373047, 454.00000000000006
252.0215454101562,1591.5050201416016, 452.00000000000006
250.97802734374994,1593.6183319091797, 452.00000000000006
252.0215454101562,1591.5050201416016, 452.00000000000006
250.53823852539057,1590.3477020263672, 452.00000000000006
250.2390747070312,1590.6683807373047, 454.00000000000006
250.53823852539057,1590.3477020263672, 452.00000000000006
250.44662475585932,1590.2965698242188, 454.00000000000006
250.2390747070312,1590.6683807373047, 454.00000000000006
250.44662475585932,1590.2965698242188, 454.00000000000006
252.0215454101562,1591.5050201416016, 452.00000000000006
252.0215454101562,1591.5050201416016, 452.00000000000006
250.44662475585932,1590.2965698242188, 454.00000000000006
252.81723022460932,1589.8936462402344, 452.00000000000006
252.0215454101562,1591.5050201416016, 452.00000000000006
252.81723022460932,1589.8936462402344, 452.00000000000006
250.53823852539057,1590.3477020263672, 452.00000000000006
250.44662475585932,1590.2965698242188, 454.00000000000006
250.53823852539057,1590.3477020263672, 452.00000000000006
250.78158569335932,1589.696533203125, 454.00000000000006
250.44662475585932,1590.2965698242188, 454.00000000000006
250.78158569335932,1589.696533203125, 454.00000000000006
252.81723022460932,1589.8936462402344, 452.00000000000006
250.78158569335932,1589.696533203125, 454.00000000000006
250.53823852539057,1590.3477020263672, 452.00000000000006
251.0454711914062,1588.0782012939453, 454.00000000000006
250.78158569335932,1589.696533203125, 454.00000000000006
251.0454711914062,1588.0782012939453, 454.00000000000006
252.98364257812494,1588.3964233398438, 452.00000000000006
250.78158569335932,1589.696533203125, 454.00000000000006
252.98364257812494,1588.3964233398438, 452.00000000000006
252.81723022460932,1589.8936462402344, 452.00000000000006
252.98364257812494,1588.3964233398438, 452.00000000000006
251.29943847656244,1586.5208740234375, 452.00000000000006
252.81723022460932,1589.8936462402344, 452.00000000000006
252.81723022460932,1589.8936462402344, 452.00000000000006
251.29943847656244,1586.5208740234375, 452.00000000000006
250.53823852539057,1590.3477020263672, 452.00000000000006
250.53823852539057,1590.3477020263672, 452.00000000000006
251.29943847656244,1586.5208740234375, 452.00000000000006
251.0454711914062,1588.0782012939453, 454.00000000000006
