370.0,1226.5208740234375,370.0
368.4549150466919,1226.276156425476,368.4549150466919
370.0,1221.5208740234375,370.0
368.4549150466919,1226.276156425476,368.4549150466919
370.0,1226.5208740234375,370.0
368.4549150466919,1226.276156425476,368.4549150466919
368.4549150466919,1226.276156425476,368.4549150466919
368.4549150466919,1226.276156425476,368.4549150466919
366.6543469429016,1225.2365982532501,366.6543469429016
368.4549150466919,1226.276156425476,368.4549150466919
366.6543469429016,1225.2365982532501,366.6543469429016
366.6543469429016,1225.2365982532501,366.6543469429016
368.4549150466919,1226.276156425476,368.4549150466919
366.6543469429016,1225.2365982532501,366.6543469429016
370.0,1221.5208740234375,370.0
366.6543469429016,1225.2365982532501,366.6543469429016
366.6543469429016,1225.2365982532501,366.6543469429016
365.4322729110718,1223.5545573234558,365.4322729110718
366.6543469429016,1225.2365982532501,366.6543469429016
365.4322729110718,1223.5545573234558,365.4322729110718
365.4322729110718,1223.5545573234558,365.4322729110718
366.6543469429016,1225.2365982532501,366.6543469429016
365.4322729110718,1223.5545573234558,365.4322729110718
370.0,1221.5208740234375,370.0
365.4322729110718,1223.5545573234558,365.4322729110718
365.4322729110718,1223.5545573234558,365.4322729110718
365.0,1221.5208740234375,365.0
365.4322729110718,1223.5545573234558,365.4322729110718
365.0,1221.5208740234375,365.0
365.0,1221.5208740234375,365.0
365.4322729110718,1223.5545573234558,365.4322729110718
365.0,1221.5208740234375,365.0
370.0,1221.5208740234375,370.0
365.0,1221.5208740234375,365.0
365.0,1221.5208740234375,365.0
365.4322729110718,1219.4871907234192,365.4322729110718
365.0,1221.5208740234375,365.0
365.4322729110718,1219.4871907234192,365.4322729110718
365.4322729110718,1219.4871907234192,365.4322729110718
365.0,1221.5208740234375,365.0
365.4322729110718,1219.4871907234192,365.4322729110718
370.0,1221.5208740234375,370.0
365.4322729110718,1219.4871907234192,365.4322729110718
365.4322729110718,1219.4871907234192,365.4322729110718
366.6543469429016,1217.8051497936249,366.6543469429016
365.4322729110718,1219.4871907234192,365.4322729110718
366.6543469429016,1217.8051497936249,366.6543469429016
366.6543469429016,1217.8051497936249,366.6543469429016
365.4322729110718,1219.4871907234192,365.4322729110718
366.6543469429016,1217.8051497936249,366.6543469429016
370.0,1221.5208740234375,370.0
366.6543469429016,1217.8051497936249,366.6543469429016
366.6543469429016,1217.8051497936249,366.6543469429016
368.4549150466919,1216.765591621399,368.4549150466919
366.6543469429016,1217.8051497936249,366.6543469429016
368.4549150466919,1216.765591621399,368.4549150466919
368.4549150466919,1216.765591621399,368.4549150466919
366.6543469429016,1217.8051497936249,366.6543469429016
368.4549150466919,1216.765591621399,368.4549150466919
370.0,1221.5208740234375,370.0
368.4549150466919,1216.765591621399,368.4549150466919
368.4549150466919,1216.765591621399,368.4549150466919
370.52264231443405,1216.548264503479,370.52264231443405
368.4549150466919,1216.765591621399,368.4549150466919
370.52264231443405,1216.548264503479,370.52264231443405
370.52264231443405,1216.548264503479,370.52264231443405
368.4549150466919,1216.765591621399,368.4549150466919
370.52264231443405,1216.548264503479,370.52264231443405
370.0,1221.5208740234375,370.0
370.52264231443405,1216.548264503479,370.52264231443405
370.52264231443405,1216.548264503479,370.52264231443405
372.5,1217.1907467842102,372.5
370.52264231443405,1216.548264503479,370.52264231443405
372.5,1217.1907467842102,372.5
372.5,1217.1907467842102,372.5
370.52264231443405,1216.548264503479,370.52264231443405
372.5,1217.1907467842102,372.5
370.0,1221.5208740234375,370.0
372.5,1217.1907467842102,372.5
372.5,1217.1907467842102,372.5
374.0450849533081,1218.5819478034973,374.0450849533081
372.5,1217.1907467842102,372.5
374.0450849533081,1218.5819478034973,374.0450849533081
374.0450849533081,1218.5819478034973,374.0450849533081
372.5,1217.1907467842102,372.5
374.0450849533081,1218.5819478034973,374.0450849533081
370.0,1221.5208740234375,370.0
374.0450849533081,1218.5819478034973,374.0450849533081
374.0450849533081,1218.5819478034973,374.0450849533081
374.8907380104065,1220.481315612793,374.8907380104065
374.0450849533081,1218.5819478034973,374.0450849533081
374.8907380104065,1220.481315612793,374.8907380104065
374.8907380104065,1220.481315612793,374.8907380104065
374.0450849533081,1218.5819478034973,374.0450849533081
374.8907380104065,1220.481315612793,374.8907380104065
370.0,1221.5208740234375,370.0
374.8907380104065,1220.481315612793,374.8907380104065
374.8907380104065,1220.481315612793,374.8907380104065
375.0,1221.5208740234375,375.0
374.8907380104065,1220.481315612793,374.8907380104065
375.0,1221.5208740234375,375.0
374.8907380104065,1222.560432434082,374.8907380104065
374.8907380104065,1220.481315612793,374.8907380104065
374.8907380104065,1222.560432434082,374.8907380104065
370.0,1221.5208740234375,370.0
374.8907380104065,1220.481315612793,374.8907380104065
374.0450849533081,1218.5819478034973,374.0450849533081
378.2623872756958,1215.8876733779907,378.2623872756958
374.8907380104065,1220.481315612793,374.8907380104065
378.2623872756958,1215.8876733779907,378.2623872756958
379.5557279586792,1218.5733222961426,379.5557279586792
374.8907380104065,1220.481315612793,374.8907380104065
379.5557279586792,1218.5733222961426,379.5557279586792
375.0,1221.5208740234375,375.0
374.0450849533081,1218.5819478034973,374.0450849533081
372.5,1217.1907467842102,372.5
376.23489809036255,1213.7025589942932,376.23489809036255
374.0450849533081,1218.5819478034973,374.0450849533081
376.23489809036255,1213.7025589942932,376.23489809036255
378.2623872756958,1215.8876733779907,378.2623872756958
372.5,1217.1907467842102,372.5
370.52264231443405,1216.548264503479,370.52264231443405
373.6534101963043,1212.2121362686157,373.6534101963043
372.5,1217.1907467842102,372.5
373.6534101963043,1212.2121362686157,373.6534101963043
376.23489809036255,1213.7025589942932,376.23489809036255
376.23489809036255,1213.7025589942932,376.23489809036255
373.6534101963043,1212.2121362686157,373.6534101963043
375.0,1212.860619544983,375.0
376.23489809036255,1213.7025589942932,376.23489809036255
375.0,1212.860619544983,375.0
376.23489809036255,1213.7025589942932,376.23489809036255
376.23489809036255,1213.7025589942932,376.23489809036255
376.23489809036255,1213.7025589942932,376.23489809036255
378.2623872756958,1215.8876733779907,378.2623872756958
375.0,1221.5208740234375,375.0
379.5557279586792,1218.5733222961426,379.5557279586792
380.0,1221.5208740234375,380.0
375.0,1221.5208740234375,375.0
380.0,1221.5208740234375,380.0
374.8907380104065,1222.560432434082,374.8907380104065
375.0,1221.5208740234375,375.0
374.8907380104065,1222.560432434082,374.8907380104065
374.8907380104065,1222.560432434082,374.8907380104065
374.8907380104065,1222.560432434082,374.8907380104065
380.0,1221.5208740234375,380.0
379.5557279586792,1224.4684257507324,379.5557279586792
374.8907380104065,1222.560432434082,374.8907380104065
379.5557279586792,1224.4684257507324,379.5557279586792
374.0450849533081,1224.4598002433777,374.0450849533081
374.8907380104065,1222.560432434082,374.8907380104065
374.0450849533081,1224.4598002433777,374.0450849533081
374.8907380104065,1222.560432434082,374.8907380104065
374.8907380104065,1222.560432434082,374.8907380104065
374.0450849533081,1224.4598002433777,374.0450849533081
374.0450849533081,1224.4598002433777,374.0450849533081
374.8907380104065,1222.560432434082,374.8907380104065
374.0450849533081,1224.4598002433777,374.0450849533081
370.0,1221.5208740234375,370.0
374.0450849533081,1224.4598002433777,374.0450849533081
374.0450849533081,1224.4598002433777,374.0450849533081
372.5,1225.8510012626648,372.5
374.0450849533081,1224.4598002433777,374.0450849533081
372.5,1225.8510012626648,372.5
372.5,1225.8510012626648,372.5
374.0450849533081,1224.4598002433777,374.0450849533081
372.5,1225.8510012626648,372.5
370.0,1221.5208740234375,370.0
372.5,1225.8510012626648,372.5
372.5,1225.8510012626648,372.5
370.52264231443405,1226.493483543396,370.52264231443405
372.5,1225.8510012626648,372.5
370.52264231443405,1226.493483543396,370.52264231443405
370.52264231443405,1226.493483543396,370.52264231443405
372.5,1225.8510012626648,372.5
370.52264231443405,1226.493483543396,370.52264231443405
370.0,1221.5208740234375,370.0
370.52264231443405,1226.493483543396,370.52264231443405
370.52264231443405,1226.493483543396,370.52264231443405
370.0,1226.5208740234375,370.0
370.52264231443405,1226.493483543396,370.52264231443405
370.0,1226.5208740234375,370.0
370.0,1221.5208740234375,370.0
372.5,1225.8510012626648,372.5
374.0450849533081,1224.4598002433777,374.0450849533081
376.23489809036255,1229.3391890525818,376.23489809036255
372.5,1225.8510012626648,372.5
376.23489809036255,1229.3391890525818,376.23489809036255
373.6534101963043,1230.8296117782593,373.6534101963043
372.5,1225.8510012626648,372.5
373.6534101963043,1230.8296117782593,373.6534101963043
370.52264231443405,1226.493483543396,370.52264231443405
374.0450849533081,1224.4598002433777,374.0450849533081
379.5557279586792,1224.4684257507324,379.5557279586792
378.2623872756958,1227.1540746688843,378.2623872756958
374.0450849533081,1224.4598002433777,374.0450849533081
378.2623872756958,1227.1540746688843,378.2623872756958
376.23489809036255,1229.3391890525818,376.23489809036255
379.5557279586792,1224.4684257507324,379.5557279586792
380.0,1221.5208740234375,380.0
379.88830852508545,1223.0112966299057,379.88830852508545
379.5557279586792,1224.4684257507324,379.5557279586792
379.88830852508545,1223.0112966299057,379.88830852508545
379.5557279586792,1224.4684257507324,379.5557279586792
379.5557279586792,1224.4684257507324,379.5557279586792
379.5557279586792,1224.4684257507324,379.5557279586792
378.2623872756958,1227.1540746688843,378.2623872756958
378.2623872756958,1227.1540746688843,378.2623872756958
379.5557279586792,1224.4684257507324,379.5557279586792
379.00968837738037,1225.8597116470337,379.00968837738037
378.2623872756958,1227.1540746688843,378.2623872756958
379.00968837738037,1225.8597116470337,379.00968837738037
378.2623872756958,1227.1540746688843,378.2623872756958
378.2623872756958,1227.1540746688843,378.2623872756958
378.2623872756958,1227.1540746688843,378.2623872756958
376.23489809036255,1229.3391890525818,376.23489809036255
379.00968837738037,1225.8597116470337,379.00968837738037
379.5557279586792,1224.4684257507324,379.5557279586792
378.88898181915283,1225.8015818595886,378.88898181915283
379.00968837738037,1225.8597116470337,379.00968837738037
378.88898181915283,1225.8015818595886,378.88898181915283
378.1516923904419,1227.078604221344,378.1516923904419
379.00968837738037,1225.8597116470337,379.00968837738037
378.1516923904419,1227.078604221344,378.1516923904419
378.2623872756958,1227.1540746688843,378.2623872756958
379.5557279586792,1224.4684257507324,379.5557279586792
379.88830852508545,1223.0112966299057,379.88830852508545
379.4277057647705,1224.4289360046387,379.4277057647705
379.5557279586792,1224.4684257507324,379.5557279586792
379.4277057647705,1224.4289360046387,379.4277057647705
378.88898181915283,1225.8015818595886,378.88898181915283
378.88898181915283,1225.8015818595886,378.88898181915283
379.4277057647705,1224.4289360046387,379.4277057647705
378.5592041015625,1225.6427693367004,378.5592041015625
378.88898181915283,1225.8015818595886,378.88898181915283
378.5592041015625,1225.6427693367004,378.5592041015625
377.8492684364319,1226.8724145889282,377.8492684364319
378.88898181915283,1225.8015818595886,378.88898181915283
377.8492684364319,1226.8724145889282,377.8492684364319
378.1516923904419,1227.078604221344,378.1516923904419
379.4277057647705,1224.4289360046387,379.4277057647705
379.88830852508545,1223.0112966299057,379.88830852508545
379.7558298110962,1222.9913288354874,379.7558298110962
379.4277057647705,1224.4289360046387,379.4277057647705
379.7558298110962,1222.9913288354874,379.7558298110962
379.07794189453125,1224.321048259735,379.07794189453125
379.4277057647705,1224.4289360046387,379.4277057647705
379.07794189453125,1224.321048259735,379.07794189453125
378.5592041015625,1225.6427693367004,378.5592041015625
379.88830852508545,1223.0112966299057,379.88830852508545
380.0,1221.5208740234375,380.0
380.0,1221.5208740234375,380.0
379.88830852508545,1223.0112966299057,379.88830852508545
380.0,1221.5208740234375,380.0
379.7558298110962,1222.9913288354874,379.7558298110962
380.0,1221.5208740234375,380.0
380.0,1221.5208740234375,380.0
379.88830852508545,1220.0304514169693,379.88830852508545
380.0,1221.5208740234375,380.0
379.88830852508545,1220.0304514169693,379.88830852508545
379.8660249710083,1221.5208740234375,379.8660249710083
380.0,1221.5208740234375,380.0
379.8660249710083,1221.5208740234375,379.8660249710083
379.7558298110962,1222.9913288354874,379.7558298110962
379.7558298110962,1222.9913288354874,379.7558298110962
379.8660249710083,1221.5208740234375,379.8660249710083
379.3938932418823,1222.9367755651474,379.3938932418823
379.7558298110962,1222.9913288354874,379.7558298110962
379.3938932418823,1222.9367755651474,379.3938932418823
379.07794189453125,1224.321048259735,379.07794189453125
380.0,1221.5208740234375,380.0
379.5557279586792,1218.5733222961426,379.5557279586792
379.5557279586792,1218.5733222961426,379.5557279586792
380.0,1221.5208740234375,380.0
379.5557279586792,1218.5733222961426,379.5557279586792
379.88830852508545,1220.0304514169693,379.88830852508545
379.88830852508545,1220.0304514169693,379.88830852508545
379.5557279586792,1218.5733222961426,379.5557279586792
379.7558298110962,1220.0504192113876,379.7558298110962
379.88830852508545,1220.0304514169693,379.88830852508545
379.7558298110962,1220.0504192113876,379.7558298110962
379.8660249710083,1221.5208740234375,379.8660249710083
379.8660249710083,1221.5208740234375,379.8660249710083
379.7558298110962,1220.0504192113876,379.7558298110962
379.5,1221.5208740234375,379.5
379.8660249710083,1221.5208740234375,379.8660249710083
379.5,1221.5208740234375,379.5
379.3938932418823,1222.9367755651474,379.3938932418823
379.5557279586792,1218.5733222961426,379.5557279586792
378.2623872756958,1215.8876733779907,378.2623872756958
379.00968837738037,1217.1820363998413,379.00968837738037
379.5557279586792,1218.5733222961426,379.5557279586792
379.00968837738037,1217.1820363998413,379.00968837738037
379.5557279586792,1218.5733222961426,379.5557279586792
379.5557279586792,1218.5733222961426,379.5557279586792
379.00968837738037,1217.1820363998413,379.00968837738037
379.4277057647705,1218.6128120422363,379.4277057647705
379.5557279586792,1218.5733222961426,379.5557279586792
379.4277057647705,1218.6128120422363,379.4277057647705
379.7558298110962,1220.0504192113876,379.7558298110962
379.7558298110962,1220.0504192113876,379.7558298110962
379.4277057647705,1218.6128120422363,379.4277057647705
379.3938932418823,1220.1049724817276,379.3938932418823
379.7558298110962,1220.0504192113876,379.7558298110962
379.3938932418823,1220.1049724817276,379.3938932418823
379.5,1221.5208740234375,379.5
379.4277057647705,1218.6128120422363,379.4277057647705
379.00968837738037,1217.1820363998413,379.00968837738037
378.88898181915283,1217.2401661872864,378.88898181915283
379.4277057647705,1218.6128120422363,379.4277057647705
378.88898181915283,1217.2401661872864,378.88898181915283
379.07794189453125,1218.72069978714,379.07794189453125
379.4277057647705,1218.6128120422363,379.4277057647705
379.07794189453125,1218.72069978714,379.07794189453125
379.3938932418823,1220.1049724817276,379.3938932418823
379.00968837738037,1217.1820363998413,379.00968837738037
378.2623872756958,1215.8876733779907,378.2623872756958
378.2623872756958,1215.8876733779907,378.2623872756958
379.00968837738037,1217.1820363998413,379.00968837738037
378.2623872756958,1215.8876733779907,378.2623872756958
378.88898181915283,1217.2401661872864,378.88898181915283
378.2623872756958,1215.8876733779907,378.2623872756958
378.2623872756958,1215.8876733779907,378.2623872756958
377.3305187225342,1214.7191467285156,377.3305187225342
378.2623872756958,1215.8876733779907,378.2623872756958
377.3305187225342,1214.7191467285156,377.3305187225342
378.1516923904419,1215.963143825531,378.1516923904419
378.2623872756958,1215.8876733779907,378.2623872756958
378.1516923904419,1215.963143825531,378.1516923904419
378.88898181915283,1217.2401661872864,378.88898181915283
378.88898181915283,1217.2401661872864,378.88898181915283
378.1516923904419,1215.963143825531,378.1516923904419
378.5592041015625,1217.3989787101746,378.5592041015625
378.88898181915283,1217.2401661872864,378.88898181915283
378.5592041015625,1217.3989787101746,378.5592041015625
379.07794189453125,1218.72069978714,379.07794189453125
378.1516923904419,1215.963143825531,378.1516923904419
377.3305187225342,1214.7191467285156,377.3305187225342
377.23230838775635,1214.810272693634,377.23230838775635
378.1516923904419,1215.963143825531,378.1516923904419
377.23230838775635,1214.810272693634,377.23230838775635
377.8492684364319,1216.1693334579468,377.8492684364319
378.1516923904419,1215.963143825531,378.1516923904419
377.8492684364319,1216.1693334579468,377.8492684364319
378.5592041015625,1217.3989787101746,378.5592041015625
377.3305187225342,1214.7191467285156,377.3305187225342
378.2623872756958,1215.8876733779907,378.2623872756958
376.23489809036255,1213.7025589942932,376.23489809036255
377.3305187225342,1214.7191467285156,377.3305187225342
376.23489809036255,1213.7025589942932,376.23489809036255
377.23230838775635,1214.810272693634,377.23230838775635
376.23489809036255,1213.7025589942932,376.23489809036255
375.0,1212.860619544983,375.0
376.1513662338257,1213.8073048591614,376.1513662338257
376.23489809036255,1213.7025589942932,376.23489809036255
376.1513662338257,1213.8073048591614,376.1513662338257
377.23230838775635,1214.810272693634,377.23230838775635
377.23230838775635,1214.810272693634,377.23230838775635
376.1513662338257,1213.8073048591614,376.1513662338257
376.9639925956726,1215.0592331886292,376.9639925956726
377.23230838775635,1214.810272693634,377.23230838775635
376.9639925956726,1215.0592331886292,376.9639925956726
377.8492684364319,1216.1693334579468,377.8492684364319
376.1513662338257,1213.8073048591614,376.1513662338257
375.0,1212.860619544983,375.0
374.93301248550415,1212.9766454696655,374.93301248550415
376.1513662338257,1213.8073048591614,376.1513662338257
374.93301248550415,1212.9766454696655,374.93301248550415
375.923152923584,1214.0934748649597,375.923152923584
376.1513662338257,1213.8073048591614,376.1513662338257
375.923152923584,1214.0934748649597,375.923152923584
376.9639925956726,1215.0592331886292,376.9639925956726
376.9639925956726,1215.0592331886292,376.9639925956726
375.923152923584,1214.0934748649597,375.923152923584
376.5974669456482,1215.3993191719055,376.5974669456482
376.9639925956726,1215.0592331886292,376.9639925956726
376.5974669456482,1215.3993191719055,376.5974669456482
377.4361491203308,1216.4509935379028,377.4361491203308
376.9639925956726,1215.0592331886292,376.9639925956726
377.4361491203308,1216.4509935379028,377.4361491203308
377.8492684364319,1216.1693334579468,377.8492684364319
377.8492684364319,1216.1693334579468,377.8492684364319
377.4361491203308,1216.4509935379028,377.4361491203308
378.10871982574463,1217.615920305252,378.10871982574463
377.8492684364319,1216.1693334579468,377.8492684364319
378.10871982574463,1217.615920305252,378.10871982574463
378.5592041015625,1217.3989787101746,378.5592041015625
377.4361491203308,1216.4509935379028,377.4361491203308
376.5974669456482,1215.3993191719055,376.5974669456482
376.1283555030823,1216.3785729408264,376.1283555030823
377.4361491203308,1216.4509935379028,377.4361491203308
376.1283555030823,1216.3785729408264,376.1283555030823
378.10871982574463,1217.615920305252,378.10871982574463
378.5592041015625,1217.3989787101746,378.5592041015625
378.10871982574463,1217.615920305252,378.10871982574463
378.600154876709,1218.8680775165558,378.600154876709
378.5592041015625,1217.3989787101746,378.5592041015625
378.600154876709,1218.8680775165558,378.600154876709
379.07794189453125,1218.72069978714,379.07794189453125
378.10871982574463,1217.615920305252,378.10871982574463
376.1283555030823,1216.3785729408264,376.1283555030823
377.51754093170166,1218.7847127914429,377.51754093170166
378.10871982574463,1217.615920305252,378.10871982574463
377.51754093170166,1218.7847127914429,377.51754093170166
378.600154876709,1218.8680775165558,378.600154876709
378.600154876709,1218.8680775165558,378.600154876709
377.51754093170166,1218.7847127914429,377.51754093170166
378.8994770050049,1220.1794936656952,378.8994770050049
378.600154876709,1218.8680775165558,378.600154876709
378.8994770050049,1220.1794936656952,378.8994770050049
379.07794189453125,1218.72069978714,379.07794189453125
379.07794189453125,1218.72069978714,379.07794189453125
378.8994770050049,1220.1794936656952,378.8994770050049
379.3938932418823,1220.1049724817276,379.3938932418823
379.3938932418823,1220.1049724817276,379.3938932418823
378.8994770050049,1220.1794936656952,378.8994770050049
379.0,1221.5208740234375,379.0
379.3938932418823,1220.1049724817276,379.3938932418823
379.0,1221.5208740234375,379.0
379.5,1221.5208740234375,379.5
378.8994770050049,1220.1794936656952,378.8994770050049
377.51754093170166,1218.7847127914429,377.51754093170166
378.0,1221.5208740234375,378.0
378.8994770050049,1220.1794936656952,378.8994770050049
378.0,1221.5208740234375,378.0
379.0,1221.5208740234375,379.0
379.0,1221.5208740234375,379.0
378.0,1221.5208740234375,378.0
378.8994770050049,1222.8622543811798,378.8994770050049
379.0,1221.5208740234375,379.0
378.8994770050049,1222.8622543811798,378.8994770050049
379.5,1221.5208740234375,379.5
379.5,1221.5208740234375,379.5
378.8994770050049,1222.8622543811798,378.8994770050049
379.3938932418823,1222.9367755651474,379.3938932418823
378.8994770050049,1222.8622543811798,378.8994770050049
378.0,1221.5208740234375,378.0
378.600154876709,1224.1736705303192,378.600154876709
378.8994770050049,1222.8622543811798,378.8994770050049
378.600154876709,1224.1736705303192,378.600154876709
379.3938932418823,1222.9367755651474,379.3938932418823
379.3938932418823,1222.9367755651474,379.3938932418823
378.600154876709,1224.1736705303192,378.600154876709
379.07794189453125,1224.321048259735,379.07794189453125
379.07794189453125,1224.321048259735,379.07794189453125
378.600154876709,1224.1736705303192,378.600154876709
378.10871982574463,1225.425827741623,378.10871982574463
379.07794189453125,1224.321048259735,379.07794189453125
378.10871982574463,1225.425827741623,378.10871982574463
378.5592041015625,1225.6427693367004,378.5592041015625
378.600154876709,1224.1736705303192,378.600154876709
378.0,1221.5208740234375,378.0
377.51754093170166,1224.2570352554321,377.51754093170166
378.600154876709,1224.1736705303192,378.600154876709
377.51754093170166,1224.2570352554321,377.51754093170166
378.10871982574463,1225.425827741623,378.10871982574463
378.10871982574463,1225.425827741623,378.10871982574463
377.51754093170166,1224.2570352554321,377.51754093170166
377.4361491203308,1226.5907545089722,377.4361491203308
378.10871982574463,1225.425827741623,378.10871982574463
377.4361491203308,1226.5907545089722,377.4361491203308
378.5592041015625,1225.6427693367004,378.5592041015625
378.5592041015625,1225.6427693367004,378.5592041015625
377.4361491203308,1226.5907545089722,377.4361491203308
377.8492684364319,1226.8724145889282,377.8492684364319
375.0,1212.860619544983,375.0
373.6534101963043,1212.2121362686157,373.6534101963043
373.6534101963043,1212.2121362686157,373.6534101963043
375.0,1212.860619544983,375.0
373.6534101963043,1212.2121362686157,373.6534101963043
374.93301248550415,1212.9766454696655,374.93301248550415
373.6534101963043,1212.2121362686157,373.6534101963043
373.6534101963043,1212.2121362686157,373.6534101963043
372.225209236145,1211.7715950012207,372.225209236145
373.6534101963043,1212.2121362686157,373.6534101963043
372.225209236145,1211.7715950012207,372.225209236145
373.6044638156891,1212.3368501663208,373.6044638156891
373.6534101963043,1212.2121362686157,373.6534101963043
373.6044638156891,1212.3368501663208,373.6044638156891
374.93301248550415,1212.9766454696655,374.93301248550415
374.93301248550415,1212.9766454696655,374.93301248550415
373.6044638156891,1212.3368501663208,373.6044638156891
374.75,1213.2936325073242,374.75
374.93301248550415,1212.9766454696655,374.93301248550415
374.75,1213.2936325073242,374.75
375.923152923584,1214.0934748649597,375.923152923584
375.923152923584,1214.0934748649597,375.923152923584
374.75,1213.2936325073242,374.75
375.6114082336426,1214.4843907356262,375.6114082336426
375.923152923584,1214.0934748649597,375.923152923584
375.6114082336426,1214.4843907356262,375.6114082336426
376.5974669456482,1215.3993191719055,376.5974669456482
376.5974669456482,1215.3993191719055,376.5974669456482
375.6114082336426,1214.4843907356262,375.6114082336426
374.0,1214.592670917511,374.0
376.5974669456482,1215.3993191719055,376.5974669456482
374.0,1214.592670917511,374.0
376.1283555030823,1216.3785729408264,376.1283555030823
375.6114082336426,1214.4843907356262,375.6114082336426
374.75,1213.2936325073242,374.75
374.5,1213.7266454696655,374.5
375.6114082336426,1214.4843907356262,375.6114082336426
374.5,1213.7266454696655,374.5
374.0,1214.592670917511,374.0
374.75,1213.2936325073242,374.75
373.6044638156891,1212.3368501663208,373.6044638156891
373.4707398414612,1212.6775732040405,373.4707398414612
374.75,1213.2936325073242,374.75
373.4707398414612,1212.6775732040405,373.4707398414612
374.5,1213.7266454696655,374.5
374.5,1213.7266454696655,374.5
373.4707398414612,1212.6775732040405,373.4707398414612
373.28806924819946,1213.1430101394653,373.28806924819946
374.5,1213.7266454696655,374.5
373.28806924819946,1213.1430101394653,373.28806924819946
374.0,1214.592670917511,374.0
373.6044638156891,1212.3368501663208,373.6044638156891
372.225209236145,1211.7715950012207,372.225209236145
372.1953971385956,1211.9022102355957,372.1953971385956
373.6044638156891,1212.3368501663208,373.6044638156891
372.1953971385956,1211.9022102355957,372.1953971385956
373.4707398414612,1212.6775732040405,373.4707398414612
373.4707398414612,1212.6775732040405,373.4707398414612
372.1953971385956,1211.9022102355957,372.1953971385956
372.1139488220215,1212.2590589523315,372.1139488220215
373.4707398414612,1212.6775732040405,373.4707398414612
372.1139488220215,1212.2590589523315,372.1139488220215
373.28806924819946,1213.1430101394653,373.28806924819946
372.1953971385956,1211.9022102355957,372.1953971385956
372.225209236145,1211.7715950012207,372.225209236145
370.74730092287064,1211.5488357543945,370.74730092287064
372.1953971385956,1211.9022102355957,372.1953971385956
370.74730092287064,1211.5488357543945,370.74730092287064
370.7372890114784,1211.6824359893799,370.7372890114784
372.1953971385956,1211.9022102355957,372.1953971385956
370.7372890114784,1211.6824359893799,370.7372890114784
372.1139488220215,1212.2590589523315,372.1139488220215
372.225209236145,1211.7715950012207,372.225209236145
373.6534101963043,1212.2121362686157,373.6534101963043
370.74730092287064,1211.5488357543945,370.74730092287064
372.225209236145,1211.7715950012207,372.225209236145
370.74730092287064,1211.5488357543945,370.74730092287064
370.74730092287064,1211.5488357543945,370.74730092287064
370.74730092287064,1211.5488357543945,370.74730092287064
370.74730092287064,1211.5488357543945,370.74730092287064
369.25269907712936,1211.5488357543945,369.25269907712936
370.74730092287064,1211.5488357543945,370.74730092287064
369.25269907712936,1211.5488357543945,369.25269907712936
370.7372890114784,1211.6824359893799,370.7372890114784
369.25269907712936,1211.5488357543945,369.25269907712936
370.74730092287064,1211.5488357543945,370.74730092287064
367.774790763855,1211.7715950012207,367.774790763855
369.25269907712936,1211.5488357543945,369.25269907712936
367.774790763855,1211.7715950012207,367.774790763855
369.2627109885216,1211.6824359893799,369.2627109885216
369.25269907712936,1211.5488357543945,369.25269907712936
369.2627109885216,1211.6824359893799,369.2627109885216
370.7372890114784,1211.6824359893799,370.7372890114784
370.7372890114784,1211.6824359893799,370.7372890114784
369.2627109885216,1211.6824359893799,369.2627109885216
370.7099359035492,1212.0474376678467,370.7099359035492
370.7372890114784,1211.6824359893799,370.7372890114784
370.7099359035492,1212.0474376678467,370.7099359035492
372.1139488220215,1212.2590589523315,372.1139488220215
372.1139488220215,1212.2590589523315,372.1139488220215
370.7099359035492,1212.0474376678467,370.7099359035492
372.00268840789795,1212.7465229034424,372.00268840789795
372.1139488220215,1212.2590589523315,372.1139488220215
372.00268840789795,1212.7465229034424,372.00268840789795
373.28806924819946,1213.1430101394653,373.28806924819946
373.28806924819946,1213.1430101394653,373.28806924819946
372.00268840789795,1212.7465229034424,372.00268840789795
371.3891854286194,1213.642412185669,371.3891854286194
373.28806924819946,1213.1430101394653,373.28806924819946
371.3891854286194,1213.642412185669,371.3891854286194
374.0,1214.592670917511,374.0
372.00268840789795,1212.7465229034424,372.00268840789795
370.7099359035492,1212.0474376678467,370.7099359035492
370.6725708246231,1212.5460395812988,370.6725708246231
372.00268840789795,1212.7465229034424,372.00268840789795
370.6725708246231,1212.5460395812988,370.6725708246231
371.3891854286194,1213.642412185669,371.3891854286194
370.7099359035492,1212.0474376678467,370.7099359035492
369.2627109885216,1211.6824359893799,369.2627109885216
369.2900640964508,1212.0474376678467,369.2900640964508
370.7099359035492,1212.0474376678467,370.7099359035492
369.2900640964508,1212.0474376678467,369.2900640964508
370.6725708246231,1212.5460395812988,370.6725708246231
369.2627109885216,1211.6824359893799,369.2627109885216
367.774790763855,1211.7715950012207,367.774790763855
367.8046028614044,1211.9022102355957,367.8046028614044
369.2627109885216,1211.6824359893799,369.2627109885216
367.8046028614044,1211.9022102355957,367.8046028614044
369.2900640964508,1212.0474376678467,369.2900640964508
369.2900640964508,1212.0474376678467,369.2900640964508
367.8046028614044,1211.9022102355957,367.8046028614044
367.8860511779785,1212.2590589523315,367.8860511779785
369.2900640964508,1212.0474376678467,369.2900640964508
367.8860511779785,1212.2590589523315,367.8860511779785
369.3274291753769,1212.5460395812988,369.3274291753769
369.2900640964508,1212.0474376678467,369.2900640964508
369.3274291753769,1212.5460395812988,369.3274291753769
370.6725708246231,1212.5460395812988,370.6725708246231
370.6725708246231,1212.5460395812988,370.6725708246231
369.3274291753769,1212.5460395812988,369.3274291753769
368.6108145713806,1213.642412185669,368.6108145713806
370.6725708246231,1212.5460395812988,370.6725708246231
368.6108145713806,1213.642412185669,368.6108145713806
371.3891854286194,1213.642412185669,371.3891854286194
369.3274291753769,1212.5460395812988,369.3274291753769
367.8860511779785,1212.2590589523315,367.8860511779785
367.99731159210205,1212.7465229034424,367.99731159210205
369.3274291753769,1212.5460395812988,369.3274291753769
367.99731159210205,1212.7465229034424,367.99731159210205
368.6108145713806,1213.642412185669,368.6108145713806
367.8860511779785,1212.2590589523315,367.8860511779785
367.8046028614044,1211.9022102355957,367.8046028614044
366.3955361843109,1212.3368501663208,366.3955361843109
367.8860511779785,1212.2590589523315,367.8860511779785
366.3955361843109,1212.3368501663208,366.3955361843109
366.5292601585388,1212.6775732040405,366.5292601585388
367.8860511779785,1212.2590589523315,367.8860511779785
366.5292601585388,1212.6775732040405,366.5292601585388
367.99731159210205,1212.7465229034424,367.99731159210205
367.8046028614044,1211.9022102355957,367.8046028614044
367.774790763855,1211.7715950012207,367.774790763855
366.3465898036957,1212.2121362686157,366.3465898036957
367.8046028614044,1211.9022102355957,367.8046028614044
366.3465898036957,1212.2121362686157,366.3465898036957
366.3955361843109,1212.3368501663208,366.3955361843109
367.774790763855,1211.7715950012207,367.774790763855
370.74730092287064,1211.5488357543945,370.74730092287064
367.774790763855,1211.7715950012207,367.774790763855
367.774790763855,1211.7715950012207,367.774790763855
367.774790763855,1211.7715950012207,367.774790763855
366.3465898036957,1212.2121362686157,366.3465898036957
370.74730092287064,1211.5488357543945,370.74730092287064
373.6534101963043,1212.2121362686157,373.6534101963043
370.52264231443405,1216.548264503479,370.52264231443405
370.74730092287064,1211.5488357543945,370.74730092287064
370.52264231443405,1216.548264503479,370.52264231443405
367.774790763855,1211.7715950012207,367.774790763855
367.774790763855,1211.7715950012207,367.774790763855
370.52264231443405,1216.548264503479,370.52264231443405
368.4549150466919,1216.765591621399,368.4549150466919
367.774790763855,1211.7715950012207,367.774790763855
368.4549150466919,1216.765591621399,368.4549150466919
365.0,1212.860619544983,365.0
367.774790763855,1211.7715950012207,367.774790763855
365.0,1212.860619544983,365.0
366.3465898036957,1212.2121362686157,366.3465898036957
366.3465898036957,1212.2121362686157,366.3465898036957
365.0,1212.860619544983,365.0
365.0,1212.860619544983,365.0
366.3465898036957,1212.2121362686157,366.3465898036957
365.0,1212.860619544983,365.0
366.3955361843109,1212.3368501663208,366.3955361843109
366.3955361843109,1212.3368501663208,366.3955361843109
365.0,1212.860619544983,365.0
365.06698751449585,1212.9766454696655,365.06698751449585
366.3955361843109,1212.3368501663208,366.3955361843109
365.06698751449585,1212.9766454696655,365.06698751449585
366.5292601585388,1212.6775732040405,366.5292601585388
365.0,1212.860619544983,365.0
365.0,1212.860619544983,365.0
363.76510190963745,1213.7025589942932,363.76510190963745
365.0,1212.860619544983,365.0
363.76510190963745,1213.7025589942932,363.76510190963745
365.06698751449585,1212.9766454696655,365.06698751449585
365.06698751449585,1212.9766454696655,365.06698751449585
363.76510190963745,1213.7025589942932,363.76510190963745
363.8486337661743,1213.8073048591614,363.8486337661743
365.06698751449585,1212.9766454696655,365.06698751449585
363.8486337661743,1213.8073048591614,363.8486337661743
365.25,1213.2936325073242,365.25
365.06698751449585,1212.9766454696655,365.06698751449585
365.25,1213.2936325073242,365.25
366.5292601585388,1212.6775732040405,366.5292601585388
366.5292601585388,1212.6775732040405,366.5292601585388
365.25,1213.2936325073242,365.25
366.71193075180054,1213.1430101394653,366.71193075180054
366.5292601585388,1212.6775732040405,366.5292601585388
366.71193075180054,1213.1430101394653,366.71193075180054
367.99731159210205,1212.7465229034424,367.99731159210205
367.99731159210205,1212.7465229034424,367.99731159210205
366.71193075180054,1213.1430101394653,366.71193075180054
366.0,1214.592670917511,366.0
367.99731159210205,1212.7465229034424,367.99731159210205
366.0,1214.592670917511,366.0
368.6108145713806,1213.642412185669,368.6108145713806
366.71193075180054,1213.1430101394653,366.71193075180054
365.25,1213.2936325073242,365.25
365.5,1213.7266454696655,365.5
366.71193075180054,1213.1430101394653,366.71193075180054
365.5,1213.7266454696655,365.5
366.0,1214.592670917511,366.0
365.25,1213.2936325073242,365.25
363.8486337661743,1213.8073048591614,363.8486337661743
364.076847076416,1214.0934748649597,364.076847076416
365.25,1213.2936325073242,365.25
364.076847076416,1214.0934748649597,364.076847076416
365.5,1213.7266454696655,365.5
365.5,1213.7266454696655,365.5
364.076847076416,1214.0934748649597,364.076847076416
364.3885917663574,1214.4843907356262,364.3885917663574
365.5,1213.7266454696655,365.5
364.3885917663574,1214.4843907356262,364.3885917663574
366.0,1214.592670917511,366.0
364.076847076416,1214.0934748649597,364.076847076416
363.8486337661743,1213.8073048591614,363.8486337661743
362.76769161224365,1214.810272693634,362.76769161224365
364.076847076416,1214.0934748649597,364.076847076416
362.76769161224365,1214.810272693634,362.76769161224365
363.0360074043274,1215.0592331886292,363.0360074043274
364.076847076416,1214.0934748649597,364.076847076416
363.0360074043274,1215.0592331886292,363.0360074043274
364.3885917663574,1214.4843907356262,364.3885917663574
363.8486337661743,1213.8073048591614,363.8486337661743
363.76510190963745,1213.7025589942932,363.76510190963745
362.6694812774658,1214.7191467285156,362.6694812774658
363.8486337661743,1213.8073048591614,363.8486337661743
362.6694812774658,1214.7191467285156,362.6694812774658
362.76769161224365,1214.810272693634,362.76769161224365
363.76510190963745,1213.7025589942932,363.76510190963745
365.0,1212.860619544983,365.0
362.6694812774658,1214.7191467285156,362.6694812774658
363.76510190963745,1213.7025589942932,363.76510190963745
362.6694812774658,1214.7191467285156,362.6694812774658
362.6694812774658,1214.7191467285156,362.6694812774658
362.6694812774658,1214.7191467285156,362.6694812774658
362.6694812774658,1214.7191467285156,362.6694812774658
361.7376127243042,1215.8876733779907,361.7376127243042
362.6694812774658,1214.7191467285156,362.6694812774658
361.7376127243042,1215.8876733779907,361.7376127243042
362.76769161224365,1214.810272693634,362.76769161224365
362.76769161224365,1214.810272693634,362.76769161224365
361.7376127243042,1215.8876733779907,361.7376127243042
361.8483076095581,1215.963143825531,361.8483076095581
362.76769161224365,1214.810272693634,362.76769161224365
361.8483076095581,1215.963143825531,361.8483076095581
363.0360074043274,1215.0592331886292,363.0360074043274
365.0,1212.860619544983,365.0
368.4549150466919,1216.765591621399,368.4549150466919
366.6543469429016,1217.8051497936249,366.6543469429016
365.0,1212.860619544983,365.0
366.6543469429016,1217.8051497936249,366.6543469429016
362.6694812774658,1214.7191467285156,362.6694812774658
362.6694812774658,1214.7191467285156,362.6694812774658
366.6543469429016,1217.8051497936249,366.6543469429016
360.99031162261963,1217.1820363998413,360.99031162261963
362.6694812774658,1214.7191467285156,362.6694812774658
360.99031162261963,1217.1820363998413,360.99031162261963
361.7376127243042,1215.8876733779907,361.7376127243042
361.7376127243042,1215.8876733779907,361.7376127243042
360.99031162261963,1217.1820363998413,360.99031162261963
360.99031162261963,1217.1820363998413,360.99031162261963
361.7376127243042,1215.8876733779907,361.7376127243042
360.99031162261963,1217.1820363998413,360.99031162261963
361.8483076095581,1215.963143825531,361.8483076095581
360.99031162261963,1217.1820363998413,360.99031162261963
360.99031162261963,1217.1820363998413,360.99031162261963
360.4442720413208,1218.5733222961426,360.4442720413208
360.99031162261963,1217.1820363998413,360.99031162261963
360.4442720413208,1218.5733222961426,360.4442720413208
361.11101818084717,1217.2401661872864,361.11101818084717
360.99031162261963,1217.1820363998413,360.99031162261963
361.11101818084717,1217.2401661872864,361.11101818084717
361.8483076095581,1215.963143825531,361.8483076095581
361.8483076095581,1215.963143825531,361.8483076095581
361.11101818084717,1217.2401661872864,361.11101818084717
362.1507315635681,1216.1693334579468,362.1507315635681
361.8483076095581,1215.963143825531,361.8483076095581
362.1507315635681,1216.1693334579468,362.1507315635681
363.0360074043274,1215.0592331886292,363.0360074043274
363.0360074043274,1215.0592331886292,363.0360074043274
362.1507315635681,1216.1693334579468,362.1507315635681
363.4025330543518,1215.3993191719055,363.4025330543518
363.0360074043274,1215.0592331886292,363.0360074043274
363.4025330543518,1215.3993191719055,363.4025330543518
364.3885917663574,1214.4843907356262,364.3885917663574
364.3885917663574,1214.4843907356262,364.3885917663574
363.4025330543518,1215.3993191719055,363.4025330543518
363.8716444969177,1216.3785729408264,363.8716444969177
364.3885917663574,1214.4843907356262,364.3885917663574
363.8716444969177,1216.3785729408264,363.8716444969177
366.0,1214.592670917511,366.0
363.4025330543518,1215.3993191719055,363.4025330543518
362.1507315635681,1216.1693334579468,362.1507315635681
362.5638508796692,1216.4509935379028,362.5638508796692
363.4025330543518,1215.3993191719055,363.4025330543518
362.5638508796692,1216.4509935379028,362.5638508796692
363.8716444969177,1216.3785729408264,363.8716444969177
362.1507315635681,1216.1693334579468,362.1507315635681
361.11101818084717,1217.2401661872864,361.11101818084717
361.4407958984375,1217.3989787101746,361.4407958984375
362.1507315635681,1216.1693334579468,362.1507315635681
361.4407958984375,1217.3989787101746,361.4407958984375
362.5638508796692,1216.4509935379028,362.5638508796692
361.11101818084717,1217.2401661872864,361.11101818084717
360.4442720413208,1218.5733222961426,360.4442720413208
360.5722942352295,1218.6128120422363,360.5722942352295
361.11101818084717,1217.2401661872864,361.11101818084717
360.5722942352295,1218.6128120422363,360.5722942352295
361.4407958984375,1217.3989787101746,361.4407958984375
361.4407958984375,1217.3989787101746,361.4407958984375
360.5722942352295,1218.6128120422363,360.5722942352295
360.92205810546875,1218.72069978714,360.92205810546875
361.4407958984375,1217.3989787101746,361.4407958984375
360.92205810546875,1218.72069978714,360.92205810546875
361.89128017425537,1217.615920305252,361.89128017425537
361.4407958984375,1217.3989787101746,361.4407958984375
361.89128017425537,1217.615920305252,361.89128017425537
362.5638508796692,1216.4509935379028,362.5638508796692
362.5638508796692,1216.4509935379028,362.5638508796692
361.89128017425537,1217.615920305252,361.89128017425537
362.48245906829834,1218.7847127914429,362.48245906829834
362.5638508796692,1216.4509935379028,362.5638508796692
362.48245906829834,1218.7847127914429,362.48245906829834
363.8716444969177,1216.3785729408264,363.8716444969177
361.89128017425537,1217.615920305252,361.89128017425537
360.92205810546875,1218.72069978714,360.92205810546875
361.399845123291,1218.8680775165558,361.399845123291
361.89128017425537,1217.615920305252,361.89128017425537
361.399845123291,1218.8680775165558,361.399845123291
362.48245906829834,1218.7847127914429,362.48245906829834
360.92205810546875,1218.72069978714,360.92205810546875
360.5722942352295,1218.6128120422363,360.5722942352295
360.2441701889038,1220.0504192113876,360.2441701889038
360.92205810546875,1218.72069978714,360.92205810546875
360.2441701889038,1220.0504192113876,360.2441701889038
360.6061067581177,1220.1049724817276,360.6061067581177
360.92205810546875,1218.72069978714,360.92205810546875
360.6061067581177,1220.1049724817276,360.6061067581177
361.399845123291,1218.8680775165558,361.399845123291
360.5722942352295,1218.6128120422363,360.5722942352295
360.4442720413208,1218.5733222961426,360.4442720413208
360.11169147491455,1220.0304514169693,360.11169147491455
360.5722942352295,1218.6128120422363,360.5722942352295
360.11169147491455,1220.0304514169693,360.11169147491455
360.2441701889038,1220.0504192113876,360.2441701889038
360.4442720413208,1218.5733222961426,360.4442720413208
360.99031162261963,1217.1820363998413,360.99031162261963
360.11169147491455,1220.0304514169693,360.11169147491455
360.4442720413208,1218.5733222961426,360.4442720413208
360.11169147491455,1220.0304514169693,360.11169147491455
360.11169147491455,1220.0304514169693,360.11169147491455
360.11169147491455,1220.0304514169693,360.11169147491455
360.11169147491455,1220.0304514169693,360.11169147491455
360.0,1221.5208740234375,360.0
360.11169147491455,1220.0304514169693,360.11169147491455
360.0,1221.5208740234375,360.0
360.2441701889038,1220.0504192113876,360.2441701889038
360.2441701889038,1220.0504192113876,360.2441701889038
360.0,1221.5208740234375,360.0
360.1339750289917,1221.5208740234375,360.1339750289917
360.2441701889038,1220.0504192113876,360.2441701889038
360.1339750289917,1221.5208740234375,360.1339750289917
360.6061067581177,1220.1049724817276,360.6061067581177
360.99031162261963,1217.1820363998413,360.99031162261963
366.6543469429016,1217.8051497936249,366.6543469429016
365.4322729110718,1219.4871907234192,365.4322729110718
360.99031162261963,1217.1820363998413,360.99031162261963
365.4322729110718,1219.4871907234192,365.4322729110718
360.11169147491455,1220.0304514169693,360.11169147491455
360.0,1221.5208740234375,360.0
360.11169147491455,1220.0304514169693,360.11169147491455
360.11169147491455,1223.0112966299057,360.11169147491455
360.0,1221.5208740234375,360.0
360.11169147491455,1223.0112966299057,360.11169147491455
360.11169147491455,1223.0112966299057,360.11169147491455
360.0,1221.5208740234375,360.0
360.11169147491455,1223.0112966299057,360.11169147491455
360.1339750289917,1221.5208740234375,360.1339750289917
360.11169147491455,1220.0304514169693,360.11169147491455
365.4322729110718,1219.4871907234192,365.4322729110718
365.0,1221.5208740234375,365.0
360.11169147491455,1220.0304514169693,360.11169147491455
365.0,1221.5208740234375,365.0
360.11169147491455,1223.0112966299057,360.11169147491455
360.11169147491455,1223.0112966299057,360.11169147491455
360.11169147491455,1223.0112966299057,360.11169147491455
360.4442720413208,1224.4684257507324,360.4442720413208
360.11169147491455,1223.0112966299057,360.11169147491455
360.4442720413208,1224.4684257507324,360.4442720413208
360.2441701889038,1222.9913288354874,360.2441701889038
360.11169147491455,1223.0112966299057,360.11169147491455
360.2441701889038,1222.9913288354874,360.2441701889038
360.1339750289917,1221.5208740234375,360.1339750289917
360.1339750289917,1221.5208740234375,360.1339750289917
360.2441701889038,1222.9913288354874,360.2441701889038
360.5,1221.5208740234375,360.5
360.1339750289917,1221.5208740234375,360.1339750289917
360.5,1221.5208740234375,360.5
360.6061067581177,1220.1049724817276,360.6061067581177
360.6061067581177,1220.1049724817276,360.6061067581177
360.5,1221.5208740234375,360.5
361.1005229949951,1220.1794936656952,361.1005229949951
360.6061067581177,1220.1049724817276,360.6061067581177
361.1005229949951,1220.1794936656952,361.1005229949951
361.399845123291,1218.8680775165558,361.399845123291
361.399845123291,1218.8680775165558,361.399845123291
361.1005229949951,1220.1794936656952,361.1005229949951
362.0,1221.5208740234375,362.0
361.399845123291,1218.8680775165558,361.399845123291
362.0,1221.5208740234375,362.0
362.48245906829834,1218.7847127914429,362.48245906829834
361.1005229949951,1220.1794936656952,361.1005229949951
360.5,1221.5208740234375,360.5
361.0,1221.5208740234375,361.0
361.1005229949951,1220.1794936656952,361.1005229949951
361.0,1221.5208740234375,361.0
362.0,1221.5208740234375,362.0
360.5,1221.5208740234375,360.5
360.2441701889038,1222.9913288354874,360.2441701889038
360.6061067581177,1222.9367755651474,360.6061067581177
360.5,1221.5208740234375,360.5
360.6061067581177,1222.9367755651474,360.6061067581177
361.0,1221.5208740234375,361.0
361.0,1221.5208740234375,361.0
360.6061067581177,1222.9367755651474,360.6061067581177
361.1005229949951,1222.8622543811798,361.1005229949951
361.0,1221.5208740234375,361.0
361.1005229949951,1222.8622543811798,361.1005229949951
362.0,1221.5208740234375,362.0
360.2441701889038,1222.9913288354874,360.2441701889038
360.4442720413208,1224.4684257507324,360.4442720413208
360.5722942352295,1224.4289360046387,360.5722942352295
360.2441701889038,1222.9913288354874,360.2441701889038
360.5722942352295,1224.4289360046387,360.5722942352295
360.6061067581177,1222.9367755651474,360.6061067581177
360.6061067581177,1222.9367755651474,360.6061067581177
360.5722942352295,1224.4289360046387,360.5722942352295
360.92205810546875,1224.321048259735,360.92205810546875
360.6061067581177,1222.9367755651474,360.6061067581177
360.92205810546875,1224.321048259735,360.92205810546875
361.1005229949951,1222.8622543811798,361.1005229949951
360.4442720413208,1224.4684257507324,360.4442720413208
360.11169147491455,1223.0112966299057,360.11169147491455
360.99031162261963,1225.8597116470337,360.99031162261963
360.4442720413208,1224.4684257507324,360.4442720413208
360.99031162261963,1225.8597116470337,360.99031162261963
360.5722942352295,1224.4289360046387,360.5722942352295
360.5722942352295,1224.4289360046387,360.5722942352295
360.99031162261963,1225.8597116470337,360.99031162261963
361.11101818084717,1225.8015818595886,361.11101818084717
360.5722942352295,1224.4289360046387,360.5722942352295
361.11101818084717,1225.8015818595886,361.11101818084717
360.92205810546875,1224.321048259735,360.92205810546875
360.11169147491455,1223.0112966299057,360.11169147491455
365.0,1221.5208740234375,365.0
360.99031162261963,1225.8597116470337,360.99031162261963
360.11169147491455,1223.0112966299057,360.11169147491455
360.99031162261963,1225.8597116470337,360.99031162261963
360.99031162261963,1225.8597116470337,360.99031162261963
360.99031162261963,1225.8597116470337,360.99031162261963
360.99031162261963,1225.8597116470337,360.99031162261963
361.7376127243042,1227.1540746688843,361.7376127243042
360.99031162261963,1225.8597116470337,360.99031162261963
361.7376127243042,1227.1540746688843,361.7376127243042
361.11101818084717,1225.8015818595886,361.11101818084717
361.7376127243042,1227.1540746688843,361.7376127243042
360.99031162261963,1225.8597116470337,360.99031162261963
362.6694812774658,1228.3226013183594,362.6694812774658
361.7376127243042,1227.1540746688843,361.7376127243042
362.6694812774658,1228.3226013183594,362.6694812774658
361.8483076095581,1227.078604221344,361.8483076095581
361.7376127243042,1227.1540746688843,361.7376127243042
361.8483076095581,1227.078604221344,361.8483076095581
361.11101818084717,1225.8015818595886,361.11101818084717
361.11101818084717,1225.8015818595886,361.11101818084717
361.8483076095581,1227.078604221344,361.8483076095581
361.4407958984375,1225.6427693367004,361.4407958984375
361.11101818084717,1225.8015818595886,361.11101818084717
361.4407958984375,1225.6427693367004,361.4407958984375
360.92205810546875,1224.321048259735,360.92205810546875
360.92205810546875,1224.321048259735,360.92205810546875
361.4407958984375,1225.6427693367004,361.4407958984375
361.399845123291,1224.1736705303192,361.399845123291
360.92205810546875,1224.321048259735,360.92205810546875
361.399845123291,1224.1736705303192,361.399845123291
361.1005229949951,1222.8622543811798,361.1005229949951
361.1005229949951,1222.8622543811798,361.1005229949951
361.399845123291,1224.1736705303192,361.399845123291
362.48245906829834,1224.2570352554321,362.48245906829834
361.1005229949951,1222.8622543811798,361.1005229949951
362.48245906829834,1224.2570352554321,362.48245906829834
362.0,1221.5208740234375,362.0
361.399845123291,1224.1736705303192,361.399845123291
361.4407958984375,1225.6427693367004,361.4407958984375
361.89128017425537,1225.425827741623,361.89128017425537
361.399845123291,1224.1736705303192,361.399845123291
361.89128017425537,1225.425827741623,361.89128017425537
362.48245906829834,1224.2570352554321,362.48245906829834
361.4407958984375,1225.6427693367004,361.4407958984375
361.8483076095581,1227.078604221344,361.8483076095581
362.1507315635681,1226.8724145889282,362.1507315635681
361.4407958984375,1225.6427693367004,361.4407958984375
362.1507315635681,1226.8724145889282,362.1507315635681
361.89128017425537,1225.425827741623,361.89128017425537
361.8483076095581,1227.078604221344,361.8483076095581
362.6694812774658,1228.3226013183594,362.6694812774658
362.76769161224365,1228.231475353241,362.76769161224365
361.8483076095581,1227.078604221344,361.8483076095581
362.76769161224365,1228.231475353241,362.76769161224365
362.1507315635681,1226.8724145889282,362.1507315635681
362.1507315635681,1226.8724145889282,362.1507315635681
362.76769161224365,1228.231475353241,362.76769161224365
363.0360074043274,1227.9825148582458,363.0360074043274
362.1507315635681,1226.8724145889282,362.1507315635681
363.0360074043274,1227.9825148582458,363.0360074043274
362.5638508796692,1226.5907545089722,362.5638508796692
362.1507315635681,1226.8724145889282,362.1507315635681
362.5638508796692,1226.5907545089722,362.5638508796692
361.89128017425537,1225.425827741623,361.89128017425537
361.89128017425537,1225.425827741623,361.89128017425537
362.5638508796692,1226.5907545089722,362.5638508796692
363.8716444969177,1226.6631751060486,363.8716444969177
361.89128017425537,1225.425827741623,361.89128017425537
363.8716444969177,1226.6631751060486,363.8716444969177
362.48245906829834,1224.2570352554321,362.48245906829834
362.5638508796692,1226.5907545089722,362.5638508796692
363.0360074043274,1227.9825148582458,363.0360074043274
363.4025330543518,1227.6424288749695,363.4025330543518
362.5638508796692,1226.5907545089722,362.5638508796692
363.4025330543518,1227.6424288749695,363.4025330543518
363.8716444969177,1226.6631751060486,363.8716444969177
363.0360074043274,1227.9825148582458,363.0360074043274
362.76769161224365,1228.231475353241,362.76769161224365
363.8486337661743,1229.2344431877136,363.8486337661743
363.0360074043274,1227.9825148582458,363.0360074043274
363.8486337661743,1229.2344431877136,363.8486337661743
364.076847076416,1228.9482731819153,364.076847076416
363.0360074043274,1227.9825148582458,363.0360074043274
364.076847076416,1228.9482731819153,364.076847076416
363.4025330543518,1227.6424288749695,363.4025330543518
362.76769161224365,1228.231475353241,362.76769161224365
362.6694812774658,1228.3226013183594,362.6694812774658
363.76510190963745,1229.3391890525818,363.76510190963745
362.76769161224365,1228.231475353241,362.76769161224365
363.76510190963745,1229.3391890525818,363.76510190963745
363.8486337661743,1229.2344431877136,363.8486337661743
362.6694812774658,1228.3226013183594,362.6694812774658
360.99031162261963,1225.8597116470337,360.99031162261963
362.6694812774658,1228.3226013183594,362.6694812774658
362.6694812774658,1228.3226013183594,362.6694812774658
362.6694812774658,1228.3226013183594,362.6694812774658
363.76510190963745,1229.3391890525818,363.76510190963745
360.99031162261963,1225.8597116470337,360.99031162261963
365.0,1221.5208740234375,365.0
365.4322729110718,1223.5545573234558,365.4322729110718
360.99031162261963,1225.8597116470337,360.99031162261963
365.4322729110718,1223.5545573234558,365.4322729110718
362.6694812774658,1228.3226013183594,362.6694812774658
362.6694812774658,1228.3226013183594,362.6694812774658
365.4322729110718,1223.5545573234558,365.4322729110718
366.6543469429016,1225.2365982532501,366.6543469429016
362.6694812774658,1228.3226013183594,362.6694812774658
366.6543469429016,1225.2365982532501,366.6543469429016
365.0,1230.181128501892,365.0
362.6694812774658,1228.3226013183594,362.6694812774658
365.0,1230.181128501892,365.0
363.76510190963745,1229.3391890525818,363.76510190963745
363.76510190963745,1229.3391890525818,363.76510190963745
365.0,1230.181128501892,365.0
365.0,1230.181128501892,365.0
363.76510190963745,1229.3391890525818,363.76510190963745
365.0,1230.181128501892,365.0
363.8486337661743,1229.2344431877136,363.8486337661743
363.8486337661743,1229.2344431877136,363.8486337661743
365.0,1230.181128501892,365.0
365.06698751449585,1230.0651025772095,365.06698751449585
363.8486337661743,1229.2344431877136,363.8486337661743
365.06698751449585,1230.0651025772095,365.06698751449585
364.076847076416,1228.9482731819153,364.076847076416
365.0,1230.181128501892,365.0
365.0,1230.181128501892,365.0
366.3465898036957,1230.8296117782593,366.3465898036957
365.0,1230.181128501892,365.0
366.3465898036957,1230.8296117782593,366.3465898036957
365.06698751449585,1230.0651025772095,365.06698751449585
365.06698751449585,1230.0651025772095,365.06698751449585
366.3465898036957,1230.8296117782593,366.3465898036957
366.3955361843109,1230.7048978805542,366.3955361843109
365.06698751449585,1230.0651025772095,365.06698751449585
366.3955361843109,1230.7048978805542,366.3955361843109
365.25,1229.7481155395508,365.25
365.06698751449585,1230.0651025772095,365.06698751449585
365.25,1229.7481155395508,365.25
364.076847076416,1228.9482731819153,364.076847076416
364.076847076416,1228.9482731819153,364.076847076416
365.25,1229.7481155395508,365.25
364.3885917663574,1228.5573573112488,364.3885917663574
364.076847076416,1228.9482731819153,364.076847076416
364.3885917663574,1228.5573573112488,364.3885917663574
363.4025330543518,1227.6424288749695,363.4025330543518
363.4025330543518,1227.6424288749695,363.4025330543518
364.3885917663574,1228.5573573112488,364.3885917663574
366.0,1228.449077129364,366.0
363.4025330543518,1227.6424288749695,363.4025330543518
366.0,1228.449077129364,366.0
363.8716444969177,1226.6631751060486,363.8716444969177
364.3885917663574,1228.5573573112488,364.3885917663574
365.25,1229.7481155395508,365.25
365.5,1229.3151025772095,365.5
364.3885917663574,1228.5573573112488,364.3885917663574
365.5,1229.3151025772095,365.5
366.0,1228.449077129364,366.0
365.25,1229.7481155395508,365.25
366.3955361843109,1230.7048978805542,366.3955361843109
366.5292601585388,1230.3641748428345,366.5292601585388
365.25,1229.7481155395508,365.25
366.5292601585388,1230.3641748428345,366.5292601585388
365.5,1229.3151025772095,365.5
365.5,1229.3151025772095,365.5
366.5292601585388,1230.3641748428345,366.5292601585388
366.71193075180054,1229.8987379074097,366.71193075180054
365.5,1229.3151025772095,365.5
366.71193075180054,1229.8987379074097,366.71193075180054
366.0,1228.449077129364,366.0
366.5292601585388,1230.3641748428345,366.5292601585388
366.3955361843109,1230.7048978805542,366.3955361843109
367.8046028614044,1231.1395378112793,367.8046028614044
366.5292601585388,1230.3641748428345,366.5292601585388
367.8046028614044,1231.1395378112793,367.8046028614044
367.8860511779785,1230.7826890945435,367.8860511779785
366.5292601585388,1230.3641748428345,366.5292601585388
367.8860511779785,1230.7826890945435,367.8860511779785
366.71193075180054,1229.8987379074097,366.71193075180054
366.3955361843109,1230.7048978805542,366.3955361843109
366.3465898036957,1230.8296117782593,366.3465898036957
367.774790763855,1231.2701530456543,367.774790763855
366.3955361843109,1230.7048978805542,366.3955361843109
367.774790763855,1231.2701530456543,367.774790763855
367.8046028614044,1231.1395378112793,367.8046028614044
366.3465898036957,1230.8296117782593,366.3465898036957
365.0,1230.181128501892,365.0
367.774790763855,1231.2701530456543,367.774790763855
366.3465898036957,1230.8296117782593,366.3465898036957
367.774790763855,1231.2701530456543,367.774790763855
367.774790763855,1231.2701530456543,367.774790763855
367.774790763855,1231.2701530456543,367.774790763855
367.774790763855,1231.2701530456543,367.774790763855
369.25269907712936,1231.4929122924805,369.25269907712936
367.774790763855,1231.2701530456543,367.774790763855
369.25269907712936,1231.4929122924805,369.25269907712936
367.8046028614044,1231.1395378112793,367.8046028614044
367.8046028614044,1231.1395378112793,367.8046028614044
369.25269907712936,1231.4929122924805,369.25269907712936
369.2627109885216,1231.3593120574951,369.2627109885216
367.8046028614044,1231.1395378112793,367.8046028614044
369.2627109885216,1231.3593120574951,369.2627109885216
367.8860511779785,1230.7826890945435,367.8860511779785
365.0,1230.181128501892,365.0
366.6543469429016,1225.2365982532501,366.6543469429016
368.4549150466919,1226.276156425476,368.4549150466919
365.0,1230.181128501892,365.0
368.4549150466919,1226.276156425476,368.4549150466919
367.774790763855,1231.2701530456543,367.774790763855
367.774790763855,1231.2701530456543,367.774790763855
368.4549150466919,1226.276156425476,368.4549150466919
370.0,1231.5208740234375,370.0
367.774790763855,1231.2701530456543,367.774790763855
370.0,1231.5208740234375,370.0
369.25269907712936,1231.4929122924805,369.25269907712936
369.25269907712936,1231.4929122924805,369.25269907712936
370.0,1231.5208740234375,370.0
370.74730092287064,1231.4929122924805,370.74730092287064
369.25269907712936,1231.4929122924805,369.25269907712936
370.74730092287064,1231.4929122924805,370.74730092287064
369.2627109885216,1231.3593120574951,369.2627109885216
370.0,1231.5208740234375,370.0
368.4549150466919,1226.276156425476,368.4549150466919
370.52264231443405,1226.493483543396,370.52264231443405
370.0,1231.5208740234375,370.0
370.52264231443405,1226.493483543396,370.52264231443405
370.74730092287064,1231.4929122924805,370.74730092287064
370.0,1231.5208740234375,370.0
370.74730092287064,1231.4929122924805,370.74730092287064
370.74730092287064,1231.4929122924805,370.74730092287064
370.74730092287064,1231.4929122924805,370.74730092287064
370.52264231443405,1226.493483543396,370.52264231443405
373.6534101963043,1230.8296117782593,373.6534101963043
370.74730092287064,1231.4929122924805,370.74730092287064
373.6534101963043,1230.8296117782593,373.6534101963043
372.225209236145,1231.2701530456543,372.225209236145
370.74730092287064,1231.4929122924805,370.74730092287064
372.225209236145,1231.2701530456543,372.225209236145
370.74730092287064,1231.4929122924805,370.74730092287064
370.74730092287064,1231.4929122924805,370.74730092287064
372.225209236145,1231.2701530456543,372.225209236145
370.7372890114784,1231.3593120574951,370.7372890114784
370.74730092287064,1231.4929122924805,370.74730092287064
370.7372890114784,1231.3593120574951,370.7372890114784
369.2627109885216,1231.3593120574951,369.2627109885216
369.2627109885216,1231.3593120574951,369.2627109885216
370.7372890114784,1231.3593120574951,370.7372890114784
369.2900640964508,1230.9943103790283,369.2900640964508
369.2627109885216,1231.3593120574951,369.2627109885216
369.2900640964508,1230.9943103790283,369.2900640964508
367.8860511779785,1230.7826890945435,367.8860511779785
367.8860511779785,1230.7826890945435,367.8860511779785
369.2900640964508,1230.9943103790283,369.2900640964508
367.99731159210205,1230.2952251434326,367.99731159210205
367.8860511779785,1230.7826890945435,367.8860511779785
367.99731159210205,1230.2952251434326,367.99731159210205
366.71193075180054,1229.8987379074097,366.71193075180054
366.71193075180054,1229.8987379074097,366.71193075180054
367.99731159210205,1230.2952251434326,367.99731159210205
368.6108145713806,1229.399335861206,368.6108145713806
366.71193075180054,1229.8987379074097,366.71193075180054
368.6108145713806,1229.399335861206,368.6108145713806
366.0,1228.449077129364,366.0
367.99731159210205,1230.2952251434326,367.99731159210205
369.2900640964508,1230.9943103790283,369.2900640964508
369.3274291753769,1230.4957084655762,369.3274291753769
367.99731159210205,1230.2952251434326,367.99731159210205
369.3274291753769,1230.4957084655762,369.3274291753769
368.6108145713806,1229.399335861206,368.6108145713806
369.2900640964508,1230.9943103790283,369.2900640964508
370.7372890114784,1231.3593120574951,370.7372890114784
370.7099359035492,1230.9943103790283,370.7099359035492
369.2900640964508,1230.9943103790283,369.2900640964508
370.7099359035492,1230.9943103790283,370.7099359035492
369.3274291753769,1230.4957084655762,369.3274291753769
370.7372890114784,1231.3593120574951,370.7372890114784
372.225209236145,1231.2701530456543,372.225209236145
372.1953971385956,1231.1395378112793,372.1953971385956
370.7372890114784,1231.3593120574951,370.7372890114784
372.1953971385956,1231.1395378112793,372.1953971385956
370.7099359035492,1230.9943103790283,370.7099359035492
372.225209236145,1231.2701530456543,372.225209236145
373.6534101963043,1230.8296117782593,373.6534101963043
373.6534101963043,1230.8296117782593,373.6534101963043
372.225209236145,1231.2701530456543,372.225209236145
373.6534101963043,1230.8296117782593,373.6534101963043
372.1953971385956,1231.1395378112793,372.1953971385956
373.6534101963043,1230.8296117782593,373.6534101963043
373.6534101963043,1230.8296117782593,373.6534101963043
375.0,1230.181128501892,375.0
373.6534101963043,1230.8296117782593,373.6534101963043
375.0,1230.181128501892,375.0
373.6044638156891,1230.7048978805542,373.6044638156891
373.6534101963043,1230.8296117782593,373.6534101963043
373.6044638156891,1230.7048978805542,373.6044638156891
372.1953971385956,1231.1395378112793,372.1953971385956
372.1953971385956,1231.1395378112793,372.1953971385956
373.6044638156891,1230.7048978805542,373.6044638156891
372.1139488220215,1230.7826890945435,372.1139488220215
372.1953971385956,1231.1395378112793,372.1953971385956
372.1139488220215,1230.7826890945435,372.1139488220215
370.7099359035492,1230.9943103790283,370.7099359035492
370.7099359035492,1230.9943103790283,370.7099359035492
372.1139488220215,1230.7826890945435,372.1139488220215
370.6725708246231,1230.4957084655762,370.6725708246231
370.7099359035492,1230.9943103790283,370.7099359035492
370.6725708246231,1230.4957084655762,370.6725708246231
369.3274291753769,1230.4957084655762,369.3274291753769
369.3274291753769,1230.4957084655762,369.3274291753769
370.6725708246231,1230.4957084655762,370.6725708246231
371.3891854286194,1229.399335861206,371.3891854286194
369.3274291753769,1230.4957084655762,369.3274291753769
371.3891854286194,1229.399335861206,371.3891854286194
368.6108145713806,1229.399335861206,368.6108145713806
370.6725708246231,1230.4957084655762,370.6725708246231
372.1139488220215,1230.7826890945435,372.1139488220215
372.00268840789795,1230.2952251434326,372.00268840789795
370.6725708246231,1230.4957084655762,370.6725708246231
372.00268840789795,1230.2952251434326,372.00268840789795
371.3891854286194,1229.399335861206,371.3891854286194
372.1139488220215,1230.7826890945435,372.1139488220215
373.6044638156891,1230.7048978805542,373.6044638156891
373.4707398414612,1230.3641748428345,373.4707398414612
372.1139488220215,1230.7826890945435,372.1139488220215
373.4707398414612,1230.3641748428345,373.4707398414612
372.00268840789795,1230.2952251434326,372.00268840789795
373.6044638156891,1230.7048978805542,373.6044638156891
375.0,1230.181128501892,375.0
374.93301248550415,1230.0651025772095,374.93301248550415
373.6044638156891,1230.7048978805542,373.6044638156891
374.93301248550415,1230.0651025772095,374.93301248550415
373.4707398414612,1230.3641748428345,373.4707398414612
375.0,1230.181128501892,375.0
373.6534101963043,1230.8296117782593,373.6534101963043
376.23489809036255,1229.3391890525818,376.23489809036255
375.0,1230.181128501892,375.0
376.23489809036255,1229.3391890525818,376.23489809036255
374.93301248550415,1230.0651025772095,374.93301248550415
374.93301248550415,1230.0651025772095,374.93301248550415
376.23489809036255,1229.3391890525818,376.23489809036255
376.1513662338257,1229.2344431877136,376.1513662338257
374.93301248550415,1230.0651025772095,374.93301248550415
376.1513662338257,1229.2344431877136,376.1513662338257
374.75,1229.7481155395508,374.75
374.93301248550415,1230.0651025772095,374.93301248550415
374.75,1229.7481155395508,374.75
373.4707398414612,1230.3641748428345,373.4707398414612
373.4707398414612,1230.3641748428345,373.4707398414612
374.75,1229.7481155395508,374.75
373.28806924819946,1229.8987379074097,373.28806924819946
373.4707398414612,1230.3641748428345,373.4707398414612
373.28806924819946,1229.8987379074097,373.28806924819946
372.00268840789795,1230.2952251434326,372.00268840789795
372.00268840789795,1230.2952251434326,372.00268840789795
373.28806924819946,1229.8987379074097,373.28806924819946
374.0,1228.449077129364,374.0
372.00268840789795,1230.2952251434326,372.00268840789795
374.0,1228.449077129364,374.0
371.3891854286194,1229.399335861206,371.3891854286194
373.28806924819946,1229.8987379074097,373.28806924819946
374.75,1229.7481155395508,374.75
374.5,1229.3151025772095,374.5
373.28806924819946,1229.8987379074097,373.28806924819946
374.5,1229.3151025772095,374.5
374.0,1228.449077129364,374.0
374.75,1229.7481155395508,374.75
376.1513662338257,1229.2344431877136,376.1513662338257
375.923152923584,1228.9482731819153,375.923152923584
374.75,1229.7481155395508,374.75
375.923152923584,1228.9482731819153,375.923152923584
374.5,1229.3151025772095,374.5
374.5,1229.3151025772095,374.5
375.923152923584,1228.9482731819153,375.923152923584
375.6114082336426,1228.5573573112488,375.6114082336426
374.5,1229.3151025772095,374.5
375.6114082336426,1228.5573573112488,375.6114082336426
374.0,1228.449077129364,374.0
375.923152923584,1228.9482731819153,375.923152923584
376.1513662338257,1229.2344431877136,376.1513662338257
377.23230838775635,1228.231475353241,377.23230838775635
375.923152923584,1228.9482731819153,375.923152923584
377.23230838775635,1228.231475353241,377.23230838775635
376.9639925956726,1227.9825148582458,376.9639925956726
375.923152923584,1228.9482731819153,375.923152923584
376.9639925956726,1227.9825148582458,376.9639925956726
375.6114082336426,1228.5573573112488,375.6114082336426
376.1513662338257,1229.2344431877136,376.1513662338257
376.23489809036255,1229.3391890525818,376.23489809036255
377.3305187225342,1228.3226013183594,377.3305187225342
376.1513662338257,1229.2344431877136,376.1513662338257
377.3305187225342,1228.3226013183594,377.3305187225342
377.23230838775635,1228.231475353241,377.23230838775635
376.23489809036255,1229.3391890525818,376.23489809036255
373.6534101963043,1230.8296117782593,373.6534101963043
376.23489809036255,1229.3391890525818,376.23489809036255
376.23489809036255,1229.3391890525818,376.23489809036255
376.23489809036255,1229.3391890525818,376.23489809036255
377.3305187225342,1228.3226013183594,377.3305187225342
377.3305187225342,1228.3226013183594,377.3305187225342
376.23489809036255,1229.3391890525818,376.23489809036255
378.2623872756958,1227.1540746688843,378.2623872756958
377.3305187225342,1228.3226013183594,377.3305187225342
378.2623872756958,1227.1540746688843,378.2623872756958
377.23230838775635,1228.231475353241,377.23230838775635
377.23230838775635,1228.231475353241,377.23230838775635
378.2623872756958,1227.1540746688843,378.2623872756958
378.1516923904419,1227.078604221344,378.1516923904419
377.23230838775635,1228.231475353241,377.23230838775635
378.1516923904419,1227.078604221344,378.1516923904419
376.9639925956726,1227.9825148582458,376.9639925956726
376.9639925956726,1227.9825148582458,376.9639925956726
378.1516923904419,1227.078604221344,378.1516923904419
377.8492684364319,1226.8724145889282,377.8492684364319
376.9639925956726,1227.9825148582458,376.9639925956726
377.8492684364319,1226.8724145889282,377.8492684364319
376.5974669456482,1227.6424288749695,376.5974669456482
376.9639925956726,1227.9825148582458,376.9639925956726
376.5974669456482,1227.6424288749695,376.5974669456482
375.6114082336426,1228.5573573112488,375.6114082336426
375.6114082336426,1228.5573573112488,375.6114082336426
376.5974669456482,1227.6424288749695,376.5974669456482
376.1283555030823,1226.6631751060486,376.1283555030823
375.6114082336426,1228.5573573112488,375.6114082336426
376.1283555030823,1226.6631751060486,376.1283555030823
374.0,1228.449077129364,374.0
376.5974669456482,1227.6424288749695,376.5974669456482
377.8492684364319,1226.8724145889282,377.8492684364319
377.4361491203308,1226.5907545089722,377.4361491203308
376.5974669456482,1227.6424288749695,376.5974669456482
377.4361491203308,1226.5907545089722,377.4361491203308
376.1283555030823,1226.6631751060486,376.1283555030823
377.4361491203308,1226.5907545089722,377.4361491203308
377.51754093170166,1224.2570352554321,377.51754093170166
376.1283555030823,1226.6631751060486,376.1283555030823
376.1283555030823,1226.6631751060486,376.1283555030823
377.51754093170166,1224.2570352554321,377.51754093170166
377.51754093170166,1224.2570352554321,377.51754093170166
376.1283555030823,1226.6631751060486,376.1283555030823
377.51754093170166,1224.2570352554321,377.51754093170166
376.1283555030823,1226.6631751060486,376.1283555030823
376.1283555030823,1226.6631751060486,376.1283555030823
376.1283555030823,1226.6631751060486,376.1283555030823
374.0,1228.449077129364,374.0
374.0,1228.449077129364,374.0
376.1283555030823,1226.6631751060486,376.1283555030823
374.0,1228.449077129364,374.0
374.0,1228.449077129364,374.0
374.0,1228.449077129364,374.0
371.3891854286194,1229.399335861206,371.3891854286194
376.1283555030823,1226.6631751060486,376.1283555030823
377.51754093170166,1224.2570352554321,377.51754093170166
370.0,1221.5208740234375,370.0
376.1283555030823,1226.6631751060486,376.1283555030823
370.0,1221.5208740234375,370.0
374.0,1228.449077129364,374.0
374.0,1228.449077129364,374.0
370.0,1221.5208740234375,370.0
371.3891854286194,1229.399335861206,371.3891854286194
374.0,1228.449077129364,374.0
371.3891854286194,1229.399335861206,371.3891854286194
371.3891854286194,1229.399335861206,371.3891854286194
371.3891854286194,1229.399335861206,371.3891854286194
371.3891854286194,1229.399335861206,371.3891854286194
368.6108145713806,1229.399335861206,368.6108145713806
371.3891854286194,1229.399335861206,371.3891854286194
370.0,1221.5208740234375,370.0
368.6108145713806,1229.399335861206,368.6108145713806
371.3891854286194,1229.399335861206,371.3891854286194
368.6108145713806,1229.399335861206,368.6108145713806
368.6108145713806,1229.399335861206,368.6108145713806
368.6108145713806,1229.399335861206,368.6108145713806
368.6108145713806,1229.399335861206,368.6108145713806
366.0,1228.449077129364,366.0
368.6108145713806,1229.399335861206,368.6108145713806
370.0,1221.5208740234375,370.0
366.0,1228.449077129364,366.0
368.6108145713806,1229.399335861206,368.6108145713806
366.0,1228.449077129364,366.0
366.0,1228.449077129364,366.0
366.0,1228.449077129364,366.0
366.0,1228.449077129364,366.0
363.8716444969177,1226.6631751060486,363.8716444969177
366.0,1228.449077129364,366.0
370.0,1221.5208740234375,370.0
363.8716444969177,1226.6631751060486,363.8716444969177
366.0,1228.449077129364,366.0
363.8716444969177,1226.6631751060486,363.8716444969177
363.8716444969177,1226.6631751060486,363.8716444969177
363.8716444969177,1226.6631751060486,363.8716444969177
363.8716444969177,1226.6631751060486,363.8716444969177
362.48245906829834,1224.2570352554321,362.48245906829834
370.52264231443405,1226.493483543396,370.52264231443405
368.4549150466919,1226.276156425476,368.4549150466919
370.0,1226.5208740234375,370.0
363.8716444969177,1226.6631751060486,363.8716444969177
370.0,1221.5208740234375,370.0
362.48245906829834,1224.2570352554321,362.48245906829834
363.8716444969177,1226.6631751060486,363.8716444969177
362.48245906829834,1224.2570352554321,362.48245906829834
362.48245906829834,1224.2570352554321,362.48245906829834
362.48245906829834,1224.2570352554321,362.48245906829834
362.48245906829834,1224.2570352554321,362.48245906829834
362.0,1221.5208740234375,362.0
362.48245906829834,1224.2570352554321,362.48245906829834
370.0,1221.5208740234375,370.0
362.0,1221.5208740234375,362.0
362.48245906829834,1224.2570352554321,362.48245906829834
362.0,1221.5208740234375,362.0
362.0,1221.5208740234375,362.0
362.0,1221.5208740234375,362.0
362.0,1221.5208740234375,362.0
362.48245906829834,1218.7847127914429,362.48245906829834
362.0,1221.5208740234375,362.0
370.0,1221.5208740234375,370.0
362.48245906829834,1218.7847127914429,362.48245906829834
362.0,1221.5208740234375,362.0
362.48245906829834,1218.7847127914429,362.48245906829834
362.48245906829834,1218.7847127914429,362.48245906829834
362.48245906829834,1218.7847127914429,362.48245906829834
362.48245906829834,1218.7847127914429,362.48245906829834
363.8716444969177,1216.3785729408264,363.8716444969177
362.48245906829834,1218.7847127914429,362.48245906829834
370.0,1221.5208740234375,370.0
363.8716444969177,1216.3785729408264,363.8716444969177
362.48245906829834,1218.7847127914429,362.48245906829834
363.8716444969177,1216.3785729408264,363.8716444969177
363.8716444969177,1216.3785729408264,363.8716444969177
363.8716444969177,1216.3785729408264,363.8716444969177
363.8716444969177,1216.3785729408264,363.8716444969177
366.0,1214.592670917511,366.0
363.8716444969177,1216.3785729408264,363.8716444969177
370.0,1221.5208740234375,370.0
366.0,1214.592670917511,366.0
363.8716444969177,1216.3785729408264,363.8716444969177
366.0,1214.592670917511,366.0
366.0,1214.592670917511,366.0
366.0,1214.592670917511,366.0
366.0,1214.592670917511,366.0
368.6108145713806,1213.642412185669,368.6108145713806
366.0,1214.592670917511,366.0
370.0,1221.5208740234375,370.0
368.6108145713806,1213.642412185669,368.6108145713806
366.0,1214.592670917511,366.0
368.6108145713806,1213.642412185669,368.6108145713806
368.6108145713806,1213.642412185669,368.6108145713806
368.6108145713806,1213.642412185669,368.6108145713806
368.6108145713806,1213.642412185669,368.6108145713806
371.3891854286194,1213.642412185669,371.3891854286194
368.6108145713806,1213.642412185669,368.6108145713806
370.0,1221.5208740234375,370.0
371.3891854286194,1213.642412185669,371.3891854286194
368.6108145713806,1213.642412185669,368.6108145713806
371.3891854286194,1213.642412185669,371.3891854286194
371.3891854286194,1213.642412185669,371.3891854286194
371.3891854286194,1213.642412185669,371.3891854286194
371.3891854286194,1213.642412185669,371.3891854286194
374.0,1214.592670917511,374.0
371.3891854286194,1213.642412185669,371.3891854286194
370.0,1221.5208740234375,370.0
374.0,1214.592670917511,374.0
371.3891854286194,1213.642412185669,371.3891854286194
374.0,1214.592670917511,374.0
374.0,1214.592670917511,374.0
374.0,1214.592670917511,374.0
374.0,1214.592670917511,374.0
376.1283555030823,1216.3785729408264,376.1283555030823
374.0,1214.592670917511,374.0
370.0,1221.5208740234375,370.0
376.1283555030823,1216.3785729408264,376.1283555030823
374.0,1214.592670917511,374.0
376.1283555030823,1216.3785729408264,376.1283555030823
376.1283555030823,1216.3785729408264,376.1283555030823
376.1283555030823,1216.3785729408264,376.1283555030823
376.1283555030823,1216.3785729408264,376.1283555030823
377.51754093170166,1218.7847127914429,377.51754093170166
376.1283555030823,1216.3785729408264,376.1283555030823
370.0,1221.5208740234375,370.0
377.51754093170166,1218.7847127914429,377.51754093170166
376.1283555030823,1216.3785729408264,376.1283555030823
377.51754093170166,1218.7847127914429,377.51754093170166
377.51754093170166,1218.7847127914429,377.51754093170166
377.51754093170166,1218.7847127914429,377.51754093170166
377.51754093170166,1218.7847127914429,377.51754093170166
378.0,1221.5208740234375,378.0
377.51754093170166,1218.7847127914429,377.51754093170166
370.0,1221.5208740234375,370.0
378.0,1221.5208740234375,378.0
377.51754093170166,1218.7847127914429,377.51754093170166
378.0,1221.5208740234375,378.0
378.0,1221.5208740234375,378.0
370.0,1221.5208740234375,370.0
377.51754093170166,1224.2570352554321,377.51754093170166
378.0,1221.5208740234375,378.0
377.51754093170166,1224.2570352554321,377.51754093170166
377.51754093170166,1224.2570352554321,377.51754093170166
378.0,1221.5208740234375,378.0
378.0,1221.5208740234375,378.0
377.51754093170166,1224.2570352554321,377.51754093170166
378.0,1221.5208740234375,378.0
