281.7739932537079,1299.734084367752, 270.35577860474586
288.47076416015625,1298.767023563385, 268.4514716863632
281.7539315223694,1299.8104211091995, 270.4322518110275
281.7739932537079,1299.734084367752, 270.35577860474586
281.7539315223694,1299.8104211091995, 270.4322518110275
281.76145792007446,1297.2708740234375, 270.43412044644356
281.7739932537079,1299.734084367752, 270.35577860474586
281.76145792007446,1297.2708740234375, 270.43412044644356
281.78999423980713,1299.408448457718, 269.78290206193924
281.7739932537079,1299.734084367752, 270.35577860474586
281.78999423980713,1299.408448457718, 269.78290206193924
288.47076416015625,1298.767023563385, 268.4514716863632
281.78999423980713,1299.408448457718, 269.78290206193924
281.76145792007446,1297.2708740234375, 270.43412044644356
281.7624361515045,1299.370771408081, 269.64197769761086
281.78999423980713,1299.408448457718, 269.78290206193924
281.7624361515045,1299.370771408081, 269.64197769761086
288.03626346588135,1298.2017426490784, 267.4026758670807
281.78999423980713,1299.408448457718, 269.78290206193924
288.03626346588135,1298.2017426490784, 267.4026758670807
288.47076416015625,1298.767023563385, 268.4514716863632
281.7624361515045,1299.370771408081, 269.64197769761086
281.76145792007446,1297.2708740234375, 270.43412044644356
281.68830823898315,1299.2694253921509, 269.2629101872444
281.7624361515045,1299.370771408081, 269.64197769761086
281.68830823898315,1299.2694253921509, 269.2629101872444
288.03626346588135,1298.2017426490784, 267.4026758670807
281.68830823898315,1299.2694253921509, 269.2629101872444
281.76145792007446,1297.2708740234375, 270.43412044644356
281.512414932251,1299.2790286540985, 268.85752868652344
281.68830823898315,1299.2694253921509, 269.2629101872444
281.512414932251,1299.2790286540985, 268.85752868652344
287.5529479980469,1298.0847289562225, 266.2360486984253
281.68830823898315,1299.2694253921509, 269.2629101872444
287.5529479980469,1298.0847289562225, 266.2360486984253
288.03626346588135,1298.2017426490784, 267.4026758670807
281.512414932251,1299.2790286540985, 268.85752868652344
281.76145792007446,1297.2708740234375, 270.43412044644356
281.4696342945099,1299.281364440918, 268.75893199443817
281.512414932251,1299.2790286540985, 268.85752868652344
281.4696342945099,1299.281364440918, 268.75893199443817
287.0860905647278,1298.431785583496, 265.10914945602417
281.512414932251,1299.2790286540985, 268.85752868652344
287.0860905647278,1298.431785583496, 265.10914945602417
287.5529479980469,1298.0847289562225, 266.2360486984253
281.4696342945099,1299.281364440918, 268.75893199443817
281.76145792007446,1297.2708740234375, 270.43412044644356
281.46368956565857,1299.2844078540802, 268.7505747079849
281.4696342945099,1299.281364440918, 268.75893199443817
281.46368956565857,1299.2844078540802, 268.7505747079849
287.0860905647278,1298.431785583496, 265.10914945602417
281.46368956565857,1299.2844078540802, 268.7505747079849
281.76145792007446,1297.2708740234375, 270.43412044644356
281.46450209617615,1297.2708740234375, 268.75
281.46368956565857,1299.2844078540802, 268.7505747079849
281.46450209617615,1297.2708740234375, 268.75
281.18374013900757,1299.4277267456055, 268.35701274871826
281.46368956565857,1299.2844078540802, 268.7505747079849
281.18374013900757,1299.4277267456055, 268.35701274871826
287.0860905647278,1298.431785583496, 265.10914945602417
281.46450209617615,1297.2708740234375, 268.75
280.1544888615608,1297.2708740234375, 267.6507685184479
281.18374013900757,1299.4277267456055, 268.35701274871826
281.76145792007446,1297.2708740234375, 270.43412044644356
281.7539315223694,1299.8104211091995, 270.4322518110275
280.9064074754715,1297.2708740234375, 271.9151110649109
276.83741903305054,1297.2708740234375, 270.43412044644356
277.6924694776535,1297.2708740234375, 271.9151110649109
276.83741903305054,1305.7708740234375, 270.43412044644356
276.83741903305054,1297.2708740234375, 270.43412044644356
276.83741903305054,1305.7708740234375, 270.43412044644356
276.7994384765625,1297.2708740234375, 270.0
276.7994384765625,1297.2708740234375, 270.0
276.83741903305054,1305.7708740234375, 270.43412044644356
276.7994384765625,1305.7708740234375, 270.0
276.7994384765625,1297.2708740234375, 270.0
276.7994384765625,1305.7708740234375, 270.0
277.13437485694885,1297.2708740234375, 268.75
276.7994384765625,1305.7708740234375, 270.0
277.13437485694885,1305.7708740234375, 268.75
277.13437485694885,1297.2708740234375, 268.75
277.13437485694885,1305.7708740234375, 268.75
278.4443880915642,1305.7708740234375, 267.6507685184479
277.13437485694885,1297.2708740234375, 268.75
276.83741903305054,1305.7708740234375, 270.43412044644356
277.6924694776535,1297.2708740234375, 271.9151110649109
277.6924694776535,1305.7708740234375, 271.9151110649109
277.13437485694885,1297.2708740234375, 268.75
278.4443880915642,1305.7708740234375, 267.6507685184479
278.4443880915642,1297.2708740234375, 267.6507685184479
277.6924694776535,1297.2708740234375, 271.9151110649109
279.2994384765625,1297.2708740234375, 272.5
277.6924694776535,1305.7708740234375, 271.9151110649109
277.6924694776535,1305.7708740234375, 271.9151110649109
279.2994384765625,1297.2708740234375, 272.5
279.2994384765625,1305.7708740234375, 272.5
279.2994384765625,1297.2708740234375, 272.5
280.9064074754715,1297.2708740234375, 271.9151110649109
279.2994384765625,1305.7708740234375, 272.5
279.2994384765625,1305.7708740234375, 272.5
280.9064074754715,1297.2708740234375, 271.9151110649109
280.9064074754715,1305.7708740234375, 271.9151110649109
281.18374013900757,1299.4277267456055, 268.35701274871826
280.1544888615608,1297.2708740234375, 267.6507685184479
281.0343543291092,1299.5488430261612, 268.22192347049713
281.18374013900757,1299.4277267456055, 268.35701274871826
281.0343543291092,1299.5488430261612, 268.22192347049713
287.0860905647278,1298.431785583496, 265.10914945602417
281.0343543291092,1299.5488430261612, 268.22192347049713
280.1544888615608,1297.2708740234375, 267.6507685184479
280.7452292442322,1299.783254623413, 267.9604682922363
281.0343543291092,1299.5488430261612, 268.22192347049713
280.7452292442322,1299.783254623413, 267.9604682922363
286.69874382019043,1299.1960406303406, 264.1741724014282
281.0343543291092,1299.5488430261612, 268.22192347049713
286.69874382019043,1299.1960406303406, 264.1741724014282
287.0860905647278,1298.431785583496, 265.10914945602417
280.7452292442322,1299.783254623413, 267.9604682922363
280.1544888615608,1297.2708740234375, 267.6507685184479
280.4858204126358,1300.0926110744476, 267.8203635215759
280.7452292442322,1299.783254623413, 267.9604682922363
280.4858204126358,1300.0926110744476, 267.8203635215759
286.69874382019043,1299.1960406303406, 264.1741724014282
280.4858204126358,1300.0926110744476, 267.8203635215759
280.1544888615608,1297.2708740234375, 267.6507685184479
280.2122060060501,1300.4189085960388, 267.67258620262146
280.4858204126358,1300.0926110744476, 267.8203635215759
280.2122060060501,1300.4189085960388, 267.67258620262146
286.69874382019043,1299.1960406303406, 264.1741724014282
280.2122060060501,1300.4189085960388, 267.67258620262146
280.1544888615608,1297.2708740234375, 267.6507685184479
280.1534976363182,1300.540255844593, 267.6537528038025
280.2122060060501,1300.4189085960388, 267.67258620262146
280.1534976363182,1300.540255844593, 267.6537528038025
286.4432210922241,1300.2742774486542, 263.557391166687
280.2122060060501,1300.4189085960388, 267.67258620262146
286.4432210922241,1300.2742774486542, 263.557391166687
286.69874382019043,1299.1960406303406, 264.1741724014282
280.1534976363182,1300.540255844593, 267.6537528038025
280.1544888615608,1297.2708740234375, 267.6507685184479
280.0394637584686,1300.7759582996368, 267.6171715259552
280.1534976363182,1300.540255844593, 267.6537528038025
280.0394637584686,1300.7759582996368, 267.6171715259552
286.4432210922241,1300.2742774486542, 263.557391166687
280.1544888615608,1297.2708740234375, 267.6507685184479
278.4443880915642,1297.2708740234375, 267.6507685184479
280.0394637584686,1300.7759582996368, 267.6171715259552
280.0394637584686,1300.7759582996368, 267.6171715259552
278.4443880915642,1297.2708740234375, 267.6507685184479
279.9109167456627,1301.0416586697102, 267.5759344100952
280.0394637584686,1300.7759582996368, 267.6171715259552
279.9109167456627,1301.0416586697102, 267.5759344100952
286.4432210922241,1300.2742774486542, 263.557391166687
278.4443880915642,1297.2708740234375, 267.6507685184479
278.4443880915642,1305.7708740234375, 267.6507685184479
279.83779096603394,1301.5208740234375, 267.55865263938904
278.4443880915642,1297.2708740234375, 267.6507685184479
279.83779096603394,1301.5208740234375, 267.55865263938904
279.9109167456627,1301.0416586697102, 267.5759344100952
279.9109167456627,1301.0416586697102, 267.5759344100952
279.83779096603394,1301.5208740234375, 267.55865263938904
286.3540315628052,1301.5208740234375, 263.3421058654785
279.9109167456627,1301.0416586697102, 267.5759344100952
286.3540315628052,1301.5208740234375, 263.3421058654785
286.4432210922241,1300.2742774486542, 263.557391166687
279.83779096603394,1301.5208740234375, 267.55865263938904
278.4443880915642,1305.7708740234375, 267.6507685184479
279.9497783780098,1302.11533755064, 267.58607006073
279.83779096603394,1301.5208740234375, 267.55865263938904
279.9497783780098,1302.11533755064, 267.58607006073
286.3540315628052,1301.5208740234375, 263.3421058654785
279.9497783780098,1302.11533755064, 267.58607006073
278.4443880915642,1305.7708740234375, 267.6507685184479
280.03388810157776,1302.2655067443848, 267.61602091789246
279.9497783780098,1302.11533755064, 267.58607006073
280.03388810157776,1302.2655067443848, 267.61602091789246
286.4432210922241,1302.7674705982208, 263.557391166687
279.9497783780098,1302.11533755064, 267.58607006073
286.4432210922241,1302.7674705982208, 263.557391166687
286.3540315628052,1301.5208740234375, 263.3421058654785
280.03388810157776,1302.2655067443848, 267.61602091789246
278.4443880915642,1305.7708740234375, 267.6507685184479
280.1518858075142,1302.4761793613434, 267.658038854599
280.03388810157776,1302.2655067443848, 267.61602091789246
280.1518858075142,1302.4761793613434, 267.658038854599
286.4432210922241,1302.7674705982208, 263.557391166687
278.4443880915642,1305.7708740234375, 267.6507685184479
280.1544888615608,1305.7708740234375, 267.6507685184479
280.1518858075142,1302.4761793613434, 267.658038854599
280.1518858075142,1302.4761793613434, 267.658038854599
280.1544888615608,1305.7708740234375, 267.6507685184479
280.321170091629,1302.7784187793732, 267.7183198928833
280.1518858075142,1302.4761793613434, 267.658038854599
280.321170091629,1302.7784187793732, 267.7183198928833
286.4432210922241,1302.7674705982208, 263.557391166687
280.321170091629,1302.7784187793732, 267.7183198928833
280.1544888615608,1305.7708740234375, 267.6507685184479
280.4798854589462,1302.9535956382751, 267.8127372264862
280.321170091629,1302.7784187793732, 267.7183198928833
280.4798854589462,1302.9535956382751, 267.8127372264862
286.69874382019043,1303.8457074165344, 264.1741724014282
280.321170091629,1302.7784187793732, 267.7183198928833
286.69874382019043,1303.8457074165344, 264.1741724014282
286.4432210922241,1302.7674705982208, 263.557391166687
280.4798854589462,1302.9535956382751, 267.8127372264862
280.1544888615608,1305.7708740234375, 267.6507685184479
280.8169358968735,1303.3256038427353, 268.01324343681335
280.4798854589462,1302.9535956382751, 267.8127372264862
280.8169358968735,1303.3256038427353, 268.01324343681335
286.69874382019043,1303.8457074165344, 264.1741724014282
280.8169358968735,1303.3256038427353, 268.01324343681335
280.1544888615608,1305.7708740234375, 267.6507685184479
281.0333067178726,1303.492219567299, 268.22162544727325
280.8169358968735,1303.3256038427353, 268.01324343681335
281.0333067178726,1303.492219567299, 268.22162544727325
287.0860905647278,1304.609962463379, 265.10914945602417
280.8169358968735,1303.3256038427353, 268.01324343681335
287.0860905647278,1304.609962463379, 265.10914945602417
286.69874382019043,1303.8457074165344, 264.1741724014282
281.0333067178726,1303.492219567299, 268.22162544727325
280.1544888615608,1305.7708740234375, 267.6507685184479
281.2277281284332,1303.641933441162, 268.40886867046356
281.0333067178726,1303.492219567299, 268.22162544727325
281.2277281284332,1303.641933441162, 268.40886867046356
287.0860905647278,1304.609962463379, 265.10914945602417
281.2277281284332,1303.641933441162, 268.40886867046356
280.1544888615608,1305.7708740234375, 267.6507685184479
281.4566023349762,1303.746197938919, 268.7552069425583
281.2277281284332,1303.641933441162, 268.40886867046356
281.4566023349762,1303.746197938919, 268.7552069425583
287.0860905647278,1304.609962463379, 265.10914945602417
280.1544888615608,1305.7708740234375, 267.6507685184479
281.46450209617615,1305.7708740234375, 268.75
281.4566023349762,1303.746197938919, 268.7552069425583
281.4566023349762,1303.746197938919, 268.7552069425583
281.46450209617615,1305.7708740234375, 268.75
281.51920104026794,1303.7747149467468, 268.84993278980255
281.4566023349762,1303.746197938919, 268.7552069425583
281.51920104026794,1303.7747149467468, 268.84993278980255
287.5529479980469,1304.9570190906525, 266.2360486984253
281.4566023349762,1303.746197938919, 268.7552069425583
287.5529479980469,1304.9570190906525, 266.2360486984253
287.0860905647278,1304.609962463379, 265.10914945602417
281.46450209617615,1305.7708740234375, 268.75
281.76145792007446,1305.7708740234375, 270.43412044644356
281.7160429954529,1303.757398366928, 269.3596695661545
281.46450209617615,1305.7708740234375, 268.75
281.7160429954529,1303.757398366928, 269.3596695661545
281.51920104026794,1303.7747149467468, 268.84993278980255
281.51920104026794,1303.7747149467468, 268.84993278980255
281.7160429954529,1303.757398366928, 269.3596695661545
288.03626346588135,1304.8400053977966, 267.4026758670807
281.51920104026794,1303.7747149467468, 268.84993278980255
288.03626346588135,1304.8400053977966, 267.4026758670807
287.5529479980469,1304.9570190906525, 266.2360486984253
281.7160429954529,1303.757398366928, 269.3596695661545
281.76145792007446,1305.7708740234375, 270.43412044644356
281.7616286277771,1303.6701159477234, 269.64138528704643
281.7160429954529,1303.757398366928, 269.3596695661545
281.7616286277771,1303.6701159477234, 269.64138528704643
288.03626346588135,1304.8400053977966, 267.4026758670807
281.7616286277771,1303.6701159477234, 269.64138528704643
281.76145792007446,1305.7708740234375, 270.43412044644356
281.79466128349304,1303.606868505478, 269.8455241173506
281.7616286277771,1303.6701159477234, 269.64138528704643
281.79466128349304,1303.606868505478, 269.8455241173506
288.47076416015625,1304.27472448349, 268.4514716863632
281.7616286277771,1303.6701159477234, 269.64138528704643
288.47076416015625,1304.27472448349, 268.4514716863632
288.03626346588135,1304.8400053977966, 267.4026758670807
281.79466128349304,1303.606868505478, 269.8455241173506
281.76145792007446,1305.7708740234375, 270.43412044644356
281.7610445022583,1303.2461664676666, 270.4340924024582
281.79466128349304,1303.606868505478, 269.8455241173506
281.7610445022583,1303.2461664676666, 270.4340924024582
288.47076416015625,1304.27472448349, 268.4514716863632
281.7610445022583,1303.2461664676666, 270.4340924024582
281.76145792007446,1305.7708740234375, 270.43412044644356
281.76084542274475,1303.2440294027328, 270.4375796318054
281.7610445022583,1303.2461664676666, 270.4340924024582
281.76084542274475,1303.2440294027328, 270.4375796318054
288.47076416015625,1304.27472448349, 268.4514716863632
281.76145792007446,1305.7708740234375, 270.43412044644356
280.9064074754715,1305.7708740234375, 271.9151110649109
281.76084542274475,1303.2440294027328, 270.4375796318054
281.76084542274475,1303.2440294027328, 270.4375796318054
280.9064074754715,1305.7708740234375, 271.9151110649109
281.59235548973083,1302.6294412612915, 270.9884717464447
281.76084542274475,1303.2440294027328, 270.4375796318054
281.59235548973083,1302.6294412612915, 270.9884717464447
288.47076416015625,1304.27472448349, 268.4514716863632
288.03626346588135,1304.8400053977966, 267.4026758670807
288.47076416015625,1304.27472448349, 268.4514716863632
293.37228202819824,1304.9376347064972, 266.96271419525146
288.03626346588135,1304.8400053977966, 267.4026758670807
293.37228202819824,1304.9376347064972, 266.96271419525146
292.8331880569458,1305.6389908790588, 265.6614508628845
288.03626346588135,1304.8400053977966, 267.4026758670807
292.8331880569458,1305.6389908790588, 265.6614508628845
287.5529479980469,1304.9570190906525, 266.2360486984253
287.5529479980469,1304.9570190906525, 266.2360486984253
292.8331880569458,1305.6389908790588, 265.6614508628845
292.23352813720703,1305.7841720581055, 264.2139916419983
287.5529479980469,1304.9570190906525, 266.2360486984253
292.23352813720703,1305.7841720581055, 264.2139916419983
287.0860905647278,1304.609962463379, 265.10914945602417
287.0860905647278,1304.609962463379, 265.10914945602417
292.23352813720703,1305.7841720581055, 264.2139916419983
291.65428829193115,1305.353571653366, 262.81582403182983
287.0860905647278,1304.609962463379, 265.10914945602417
291.65428829193115,1305.353571653366, 262.81582403182983
286.69874382019043,1303.8457074165344, 264.1741724014282
286.69874382019043,1303.8457074165344, 264.1741724014282
291.65428829193115,1305.353571653366, 262.81582403182983
291.1736993789673,1304.4053440093994, 261.6557779312134
286.69874382019043,1303.8457074165344, 264.1741724014282
291.1736993789673,1304.4053440093994, 261.6557779312134
286.4432210922241,1302.7674705982208, 263.557391166687
286.4432210922241,1302.7674705982208, 263.557391166687
291.1736993789673,1304.4053440093994, 261.6557779312134
290.8566665649414,1303.067552804947, 260.8905248641968
286.4432210922241,1302.7674705982208, 263.557391166687
290.8566665649414,1303.067552804947, 260.8905248641968
286.3540315628052,1301.5208740234375, 263.3421058654785
286.3540315628052,1301.5208740234375, 263.3421058654785
290.8566665649414,1303.067552804947, 260.8905248641968
290.7460069656372,1301.5208740234375, 260.62341499328613
286.3540315628052,1301.5208740234375, 263.3421058654785
290.7460069656372,1301.5208740234375, 260.62341499328613
286.4432210922241,1300.2742774486542, 263.557391166687
286.4432210922241,1300.2742774486542, 263.557391166687
290.7460069656372,1301.5208740234375, 260.62341499328613
290.8566665649414,1299.974195241928, 260.8905248641968
286.4432210922241,1300.2742774486542, 263.557391166687
290.8566665649414,1299.974195241928, 260.8905248641968
286.69874382019043,1299.1960406303406, 264.1741724014282
286.69874382019043,1299.1960406303406, 264.1741724014282
290.8566665649414,1299.974195241928, 260.8905248641968
291.1736993789673,1298.6364040374756, 261.6557779312134
286.69874382019043,1299.1960406303406, 264.1741724014282
291.1736993789673,1298.6364040374756, 261.6557779312134
287.0860905647278,1298.431785583496, 265.10914945602417
287.0860905647278,1298.431785583496, 265.10914945602417
291.1736993789673,1298.6364040374756, 261.6557779312134
291.65428829193115,1297.688176393509, 262.81582403182983
287.0860905647278,1298.431785583496, 265.10914945602417
291.65428829193115,1297.688176393509, 262.81582403182983
287.5529479980469,1298.0847289562225, 266.2360486984253
287.5529479980469,1298.0847289562225, 266.2360486984253
291.65428829193115,1297.688176393509, 262.81582403182983
292.23352813720703,1297.2575759887695, 264.2139916419983
287.5529479980469,1298.0847289562225, 266.2360486984253
292.23352813720703,1297.2575759887695, 264.2139916419983
288.03626346588135,1298.2017426490784, 267.4026758670807
288.03626346588135,1298.2017426490784, 267.4026758670807
292.23352813720703,1297.2575759887695, 264.2139916419983
292.8331880569458,1297.4027571678162, 265.6614508628845
288.03626346588135,1298.2017426490784, 267.4026758670807
292.8331880569458,1297.4027571678162, 265.6614508628845
288.47076416015625,1298.767023563385, 268.4514716863632
292.23352813720703,1297.2575759887695, 264.2139916419983
291.65428829193115,1297.688176393509, 262.81582403182983
294.71978282928467,1297.3125314712524, 261.3433713912964
292.23352813720703,1297.2575759887695, 264.2139916419983
294.71978282928467,1297.3125314712524, 261.3433713912964
295.3557929992676,1296.8397278785706, 262.87857389450073
292.23352813720703,1297.2575759887695, 264.2139916419983
295.3557929992676,1296.8397278785706, 262.87857389450073
292.8331880569458,1297.4027571678162, 265.6614508628845
291.65428829193115,1297.688176393509, 262.81582403182983
291.1736993789673,1298.6364040374756, 261.6557779312134
294.19209003448486,1298.3536956310272, 260.06962871551514
291.65428829193115,1297.688176393509, 262.81582403182983
294.19209003448486,1298.3536956310272, 260.06962871551514
294.71978282928467,1297.3125314712524, 261.3433713912964
291.1736993789673,1298.6364040374756, 261.6557779312134
290.8566665649414,1299.974195241928, 260.8905248641968
293.84398460388184,1299.822604417801, 259.22937202453613
291.1736993789673,1298.6364040374756, 261.6557779312134
293.84398460388184,1299.822604417801, 259.22937202453613
294.19209003448486,1298.3536956310272, 260.06962871551514
290.8566665649414,1299.974195241928, 260.8905248641968
290.7460069656372,1301.5208740234375, 260.62341499328613
293.72247982025146,1301.5208740234375, 258.9360828399658
290.8566665649414,1299.974195241928, 260.8905248641968
293.72247982025146,1301.5208740234375, 258.9360828399658
293.84398460388184,1299.822604417801, 259.22937202453613
290.7460069656372,1301.5208740234375, 260.62341499328613
290.8566665649414,1303.067552804947, 260.8905248641968
293.84398460388184,1303.219143629074, 259.22937202453613
290.7460069656372,1301.5208740234375, 260.62341499328613
293.84398460388184,1303.219143629074, 259.22937202453613
293.72247982025146,1301.5208740234375, 258.9360828399658
290.8566665649414,1303.067552804947, 260.8905248641968
291.1736993789673,1304.4053440093994, 261.6557779312134
294.19209003448486,1304.6880524158478, 260.06962871551514
290.8566665649414,1303.067552804947, 260.8905248641968
294.19209003448486,1304.6880524158478, 260.06962871551514
293.84398460388184,1303.219143629074, 259.22937202453613
291.1736993789673,1304.4053440093994, 261.6557779312134
291.65428829193115,1305.353571653366, 262.81582403182983
294.71978282928467,1305.7292165756226, 261.3433713912964
291.1736993789673,1304.4053440093994, 261.6557779312134
294.71978282928467,1305.7292165756226, 261.3433713912964
294.19209003448486,1304.6880524158478, 260.06962871551514
291.65428829193115,1305.353571653366, 262.81582403182983
292.23352813720703,1305.7841720581055, 264.2139916419983
295.3557929992676,1306.2020201683044, 262.87857389450073
291.65428829193115,1305.353571653366, 262.81582403182983
295.3557929992676,1306.2020201683044, 262.87857389450073
294.71978282928467,1305.7292165756226, 261.3433713912964
292.23352813720703,1305.7841720581055, 264.2139916419983
292.8331880569458,1305.6389908790588, 265.6614508628845
296.01422691345215,1306.0426096916199, 264.46789932250977
292.23352813720703,1305.7841720581055, 264.2139916419983
296.01422691345215,1306.0426096916199, 264.46789932250977
295.3557929992676,1306.2020201683044, 262.87857389450073
292.8331880569458,1305.6389908790588, 265.6614508628845
293.37228202819824,1304.9376347064972, 266.96271419525146
296.60615730285645,1305.2725131511688, 265.89670038223267
292.8331880569458,1305.6389908790588, 265.6614508628845
296.60615730285645,1305.2725131511688, 265.89670038223267
296.01422691345215,1306.0426096916199, 264.46789932250977
296.01422691345215,1306.0426096916199, 264.46789932250977
296.60615730285645,1305.2725131511688, 265.89670038223267
298.7592124938965,1305.2870728969574, 265.0166234970093
296.01422691345215,1306.0426096916199, 264.46789932250977
298.7592124938965,1305.2870728969574, 265.0166234970093
298.1649856567383,1306.060157775879, 263.5822777748108
296.01422691345215,1306.0426096916199, 264.46789932250977
298.1649856567383,1306.060157775879, 263.5822777748108
295.3557929992676,1306.2020201683044, 262.87857389450073
295.3557929992676,1306.2020201683044, 262.87857389450073
298.1649856567383,1306.060157775879, 263.5822777748108
297.50399589538574,1306.2201871871948, 261.98678398132324
295.3557929992676,1306.2020201683044, 262.87857389450073
297.50399589538574,1306.2201871871948, 261.98678398132324
294.71978282928467,1305.7292165756226, 261.3433713912964
294.71978282928467,1305.7292165756226, 261.3433713912964
297.50399589538574,1306.2201871871948, 261.98678398132324
296.86551666259766,1305.745548248291, 260.44562339782715
294.71978282928467,1305.7292165756226, 261.3433713912964
296.86551666259766,1305.745548248291, 260.44562339782715
294.19209003448486,1304.6880524158478, 260.06962871551514
294.19209003448486,1304.6880524158478, 260.06962871551514
296.86551666259766,1305.745548248291, 260.44562339782715
296.33577728271484,1304.7003438472748, 259.16693782806396
294.19209003448486,1304.6880524158478, 260.06962871551514
296.33577728271484,1304.7003438472748, 259.16693782806396
293.84398460388184,1303.219143629074, 259.22937202453613
293.84398460388184,1303.219143629074, 259.22937202453613
296.33577728271484,1304.7003438472748, 259.16693782806396
295.98632049560547,1303.2257343530655, 258.32342052459717
293.84398460388184,1303.219143629074, 259.22937202453613
295.98632049560547,1303.2257343530655, 258.32342052459717
293.72247982025146,1301.5208740234375, 258.9360828399658
293.72247982025146,1301.5208740234375, 258.9360828399658
295.98632049560547,1303.2257343530655, 258.32342052459717
295.8643436431885,1301.5208740234375, 258.0289936065674
293.72247982025146,1301.5208740234375, 258.9360828399658
295.8643436431885,1301.5208740234375, 258.0289936065674
293.84398460388184,1299.822604417801, 259.22937202453613
293.84398460388184,1299.822604417801, 259.22937202453613
295.8643436431885,1301.5208740234375, 258.0289936065674
295.98632049560547,1299.8160136938095, 258.32342052459717
293.84398460388184,1299.822604417801, 259.22937202453613
295.98632049560547,1299.8160136938095, 258.32342052459717
294.19209003448486,1298.3536956310272, 260.06962871551514
294.19209003448486,1298.3536956310272, 260.06962871551514
295.98632049560547,1299.8160136938095, 258.32342052459717
296.33577728271484,1298.3414041996002, 259.16693782806396
294.19209003448486,1298.3536956310272, 260.06962871551514
296.33577728271484,1298.3414041996002, 259.16693782806396
294.71978282928467,1297.3125314712524, 261.3433713912964
294.71978282928467,1297.3125314712524, 261.3433713912964
296.33577728271484,1298.3414041996002, 259.16693782806396
296.86551666259766,1297.296199798584, 260.44562339782715
294.71978282928467,1297.3125314712524, 261.3433713912964
296.86551666259766,1297.296199798584, 260.44562339782715
295.3557929992676,1296.8397278785706, 262.87857389450073
296.33577728271484,1298.3414041996002, 259.16693782806396
295.98632049560547,1299.8160136938095, 258.32342052459717
297.9842586517334,1299.9425081014633, 257.84913635253906
296.33577728271484,1298.3414041996002, 259.16693782806396
297.9842586517334,1299.9425081014633, 257.84913635253906
298.3077869415283,1298.5773091316223, 258.6300678253174
296.33577728271484,1298.3414041996002, 259.16693782806396
298.3077869415283,1298.5773091316223, 258.6300678253174
296.86551666259766,1297.296199798584, 260.44562339782715
295.98632049560547,1299.8160136938095, 258.32342052459717
295.8643436431885,1301.5208740234375, 258.0289936065674
297.8713321685791,1301.5208740234375, 257.5765542984009
295.98632049560547,1299.8160136938095, 258.32342052459717
297.8713321685791,1301.5208740234375, 257.5765542984009
297.9842586517334,1299.9425081014633, 257.84913635253906
295.8643436431885,1301.5208740234375, 258.0289936065674
295.98632049560547,1303.2257343530655, 258.32342052459717
297.9842586517334,1303.0992399454117, 257.84913635253906
295.8643436431885,1301.5208740234375, 258.0289936065674
297.9842586517334,1303.0992399454117, 257.84913635253906
297.8713321685791,1301.5208740234375, 257.5765542984009
295.98632049560547,1303.2257343530655, 258.32342052459717
296.33577728271484,1304.7003438472748, 259.16693782806396
298.3077869415283,1304.4644389152527, 258.6300678253174
295.98632049560547,1303.2257343530655, 258.32342052459717
298.3077869415283,1304.4644389152527, 258.6300678253174
297.9842586517334,1303.0992399454117, 257.84913635253906
296.33577728271484,1304.7003438472748, 259.16693782806396
296.86551666259766,1305.745548248291, 260.44562339782715
298.7982234954834,1305.4320931434631, 259.81387996673584
296.33577728271484,1304.7003438472748, 259.16693782806396
298.7982234954834,1305.4320931434631, 259.81387996673584
298.3077869415283,1304.4644389152527, 258.6300678253174
296.86551666259766,1305.745548248291, 260.44562339782715
297.50399589538574,1306.2201871871948, 261.98678398132324
299.3893299102783,1305.8715152740479, 261.2406921386719
296.86551666259766,1305.745548248291, 260.44562339782715
299.3893299102783,1305.8715152740479, 261.2406921386719
298.7982234954834,1305.4320931434631, 259.81387996673584
297.50399589538574,1306.2201871871948, 261.98678398132324
298.1649856567383,1306.060157775879, 263.5822777748108
300.0012741088867,1305.7233595848083, 262.7178053855896
297.50399589538574,1306.2201871871948, 261.98678398132324
300.0012741088867,1305.7233595848083, 262.7178053855896
299.3893299102783,1305.8715152740479, 261.2406921386719
298.1649856567383,1306.060157775879, 263.5822777748108
298.7592124938965,1305.2870728969574, 265.0166234970093
300.55141258239746,1305.00763463974, 264.0457282066345
298.1649856567383,1306.060157775879, 263.5822777748108
300.55141258239746,1305.00763463974, 264.0457282066345
300.0012741088867,1305.7233595848083, 262.7178053855896
300.0012741088867,1305.7233595848083, 262.7178053855896
300.55141258239746,1305.00763463974, 264.0457282066345
301.48401069641113,1304.6304516792297, 263.35105562210083
300.0012741088867,1305.7233595848083, 262.7178053855896
301.48401069641113,1304.6304516792297, 263.35105562210083
300.9933834075928,1305.2687525749207, 262.1667823791504
300.0012741088867,1305.7233595848083, 262.7178053855896
300.9933834075928,1305.2687525749207, 262.1667823791504
299.3893299102783,1305.8715152740479, 261.2406921386719
299.3893299102783,1305.8715152740479, 261.2406921386719
300.9933834075928,1305.2687525749207, 262.1667823791504
300.44763565063477,1305.4008815288544, 260.8494567871094
299.3893299102783,1305.8715152740479, 261.2406921386719
300.44763565063477,1305.4008815288544, 260.8494567871094
298.7982234954834,1305.4320931434631, 259.81387996673584
298.7982234954834,1305.4320931434631, 259.81387996673584
300.44763565063477,1305.4008815288544, 260.8494567871094
299.9204730987549,1305.008994102478, 259.5769901275635
298.7982234954834,1305.4320931434631, 259.81387996673584
299.9204730987549,1305.008994102478, 259.5769901275635
298.3077869415283,1304.4644389152527, 258.6300678253174
298.3077869415283,1304.4644389152527, 258.6300678253174
299.9204730987549,1305.008994102478, 259.5769901275635
299.4830913543701,1304.1460165977478, 258.52123832702637
298.3077869415283,1304.4644389152527, 258.6300678253174
299.4830913543701,1304.1460165977478, 258.52123832702637
297.9842586517334,1303.0992399454117, 257.84913635253906
297.9842586517334,1303.0992399454117, 257.84913635253906
299.4830913543701,1304.1460165977478, 258.52123832702637
299.1945610046387,1302.9284991025925, 257.82478427886963
297.9842586517334,1303.0992399454117, 257.84913635253906
299.1945610046387,1302.9284991025925, 257.82478427886963
297.8713321685791,1301.5208740234375, 257.5765542984009
297.8713321685791,1301.5208740234375, 257.5765542984009
299.1945610046387,1302.9284991025925, 257.82478427886963
299.09385108947754,1301.5208740234375, 257.5816898345947
297.8713321685791,1301.5208740234375, 257.5765542984009
299.09385108947754,1301.5208740234375, 257.5816898345947
297.9842586517334,1299.9425081014633, 257.84913635253906
297.9842586517334,1299.9425081014633, 257.84913635253906
299.09385108947754,1301.5208740234375, 257.5816898345947
299.1945610046387,1300.1132489442825, 257.82478427886963
297.9842586517334,1299.9425081014633, 257.84913635253906
299.1945610046387,1300.1132489442825, 257.82478427886963
298.3077869415283,1298.5773091316223, 258.6300678253174
299.09385108947754,1301.5208740234375, 257.5816898345947
299.1945610046387,1302.9284991025925, 257.82478427886963
300.16208839416504,1302.6861382722855, 258.1011199951172
299.09385108947754,1301.5208740234375, 257.5816898345947
300.16208839416504,1302.6861382722855, 258.1011199951172
300.0787181854248,1301.5208740234375, 257.8998804092407
299.09385108947754,1301.5208740234375, 257.5816898345947
300.0787181854248,1301.5208740234375, 257.8998804092407
299.1945610046387,1300.1132489442825, 257.82478427886963
299.1945610046387,1302.9284991025925, 257.82478427886963
299.4830913543701,1304.1460165977478, 258.52123832702637
300.4009418487549,1303.69402718544, 258.6776599884033
299.1945610046387,1302.9284991025925, 257.82478427886963
300.4009418487549,1303.69402718544, 258.6776599884033
300.16208839416504,1302.6861382722855, 258.1011199951172
299.4830913543701,1304.1460165977478, 258.52123832702637
299.9204730987549,1305.008994102478, 259.5769901275635
300.7630157470703,1304.4084196090698, 259.5516357421875
299.4830913543701,1304.1460165977478, 258.52123832702637
300.7630157470703,1304.4084196090698, 259.5516357421875
300.4009418487549,1303.69402718544, 258.6776599884033
299.9204730987549,1305.008994102478, 259.5769901275635
300.44763565063477,1305.4008815288544, 260.8494567871094
301.19941329956055,1304.732833147049, 260.60501194000244
299.9204730987549,1305.008994102478, 259.5769901275635
301.19941329956055,1304.732833147049, 260.60501194000244
300.7630157470703,1304.4084196090698, 259.5516357421875
300.44763565063477,1305.4008815288544, 260.8494567871094
300.9933834075928,1305.2687525749207, 262.1667823791504
301.65119552612305,1304.623453617096, 261.69552516937256
300.44763565063477,1305.4008815288544, 260.8494567871094
301.65119552612305,1304.623453617096, 261.69552516937256
301.19941329956055,1304.732833147049, 260.60501194000244
300.9933834075928,1305.2687525749207, 262.1667823791504
301.48401069641113,1304.6304516792297, 263.35105562210083
302.0573482513428,1304.0950536727905, 262.67589378356934
300.9933834075928,1305.2687525749207, 262.1667823791504
302.0573482513428,1304.0950536727905, 262.67589378356934
301.65119552612305,1304.623453617096, 261.69552516937256
301.65119552612305,1304.623453617096, 261.69552516937256
302.0573482513428,1304.0950536727905, 262.67589378356934
302.22254943847656,1303.7321252822876, 262.3107933998108
301.65119552612305,1304.623453617096, 261.69552516937256
302.22254943847656,1303.7321252822876, 262.3107933998108
301.87366104125977,1304.186027288437, 261.4686450958252
301.65119552612305,1304.623453617096, 261.69552516937256
301.87366104125977,1304.186027288437, 261.4686450958252
301.19941329956055,1304.732833147049, 260.60501194000244
301.19941329956055,1304.732833147049, 260.60501194000244
301.87366104125977,1304.186027288437, 261.4686450958252
301.4855728149414,1304.2799854278564, 260.53188133239746
301.19941329956055,1304.732833147049, 260.60501194000244
301.4855728149414,1304.2799854278564, 260.53188133239746
300.7630157470703,1304.4084196090698, 259.5516357421875
300.7630157470703,1304.4084196090698, 259.5516357421875
301.4855728149414,1304.2799854278564, 260.53188133239746
301.11070251464844,1304.0013103485107, 259.62701892852783
300.7630157470703,1304.4084196090698, 259.5516357421875
301.11070251464844,1304.0013103485107, 259.62701892852783
300.4009418487549,1303.69402718544, 258.6776599884033
300.4009418487549,1303.69402718544, 258.6776599884033
301.11070251464844,1304.0013103485107, 259.62701892852783
300.7996768951416,1303.3876386880875, 258.8762626647949
300.4009418487549,1303.69402718544, 258.6776599884033
300.7996768951416,1303.3876386880875, 258.8762626647949
300.16208839416504,1302.6861382722855, 258.1011199951172
300.16208839416504,1302.6861382722855, 258.1011199951172
300.7996768951416,1303.3876386880875, 258.8762626647949
300.5944995880127,1302.521849989891, 258.38100814819336
300.16208839416504,1302.6861382722855, 258.1011199951172
300.5944995880127,1302.521849989891, 258.38100814819336
300.0787181854248,1301.5208740234375, 257.8998804092407
300.7996768951416,1303.3876386880875, 258.8762626647949
301.11070251464844,1304.0013103485107, 259.62701892852783
301.8269348144531,1302.6706192493439, 260.04751205444336
300.7996768951416,1303.3876386880875, 258.8762626647949
301.8269348144531,1302.6706192493439, 260.04751205444336
301.68276596069336,1302.3861668109894, 259.69951725006104
300.7996768951416,1303.3876386880875, 258.8762626647949
301.68276596069336,1302.3861668109894, 259.69951725006104
300.5944995880127,1302.521849989891, 258.38100814819336
301.11070251464844,1304.0013103485107, 259.62701892852783
301.4855728149414,1304.2799854278564, 260.53188133239746
302.000696182251,1302.7997921705246, 260.46693897247314
301.11070251464844,1304.0013103485107, 259.62701892852783
302.000696182251,1302.7997921705246, 260.46693897247314
301.8269348144531,1302.6706192493439, 260.04751205444336
301.8269348144531,1302.6706192493439, 260.04751205444336
302.000696182251,1302.7997921705246, 260.46693897247314
302.395845413208,1301.5208740234375, 260.43151092529297
301.8269348144531,1302.6706192493439, 260.04751205444336
302.395845413208,1301.5208740234375, 260.43151092529297
301.68276596069336,1302.3861668109894, 259.69951725006104
302.000696182251,1302.7997921705246, 260.46693897247314
301.4855728149414,1304.2799854278564, 260.53188133239746
302.1805839538574,1302.7562401294708, 260.9011526107788
302.000696182251,1302.7997921705246, 260.46693897247314
302.1805839538574,1302.7562401294708, 260.9011526107788
302.395845413208,1301.5208740234375, 260.43151092529297
301.4855728149414,1304.2799854278564, 260.53188133239746
301.87366104125977,1304.186027288437, 261.4686450958252
302.1805839538574,1302.7562401294708, 260.9011526107788
302.1805839538574,1302.7562401294708, 260.9011526107788
301.87366104125977,1304.186027288437, 261.4686450958252
302.3423042297363,1302.5458450317383, 261.2915096282959
302.1805839538574,1302.7562401294708, 260.9011526107788
302.3423042297363,1302.5458450317383, 261.2915096282959
302.395845413208,1301.5208740234375, 260.43151092529297
301.87366104125977,1304.186027288437, 261.4686450958252
302.22254943847656,1303.7321252822876, 262.3107933998108
302.3423042297363,1302.5458450317383, 261.2915096282959
302.3423042297363,1302.5458450317383, 261.2915096282959
302.22254943847656,1303.7321252822876, 262.3107933998108
302.4640121459961,1302.1970220208168, 261.5852909088135
302.3423042297363,1302.5458450317383, 261.2915096282959
302.4640121459961,1302.1970220208168, 261.5852909088135
302.395845413208,1301.5208740234375, 260.43151092529297
301.68276596069336,1302.3861668109894, 259.69951725006104
302.395845413208,1301.5208740234375, 260.43151092529297
301.58766174316406,1301.9848517775536, 259.4699544906616
301.68276596069336,1302.3861668109894, 259.69951725006104
301.58766174316406,1301.9848517775536, 259.4699544906616
300.5944995880127,1302.521849989891, 258.38100814819336
300.5944995880127,1302.521849989891, 258.38100814819336
301.58766174316406,1301.9848517775536, 259.4699544906616
300.52288246154785,1301.5208740234375, 258.20814037323
300.5944995880127,1302.521849989891, 258.38100814819336
300.52288246154785,1301.5208740234375, 258.20814037323
300.0787181854248,1301.5208740234375, 257.8998804092407
301.58766174316406,1301.9848517775536, 259.4699544906616
302.395845413208,1301.5208740234375, 260.43151092529297
301.55446434020996,1301.5208740234375, 259.38982582092285
301.58766174316406,1301.9848517775536, 259.4699544906616
301.55446434020996,1301.5208740234375, 259.38982582092285
300.52288246154785,1301.5208740234375, 258.20814037323
302.22254943847656,1303.7321252822876, 262.3107933998108
302.0573482513428,1304.0950536727905, 262.67589378356934
302.48512268066406,1302.9795815944672, 262.9445905685425
302.22254943847656,1303.7321252822876, 262.3107933998108
302.48512268066406,1302.9795815944672, 262.9445905685425
302.4640121459961,1302.1970220208168, 261.5852909088135
302.4640121459961,1302.1970220208168, 261.5852909088135
302.48512268066406,1302.9795815944672, 262.9445905685425
302.5292739868164,1301.7568813860416, 261.74281883239746
302.4640121459961,1302.1970220208168, 261.5852909088135
302.5292739868164,1301.7568813860416, 261.74281883239746
302.395845413208,1301.5208740234375, 260.43151092529297
302.0573482513428,1304.0950536727905, 262.67589378356934
301.48401069641113,1304.6304516792297, 263.35105562210083
302.36301612854004,1303.2189964056015, 263.4137144088745
302.0573482513428,1304.0950536727905, 262.67589378356934
302.36301612854004,1303.2189964056015, 263.4137144088745
302.48512268066406,1302.9795815944672, 262.9445905685425
302.48512268066406,1302.9795815944672, 262.9445905685425
302.36301612854004,1303.2189964056015, 263.4137144088745
302.62591552734375,1302.0300313830376, 263.28443813323975
302.48512268066406,1302.9795815944672, 262.9445905685425
302.62591552734375,1302.0300313830376, 263.28443813323975
302.5292739868164,1301.7568813860416, 261.74281883239746
302.5292739868164,1301.7568813860416, 261.74281883239746
302.62591552734375,1302.0300313830376, 263.28443813323975
302.5292739868164,1301.2848666608334, 261.74281883239746
302.5292739868164,1301.7568813860416, 261.74281883239746
302.5292739868164,1301.2848666608334, 261.74281883239746
302.395845413208,1301.5208740234375, 260.43151092529297
300.0787181854248,1301.5208740234375, 257.8998804092407
300.52288246154785,1301.5208740234375, 258.20814037323
300.16208839416504,1300.3556097745895, 258.1011199951172
300.0787181854248,1301.5208740234375, 257.8998804092407
300.16208839416504,1300.3556097745895, 258.1011199951172
299.1945610046387,1300.1132489442825, 257.82478427886963
300.52288246154785,1301.5208740234375, 258.20814037323
301.55446434020996,1301.5208740234375, 259.38982582092285
300.5944995880127,1300.519898056984, 258.38100814819336
300.52288246154785,1301.5208740234375, 258.20814037323
300.5944995880127,1300.519898056984, 258.38100814819336
300.16208839416504,1300.3556097745895, 258.1011199951172
301.55446434020996,1301.5208740234375, 259.38982582092285
302.395845413208,1301.5208740234375, 260.43151092529297
301.58766174316406,1301.0568962693214, 259.4699544906616
301.55446434020996,1301.5208740234375, 259.38982582092285
301.58766174316406,1301.0568962693214, 259.4699544906616
300.5944995880127,1300.519898056984, 258.38100814819336
299.1945610046387,1300.1132489442825, 257.82478427886963
300.16208839416504,1300.3556097745895, 258.1011199951172
299.4830913543701,1298.8957314491272, 258.52123832702637
299.1945610046387,1300.1132489442825, 257.82478427886963
299.4830913543701,1298.8957314491272, 258.52123832702637
298.3077869415283,1298.5773091316223, 258.6300678253174
300.16208839416504,1300.3556097745895, 258.1011199951172
300.5944995880127,1300.519898056984, 258.38100814819336
300.4009418487549,1299.347720861435, 258.6776599884033
300.16208839416504,1300.3556097745895, 258.1011199951172
300.4009418487549,1299.347720861435, 258.6776599884033
299.4830913543701,1298.8957314491272, 258.52123832702637
300.5944995880127,1300.519898056984, 258.38100814819336
301.58766174316406,1301.0568962693214, 259.4699544906616
300.7996768951416,1299.6541093587875, 258.8762626647949
300.5944995880127,1300.519898056984, 258.38100814819336
300.7996768951416,1299.6541093587875, 258.8762626647949
300.4009418487549,1299.347720861435, 258.6776599884033
301.58766174316406,1301.0568962693214, 259.4699544906616
302.395845413208,1301.5208740234375, 260.43151092529297
301.68276596069336,1300.6555812358856, 259.69951725006104
301.58766174316406,1301.0568962693214, 259.4699544906616
301.68276596069336,1300.6555812358856, 259.69951725006104
300.7996768951416,1299.6541093587875, 258.8762626647949
301.48401069641113,1304.6304516792297, 263.35105562210083
300.55141258239746,1305.00763463974, 264.0457282066345
301.8532543182373,1303.5721852779388, 264.2423343658447
301.48401069641113,1304.6304516792297, 263.35105562210083
301.8532543182373,1303.5721852779388, 264.2423343658447
302.36301612854004,1303.2189964056015, 263.4137144088745
302.36301612854004,1303.2189964056015, 263.4137144088745
301.8532543182373,1303.5721852779388, 264.2423343658447
302.5269184112549,1302.1135984063148, 263.80934047698975
302.36301612854004,1303.2189964056015, 263.4137144088745
302.5269184112549,1302.1135984063148, 263.80934047698975
302.62591552734375,1302.0300313830376, 263.28443813323975
302.62591552734375,1302.0300313830376, 263.28443813323975
302.5269184112549,1302.1135984063148, 263.80934047698975
302.62591552734375,1301.0117166638374, 263.28443813323975
302.62591552734375,1302.0300313830376, 263.28443813323975
302.62591552734375,1301.0117166638374, 263.28443813323975
302.5292739868164,1301.2848666608334, 261.74281883239746
302.5292739868164,1301.2848666608334, 261.74281883239746
302.62591552734375,1301.0117166638374, 263.28443813323975
302.4640121459961,1300.8447260260582, 261.5852909088135
302.5292739868164,1301.2848666608334, 261.74281883239746
302.4640121459961,1300.8447260260582, 261.5852909088135
302.395845413208,1301.5208740234375, 260.43151092529297
300.55141258239746,1305.00763463974, 264.0457282066345
298.7592124938965,1305.2870728969574, 265.0166234970093
300.96544456481934,1303.8210034370422, 265.04511642456055
300.55141258239746,1305.00763463974, 264.0457282066345
300.96544456481934,1303.8210034370422, 265.04511642456055
301.8532543182373,1303.5721852779388, 264.2423343658447
301.8532543182373,1303.5721852779388, 264.2423343658447
300.96544456481934,1303.8210034370422, 265.04511642456055
302.0512447357178,1302.2368778586388, 264.7202458381653
301.8532543182373,1303.5721852779388, 264.2423343658447
302.0512447357178,1302.2368778586388, 264.7202458381653
302.5269184112549,1302.1135984063148, 263.80934047698975
302.5269184112549,1302.1135984063148, 263.80934047698975
302.0512447357178,1302.2368778586388, 264.7202458381653
302.5269184112549,1300.9281496405602, 263.80934047698975
302.5269184112549,1302.1135984063148, 263.80934047698975
302.5269184112549,1300.9281496405602, 263.80934047698975
302.62591552734375,1301.0117166638374, 263.28443813323975
302.62591552734375,1301.0117166638374, 263.28443813323975
302.5269184112549,1300.9281496405602, 263.80934047698975
302.48512268066406,1300.0621664524078, 262.9445905685425
302.62591552734375,1301.0117166638374, 263.28443813323975
302.48512268066406,1300.0621664524078, 262.9445905685425
302.4640121459961,1300.8447260260582, 261.5852909088135
302.4640121459961,1300.8447260260582, 261.5852909088135
302.48512268066406,1300.0621664524078, 262.9445905685425
302.3423042297363,1300.4959030151367, 261.2915096282959
302.4640121459961,1300.8447260260582, 261.5852909088135
302.3423042297363,1300.4959030151367, 261.2915096282959
302.395845413208,1301.5208740234375, 260.43151092529297
298.3077869415283,1298.5773091316223, 258.6300678253174
299.4830913543701,1298.8957314491272, 258.52123832702637
298.7982234954834,1297.6096549034119, 259.81387996673584
298.3077869415283,1298.5773091316223, 258.6300678253174
298.7982234954834,1297.6096549034119, 259.81387996673584
296.86551666259766,1297.296199798584, 260.44562339782715
299.4830913543701,1298.8957314491272, 258.52123832702637
300.4009418487549,1299.347720861435, 258.6776599884033
299.9204730987549,1298.032753944397, 259.5769901275635
299.4830913543701,1298.8957314491272, 258.52123832702637
299.9204730987549,1298.032753944397, 259.5769901275635
298.7982234954834,1297.6096549034119, 259.81387996673584
300.4009418487549,1299.347720861435, 258.6776599884033
300.7996768951416,1299.6541093587875, 258.8762626647949
300.7630157470703,1298.6333284378052, 259.5516357421875
300.4009418487549,1299.347720861435, 258.6776599884033
300.7630157470703,1298.6333284378052, 259.5516357421875
299.9204730987549,1298.032753944397, 259.5769901275635
300.7996768951416,1299.6541093587875, 258.8762626647949
301.68276596069336,1300.6555812358856, 259.69951725006104
301.11070251464844,1299.0404376983643, 259.62701892852783
300.7996768951416,1299.6541093587875, 258.8762626647949
301.11070251464844,1299.0404376983643, 259.62701892852783
300.7630157470703,1298.6333284378052, 259.5516357421875
301.68276596069336,1300.6555812358856, 259.69951725006104
302.395845413208,1301.5208740234375, 260.43151092529297
301.8269348144531,1300.3711287975311, 260.04751205444336
301.68276596069336,1300.6555812358856, 259.69951725006104
301.8269348144531,1300.3711287975311, 260.04751205444336
301.11070251464844,1299.0404376983643, 259.62701892852783
296.86551666259766,1297.296199798584, 260.44562339782715
298.7982234954834,1297.6096549034119, 259.81387996673584
297.50399589538574,1296.8215608596802, 261.98678398132324
296.86551666259766,1297.296199798584, 260.44562339782715
297.50399589538574,1296.8215608596802, 261.98678398132324
295.3557929992676,1296.8397278785706, 262.87857389450073
298.7982234954834,1297.6096549034119, 259.81387996673584
299.9204730987549,1298.032753944397, 259.5769901275635
299.3893299102783,1297.1702327728271, 261.2406921386719
298.7982234954834,1297.6096549034119, 259.81387996673584
299.3893299102783,1297.1702327728271, 261.2406921386719
297.50399589538574,1296.8215608596802, 261.98678398132324
299.9204730987549,1298.032753944397, 259.5769901275635
300.7630157470703,1298.6333284378052, 259.5516357421875
300.44763565063477,1297.6408665180206, 260.8494567871094
299.9204730987549,1298.032753944397, 259.5769901275635
300.44763565063477,1297.6408665180206, 260.8494567871094
299.3893299102783,1297.1702327728271, 261.2406921386719
300.7630157470703,1298.6333284378052, 259.5516357421875
301.11070251464844,1299.0404376983643, 259.62701892852783
301.19941329956055,1298.308914899826, 260.60501194000244
300.7630157470703,1298.6333284378052, 259.5516357421875
301.19941329956055,1298.308914899826, 260.60501194000244
300.44763565063477,1297.6408665180206, 260.8494567871094
301.11070251464844,1299.0404376983643, 259.62701892852783
301.8269348144531,1300.3711287975311, 260.04751205444336
301.4855728149414,1298.7617626190186, 260.53188133239746
301.11070251464844,1299.0404376983643, 259.62701892852783
301.4855728149414,1298.7617626190186, 260.53188133239746
301.19941329956055,1298.308914899826, 260.60501194000244
301.8269348144531,1300.3711287975311, 260.04751205444336
302.395845413208,1301.5208740234375, 260.43151092529297
302.000696182251,1300.2419558763504, 260.46693897247314
301.8269348144531,1300.3711287975311, 260.04751205444336
302.000696182251,1300.2419558763504, 260.46693897247314
301.4855728149414,1298.7617626190186, 260.53188133239746
302.395845413208,1301.5208740234375, 260.43151092529297
302.3423042297363,1300.4959030151367, 261.2915096282959
302.1805839538574,1300.2855079174042, 260.9011526107788
302.395845413208,1301.5208740234375, 260.43151092529297
302.1805839538574,1300.2855079174042, 260.9011526107788
302.000696182251,1300.2419558763504, 260.46693897247314
302.000696182251,1300.2419558763504, 260.46693897247314
302.1805839538574,1300.2855079174042, 260.9011526107788
301.87366104125977,1298.855720758438, 261.4686450958252
302.000696182251,1300.2419558763504, 260.46693897247314
301.87366104125977,1298.855720758438, 261.4686450958252
301.4855728149414,1298.7617626190186, 260.53188133239746
302.1805839538574,1300.2855079174042, 260.9011526107788
302.3423042297363,1300.4959030151367, 261.2915096282959
302.22254943847656,1299.3096227645874, 262.3107933998108
302.1805839538574,1300.2855079174042, 260.9011526107788
302.22254943847656,1299.3096227645874, 262.3107933998108
301.87366104125977,1298.855720758438, 261.4686450958252
302.3423042297363,1300.4959030151367, 261.2915096282959
302.48512268066406,1300.0621664524078, 262.9445905685425
302.22254943847656,1299.3096227645874, 262.3107933998108
301.4855728149414,1298.7617626190186, 260.53188133239746
301.87366104125977,1298.855720758438, 261.4686450958252
301.65119552612305,1298.418294429779, 261.69552516937256
301.4855728149414,1298.7617626190186, 260.53188133239746
301.65119552612305,1298.418294429779, 261.69552516937256
301.19941329956055,1298.308914899826, 260.60501194000244
301.87366104125977,1298.855720758438, 261.4686450958252
302.22254943847656,1299.3096227645874, 262.3107933998108
302.0573482513428,1298.9466943740845, 262.67589378356934
301.87366104125977,1298.855720758438, 261.4686450958252
302.0573482513428,1298.9466943740845, 262.67589378356934
301.65119552612305,1298.418294429779, 261.69552516937256
302.22254943847656,1299.3096227645874, 262.3107933998108
302.48512268066406,1300.0621664524078, 262.9445905685425
302.36301612854004,1299.8227516412735, 263.4137144088745
302.22254943847656,1299.3096227645874, 262.3107933998108
302.36301612854004,1299.8227516412735, 263.4137144088745
302.0573482513428,1298.9466943740845, 262.67589378356934
302.48512268066406,1300.0621664524078, 262.9445905685425
302.5269184112549,1300.9281496405602, 263.80934047698975
302.36301612854004,1299.8227516412735, 263.4137144088745
301.19941329956055,1298.308914899826, 260.60501194000244
301.65119552612305,1298.418294429779, 261.69552516937256
300.9933834075928,1297.7729954719543, 262.1667823791504
301.19941329956055,1298.308914899826, 260.60501194000244
300.9933834075928,1297.7729954719543, 262.1667823791504
300.44763565063477,1297.6408665180206, 260.8494567871094
301.65119552612305,1298.418294429779, 261.69552516937256
302.0573482513428,1298.9466943740845, 262.67589378356934
301.48401069641113,1298.4112963676453, 263.35105562210083
301.65119552612305,1298.418294429779, 261.69552516937256
301.48401069641113,1298.4112963676453, 263.35105562210083
300.9933834075928,1297.7729954719543, 262.1667823791504
302.0573482513428,1298.9466943740845, 262.67589378356934
302.36301612854004,1299.8227516412735, 263.4137144088745
301.8532543182373,1299.4695627689362, 264.2423343658447
302.0573482513428,1298.9466943740845, 262.67589378356934
301.8532543182373,1299.4695627689362, 264.2423343658447
301.48401069641113,1298.4112963676453, 263.35105562210083
302.36301612854004,1299.8227516412735, 263.4137144088745
302.5269184112549,1300.9281496405602, 263.80934047698975
302.0512447357178,1300.8048701882362, 264.7202458381653
302.36301612854004,1299.8227516412735, 263.4137144088745
302.0512447357178,1300.8048701882362, 264.7202458381653
301.8532543182373,1299.4695627689362, 264.2423343658447
302.5269184112549,1300.9281496405602, 263.80934047698975
302.0512447357178,1302.2368778586388, 264.7202458381653
302.0512447357178,1300.8048701882362, 264.7202458381653
300.44763565063477,1297.6408665180206, 260.8494567871094
300.9933834075928,1297.7729954719543, 262.1667823791504
300.0012741088867,1297.3183884620667, 262.7178053855896
300.44763565063477,1297.6408665180206, 260.8494567871094
300.0012741088867,1297.3183884620667, 262.7178053855896
299.3893299102783,1297.1702327728271, 261.2406921386719
300.9933834075928,1297.7729954719543, 262.1667823791504
301.48401069641113,1298.4112963676453, 263.35105562210083
300.55141258239746,1298.034113407135, 264.0457282066345
300.9933834075928,1297.7729954719543, 262.1667823791504
300.55141258239746,1298.034113407135, 264.0457282066345
300.0012741088867,1297.3183884620667, 262.7178053855896
301.48401069641113,1298.4112963676453, 263.35105562210083
301.8532543182373,1299.4695627689362, 264.2423343658447
300.96544456481934,1299.2207446098328, 265.04511642456055
301.48401069641113,1298.4112963676453, 263.35105562210083
300.96544456481934,1299.2207446098328, 265.04511642456055
300.55141258239746,1298.034113407135, 264.0457282066345
301.8532543182373,1299.4695627689362, 264.2423343658447
302.0512447357178,1300.8048701882362, 264.7202458381653
301.18745040893555,1300.718020915985, 265.580997467041
301.8532543182373,1299.4695627689362, 264.2423343658447
301.18745040893555,1300.718020915985, 265.580997467041
300.96544456481934,1299.2207446098328, 265.04511642456055
302.0512447357178,1300.8048701882362, 264.7202458381653
302.0512447357178,1302.2368778586388, 264.7202458381653
301.18745040893555,1302.32372713089, 265.580997467041
302.0512447357178,1300.8048701882362, 264.7202458381653
301.18745040893555,1302.32372713089, 265.580997467041
301.18745040893555,1300.718020915985, 265.580997467041
302.0512447357178,1302.2368778586388, 264.7202458381653
300.96544456481934,1303.8210034370422, 265.04511642456055
301.18745040893555,1302.32372713089, 265.580997467041
299.3893299102783,1297.1702327728271, 261.2406921386719
300.0012741088867,1297.3183884620667, 262.7178053855896
298.1649856567383,1296.981590270996, 263.5822777748108
299.3893299102783,1297.1702327728271, 261.2406921386719
298.1649856567383,1296.981590270996, 263.5822777748108
297.50399589538574,1296.8215608596802, 261.98678398132324
300.0012741088867,1297.3183884620667, 262.7178053855896
300.55141258239746,1298.034113407135, 264.0457282066345
298.7592124938965,1297.7546751499176, 265.0166234970093
300.0012741088867,1297.3183884620667, 262.7178053855896
298.7592124938965,1297.7546751499176, 265.0166234970093
298.1649856567383,1296.981590270996, 263.5822777748108
300.55141258239746,1298.034113407135, 264.0457282066345
300.96544456481934,1299.2207446098328, 265.04511642456055
299.20642471313477,1299.0364060401917, 266.09610533714294
300.55141258239746,1298.034113407135, 264.0457282066345
299.20642471313477,1299.0364060401917, 266.09610533714294
298.7592124938965,1297.7546751499176, 265.0166234970093
300.96544456481934,1299.2207446098328, 265.04511642456055
301.18745040893555,1300.718020915985, 265.580997467041
299.4462242126465,1300.6536781787872, 266.67493319511414
300.96544456481934,1299.2207446098328, 265.04511642456055
299.4462242126465,1300.6536781787872, 266.67493319511414
299.20642471313477,1299.0364060401917, 266.09610533714294
301.18745040893555,1300.718020915985, 265.580997467041
301.18745040893555,1302.32372713089, 265.580997467041
299.4462242126465,1302.3880698680878, 266.67493319511414
301.18745040893555,1300.718020915985, 265.580997467041
299.4462242126465,1302.3880698680878, 266.67493319511414
299.4462242126465,1300.6536781787872, 266.67493319511414
301.18745040893555,1302.32372713089, 265.580997467041
300.96544456481934,1303.8210034370422, 265.04511642456055
299.20642471313477,1304.0053420066833, 266.09610533714294
301.18745040893555,1302.32372713089, 265.580997467041
299.20642471313477,1304.0053420066833, 266.09610533714294
299.4462242126465,1302.3880698680878, 266.67493319511414
300.96544456481934,1303.8210034370422, 265.04511642456055
298.7592124938965,1305.2870728969574, 265.0166234970093
299.20642471313477,1304.0053420066833, 266.09610533714294
298.7592124938965,1305.2870728969574, 265.0166234970093
296.60615730285645,1305.2725131511688, 265.89670038223267
299.20642471313477,1304.0053420066833, 266.09610533714294
299.20642471313477,1304.0053420066833, 266.09610533714294
296.60615730285645,1305.2725131511688, 265.89670038223267
297.0516414642334,1303.9957373142242, 266.97200894355774
299.20642471313477,1304.0053420066833, 266.09610533714294
297.0516414642334,1303.9957373142242, 266.97200894355774
299.4462242126465,1302.3880698680878, 266.67493319511414
296.60615730285645,1305.2725131511688, 265.89670038223267
293.37228202819824,1304.9376347064972, 266.96271419525146
297.0516414642334,1303.9957373142242, 266.97200894355774
299.4462242126465,1302.3880698680878, 266.67493319511414
297.0516414642334,1303.9957373142242, 266.97200894355774
297.29051399230957,1302.3847174048424, 267.54859924316406
299.4462242126465,1302.3880698680878, 266.67493319511414
297.29051399230957,1302.3847174048424, 267.54859924316406
299.4462242126465,1300.6536781787872, 266.67493319511414
297.0516414642334,1303.9957373142242, 266.97200894355774
293.37228202819824,1304.9376347064972, 266.96271419525146
293.778000831604,1303.7748262882233, 267.94203877449036
297.0516414642334,1303.9957373142242, 266.97200894355774
293.778000831604,1303.7748262882233, 267.94203877449036
297.29051399230957,1302.3847174048424, 267.54859924316406
293.37228202819824,1304.9376347064972, 266.96271419525146
288.47076416015625,1304.27472448349, 268.4514716863632
293.778000831604,1303.7748262882233, 267.94203877449036
299.4462242126465,1300.6536781787872, 266.67493319511414
297.29051399230957,1302.3847174048424, 267.54859924316406
297.29051399230957,1300.6570306420326, 267.54859924316406
299.4462242126465,1300.6536781787872, 266.67493319511414
297.29051399230957,1300.6570306420326, 267.54859924316406
299.20642471313477,1299.0364060401917, 266.09610533714294
297.29051399230957,1302.3847174048424, 267.54859924316406
293.778000831604,1303.7748262882233, 267.94203877449036
293.99555110931396,1302.3076090812683, 268.46716141700745
297.29051399230957,1302.3847174048424, 267.54859924316406
293.99555110931396,1302.3076090812683, 268.46716141700745
297.29051399230957,1300.6570306420326, 267.54859924316406
293.778000831604,1303.7748262882233, 267.94203877449036
288.47076416015625,1304.27472448349, 268.4514716863632
288.79776668548584,1303.3375208377838, 269.24079048633575
293.778000831604,1303.7748262882233, 267.94203877449036
288.79776668548584,1303.3375208377838, 269.24079048633575
293.99555110931396,1302.3076090812683, 268.46716141700745
288.47076416015625,1304.27472448349, 268.4514716863632
281.59235548973083,1302.6294412612915, 270.9884717464447
288.79776668548584,1303.3375208377838, 269.24079048633575
288.79776668548584,1303.3375208377838, 269.24079048633575
281.59235548973083,1302.6294412612915, 270.9884717464447
288.973108291626,1302.1549689769745, 269.66403034329414
288.79776668548584,1303.3375208377838, 269.24079048633575
288.973108291626,1302.1549689769745, 269.66403034329414
293.99555110931396,1302.3076090812683, 268.46716141700745
293.99555110931396,1302.3076090812683, 268.46716141700745
288.973108291626,1302.1549689769745, 269.66403034329414
293.99555110931396,1300.7341389656067, 268.46716141700745
293.99555110931396,1302.3076090812683, 268.46716141700745
293.99555110931396,1300.7341389656067, 268.46716141700745
297.29051399230957,1300.6570306420326, 267.54859924316406
297.29051399230957,1300.6570306420326, 267.54859924316406
293.99555110931396,1300.7341389656067, 268.46716141700745
297.0516414642334,1299.0460107326508, 266.97200894355774
297.29051399230957,1300.6570306420326, 267.54859924316406
297.0516414642334,1299.0460107326508, 266.97200894355774
299.20642471313477,1299.0364060401917, 266.09610533714294
299.20642471313477,1299.0364060401917, 266.09610533714294
297.0516414642334,1299.0460107326508, 266.97200894355774
298.7592124938965,1297.7546751499176, 265.0166234970093
298.7592124938965,1297.7546751499176, 265.0166234970093
297.0516414642334,1299.0460107326508, 266.97200894355774
296.60615730285645,1297.7692348957062, 265.89670038223267
298.7592124938965,1297.7546751499176, 265.0166234970093
296.60615730285645,1297.7692348957062, 265.89670038223267
298.1649856567383,1296.981590270996, 263.5822777748108
297.0516414642334,1299.0460107326508, 266.97200894355774
293.99555110931396,1300.7341389656067, 268.46716141700745
293.778000831604,1299.2669217586517, 267.94203877449036
297.0516414642334,1299.0460107326508, 266.97200894355774
293.778000831604,1299.2669217586517, 267.94203877449036
296.60615730285645,1297.7692348957062, 265.89670038223267
293.99555110931396,1300.7341389656067, 268.46716141700745
288.973108291626,1302.1549689769745, 269.66403034329414
288.973108291626,1300.8867790699005, 269.66403034329414
293.99555110931396,1300.7341389656067, 268.46716141700745
288.973108291626,1300.8867790699005, 269.66403034329414
293.778000831604,1299.2669217586517, 267.94203877449036
298.1649856567383,1296.981590270996, 263.5822777748108
296.60615730285645,1297.7692348957062, 265.89670038223267
296.01422691345215,1296.9991383552551, 264.46789932250977
298.1649856567383,1296.981590270996, 263.5822777748108
296.01422691345215,1296.9991383552551, 264.46789932250977
297.50399589538574,1296.8215608596802, 261.98678398132324
297.50399589538574,1296.8215608596802, 261.98678398132324
296.01422691345215,1296.9991383552551, 264.46789932250977
295.3557929992676,1296.8397278785706, 262.87857389450073
295.3557929992676,1296.8397278785706, 262.87857389450073
296.01422691345215,1296.9991383552551, 264.46789932250977
292.8331880569458,1297.4027571678162, 265.6614508628845
296.01422691345215,1296.9991383552551, 264.46789932250977
296.60615730285645,1297.7692348957062, 265.89670038223267
293.37228202819824,1298.1041133403778, 266.96271419525146
296.01422691345215,1296.9991383552551, 264.46789932250977
293.37228202819824,1298.1041133403778, 266.96271419525146
292.8331880569458,1297.4027571678162, 265.6614508628845
296.60615730285645,1297.7692348957062, 265.89670038223267
293.778000831604,1299.2669217586517, 267.94203877449036
293.37228202819824,1298.1041133403778, 266.96271419525146
292.8331880569458,1297.4027571678162, 265.6614508628845
293.37228202819824,1298.1041133403778, 266.96271419525146
288.47076416015625,1298.767023563385, 268.4514716863632
293.37228202819824,1298.1041133403778, 266.96271419525146
293.778000831604,1299.2669217586517, 267.94203877449036
288.79776668548584,1299.7042272090912, 269.24079048633575
293.37228202819824,1298.1041133403778, 266.96271419525146
288.79776668548584,1299.7042272090912, 269.24079048633575
288.47076416015625,1298.767023563385, 268.4514716863632
293.778000831604,1299.2669217586517, 267.94203877449036
288.973108291626,1300.8867790699005, 269.66403034329414
288.79776668548584,1299.7042272090912, 269.24079048633575
288.47076416015625,1298.767023563385, 268.4514716863632
288.79776668548584,1299.7042272090912, 269.24079048633575
281.7539315223694,1299.8104211091995, 270.4322518110275
281.59235548973083,1302.6294412612915, 270.9884717464447
280.9064074754715,1305.7708740234375, 271.9151110649109
281.58450865745544,1302.6008192300797, 271.0141273736954
281.59235548973083,1302.6294412612915, 270.9884717464447
281.58450865745544,1302.6008192300797, 271.0141273736954
288.973108291626,1302.1549689769745, 269.66403034329414
281.58450865745544,1302.6008192300797, 271.0141273736954
280.9064074754715,1305.7708740234375, 271.9151110649109
281.44362330436707,1301.9847040772438, 271.2854849100113
281.58450865745544,1302.6008192300797, 271.0141273736954
281.44362330436707,1301.9847040772438, 271.2854849100113
288.973108291626,1302.1549689769745, 269.66403034329414
281.44362330436707,1301.9847040772438, 271.2854849100113
280.9064074754715,1305.7708740234375, 271.9151110649109
281.4376816749573,1301.8985472023487, 271.2950921058655
281.44362330436707,1301.9847040772438, 271.2854849100113
281.4376816749573,1301.8985472023487, 271.2950921058655
288.973108291626,1302.1549689769745, 269.66403034329414
281.4376816749573,1301.8985472023487, 271.2950921058655
280.9064074754715,1305.7708740234375, 271.9151110649109
281.4072756767273,1301.457653068006, 271.3442554473877
281.4376816749573,1301.8985472023487, 271.2950921058655
281.4072756767273,1301.457653068006, 271.3442554473877
288.973108291626,1302.1549689769745, 269.66403034329414
288.973108291626,1302.1549689769745, 269.66403034329414
281.4072756767273,1301.457653068006, 271.3442554473877
288.973108291626,1300.8867790699005, 269.66403034329414
280.9064074754715,1305.7708740234375, 271.9151110649109
280.9064074754715,1297.2708740234375, 271.9151110649109
281.4072756767273,1301.457653068006, 271.3442554473877
281.4072756767273,1301.457653068006, 271.3442554473877
280.9064074754715,1297.2708740234375, 271.9151110649109
281.44161581993103,1301.1442115306854, 271.2877057790756
281.4072756767273,1301.457653068006, 271.3442554473877
281.44161581993103,1301.1442115306854, 271.2877057790756
288.973108291626,1300.8867790699005, 269.66403034329414
281.44161581993103,1301.1442115306854, 271.2877057790756
280.9064074754715,1297.2708740234375, 271.9151110649109
281.46428990364075,1300.9372525811195, 271.2503672838211
281.44161581993103,1301.1442115306854, 271.2877057790756
281.46428990364075,1300.9372525811195, 271.2503672838211
288.973108291626,1300.8867790699005, 269.66403034329414
288.973108291626,1300.8867790699005, 269.66403034329414
281.46428990364075,1300.9372525811195, 271.2503672838211
288.79776668548584,1299.7042272090912, 269.24079048633575
281.46428990364075,1300.9372525811195, 271.2503672838211
280.9064074754715,1297.2708740234375, 271.9151110649109
281.59646701812744,1300.4145842790604, 270.9746615290642
281.46428990364075,1300.9372525811195, 271.2503672838211
281.59646701812744,1300.4145842790604, 270.9746615290642
288.79776668548584,1299.7042272090912, 269.24079048633575
281.59646701812744,1300.4145842790604, 270.9746615290642
280.9064074754715,1297.2708740234375, 271.9151110649109
281.62996912002563,1300.282106757164, 270.9047800898552
281.59646701812744,1300.4145842790604, 270.9746615290642
281.62996912002563,1300.282106757164, 270.9047800898552
288.79776668548584,1299.7042272090912, 269.24079048633575
288.79776668548584,1299.7042272090912, 269.24079048633575
281.62996912002563,1300.282106757164, 270.9047800898552
281.7539315223694,1299.8104211091995, 270.4322518110275
281.62996912002563,1300.282106757164, 270.9047800898552
280.9064074754715,1297.2708740234375, 271.9151110649109
281.7539315223694,1299.8104211091995, 270.4322518110275
277.3043954372406,1305.7708740234375, 268.49341344833374
276.8948743343353,1305.7708740234375, 269.3158425092697
279.2994384765625,1305.7708740234375, 270.0
276.8948743343353,1305.7708740234375, 269.3158425092697
276.7994384765625,1305.7708740234375, 270.0
279.2994384765625,1305.7708740234375, 270.0
276.7994384765625,1305.7708740234375, 270.0
276.8101029396057,1305.7708740234375, 270.23067089915276
279.2994384765625,1305.7708740234375, 270.0
276.8101029396057,1305.7708740234375, 270.23067089915276
277.0615303516388,1305.7708740234375, 271.114345908165
279.2994384765625,1305.7708740234375, 270.0
277.0615303516388,1305.7708740234375, 271.114345908165
277.6151993274689,1305.7708740234375, 271.84752225875854
279.2994384765625,1305.7708740234375, 270.0
277.6151993274689,1305.7708740234375, 271.84752225875854
278.39633429050446,1305.7708740234375, 272.33118057250977
279.2994384765625,1305.7708740234375, 270.0
278.39633429050446,1305.7708740234375, 272.33118057250977
279.2994384765625,1305.7708740234375, 272.5
279.2994384765625,1305.7708740234375, 270.0
279.2994384765625,1305.7708740234375, 272.5
280.20254266262054,1305.7708740234375, 272.33118057250977
279.2994384765625,1305.7708740234375, 270.0
280.20254266262054,1305.7708740234375, 272.33118057250977
280.9836776256561,1305.7708740234375, 271.84752225875854
279.2994384765625,1305.7708740234375, 270.0
280.9836776256561,1305.7708740234375, 271.84752225875854
281.5373466014862,1305.7708740234375, 271.114345908165
279.2994384765625,1305.7708740234375, 270.0
281.5373466014862,1305.7708740234375, 271.114345908165
281.7887740135193,1305.7708740234375, 270.23067089915276
279.2994384765625,1305.7708740234375, 270.0
281.7887740135193,1305.7708740234375, 270.23067089915276
281.7040026187897,1305.7708740234375, 269.3158425092697
279.2994384765625,1305.7708740234375, 270.0
281.7040026187897,1305.7708740234375, 269.3158425092697
281.2944815158844,1305.7708740234375, 268.49341344833374
279.2994384765625,1305.7708740234375, 270.0
281.2944815158844,1305.7708740234375, 268.49341344833374
280.61551892757416,1305.7708740234375, 267.8744571208954
279.2994384765625,1305.7708740234375, 270.0
280.61551892757416,1305.7708740234375, 267.8744571208954
279.75881227850914,1305.7708740234375, 267.5425672531128
279.2994384765625,1305.7708740234375, 270.0
279.75881227850914,1305.7708740234375, 267.5425672531128
278.84006467461586,1305.7708740234375, 267.5425672531128
279.2994384765625,1305.7708740234375, 270.0
278.84006467461586,1305.7708740234375, 267.5425672531128
277.98335802555084,1305.7708740234375, 267.8744571208954
279.2994384765625,1305.7708740234375, 270.0
277.98335802555084,1305.7708740234375, 267.8744571208954
277.3043954372406,1305.7708740234375, 268.49341344833374
279.2994384765625,1305.7708740234375, 270.0
278.84006467461586,1297.2708740234375, 267.5425672531128
279.2994384765625,1297.2708740234375, 270.0
277.98335802555084,1297.2708740234375, 267.8744571208954
277.98335802555084,1297.2708740234375, 267.8744571208954
279.2994384765625,1297.2708740234375, 270.0
277.3043954372406,1297.2708740234375, 268.49341344833374
277.3043954372406,1297.2708740234375, 268.49341344833374
279.2994384765625,1297.2708740234375, 270.0
276.8948743343353,1297.2708740234375, 269.3158425092697
276.8948743343353,1297.2708740234375, 269.3158425092697
279.2994384765625,1297.2708740234375, 270.0
276.7994384765625,1297.2708740234375, 270.0
276.7994384765625,1297.2708740234375, 270.0
279.2994384765625,1297.2708740234375, 270.0
276.8101029396057,1297.2708740234375, 270.23067089915276
276.8101029396057,1297.2708740234375, 270.23067089915276
279.2994384765625,1297.2708740234375, 270.0
277.0615303516388,1297.2708740234375, 271.114345908165
277.0615303516388,1297.2708740234375, 271.114345908165
279.2994384765625,1297.2708740234375, 270.0
277.6151993274689,1297.2708740234375, 271.84752225875854
277.6151993274689,1297.2708740234375, 271.84752225875854
279.2994384765625,1297.2708740234375, 270.0
278.39633429050446,1297.2708740234375, 272.33118057250977
278.39633429050446,1297.2708740234375, 272.33118057250977
279.2994384765625,1297.2708740234375, 270.0
279.2994384765625,1297.2708740234375, 272.5
279.2994384765625,1297.2708740234375, 272.5
279.2994384765625,1297.2708740234375, 270.0
280.20254266262054,1297.2708740234375, 272.33118057250977
280.20254266262054,1297.2708740234375, 272.33118057250977
279.2994384765625,1297.2708740234375, 270.0
280.9836776256561,1297.2708740234375, 271.84752225875854
280.9836776256561,1297.2708740234375, 271.84752225875854
279.2994384765625,1297.2708740234375, 270.0
281.5373466014862,1297.2708740234375, 271.114345908165
281.5373466014862,1297.2708740234375, 271.114345908165
279.2994384765625,1297.2708740234375, 270.0
281.7887740135193,1297.2708740234375, 270.23067089915276
281.7887740135193,1297.2708740234375, 270.23067089915276
279.2994384765625,1297.2708740234375, 270.0
281.7040026187897,1297.2708740234375, 269.3158425092697
281.7040026187897,1297.2708740234375, 269.3158425092697
279.2994384765625,1297.2708740234375, 270.0
281.2944815158844,1297.2708740234375, 268.49341344833374
281.2944815158844,1297.2708740234375, 268.49341344833374
279.2994384765625,1297.2708740234375, 270.0
280.61551892757416,1297.2708740234375, 267.8744571208954
280.61551892757416,1297.2708740234375, 267.8744571208954
279.2994384765625,1297.2708740234375, 270.0
279.75881227850914,1297.2708740234375, 267.5425672531128
279.75881227850914,1297.2708740234375, 267.5425672531128
279.2994384765625,1297.2708740234375, 270.0
278.84006467461586,1297.2708740234375, 267.5425672531128
