284.2994384765625,1430.5208740234375, 270.5
284.2994384765625,1536.5208740234375, 270.5
284.0314893722534,1537.5208740234375, 271.5
284.2994384765625,1430.5208740234375, 270.5
284.0314893722534,1537.5208740234375, 271.5
284.0314893722534,1429.5208740234375, 271.5
284.2994384765625,1430.5208740234375, 270.5
284.0314893722534,1429.5208740234375, 271.5
284.2994384765625,1430.5208740234375, 169.5
284.2994384765625,1430.5208740234375, 270.5
284.2994384765625,1430.5208740234375, 169.5
284.2994384765625,1536.5208740234375, 270.5
284.2994384765625,1430.5208740234375, 169.5
284.0314893722534,1429.5208740234375, 271.5
284.0314893722534,1429.5208740234375, 168.5
284.2994384765625,1430.5208740234375, 169.5
284.0314893722534,1429.5208740234375, 168.5
284.2994384765625,1536.5208740234375, 169.5
284.2994384765625,1430.5208740234375, 169.5
284.2994384765625,1536.5208740234375, 169.5
284.2994384765625,1536.5208740234375, 270.5
284.2994384765625,1536.5208740234375, 169.5
284.0314893722534,1429.5208740234375, 168.5
284.0314893722534,1537.5208740234375, 168.5
284.2994384765625,1536.5208740234375, 169.5
284.0314893722534,1537.5208740234375, 168.5
284.2994384765625,1536.5208740234375, 270.5
284.2994384765625,1536.5208740234375, 270.5
284.0314893722534,1537.5208740234375, 168.5
284.0314893722534,1537.5208740234375, 271.5
284.0314893722534,1537.5208740234375, 168.5
284.0314893722534,1429.5208740234375, 168.5
283.2994384765625,1428.7888221740723, 167.76794815063477
284.0314893722534,1537.5208740234375, 168.5
283.2994384765625,1428.7888221740723, 167.76794815063477
283.2994384765625,1538.2529258728027, 167.76794815063477
284.0314893722534,1537.5208740234375, 168.5
283.2994384765625,1538.2529258728027, 167.76794815063477
284.0314893722534,1537.5208740234375, 271.5
284.0314893722534,1429.5208740234375, 168.5
284.0314893722534,1429.5208740234375, 271.5
283.2994384765625,1428.7888221740723, 272.23205184936523
284.0314893722534,1429.5208740234375, 168.5
283.2994384765625,1428.7888221740723, 272.23205184936523
283.2994384765625,1428.7888221740723, 167.76794815063477
284.0314893722534,1429.5208740234375, 271.5
284.0314893722534,1537.5208740234375, 271.5
283.2994384765625,1538.2529258728027, 272.23205184936523
284.0314893722534,1429.5208740234375, 271.5
283.2994384765625,1538.2529258728027, 272.23205184936523
283.2994384765625,1428.7888221740723, 272.23205184936523
284.0314893722534,1537.5208740234375, 271.5
283.2994384765625,1538.2529258728027, 167.76794815063477
283.2994384765625,1538.2529258728027, 272.23205184936523
283.2994384765625,1538.2529258728027, 272.23205184936523
283.2994384765625,1538.2529258728027, 167.76794815063477
282.2994384765625,1538.5208740234375, 167.5
283.2994384765625,1538.2529258728027, 272.23205184936523
282.2994384765625,1538.5208740234375, 167.5
282.2994384765625,1538.5208740234375, 272.5
283.2994384765625,1538.2529258728027, 272.23205184936523
282.2994384765625,1538.5208740234375, 272.5
283.2994384765625,1428.7888221740723, 272.23205184936523
283.2994384765625,1428.7888221740723, 272.23205184936523
282.2994384765625,1538.5208740234375, 272.5
282.2994384765625,1428.5208740234375, 272.5
283.2994384765625,1428.7888221740723, 272.23205184936523
282.2994384765625,1428.5208740234375, 272.5
283.2994384765625,1428.7888221740723, 167.76794815063477
283.2994384765625,1538.2529258728027, 167.76794815063477
283.2994384765625,1428.7888221740723, 167.76794815063477
282.2994384765625,1428.5208740234375, 167.5
283.2994384765625,1538.2529258728027, 167.76794815063477
282.2994384765625,1428.5208740234375, 167.5
282.2994384765625,1538.5208740234375, 167.5
283.2994384765625,1428.7888221740723, 167.76794815063477
282.2994384765625,1428.5208740234375, 272.5
282.2994384765625,1428.5208740234375, 167.5
282.2994384765625,1428.5208740234375, 167.5
282.2994384765625,1428.5208740234375, 272.5
279.2994384765625,1428.5208740234375, 272.5
282.2994384765625,1428.5208740234375, 167.5
279.2994384765625,1428.5208740234375, 272.5
279.2994384765625,1428.5208740234375, 167.5
282.2994384765625,1428.5208740234375, 167.5
279.2994384765625,1428.5208740234375, 167.5
282.2994384765625,1538.5208740234375, 167.5
279.2994384765625,1428.5208740234375, 272.5
282.2994384765625,1428.5208740234375, 272.5
279.2994384765625,1538.5208740234375, 272.5
279.2994384765625,1428.5208740234375, 272.5
279.2994384765625,1538.5208740234375, 272.5
279.2994384765625,1428.5208740234375, 167.5
282.2994384765625,1428.5208740234375, 272.5
282.2994384765625,1538.5208740234375, 272.5
279.2994384765625,1538.5208740234375, 272.5
279.2994384765625,1538.5208740234375, 272.5
282.2994384765625,1538.5208740234375, 272.5
279.2994384765625,1538.5208740234375, 167.5
279.2994384765625,1538.5208740234375, 272.5
279.2994384765625,1538.5208740234375, 167.5
279.2994384765625,1428.5208740234375, 167.5
279.2994384765625,1428.5208740234375, 167.5
279.2994384765625,1538.5208740234375, 167.5
282.2994384765625,1538.5208740234375, 167.5
279.2994384765625,1538.5208740234375, 167.5
282.2994384765625,1538.5208740234375, 272.5
282.2994384765625,1538.5208740234375, 167.5
