269.2994384765625,1176.5208740234375, 370.0
269.2994384765625,1176.276156425476, 368.4549150466919
269.2994384765625,1171.5208740234375, 370.0
269.2994384765625,1176.276156425476, 368.4549150466919
269.2994384765625,1176.5208740234375, 370.0
279.2994384765625,1176.276156425476, 368.4549150466919
269.2994384765625,1176.276156425476, 368.4549150466919
279.2994384765625,1176.276156425476, 368.4549150466919
279.2994384765625,1175.2365982532501, 366.6543469429016
269.2994384765625,1176.276156425476, 368.4549150466919
279.2994384765625,1175.2365982532501, 366.6543469429016
269.2994384765625,1175.2365982532501, 366.6543469429016
269.2994384765625,1176.276156425476, 368.4549150466919
269.2994384765625,1175.2365982532501, 366.6543469429016
269.2994384765625,1171.5208740234375, 370.0
269.2994384765625,1175.2365982532501, 366.6543469429016
279.2994384765625,1175.2365982532501, 366.6543469429016
279.2994384765625,1173.5545573234558, 365.4322729110718
269.2994384765625,1175.2365982532501, 366.6543469429016
279.2994384765625,1173.5545573234558, 365.4322729110718
269.2994384765625,1173.5545573234558, 365.4322729110718
269.2994384765625,1175.2365982532501, 366.6543469429016
269.2994384765625,1173.5545573234558, 365.4322729110718
269.2994384765625,1171.5208740234375, 370.0
269.2994384765625,1173.5545573234558, 365.4322729110718
279.2994384765625,1173.5545573234558, 365.4322729110718
279.2994384765625,1171.5208740234375, 365.0
269.2994384765625,1173.5545573234558, 365.4322729110718
279.2994384765625,1171.5208740234375, 365.0
269.2994384765625,1171.5208740234375, 365.0
269.2994384765625,1173.5545573234558, 365.4322729110718
269.2994384765625,1171.5208740234375, 365.0
269.2994384765625,1171.5208740234375, 370.0
269.2994384765625,1171.5208740234375, 365.0
279.2994384765625,1171.5208740234375, 365.0
279.2994384765625,1169.4871907234192, 365.4322729110718
269.2994384765625,1171.5208740234375, 365.0
279.2994384765625,1169.4871907234192, 365.4322729110718
269.2994384765625,1169.4871907234192, 365.4322729110718
269.2994384765625,1171.5208740234375, 365.0
269.2994384765625,1169.4871907234192, 365.4322729110718
269.2994384765625,1171.5208740234375, 370.0
269.2994384765625,1169.4871907234192, 365.4322729110718
279.2994384765625,1169.4871907234192, 365.4322729110718
279.2994384765625,1167.8051497936249, 366.6543469429016
269.2994384765625,1169.4871907234192, 365.4322729110718
279.2994384765625,1167.8051497936249, 366.6543469429016
269.2994384765625,1167.8051497936249, 366.6543469429016
269.2994384765625,1169.4871907234192, 365.4322729110718
269.2994384765625,1167.8051497936249, 366.6543469429016
269.2994384765625,1171.5208740234375, 370.0
269.2994384765625,1167.8051497936249, 366.6543469429016
279.2994384765625,1167.8051497936249, 366.6543469429016
279.2994384765625,1166.765591621399, 368.4549150466919
269.2994384765625,1167.8051497936249, 366.6543469429016
279.2994384765625,1166.765591621399, 368.4549150466919
269.2994384765625,1166.765591621399, 368.4549150466919
269.2994384765625,1167.8051497936249, 366.6543469429016
269.2994384765625,1166.765591621399, 368.4549150466919
269.2994384765625,1171.5208740234375, 370.0
269.2994384765625,1166.765591621399, 368.4549150466919
279.2994384765625,1166.765591621399, 368.4549150466919
279.2994384765625,1166.548264503479, 370.52264231443405
269.2994384765625,1166.765591621399, 368.4549150466919
279.2994384765625,1166.548264503479, 370.52264231443405
269.2994384765625,1166.548264503479, 370.52264231443405
269.2994384765625,1166.765591621399, 368.4549150466919
269.2994384765625,1166.548264503479, 370.52264231443405
269.2994384765625,1171.5208740234375, 370.0
269.2994384765625,1166.548264503479, 370.52264231443405
279.2994384765625,1166.548264503479, 370.52264231443405
279.2994384765625,1167.1907467842102, 372.5
269.2994384765625,1166.548264503479, 370.52264231443405
279.2994384765625,1167.1907467842102, 372.5
269.2994384765625,1167.1907467842102, 372.5
269.2994384765625,1166.548264503479, 370.52264231443405
269.2994384765625,1167.1907467842102, 372.5
269.2994384765625,1171.5208740234375, 370.0
269.2994384765625,1167.1907467842102, 372.5
279.2994384765625,1167.1907467842102, 372.5
279.2994384765625,1168.5819478034973, 374.0450849533081
269.2994384765625,1167.1907467842102, 372.5
279.2994384765625,1168.5819478034973, 374.0450849533081
269.2994384765625,1168.5819478034973, 374.0450849533081
269.2994384765625,1167.1907467842102, 372.5
269.2994384765625,1168.5819478034973, 374.0450849533081
269.2994384765625,1171.5208740234375, 370.0
269.2994384765625,1168.5819478034973, 374.0450849533081
279.2994384765625,1168.5819478034973, 374.0450849533081
279.2994384765625,1170.481315612793, 374.8907380104065
269.2994384765625,1168.5819478034973, 374.0450849533081
279.2994384765625,1170.481315612793, 374.8907380104065
269.2994384765625,1170.481315612793, 374.8907380104065
269.2994384765625,1168.5819478034973, 374.0450849533081
269.2994384765625,1170.481315612793, 374.8907380104065
269.2994384765625,1171.5208740234375, 370.0
269.2994384765625,1170.481315612793, 374.8907380104065
279.2994384765625,1170.481315612793, 374.8907380104065
279.2994384765625,1171.5208740234375, 375.0
269.2994384765625,1170.481315612793, 374.8907380104065
279.2994384765625,1171.5208740234375, 375.0
269.2994384765625,1172.560432434082, 374.8907380104065
269.2994384765625,1170.481315612793, 374.8907380104065
269.2994384765625,1172.560432434082, 374.8907380104065
269.2994384765625,1171.5208740234375, 370.0
279.2994384765625,1170.481315612793, 374.8907380104065
279.2994384765625,1168.5819478034973, 374.0450849533081
279.2994384765625,1165.8876733779907, 378.2623872756958
279.2994384765625,1170.481315612793, 374.8907380104065
279.2994384765625,1165.8876733779907, 378.2623872756958
279.2994384765625,1168.5733222961426, 379.5557279586792
279.2994384765625,1170.481315612793, 374.8907380104065
279.2994384765625,1168.5733222961426, 379.5557279586792
279.2994384765625,1171.5208740234375, 375.0
279.2994384765625,1168.5819478034973, 374.0450849533081
279.2994384765625,1167.1907467842102, 372.5
279.2994384765625,1163.7025589942932, 376.23489809036255
279.2994384765625,1168.5819478034973, 374.0450849533081
279.2994384765625,1163.7025589942932, 376.23489809036255
279.2994384765625,1165.8876733779907, 378.2623872756958
279.2994384765625,1167.1907467842102, 372.5
279.2994384765625,1166.548264503479, 370.52264231443405
279.2994384765625,1162.2121362686157, 373.6534101963043
279.2994384765625,1167.1907467842102, 372.5
279.2994384765625,1162.2121362686157, 373.6534101963043
279.2994384765625,1163.7025589942932, 376.23489809036255
279.2994384765625,1163.7025589942932, 376.23489809036255
279.2994384765625,1162.2121362686157, 373.6534101963043
281.2994384765625,1162.860619544983, 375.0
279.2994384765625,1163.7025589942932, 376.23489809036255
281.2994384765625,1162.860619544983, 375.0
281.2994384765625,1163.7025589942932, 376.23489809036255
279.2994384765625,1163.7025589942932, 376.23489809036255
281.2994384765625,1163.7025589942932, 376.23489809036255
279.2994384765625,1165.8876733779907, 378.2623872756958
279.2994384765625,1171.5208740234375, 375.0
279.2994384765625,1168.5733222961426, 379.5557279586792
279.2994384765625,1171.5208740234375, 380.0
279.2994384765625,1171.5208740234375, 375.0
279.2994384765625,1171.5208740234375, 380.0
279.2994384765625,1172.560432434082, 374.8907380104065
279.2994384765625,1171.5208740234375, 375.0
279.2994384765625,1172.560432434082, 374.8907380104065
269.2994384765625,1172.560432434082, 374.8907380104065
279.2994384765625,1172.560432434082, 374.8907380104065
279.2994384765625,1171.5208740234375, 380.0
279.2994384765625,1174.4684257507324, 379.5557279586792
279.2994384765625,1172.560432434082, 374.8907380104065
279.2994384765625,1174.4684257507324, 379.5557279586792
279.2994384765625,1174.4598002433777, 374.0450849533081
279.2994384765625,1172.560432434082, 374.8907380104065
279.2994384765625,1174.4598002433777, 374.0450849533081
269.2994384765625,1172.560432434082, 374.8907380104065
269.2994384765625,1172.560432434082, 374.8907380104065
279.2994384765625,1174.4598002433777, 374.0450849533081
269.2994384765625,1174.4598002433777, 374.0450849533081
269.2994384765625,1172.560432434082, 374.8907380104065
269.2994384765625,1174.4598002433777, 374.0450849533081
269.2994384765625,1171.5208740234375, 370.0
269.2994384765625,1174.4598002433777, 374.0450849533081
279.2994384765625,1174.4598002433777, 374.0450849533081
279.2994384765625,1175.8510012626648, 372.5
269.2994384765625,1174.4598002433777, 374.0450849533081
279.2994384765625,1175.8510012626648, 372.5
269.2994384765625,1175.8510012626648, 372.5
269.2994384765625,1174.4598002433777, 374.0450849533081
269.2994384765625,1175.8510012626648, 372.5
269.2994384765625,1171.5208740234375, 370.0
269.2994384765625,1175.8510012626648, 372.5
279.2994384765625,1175.8510012626648, 372.5
279.2994384765625,1176.493483543396, 370.52264231443405
269.2994384765625,1175.8510012626648, 372.5
279.2994384765625,1176.493483543396, 370.52264231443405
269.2994384765625,1176.493483543396, 370.52264231443405
269.2994384765625,1175.8510012626648, 372.5
269.2994384765625,1176.493483543396, 370.52264231443405
269.2994384765625,1171.5208740234375, 370.0
269.2994384765625,1176.493483543396, 370.52264231443405
279.2994384765625,1176.493483543396, 370.52264231443405
269.2994384765625,1176.5208740234375, 370.0
269.2994384765625,1176.493483543396, 370.52264231443405
269.2994384765625,1176.5208740234375, 370.0
269.2994384765625,1171.5208740234375, 370.0
279.2994384765625,1175.8510012626648, 372.5
279.2994384765625,1174.4598002433777, 374.0450849533081
279.2994384765625,1179.3391890525818, 376.23489809036255
279.2994384765625,1175.8510012626648, 372.5
279.2994384765625,1179.3391890525818, 376.23489809036255
279.2994384765625,1180.8296117782593, 373.6534101963043
279.2994384765625,1175.8510012626648, 372.5
279.2994384765625,1180.8296117782593, 373.6534101963043
279.2994384765625,1176.493483543396, 370.52264231443405
279.2994384765625,1174.4598002433777, 374.0450849533081
279.2994384765625,1174.4684257507324, 379.5557279586792
279.2994384765625,1177.1540746688843, 378.2623872756958
279.2994384765625,1174.4598002433777, 374.0450849533081
279.2994384765625,1177.1540746688843, 378.2623872756958
279.2994384765625,1179.3391890525818, 376.23489809036255
279.2994384765625,1174.4684257507324, 379.5557279586792
279.2994384765625,1171.5208740234375, 380.0
281.2994384765625,1173.0112966299057, 379.88830852508545
279.2994384765625,1174.4684257507324, 379.5557279586792
281.2994384765625,1173.0112966299057, 379.88830852508545
281.2994384765625,1174.4684257507324, 379.5557279586792
279.2994384765625,1174.4684257507324, 379.5557279586792
281.2994384765625,1174.4684257507324, 379.5557279586792
279.2994384765625,1177.1540746688843, 378.2623872756958
279.2994384765625,1177.1540746688843, 378.2623872756958
281.2994384765625,1174.4684257507324, 379.5557279586792
281.2994384765625,1175.8597116470337, 379.00968837738037
279.2994384765625,1177.1540746688843, 378.2623872756958
281.2994384765625,1175.8597116470337, 379.00968837738037
281.2994384765625,1177.1540746688843, 378.2623872756958
279.2994384765625,1177.1540746688843, 378.2623872756958
281.2994384765625,1177.1540746688843, 378.2623872756958
279.2994384765625,1179.3391890525818, 376.23489809036255
281.2994384765625,1175.8597116470337, 379.00968837738037
281.2994384765625,1174.4684257507324, 379.5557279586792
281.7994384765625,1175.8015818595886, 378.88898181915283
281.2994384765625,1175.8597116470337, 379.00968837738037
281.7994384765625,1175.8015818595886, 378.88898181915283
281.7994384765625,1177.078604221344, 378.1516923904419
281.2994384765625,1175.8597116470337, 379.00968837738037
281.7994384765625,1177.078604221344, 378.1516923904419
281.2994384765625,1177.1540746688843, 378.2623872756958
281.2994384765625,1174.4684257507324, 379.5557279586792
281.2994384765625,1173.0112966299057, 379.88830852508545
281.7994384765625,1174.4289360046387, 379.4277057647705
281.2994384765625,1174.4684257507324, 379.5557279586792
281.7994384765625,1174.4289360046387, 379.4277057647705
281.7994384765625,1175.8015818595886, 378.88898181915283
281.7994384765625,1175.8015818595886, 378.88898181915283
281.7994384765625,1174.4289360046387, 379.4277057647705
282.16546392440796,1175.6427693367004, 378.5592041015625
281.7994384765625,1175.8015818595886, 378.88898181915283
282.16546392440796,1175.6427693367004, 378.5592041015625
282.16546392440796,1176.8724145889282, 377.8492684364319
281.7994384765625,1175.8015818595886, 378.88898181915283
282.16546392440796,1176.8724145889282, 377.8492684364319
281.7994384765625,1177.078604221344, 378.1516923904419
281.7994384765625,1174.4289360046387, 379.4277057647705
281.2994384765625,1173.0112966299057, 379.88830852508545
281.7994384765625,1172.9913288354874, 379.7558298110962
281.7994384765625,1174.4289360046387, 379.4277057647705
281.7994384765625,1172.9913288354874, 379.7558298110962
282.16546392440796,1174.321048259735, 379.07794189453125
281.7994384765625,1174.4289360046387, 379.4277057647705
282.16546392440796,1174.321048259735, 379.07794189453125
282.16546392440796,1175.6427693367004, 378.5592041015625
281.2994384765625,1173.0112966299057, 379.88830852508545
279.2994384765625,1171.5208740234375, 380.0
281.2994384765625,1171.5208740234375, 380.0
281.2994384765625,1173.0112966299057, 379.88830852508545
281.2994384765625,1171.5208740234375, 380.0
281.7994384765625,1172.9913288354874, 379.7558298110962
281.2994384765625,1171.5208740234375, 380.0
279.2994384765625,1171.5208740234375, 380.0
281.2994384765625,1170.0304514169693, 379.88830852508545
281.2994384765625,1171.5208740234375, 380.0
281.2994384765625,1170.0304514169693, 379.88830852508545
281.7994384765625,1171.5208740234375, 379.8660249710083
281.2994384765625,1171.5208740234375, 380.0
281.7994384765625,1171.5208740234375, 379.8660249710083
281.7994384765625,1172.9913288354874, 379.7558298110962
281.7994384765625,1172.9913288354874, 379.7558298110962
281.7994384765625,1171.5208740234375, 379.8660249710083
282.16546392440796,1172.9367755651474, 379.3938932418823
281.7994384765625,1172.9913288354874, 379.7558298110962
282.16546392440796,1172.9367755651474, 379.3938932418823
282.16546392440796,1174.321048259735, 379.07794189453125
279.2994384765625,1171.5208740234375, 380.0
279.2994384765625,1168.5733222961426, 379.5557279586792
281.2994384765625,1168.5733222961426, 379.5557279586792
279.2994384765625,1171.5208740234375, 380.0
281.2994384765625,1168.5733222961426, 379.5557279586792
281.2994384765625,1170.0304514169693, 379.88830852508545
281.2994384765625,1170.0304514169693, 379.88830852508545
281.2994384765625,1168.5733222961426, 379.5557279586792
281.7994384765625,1170.0504192113876, 379.7558298110962
281.2994384765625,1170.0304514169693, 379.88830852508545
281.7994384765625,1170.0504192113876, 379.7558298110962
281.7994384765625,1171.5208740234375, 379.8660249710083
281.7994384765625,1171.5208740234375, 379.8660249710083
281.7994384765625,1170.0504192113876, 379.7558298110962
282.16546392440796,1171.5208740234375, 379.5
281.7994384765625,1171.5208740234375, 379.8660249710083
282.16546392440796,1171.5208740234375, 379.5
282.16546392440796,1172.9367755651474, 379.3938932418823
279.2994384765625,1168.5733222961426, 379.5557279586792
279.2994384765625,1165.8876733779907, 378.2623872756958
281.2994384765625,1167.1820363998413, 379.00968837738037
279.2994384765625,1168.5733222961426, 379.5557279586792
281.2994384765625,1167.1820363998413, 379.00968837738037
281.2994384765625,1168.5733222961426, 379.5557279586792
281.2994384765625,1168.5733222961426, 379.5557279586792
281.2994384765625,1167.1820363998413, 379.00968837738037
281.7994384765625,1168.6128120422363, 379.4277057647705
281.2994384765625,1168.5733222961426, 379.5557279586792
281.7994384765625,1168.6128120422363, 379.4277057647705
281.7994384765625,1170.0504192113876, 379.7558298110962
281.7994384765625,1170.0504192113876, 379.7558298110962
281.7994384765625,1168.6128120422363, 379.4277057647705
282.16546392440796,1170.1049724817276, 379.3938932418823
281.7994384765625,1170.0504192113876, 379.7558298110962
282.16546392440796,1170.1049724817276, 379.3938932418823
282.16546392440796,1171.5208740234375, 379.5
281.7994384765625,1168.6128120422363, 379.4277057647705
281.2994384765625,1167.1820363998413, 379.00968837738037
281.7994384765625,1167.2401661872864, 378.88898181915283
281.7994384765625,1168.6128120422363, 379.4277057647705
281.7994384765625,1167.2401661872864, 378.88898181915283
282.16546392440796,1168.72069978714, 379.07794189453125
281.7994384765625,1168.6128120422363, 379.4277057647705
282.16546392440796,1168.72069978714, 379.07794189453125
282.16546392440796,1170.1049724817276, 379.3938932418823
281.2994384765625,1167.1820363998413, 379.00968837738037
279.2994384765625,1165.8876733779907, 378.2623872756958
281.2994384765625,1165.8876733779907, 378.2623872756958
281.2994384765625,1167.1820363998413, 379.00968837738037
281.2994384765625,1165.8876733779907, 378.2623872756958
281.7994384765625,1167.2401661872864, 378.88898181915283
281.2994384765625,1165.8876733779907, 378.2623872756958
279.2994384765625,1165.8876733779907, 378.2623872756958
281.2994384765625,1164.7191467285156, 377.3305187225342
281.2994384765625,1165.8876733779907, 378.2623872756958
281.2994384765625,1164.7191467285156, 377.3305187225342
281.7994384765625,1165.963143825531, 378.1516923904419
281.2994384765625,1165.8876733779907, 378.2623872756958
281.7994384765625,1165.963143825531, 378.1516923904419
281.7994384765625,1167.2401661872864, 378.88898181915283
281.7994384765625,1167.2401661872864, 378.88898181915283
281.7994384765625,1165.963143825531, 378.1516923904419
282.16546392440796,1167.3989787101746, 378.5592041015625
281.7994384765625,1167.2401661872864, 378.88898181915283
282.16546392440796,1167.3989787101746, 378.5592041015625
282.16546392440796,1168.72069978714, 379.07794189453125
281.7994384765625,1165.963143825531, 378.1516923904419
281.2994384765625,1164.7191467285156, 377.3305187225342
281.7994384765625,1164.810272693634, 377.23230838775635
281.7994384765625,1165.963143825531, 378.1516923904419
281.7994384765625,1164.810272693634, 377.23230838775635
282.16546392440796,1166.1693334579468, 377.8492684364319
281.7994384765625,1165.963143825531, 378.1516923904419
282.16546392440796,1166.1693334579468, 377.8492684364319
282.16546392440796,1167.3989787101746, 378.5592041015625
281.2994384765625,1164.7191467285156, 377.3305187225342
279.2994384765625,1165.8876733779907, 378.2623872756958
281.2994384765625,1163.7025589942932, 376.23489809036255
281.2994384765625,1164.7191467285156, 377.3305187225342
281.2994384765625,1163.7025589942932, 376.23489809036255
281.7994384765625,1164.810272693634, 377.23230838775635
281.2994384765625,1163.7025589942932, 376.23489809036255
281.2994384765625,1162.860619544983, 375.0
281.7994384765625,1163.8073048591614, 376.1513662338257
281.2994384765625,1163.7025589942932, 376.23489809036255
281.7994384765625,1163.8073048591614, 376.1513662338257
281.7994384765625,1164.810272693634, 377.23230838775635
281.7994384765625,1164.810272693634, 377.23230838775635
281.7994384765625,1163.8073048591614, 376.1513662338257
282.16546392440796,1165.0592331886292, 376.9639925956726
281.7994384765625,1164.810272693634, 377.23230838775635
282.16546392440796,1165.0592331886292, 376.9639925956726
282.16546392440796,1166.1693334579468, 377.8492684364319
281.7994384765625,1163.8073048591614, 376.1513662338257
281.2994384765625,1162.860619544983, 375.0
281.7994384765625,1162.9766454696655, 374.93301248550415
281.7994384765625,1163.8073048591614, 376.1513662338257
281.7994384765625,1162.9766454696655, 374.93301248550415
282.16546392440796,1164.0934748649597, 375.923152923584
281.7994384765625,1163.8073048591614, 376.1513662338257
282.16546392440796,1164.0934748649597, 375.923152923584
282.16546392440796,1165.0592331886292, 376.9639925956726
282.16546392440796,1165.0592331886292, 376.9639925956726
282.16546392440796,1164.0934748649597, 375.923152923584
282.2994384765625,1165.3993191719055, 376.5974669456482
282.16546392440796,1165.0592331886292, 376.9639925956726
282.2994384765625,1165.3993191719055, 376.5974669456482
282.2994384765625,1166.4509935379028, 377.4361491203308
282.16546392440796,1165.0592331886292, 376.9639925956726
282.2994384765625,1166.4509935379028, 377.4361491203308
282.16546392440796,1166.1693334579468, 377.8492684364319
282.16546392440796,1166.1693334579468, 377.8492684364319
282.2994384765625,1166.4509935379028, 377.4361491203308
282.2994384765625,1167.615920305252, 378.10871982574463
282.16546392440796,1166.1693334579468, 377.8492684364319
282.2994384765625,1167.615920305252, 378.10871982574463
282.16546392440796,1167.3989787101746, 378.5592041015625
282.2994384765625,1166.4509935379028, 377.4361491203308
282.2994384765625,1165.3993191719055, 376.5974669456482
282.2994384765625,1166.3785729408264, 376.1283555030823
282.2994384765625,1166.4509935379028, 377.4361491203308
282.2994384765625,1166.3785729408264, 376.1283555030823
282.2994384765625,1167.615920305252, 378.10871982574463
282.16546392440796,1167.3989787101746, 378.5592041015625
282.2994384765625,1167.615920305252, 378.10871982574463
282.2994384765625,1168.8680775165558, 378.600154876709
282.16546392440796,1167.3989787101746, 378.5592041015625
282.2994384765625,1168.8680775165558, 378.600154876709
282.16546392440796,1168.72069978714, 379.07794189453125
282.2994384765625,1167.615920305252, 378.10871982574463
282.2994384765625,1166.3785729408264, 376.1283555030823
282.2994384765625,1168.7847127914429, 377.51754093170166
282.2994384765625,1167.615920305252, 378.10871982574463
282.2994384765625,1168.7847127914429, 377.51754093170166
282.2994384765625,1168.8680775165558, 378.600154876709
282.2994384765625,1168.8680775165558, 378.600154876709
282.2994384765625,1168.7847127914429, 377.51754093170166
282.2994384765625,1170.1794936656952, 378.8994770050049
282.2994384765625,1168.8680775165558, 378.600154876709
282.2994384765625,1170.1794936656952, 378.8994770050049
282.16546392440796,1168.72069978714, 379.07794189453125
282.16546392440796,1168.72069978714, 379.07794189453125
282.2994384765625,1170.1794936656952, 378.8994770050049
282.16546392440796,1170.1049724817276, 379.3938932418823
282.16546392440796,1170.1049724817276, 379.3938932418823
282.2994384765625,1170.1794936656952, 378.8994770050049
282.2994384765625,1171.5208740234375, 379.0
282.16546392440796,1170.1049724817276, 379.3938932418823
282.2994384765625,1171.5208740234375, 379.0
282.16546392440796,1171.5208740234375, 379.5
282.2994384765625,1170.1794936656952, 378.8994770050049
282.2994384765625,1168.7847127914429, 377.51754093170166
282.2994384765625,1171.5208740234375, 378.0
282.2994384765625,1170.1794936656952, 378.8994770050049
282.2994384765625,1171.5208740234375, 378.0
282.2994384765625,1171.5208740234375, 379.0
282.2994384765625,1171.5208740234375, 379.0
282.2994384765625,1171.5208740234375, 378.0
282.2994384765625,1172.8622543811798, 378.8994770050049
282.2994384765625,1171.5208740234375, 379.0
282.2994384765625,1172.8622543811798, 378.8994770050049
282.16546392440796,1171.5208740234375, 379.5
282.16546392440796,1171.5208740234375, 379.5
282.2994384765625,1172.8622543811798, 378.8994770050049
282.16546392440796,1172.9367755651474, 379.3938932418823
282.2994384765625,1172.8622543811798, 378.8994770050049
282.2994384765625,1171.5208740234375, 378.0
282.2994384765625,1174.1736705303192, 378.600154876709
282.2994384765625,1172.8622543811798, 378.8994770050049
282.2994384765625,1174.1736705303192, 378.600154876709
282.16546392440796,1172.9367755651474, 379.3938932418823
282.16546392440796,1172.9367755651474, 379.3938932418823
282.2994384765625,1174.1736705303192, 378.600154876709
282.16546392440796,1174.321048259735, 379.07794189453125
282.16546392440796,1174.321048259735, 379.07794189453125
282.2994384765625,1174.1736705303192, 378.600154876709
282.2994384765625,1175.425827741623, 378.10871982574463
282.16546392440796,1174.321048259735, 379.07794189453125
282.2994384765625,1175.425827741623, 378.10871982574463
282.16546392440796,1175.6427693367004, 378.5592041015625
282.2994384765625,1174.1736705303192, 378.600154876709
282.2994384765625,1171.5208740234375, 378.0
282.2994384765625,1174.2570352554321, 377.51754093170166
282.2994384765625,1174.1736705303192, 378.600154876709
282.2994384765625,1174.2570352554321, 377.51754093170166
282.2994384765625,1175.425827741623, 378.10871982574463
282.2994384765625,1175.425827741623, 378.10871982574463
282.2994384765625,1174.2570352554321, 377.51754093170166
282.2994384765625,1176.5907545089722, 377.4361491203308
282.2994384765625,1175.425827741623, 378.10871982574463
282.2994384765625,1176.5907545089722, 377.4361491203308
282.16546392440796,1175.6427693367004, 378.5592041015625
282.16546392440796,1175.6427693367004, 378.5592041015625
282.2994384765625,1176.5907545089722, 377.4361491203308
282.16546392440796,1176.8724145889282, 377.8492684364319
281.2994384765625,1162.860619544983, 375.0
279.2994384765625,1162.2121362686157, 373.6534101963043
281.2994384765625,1162.2121362686157, 373.6534101963043
281.2994384765625,1162.860619544983, 375.0
281.2994384765625,1162.2121362686157, 373.6534101963043
281.7994384765625,1162.9766454696655, 374.93301248550415
281.2994384765625,1162.2121362686157, 373.6534101963043
279.2994384765625,1162.2121362686157, 373.6534101963043
281.2994384765625,1161.7715950012207, 372.225209236145
281.2994384765625,1162.2121362686157, 373.6534101963043
281.2994384765625,1161.7715950012207, 372.225209236145
281.7994384765625,1162.3368501663208, 373.6044638156891
281.2994384765625,1162.2121362686157, 373.6534101963043
281.7994384765625,1162.3368501663208, 373.6044638156891
281.7994384765625,1162.9766454696655, 374.93301248550415
281.7994384765625,1162.9766454696655, 374.93301248550415
281.7994384765625,1162.3368501663208, 373.6044638156891
282.16546392440796,1163.2936325073242, 374.75
281.7994384765625,1162.9766454696655, 374.93301248550415
282.16546392440796,1163.2936325073242, 374.75
282.16546392440796,1164.0934748649597, 375.923152923584
282.16546392440796,1164.0934748649597, 375.923152923584
282.16546392440796,1163.2936325073242, 374.75
282.2994384765625,1164.4843907356262, 375.6114082336426
282.16546392440796,1164.0934748649597, 375.923152923584
282.2994384765625,1164.4843907356262, 375.6114082336426
282.2994384765625,1165.3993191719055, 376.5974669456482
282.2994384765625,1165.3993191719055, 376.5974669456482
282.2994384765625,1164.4843907356262, 375.6114082336426
282.2994384765625,1164.592670917511, 374.0
282.2994384765625,1165.3993191719055, 376.5974669456482
282.2994384765625,1164.592670917511, 374.0
282.2994384765625,1166.3785729408264, 376.1283555030823
282.2994384765625,1164.4843907356262, 375.6114082336426
282.16546392440796,1163.2936325073242, 374.75
282.2994384765625,1163.7266454696655, 374.5
282.2994384765625,1164.4843907356262, 375.6114082336426
282.2994384765625,1163.7266454696655, 374.5
282.2994384765625,1164.592670917511, 374.0
282.16546392440796,1163.2936325073242, 374.75
281.7994384765625,1162.3368501663208, 373.6044638156891
282.16546392440796,1162.6775732040405, 373.4707398414612
282.16546392440796,1163.2936325073242, 374.75
282.16546392440796,1162.6775732040405, 373.4707398414612
282.2994384765625,1163.7266454696655, 374.5
282.2994384765625,1163.7266454696655, 374.5
282.16546392440796,1162.6775732040405, 373.4707398414612
282.2994384765625,1163.1430101394653, 373.28806924819946
282.2994384765625,1163.7266454696655, 374.5
282.2994384765625,1163.1430101394653, 373.28806924819946
282.2994384765625,1164.592670917511, 374.0
281.7994384765625,1162.3368501663208, 373.6044638156891
281.2994384765625,1161.7715950012207, 372.225209236145
281.7994384765625,1161.9022102355957, 372.1953971385956
281.7994384765625,1162.3368501663208, 373.6044638156891
281.7994384765625,1161.9022102355957, 372.1953971385956
282.16546392440796,1162.6775732040405, 373.4707398414612
282.16546392440796,1162.6775732040405, 373.4707398414612
281.7994384765625,1161.9022102355957, 372.1953971385956
282.16546392440796,1162.2590589523315, 372.1139488220215
282.16546392440796,1162.6775732040405, 373.4707398414612
282.16546392440796,1162.2590589523315, 372.1139488220215
282.2994384765625,1163.1430101394653, 373.28806924819946
281.7994384765625,1161.9022102355957, 372.1953971385956
281.2994384765625,1161.7715950012207, 372.225209236145
281.2994384765625,1161.5488357543945, 370.74730092287064
281.7994384765625,1161.9022102355957, 372.1953971385956
281.2994384765625,1161.5488357543945, 370.74730092287064
281.7994384765625,1161.6824359893799, 370.7372890114784
281.7994384765625,1161.9022102355957, 372.1953971385956
281.7994384765625,1161.6824359893799, 370.7372890114784
282.16546392440796,1162.2590589523315, 372.1139488220215
281.2994384765625,1161.7715950012207, 372.225209236145
279.2994384765625,1162.2121362686157, 373.6534101963043
279.2994384765625,1161.5488357543945, 370.74730092287064
281.2994384765625,1161.7715950012207, 372.225209236145
279.2994384765625,1161.5488357543945, 370.74730092287064
281.2994384765625,1161.5488357543945, 370.74730092287064
281.2994384765625,1161.5488357543945, 370.74730092287064
279.2994384765625,1161.5488357543945, 370.74730092287064
281.2994384765625,1161.5488357543945, 369.25269907712936
281.2994384765625,1161.5488357543945, 370.74730092287064
281.2994384765625,1161.5488357543945, 369.25269907712936
281.7994384765625,1161.6824359893799, 370.7372890114784
281.2994384765625,1161.5488357543945, 369.25269907712936
279.2994384765625,1161.5488357543945, 370.74730092287064
281.2994384765625,1161.7715950012207, 367.774790763855
281.2994384765625,1161.5488357543945, 369.25269907712936
281.2994384765625,1161.7715950012207, 367.774790763855
281.7994384765625,1161.6824359893799, 369.2627109885216
281.2994384765625,1161.5488357543945, 369.25269907712936
281.7994384765625,1161.6824359893799, 369.2627109885216
281.7994384765625,1161.6824359893799, 370.7372890114784
281.7994384765625,1161.6824359893799, 370.7372890114784
281.7994384765625,1161.6824359893799, 369.2627109885216
282.16546392440796,1162.0474376678467, 370.7099359035492
281.7994384765625,1161.6824359893799, 370.7372890114784
282.16546392440796,1162.0474376678467, 370.7099359035492
282.16546392440796,1162.2590589523315, 372.1139488220215
282.16546392440796,1162.2590589523315, 372.1139488220215
282.16546392440796,1162.0474376678467, 370.7099359035492
282.2994384765625,1162.7465229034424, 372.00268840789795
282.16546392440796,1162.2590589523315, 372.1139488220215
282.2994384765625,1162.7465229034424, 372.00268840789795
282.2994384765625,1163.1430101394653, 373.28806924819946
282.2994384765625,1163.1430101394653, 373.28806924819946
282.2994384765625,1162.7465229034424, 372.00268840789795
282.2994384765625,1163.642412185669, 371.3891854286194
282.2994384765625,1163.1430101394653, 373.28806924819946
282.2994384765625,1163.642412185669, 371.3891854286194
282.2994384765625,1164.592670917511, 374.0
282.2994384765625,1162.7465229034424, 372.00268840789795
282.16546392440796,1162.0474376678467, 370.7099359035492
282.2994384765625,1162.5460395812988, 370.6725708246231
282.2994384765625,1162.7465229034424, 372.00268840789795
282.2994384765625,1162.5460395812988, 370.6725708246231
282.2994384765625,1163.642412185669, 371.3891854286194
282.16546392440796,1162.0474376678467, 370.7099359035492
281.7994384765625,1161.6824359893799, 369.2627109885216
282.16546392440796,1162.0474376678467, 369.2900640964508
282.16546392440796,1162.0474376678467, 370.7099359035492
282.16546392440796,1162.0474376678467, 369.2900640964508
282.2994384765625,1162.5460395812988, 370.6725708246231
281.7994384765625,1161.6824359893799, 369.2627109885216
281.2994384765625,1161.7715950012207, 367.774790763855
281.7994384765625,1161.9022102355957, 367.8046028614044
281.7994384765625,1161.6824359893799, 369.2627109885216
281.7994384765625,1161.9022102355957, 367.8046028614044
282.16546392440796,1162.0474376678467, 369.2900640964508
282.16546392440796,1162.0474376678467, 369.2900640964508
281.7994384765625,1161.9022102355957, 367.8046028614044
282.16546392440796,1162.2590589523315, 367.8860511779785
282.16546392440796,1162.0474376678467, 369.2900640964508
282.16546392440796,1162.2590589523315, 367.8860511779785
282.2994384765625,1162.5460395812988, 369.3274291753769
282.16546392440796,1162.0474376678467, 369.2900640964508
282.2994384765625,1162.5460395812988, 369.3274291753769
282.2994384765625,1162.5460395812988, 370.6725708246231
282.2994384765625,1162.5460395812988, 370.6725708246231
282.2994384765625,1162.5460395812988, 369.3274291753769
282.2994384765625,1163.642412185669, 368.6108145713806
282.2994384765625,1162.5460395812988, 370.6725708246231
282.2994384765625,1163.642412185669, 368.6108145713806
282.2994384765625,1163.642412185669, 371.3891854286194
282.2994384765625,1162.5460395812988, 369.3274291753769
282.16546392440796,1162.2590589523315, 367.8860511779785
282.2994384765625,1162.7465229034424, 367.99731159210205
282.2994384765625,1162.5460395812988, 369.3274291753769
282.2994384765625,1162.7465229034424, 367.99731159210205
282.2994384765625,1163.642412185669, 368.6108145713806
282.16546392440796,1162.2590589523315, 367.8860511779785
281.7994384765625,1161.9022102355957, 367.8046028614044
281.7994384765625,1162.3368501663208, 366.3955361843109
282.16546392440796,1162.2590589523315, 367.8860511779785
281.7994384765625,1162.3368501663208, 366.3955361843109
282.16546392440796,1162.6775732040405, 366.5292601585388
282.16546392440796,1162.2590589523315, 367.8860511779785
282.16546392440796,1162.6775732040405, 366.5292601585388
282.2994384765625,1162.7465229034424, 367.99731159210205
281.7994384765625,1161.9022102355957, 367.8046028614044
281.2994384765625,1161.7715950012207, 367.774790763855
281.2994384765625,1162.2121362686157, 366.3465898036957
281.7994384765625,1161.9022102355957, 367.8046028614044
281.2994384765625,1162.2121362686157, 366.3465898036957
281.7994384765625,1162.3368501663208, 366.3955361843109
281.2994384765625,1161.7715950012207, 367.774790763855
279.2994384765625,1161.5488357543945, 370.74730092287064
279.2994384765625,1161.7715950012207, 367.774790763855
281.2994384765625,1161.7715950012207, 367.774790763855
279.2994384765625,1161.7715950012207, 367.774790763855
281.2994384765625,1162.2121362686157, 366.3465898036957
279.2994384765625,1161.5488357543945, 370.74730092287064
279.2994384765625,1162.2121362686157, 373.6534101963043
279.2994384765625,1166.548264503479, 370.52264231443405
279.2994384765625,1161.5488357543945, 370.74730092287064
279.2994384765625,1166.548264503479, 370.52264231443405
279.2994384765625,1161.7715950012207, 367.774790763855
279.2994384765625,1161.7715950012207, 367.774790763855
279.2994384765625,1166.548264503479, 370.52264231443405
279.2994384765625,1166.765591621399, 368.4549150466919
279.2994384765625,1161.7715950012207, 367.774790763855
279.2994384765625,1166.765591621399, 368.4549150466919
279.2994384765625,1162.860619544983, 365.0
279.2994384765625,1161.7715950012207, 367.774790763855
279.2994384765625,1162.860619544983, 365.0
281.2994384765625,1162.2121362686157, 366.3465898036957
281.2994384765625,1162.2121362686157, 366.3465898036957
279.2994384765625,1162.860619544983, 365.0
281.2994384765625,1162.860619544983, 365.0
281.2994384765625,1162.2121362686157, 366.3465898036957
281.2994384765625,1162.860619544983, 365.0
281.7994384765625,1162.3368501663208, 366.3955361843109
281.7994384765625,1162.3368501663208, 366.3955361843109
281.2994384765625,1162.860619544983, 365.0
281.7994384765625,1162.9766454696655, 365.06698751449585
281.7994384765625,1162.3368501663208, 366.3955361843109
281.7994384765625,1162.9766454696655, 365.06698751449585
282.16546392440796,1162.6775732040405, 366.5292601585388
281.2994384765625,1162.860619544983, 365.0
279.2994384765625,1162.860619544983, 365.0
281.2994384765625,1163.7025589942932, 363.76510190963745
281.2994384765625,1162.860619544983, 365.0
281.2994384765625,1163.7025589942932, 363.76510190963745
281.7994384765625,1162.9766454696655, 365.06698751449585
281.7994384765625,1162.9766454696655, 365.06698751449585
281.2994384765625,1163.7025589942932, 363.76510190963745
281.7994384765625,1163.8073048591614, 363.8486337661743
281.7994384765625,1162.9766454696655, 365.06698751449585
281.7994384765625,1163.8073048591614, 363.8486337661743
282.16546392440796,1163.2936325073242, 365.25
281.7994384765625,1162.9766454696655, 365.06698751449585
282.16546392440796,1163.2936325073242, 365.25
282.16546392440796,1162.6775732040405, 366.5292601585388
282.16546392440796,1162.6775732040405, 366.5292601585388
282.16546392440796,1163.2936325073242, 365.25
282.2994384765625,1163.1430101394653, 366.71193075180054
282.16546392440796,1162.6775732040405, 366.5292601585388
282.2994384765625,1163.1430101394653, 366.71193075180054
282.2994384765625,1162.7465229034424, 367.99731159210205
282.2994384765625,1162.7465229034424, 367.99731159210205
282.2994384765625,1163.1430101394653, 366.71193075180054
282.2994384765625,1164.592670917511, 366.0
282.2994384765625,1162.7465229034424, 367.99731159210205
282.2994384765625,1164.592670917511, 366.0
282.2994384765625,1163.642412185669, 368.6108145713806
282.2994384765625,1163.1430101394653, 366.71193075180054
282.16546392440796,1163.2936325073242, 365.25
282.2994384765625,1163.7266454696655, 365.5
282.2994384765625,1163.1430101394653, 366.71193075180054
282.2994384765625,1163.7266454696655, 365.5
282.2994384765625,1164.592670917511, 366.0
282.16546392440796,1163.2936325073242, 365.25
281.7994384765625,1163.8073048591614, 363.8486337661743
282.16546392440796,1164.0934748649597, 364.076847076416
282.16546392440796,1163.2936325073242, 365.25
282.16546392440796,1164.0934748649597, 364.076847076416
282.2994384765625,1163.7266454696655, 365.5
282.2994384765625,1163.7266454696655, 365.5
282.16546392440796,1164.0934748649597, 364.076847076416
282.2994384765625,1164.4843907356262, 364.3885917663574
282.2994384765625,1163.7266454696655, 365.5
282.2994384765625,1164.4843907356262, 364.3885917663574
282.2994384765625,1164.592670917511, 366.0
282.16546392440796,1164.0934748649597, 364.076847076416
281.7994384765625,1163.8073048591614, 363.8486337661743
281.7994384765625,1164.810272693634, 362.76769161224365
282.16546392440796,1164.0934748649597, 364.076847076416
281.7994384765625,1164.810272693634, 362.76769161224365
282.16546392440796,1165.0592331886292, 363.0360074043274
282.16546392440796,1164.0934748649597, 364.076847076416
282.16546392440796,1165.0592331886292, 363.0360074043274
282.2994384765625,1164.4843907356262, 364.3885917663574
281.7994384765625,1163.8073048591614, 363.8486337661743
281.2994384765625,1163.7025589942932, 363.76510190963745
281.2994384765625,1164.7191467285156, 362.6694812774658
281.7994384765625,1163.8073048591614, 363.8486337661743
281.2994384765625,1164.7191467285156, 362.6694812774658
281.7994384765625,1164.810272693634, 362.76769161224365
281.2994384765625,1163.7025589942932, 363.76510190963745
279.2994384765625,1162.860619544983, 365.0
279.2994384765625,1164.7191467285156, 362.6694812774658
281.2994384765625,1163.7025589942932, 363.76510190963745
279.2994384765625,1164.7191467285156, 362.6694812774658
281.2994384765625,1164.7191467285156, 362.6694812774658
281.2994384765625,1164.7191467285156, 362.6694812774658
279.2994384765625,1164.7191467285156, 362.6694812774658
281.2994384765625,1165.8876733779907, 361.7376127243042
281.2994384765625,1164.7191467285156, 362.6694812774658
281.2994384765625,1165.8876733779907, 361.7376127243042
281.7994384765625,1164.810272693634, 362.76769161224365
281.7994384765625,1164.810272693634, 362.76769161224365
281.2994384765625,1165.8876733779907, 361.7376127243042
281.7994384765625,1165.963143825531, 361.8483076095581
281.7994384765625,1164.810272693634, 362.76769161224365
281.7994384765625,1165.963143825531, 361.8483076095581
282.16546392440796,1165.0592331886292, 363.0360074043274
279.2994384765625,1162.860619544983, 365.0
279.2994384765625,1166.765591621399, 368.4549150466919
279.2994384765625,1167.8051497936249, 366.6543469429016
279.2994384765625,1162.860619544983, 365.0
279.2994384765625,1167.8051497936249, 366.6543469429016
279.2994384765625,1164.7191467285156, 362.6694812774658
279.2994384765625,1164.7191467285156, 362.6694812774658
279.2994384765625,1167.8051497936249, 366.6543469429016
279.2994384765625,1167.1820363998413, 360.99031162261963
279.2994384765625,1164.7191467285156, 362.6694812774658
279.2994384765625,1167.1820363998413, 360.99031162261963
281.2994384765625,1165.8876733779907, 361.7376127243042
281.2994384765625,1165.8876733779907, 361.7376127243042
279.2994384765625,1167.1820363998413, 360.99031162261963
281.2994384765625,1167.1820363998413, 360.99031162261963
281.2994384765625,1165.8876733779907, 361.7376127243042
281.2994384765625,1167.1820363998413, 360.99031162261963
281.7994384765625,1165.963143825531, 361.8483076095581
281.2994384765625,1167.1820363998413, 360.99031162261963
279.2994384765625,1167.1820363998413, 360.99031162261963
281.2994384765625,1168.5733222961426, 360.4442720413208
281.2994384765625,1167.1820363998413, 360.99031162261963
281.2994384765625,1168.5733222961426, 360.4442720413208
281.7994384765625,1167.2401661872864, 361.11101818084717
281.2994384765625,1167.1820363998413, 360.99031162261963
281.7994384765625,1167.2401661872864, 361.11101818084717
281.7994384765625,1165.963143825531, 361.8483076095581
281.7994384765625,1165.963143825531, 361.8483076095581
281.7994384765625,1167.2401661872864, 361.11101818084717
282.16546392440796,1166.1693334579468, 362.1507315635681
281.7994384765625,1165.963143825531, 361.8483076095581
282.16546392440796,1166.1693334579468, 362.1507315635681
282.16546392440796,1165.0592331886292, 363.0360074043274
282.16546392440796,1165.0592331886292, 363.0360074043274
282.16546392440796,1166.1693334579468, 362.1507315635681
282.2994384765625,1165.3993191719055, 363.4025330543518
282.16546392440796,1165.0592331886292, 363.0360074043274
282.2994384765625,1165.3993191719055, 363.4025330543518
282.2994384765625,1164.4843907356262, 364.3885917663574
282.2994384765625,1164.4843907356262, 364.3885917663574
282.2994384765625,1165.3993191719055, 363.4025330543518
282.2994384765625,1166.3785729408264, 363.8716444969177
282.2994384765625,1164.4843907356262, 364.3885917663574
282.2994384765625,1166.3785729408264, 363.8716444969177
282.2994384765625,1164.592670917511, 366.0
282.2994384765625,1165.3993191719055, 363.4025330543518
282.16546392440796,1166.1693334579468, 362.1507315635681
282.2994384765625,1166.4509935379028, 362.5638508796692
282.2994384765625,1165.3993191719055, 363.4025330543518
282.2994384765625,1166.4509935379028, 362.5638508796692
282.2994384765625,1166.3785729408264, 363.8716444969177
282.16546392440796,1166.1693334579468, 362.1507315635681
281.7994384765625,1167.2401661872864, 361.11101818084717
282.16546392440796,1167.3989787101746, 361.4407958984375
282.16546392440796,1166.1693334579468, 362.1507315635681
282.16546392440796,1167.3989787101746, 361.4407958984375
282.2994384765625,1166.4509935379028, 362.5638508796692
281.7994384765625,1167.2401661872864, 361.11101818084717
281.2994384765625,1168.5733222961426, 360.4442720413208
281.7994384765625,1168.6128120422363, 360.5722942352295
281.7994384765625,1167.2401661872864, 361.11101818084717
281.7994384765625,1168.6128120422363, 360.5722942352295
282.16546392440796,1167.3989787101746, 361.4407958984375
282.16546392440796,1167.3989787101746, 361.4407958984375
281.7994384765625,1168.6128120422363, 360.5722942352295
282.16546392440796,1168.72069978714, 360.92205810546875
282.16546392440796,1167.3989787101746, 361.4407958984375
282.16546392440796,1168.72069978714, 360.92205810546875
282.2994384765625,1167.615920305252, 361.89128017425537
282.16546392440796,1167.3989787101746, 361.4407958984375
282.2994384765625,1167.615920305252, 361.89128017425537
282.2994384765625,1166.4509935379028, 362.5638508796692
282.2994384765625,1166.4509935379028, 362.5638508796692
282.2994384765625,1167.615920305252, 361.89128017425537
282.2994384765625,1168.7847127914429, 362.48245906829834
282.2994384765625,1166.4509935379028, 362.5638508796692
282.2994384765625,1168.7847127914429, 362.48245906829834
282.2994384765625,1166.3785729408264, 363.8716444969177
282.2994384765625,1167.615920305252, 361.89128017425537
282.16546392440796,1168.72069978714, 360.92205810546875
282.2994384765625,1168.8680775165558, 361.399845123291
282.2994384765625,1167.615920305252, 361.89128017425537
282.2994384765625,1168.8680775165558, 361.399845123291
282.2994384765625,1168.7847127914429, 362.48245906829834
282.16546392440796,1168.72069978714, 360.92205810546875
281.7994384765625,1168.6128120422363, 360.5722942352295
281.7994384765625,1170.0504192113876, 360.2441701889038
282.16546392440796,1168.72069978714, 360.92205810546875
281.7994384765625,1170.0504192113876, 360.2441701889038
282.16546392440796,1170.1049724817276, 360.6061067581177
282.16546392440796,1168.72069978714, 360.92205810546875
282.16546392440796,1170.1049724817276, 360.6061067581177
282.2994384765625,1168.8680775165558, 361.399845123291
281.7994384765625,1168.6128120422363, 360.5722942352295
281.2994384765625,1168.5733222961426, 360.4442720413208
281.2994384765625,1170.0304514169693, 360.11169147491455
281.7994384765625,1168.6128120422363, 360.5722942352295
281.2994384765625,1170.0304514169693, 360.11169147491455
281.7994384765625,1170.0504192113876, 360.2441701889038
281.2994384765625,1168.5733222961426, 360.4442720413208
279.2994384765625,1167.1820363998413, 360.99031162261963
279.2994384765625,1170.0304514169693, 360.11169147491455
281.2994384765625,1168.5733222961426, 360.4442720413208
279.2994384765625,1170.0304514169693, 360.11169147491455
281.2994384765625,1170.0304514169693, 360.11169147491455
281.2994384765625,1170.0304514169693, 360.11169147491455
279.2994384765625,1170.0304514169693, 360.11169147491455
281.2994384765625,1171.5208740234375, 360.0
281.2994384765625,1170.0304514169693, 360.11169147491455
281.2994384765625,1171.5208740234375, 360.0
281.7994384765625,1170.0504192113876, 360.2441701889038
281.7994384765625,1170.0504192113876, 360.2441701889038
281.2994384765625,1171.5208740234375, 360.0
281.7994384765625,1171.5208740234375, 360.1339750289917
281.7994384765625,1170.0504192113876, 360.2441701889038
281.7994384765625,1171.5208740234375, 360.1339750289917
282.16546392440796,1170.1049724817276, 360.6061067581177
279.2994384765625,1167.1820363998413, 360.99031162261963
279.2994384765625,1167.8051497936249, 366.6543469429016
279.2994384765625,1169.4871907234192, 365.4322729110718
279.2994384765625,1167.1820363998413, 360.99031162261963
279.2994384765625,1169.4871907234192, 365.4322729110718
279.2994384765625,1170.0304514169693, 360.11169147491455
281.2994384765625,1171.5208740234375, 360.0
279.2994384765625,1170.0304514169693, 360.11169147491455
279.2994384765625,1173.0112966299057, 360.11169147491455
281.2994384765625,1171.5208740234375, 360.0
279.2994384765625,1173.0112966299057, 360.11169147491455
281.2994384765625,1173.0112966299057, 360.11169147491455
281.2994384765625,1171.5208740234375, 360.0
281.2994384765625,1173.0112966299057, 360.11169147491455
281.7994384765625,1171.5208740234375, 360.1339750289917
279.2994384765625,1170.0304514169693, 360.11169147491455
279.2994384765625,1169.4871907234192, 365.4322729110718
279.2994384765625,1171.5208740234375, 365.0
279.2994384765625,1170.0304514169693, 360.11169147491455
279.2994384765625,1171.5208740234375, 365.0
279.2994384765625,1173.0112966299057, 360.11169147491455
281.2994384765625,1173.0112966299057, 360.11169147491455
279.2994384765625,1173.0112966299057, 360.11169147491455
281.2994384765625,1174.4684257507324, 360.4442720413208
281.2994384765625,1173.0112966299057, 360.11169147491455
281.2994384765625,1174.4684257507324, 360.4442720413208
281.7994384765625,1172.9913288354874, 360.2441701889038
281.2994384765625,1173.0112966299057, 360.11169147491455
281.7994384765625,1172.9913288354874, 360.2441701889038
281.7994384765625,1171.5208740234375, 360.1339750289917
281.7994384765625,1171.5208740234375, 360.1339750289917
281.7994384765625,1172.9913288354874, 360.2441701889038
282.16546392440796,1171.5208740234375, 360.5
281.7994384765625,1171.5208740234375, 360.1339750289917
282.16546392440796,1171.5208740234375, 360.5
282.16546392440796,1170.1049724817276, 360.6061067581177
282.16546392440796,1170.1049724817276, 360.6061067581177
282.16546392440796,1171.5208740234375, 360.5
282.2994384765625,1170.1794936656952, 361.1005229949951
282.16546392440796,1170.1049724817276, 360.6061067581177
282.2994384765625,1170.1794936656952, 361.1005229949951
282.2994384765625,1168.8680775165558, 361.399845123291
282.2994384765625,1168.8680775165558, 361.399845123291
282.2994384765625,1170.1794936656952, 361.1005229949951
282.2994384765625,1171.5208740234375, 362.0
282.2994384765625,1168.8680775165558, 361.399845123291
282.2994384765625,1171.5208740234375, 362.0
282.2994384765625,1168.7847127914429, 362.48245906829834
282.2994384765625,1170.1794936656952, 361.1005229949951
282.16546392440796,1171.5208740234375, 360.5
282.2994384765625,1171.5208740234375, 361.0
282.2994384765625,1170.1794936656952, 361.1005229949951
282.2994384765625,1171.5208740234375, 361.0
282.2994384765625,1171.5208740234375, 362.0
282.16546392440796,1171.5208740234375, 360.5
281.7994384765625,1172.9913288354874, 360.2441701889038
282.16546392440796,1172.9367755651474, 360.6061067581177
282.16546392440796,1171.5208740234375, 360.5
282.16546392440796,1172.9367755651474, 360.6061067581177
282.2994384765625,1171.5208740234375, 361.0
282.2994384765625,1171.5208740234375, 361.0
282.16546392440796,1172.9367755651474, 360.6061067581177
282.2994384765625,1172.8622543811798, 361.1005229949951
282.2994384765625,1171.5208740234375, 361.0
282.2994384765625,1172.8622543811798, 361.1005229949951
282.2994384765625,1171.5208740234375, 362.0
281.7994384765625,1172.9913288354874, 360.2441701889038
281.2994384765625,1174.4684257507324, 360.4442720413208
281.7994384765625,1174.4289360046387, 360.5722942352295
281.7994384765625,1172.9913288354874, 360.2441701889038
281.7994384765625,1174.4289360046387, 360.5722942352295
282.16546392440796,1172.9367755651474, 360.6061067581177
282.16546392440796,1172.9367755651474, 360.6061067581177
281.7994384765625,1174.4289360046387, 360.5722942352295
282.16546392440796,1174.321048259735, 360.92205810546875
282.16546392440796,1172.9367755651474, 360.6061067581177
282.16546392440796,1174.321048259735, 360.92205810546875
282.2994384765625,1172.8622543811798, 361.1005229949951
281.2994384765625,1174.4684257507324, 360.4442720413208
279.2994384765625,1173.0112966299057, 360.11169147491455
281.2994384765625,1175.8597116470337, 360.99031162261963
281.2994384765625,1174.4684257507324, 360.4442720413208
281.2994384765625,1175.8597116470337, 360.99031162261963
281.7994384765625,1174.4289360046387, 360.5722942352295
281.7994384765625,1174.4289360046387, 360.5722942352295
281.2994384765625,1175.8597116470337, 360.99031162261963
281.7994384765625,1175.8015818595886, 361.11101818084717
281.7994384765625,1174.4289360046387, 360.5722942352295
281.7994384765625,1175.8015818595886, 361.11101818084717
282.16546392440796,1174.321048259735, 360.92205810546875
279.2994384765625,1173.0112966299057, 360.11169147491455
279.2994384765625,1171.5208740234375, 365.0
279.2994384765625,1175.8597116470337, 360.99031162261963
279.2994384765625,1173.0112966299057, 360.11169147491455
279.2994384765625,1175.8597116470337, 360.99031162261963
281.2994384765625,1175.8597116470337, 360.99031162261963
281.2994384765625,1175.8597116470337, 360.99031162261963
279.2994384765625,1175.8597116470337, 360.99031162261963
281.2994384765625,1177.1540746688843, 361.7376127243042
281.2994384765625,1175.8597116470337, 360.99031162261963
281.2994384765625,1177.1540746688843, 361.7376127243042
281.7994384765625,1175.8015818595886, 361.11101818084717
281.2994384765625,1177.1540746688843, 361.7376127243042
279.2994384765625,1175.8597116470337, 360.99031162261963
281.2994384765625,1178.3226013183594, 362.6694812774658
281.2994384765625,1177.1540746688843, 361.7376127243042
281.2994384765625,1178.3226013183594, 362.6694812774658
281.7994384765625,1177.078604221344, 361.8483076095581
281.2994384765625,1177.1540746688843, 361.7376127243042
281.7994384765625,1177.078604221344, 361.8483076095581
281.7994384765625,1175.8015818595886, 361.11101818084717
281.7994384765625,1175.8015818595886, 361.11101818084717
281.7994384765625,1177.078604221344, 361.8483076095581
282.16546392440796,1175.6427693367004, 361.4407958984375
281.7994384765625,1175.8015818595886, 361.11101818084717
282.16546392440796,1175.6427693367004, 361.4407958984375
282.16546392440796,1174.321048259735, 360.92205810546875
282.16546392440796,1174.321048259735, 360.92205810546875
282.16546392440796,1175.6427693367004, 361.4407958984375
282.2994384765625,1174.1736705303192, 361.399845123291
282.16546392440796,1174.321048259735, 360.92205810546875
282.2994384765625,1174.1736705303192, 361.399845123291
282.2994384765625,1172.8622543811798, 361.1005229949951
282.2994384765625,1172.8622543811798, 361.1005229949951
282.2994384765625,1174.1736705303192, 361.399845123291
282.2994384765625,1174.2570352554321, 362.48245906829834
282.2994384765625,1172.8622543811798, 361.1005229949951
282.2994384765625,1174.2570352554321, 362.48245906829834
282.2994384765625,1171.5208740234375, 362.0
282.2994384765625,1174.1736705303192, 361.399845123291
282.16546392440796,1175.6427693367004, 361.4407958984375
282.2994384765625,1175.425827741623, 361.89128017425537
282.2994384765625,1174.1736705303192, 361.399845123291
282.2994384765625,1175.425827741623, 361.89128017425537
282.2994384765625,1174.2570352554321, 362.48245906829834
282.16546392440796,1175.6427693367004, 361.4407958984375
281.7994384765625,1177.078604221344, 361.8483076095581
282.16546392440796,1176.8724145889282, 362.1507315635681
282.16546392440796,1175.6427693367004, 361.4407958984375
282.16546392440796,1176.8724145889282, 362.1507315635681
282.2994384765625,1175.425827741623, 361.89128017425537
281.7994384765625,1177.078604221344, 361.8483076095581
281.2994384765625,1178.3226013183594, 362.6694812774658
281.7994384765625,1178.231475353241, 362.76769161224365
281.7994384765625,1177.078604221344, 361.8483076095581
281.7994384765625,1178.231475353241, 362.76769161224365
282.16546392440796,1176.8724145889282, 362.1507315635681
282.16546392440796,1176.8724145889282, 362.1507315635681
281.7994384765625,1178.231475353241, 362.76769161224365
282.16546392440796,1177.9825148582458, 363.0360074043274
282.16546392440796,1176.8724145889282, 362.1507315635681
282.16546392440796,1177.9825148582458, 363.0360074043274
282.2994384765625,1176.5907545089722, 362.5638508796692
282.16546392440796,1176.8724145889282, 362.1507315635681
282.2994384765625,1176.5907545089722, 362.5638508796692
282.2994384765625,1175.425827741623, 361.89128017425537
282.2994384765625,1175.425827741623, 361.89128017425537
282.2994384765625,1176.5907545089722, 362.5638508796692
282.2994384765625,1176.6631751060486, 363.8716444969177
282.2994384765625,1175.425827741623, 361.89128017425537
282.2994384765625,1176.6631751060486, 363.8716444969177
282.2994384765625,1174.2570352554321, 362.48245906829834
282.2994384765625,1176.5907545089722, 362.5638508796692
282.16546392440796,1177.9825148582458, 363.0360074043274
282.2994384765625,1177.6424288749695, 363.4025330543518
282.2994384765625,1176.5907545089722, 362.5638508796692
282.2994384765625,1177.6424288749695, 363.4025330543518
282.2994384765625,1176.6631751060486, 363.8716444969177
282.16546392440796,1177.9825148582458, 363.0360074043274
281.7994384765625,1178.231475353241, 362.76769161224365
281.7994384765625,1179.2344431877136, 363.8486337661743
282.16546392440796,1177.9825148582458, 363.0360074043274
281.7994384765625,1179.2344431877136, 363.8486337661743
282.16546392440796,1178.9482731819153, 364.076847076416
282.16546392440796,1177.9825148582458, 363.0360074043274
282.16546392440796,1178.9482731819153, 364.076847076416
282.2994384765625,1177.6424288749695, 363.4025330543518
281.7994384765625,1178.231475353241, 362.76769161224365
281.2994384765625,1178.3226013183594, 362.6694812774658
281.2994384765625,1179.3391890525818, 363.76510190963745
281.7994384765625,1178.231475353241, 362.76769161224365
281.2994384765625,1179.3391890525818, 363.76510190963745
281.7994384765625,1179.2344431877136, 363.8486337661743
281.2994384765625,1178.3226013183594, 362.6694812774658
279.2994384765625,1175.8597116470337, 360.99031162261963
279.2994384765625,1178.3226013183594, 362.6694812774658
281.2994384765625,1178.3226013183594, 362.6694812774658
279.2994384765625,1178.3226013183594, 362.6694812774658
281.2994384765625,1179.3391890525818, 363.76510190963745
279.2994384765625,1175.8597116470337, 360.99031162261963
279.2994384765625,1171.5208740234375, 365.0
279.2994384765625,1173.5545573234558, 365.4322729110718
279.2994384765625,1175.8597116470337, 360.99031162261963
279.2994384765625,1173.5545573234558, 365.4322729110718
279.2994384765625,1178.3226013183594, 362.6694812774658
279.2994384765625,1178.3226013183594, 362.6694812774658
279.2994384765625,1173.5545573234558, 365.4322729110718
279.2994384765625,1175.2365982532501, 366.6543469429016
279.2994384765625,1178.3226013183594, 362.6694812774658
279.2994384765625,1175.2365982532501, 366.6543469429016
279.2994384765625,1180.181128501892, 365.0
279.2994384765625,1178.3226013183594, 362.6694812774658
279.2994384765625,1180.181128501892, 365.0
281.2994384765625,1179.3391890525818, 363.76510190963745
281.2994384765625,1179.3391890525818, 363.76510190963745
279.2994384765625,1180.181128501892, 365.0
281.2994384765625,1180.181128501892, 365.0
281.2994384765625,1179.3391890525818, 363.76510190963745
281.2994384765625,1180.181128501892, 365.0
281.7994384765625,1179.2344431877136, 363.8486337661743
281.7994384765625,1179.2344431877136, 363.8486337661743
281.2994384765625,1180.181128501892, 365.0
281.7994384765625,1180.0651025772095, 365.06698751449585
281.7994384765625,1179.2344431877136, 363.8486337661743
281.7994384765625,1180.0651025772095, 365.06698751449585
282.16546392440796,1178.9482731819153, 364.076847076416
281.2994384765625,1180.181128501892, 365.0
279.2994384765625,1180.181128501892, 365.0
281.2994384765625,1180.8296117782593, 366.3465898036957
281.2994384765625,1180.181128501892, 365.0
281.2994384765625,1180.8296117782593, 366.3465898036957
281.7994384765625,1180.0651025772095, 365.06698751449585
281.7994384765625,1180.0651025772095, 365.06698751449585
281.2994384765625,1180.8296117782593, 366.3465898036957
281.7994384765625,1180.7048978805542, 366.3955361843109
281.7994384765625,1180.0651025772095, 365.06698751449585
281.7994384765625,1180.7048978805542, 366.3955361843109
282.16546392440796,1179.7481155395508, 365.25
281.7994384765625,1180.0651025772095, 365.06698751449585
282.16546392440796,1179.7481155395508, 365.25
282.16546392440796,1178.9482731819153, 364.076847076416
282.16546392440796,1178.9482731819153, 364.076847076416
282.16546392440796,1179.7481155395508, 365.25
282.2994384765625,1178.5573573112488, 364.3885917663574
282.16546392440796,1178.9482731819153, 364.076847076416
282.2994384765625,1178.5573573112488, 364.3885917663574
282.2994384765625,1177.6424288749695, 363.4025330543518
282.2994384765625,1177.6424288749695, 363.4025330543518
282.2994384765625,1178.5573573112488, 364.3885917663574
282.2994384765625,1178.449077129364, 366.0
282.2994384765625,1177.6424288749695, 363.4025330543518
282.2994384765625,1178.449077129364, 366.0
282.2994384765625,1176.6631751060486, 363.8716444969177
282.2994384765625,1178.5573573112488, 364.3885917663574
282.16546392440796,1179.7481155395508, 365.25
282.2994384765625,1179.3151025772095, 365.5
282.2994384765625,1178.5573573112488, 364.3885917663574
282.2994384765625,1179.3151025772095, 365.5
282.2994384765625,1178.449077129364, 366.0
282.16546392440796,1179.7481155395508, 365.25
281.7994384765625,1180.7048978805542, 366.3955361843109
282.16546392440796,1180.3641748428345, 366.5292601585388
282.16546392440796,1179.7481155395508, 365.25
282.16546392440796,1180.3641748428345, 366.5292601585388
282.2994384765625,1179.3151025772095, 365.5
282.2994384765625,1179.3151025772095, 365.5
282.16546392440796,1180.3641748428345, 366.5292601585388
282.2994384765625,1179.8987379074097, 366.71193075180054
282.2994384765625,1179.3151025772095, 365.5
282.2994384765625,1179.8987379074097, 366.71193075180054
282.2994384765625,1178.449077129364, 366.0
282.16546392440796,1180.3641748428345, 366.5292601585388
281.7994384765625,1180.7048978805542, 366.3955361843109
281.7994384765625,1181.1395378112793, 367.8046028614044
282.16546392440796,1180.3641748428345, 366.5292601585388
281.7994384765625,1181.1395378112793, 367.8046028614044
282.16546392440796,1180.7826890945435, 367.8860511779785
282.16546392440796,1180.3641748428345, 366.5292601585388
282.16546392440796,1180.7826890945435, 367.8860511779785
282.2994384765625,1179.8987379074097, 366.71193075180054
281.7994384765625,1180.7048978805542, 366.3955361843109
281.2994384765625,1180.8296117782593, 366.3465898036957
281.2994384765625,1181.2701530456543, 367.774790763855
281.7994384765625,1180.7048978805542, 366.3955361843109
281.2994384765625,1181.2701530456543, 367.774790763855
281.7994384765625,1181.1395378112793, 367.8046028614044
281.2994384765625,1180.8296117782593, 366.3465898036957
279.2994384765625,1180.181128501892, 365.0
279.2994384765625,1181.2701530456543, 367.774790763855
281.2994384765625,1180.8296117782593, 366.3465898036957
279.2994384765625,1181.2701530456543, 367.774790763855
281.2994384765625,1181.2701530456543, 367.774790763855
281.2994384765625,1181.2701530456543, 367.774790763855
279.2994384765625,1181.2701530456543, 367.774790763855
281.2994384765625,1181.4929122924805, 369.25269907712936
281.2994384765625,1181.2701530456543, 367.774790763855
281.2994384765625,1181.4929122924805, 369.25269907712936
281.7994384765625,1181.1395378112793, 367.8046028614044
281.7994384765625,1181.1395378112793, 367.8046028614044
281.2994384765625,1181.4929122924805, 369.25269907712936
281.7994384765625,1181.3593120574951, 369.2627109885216
281.7994384765625,1181.1395378112793, 367.8046028614044
281.7994384765625,1181.3593120574951, 369.2627109885216
282.16546392440796,1180.7826890945435, 367.8860511779785
279.2994384765625,1180.181128501892, 365.0
279.2994384765625,1175.2365982532501, 366.6543469429016
279.2994384765625,1176.276156425476, 368.4549150466919
279.2994384765625,1180.181128501892, 365.0
279.2994384765625,1176.276156425476, 368.4549150466919
279.2994384765625,1181.2701530456543, 367.774790763855
279.2994384765625,1181.2701530456543, 367.774790763855
279.2994384765625,1176.276156425476, 368.4549150466919
279.2994384765625,1181.5208740234375, 370.0
279.2994384765625,1181.2701530456543, 367.774790763855
279.2994384765625,1181.5208740234375, 370.0
281.2994384765625,1181.4929122924805, 369.25269907712936
281.2994384765625,1181.4929122924805, 369.25269907712936
279.2994384765625,1181.5208740234375, 370.0
281.2994384765625,1181.4929122924805, 370.74730092287064
281.2994384765625,1181.4929122924805, 369.25269907712936
281.2994384765625,1181.4929122924805, 370.74730092287064
281.7994384765625,1181.3593120574951, 369.2627109885216
279.2994384765625,1181.5208740234375, 370.0
279.2994384765625,1176.276156425476, 368.4549150466919
279.2994384765625,1176.493483543396, 370.52264231443405
279.2994384765625,1181.5208740234375, 370.0
279.2994384765625,1176.493483543396, 370.52264231443405
279.2994384765625,1181.4929122924805, 370.74730092287064
279.2994384765625,1181.5208740234375, 370.0
279.2994384765625,1181.4929122924805, 370.74730092287064
281.2994384765625,1181.4929122924805, 370.74730092287064
279.2994384765625,1181.4929122924805, 370.74730092287064
279.2994384765625,1176.493483543396, 370.52264231443405
279.2994384765625,1180.8296117782593, 373.6534101963043
279.2994384765625,1181.4929122924805, 370.74730092287064
279.2994384765625,1180.8296117782593, 373.6534101963043
281.2994384765625,1181.2701530456543, 372.225209236145
279.2994384765625,1181.4929122924805, 370.74730092287064
281.2994384765625,1181.2701530456543, 372.225209236145
281.2994384765625,1181.4929122924805, 370.74730092287064
281.2994384765625,1181.4929122924805, 370.74730092287064
281.2994384765625,1181.2701530456543, 372.225209236145
281.7994384765625,1181.3593120574951, 370.7372890114784
281.2994384765625,1181.4929122924805, 370.74730092287064
281.7994384765625,1181.3593120574951, 370.7372890114784
281.7994384765625,1181.3593120574951, 369.2627109885216
281.7994384765625,1181.3593120574951, 369.2627109885216
281.7994384765625,1181.3593120574951, 370.7372890114784
282.16546392440796,1180.9943103790283, 369.2900640964508
281.7994384765625,1181.3593120574951, 369.2627109885216
282.16546392440796,1180.9943103790283, 369.2900640964508
282.16546392440796,1180.7826890945435, 367.8860511779785
282.16546392440796,1180.7826890945435, 367.8860511779785
282.16546392440796,1180.9943103790283, 369.2900640964508
282.2994384765625,1180.2952251434326, 367.99731159210205
282.16546392440796,1180.7826890945435, 367.8860511779785
282.2994384765625,1180.2952251434326, 367.99731159210205
282.2994384765625,1179.8987379074097, 366.71193075180054
282.2994384765625,1179.8987379074097, 366.71193075180054
282.2994384765625,1180.2952251434326, 367.99731159210205
282.2994384765625,1179.399335861206, 368.6108145713806
282.2994384765625,1179.8987379074097, 366.71193075180054
282.2994384765625,1179.399335861206, 368.6108145713806
282.2994384765625,1178.449077129364, 366.0
282.2994384765625,1180.2952251434326, 367.99731159210205
282.16546392440796,1180.9943103790283, 369.2900640964508
282.2994384765625,1180.4957084655762, 369.3274291753769
282.2994384765625,1180.2952251434326, 367.99731159210205
282.2994384765625,1180.4957084655762, 369.3274291753769
282.2994384765625,1179.399335861206, 368.6108145713806
282.16546392440796,1180.9943103790283, 369.2900640964508
281.7994384765625,1181.3593120574951, 370.7372890114784
282.16546392440796,1180.9943103790283, 370.7099359035492
282.16546392440796,1180.9943103790283, 369.2900640964508
282.16546392440796,1180.9943103790283, 370.7099359035492
282.2994384765625,1180.4957084655762, 369.3274291753769
281.7994384765625,1181.3593120574951, 370.7372890114784
281.2994384765625,1181.2701530456543, 372.225209236145
281.7994384765625,1181.1395378112793, 372.1953971385956
281.7994384765625,1181.3593120574951, 370.7372890114784
281.7994384765625,1181.1395378112793, 372.1953971385956
282.16546392440796,1180.9943103790283, 370.7099359035492
281.2994384765625,1181.2701530456543, 372.225209236145
279.2994384765625,1180.8296117782593, 373.6534101963043
281.2994384765625,1180.8296117782593, 373.6534101963043
281.2994384765625,1181.2701530456543, 372.225209236145
281.2994384765625,1180.8296117782593, 373.6534101963043
281.7994384765625,1181.1395378112793, 372.1953971385956
281.2994384765625,1180.8296117782593, 373.6534101963043
279.2994384765625,1180.8296117782593, 373.6534101963043
281.2994384765625,1180.181128501892, 375.0
281.2994384765625,1180.8296117782593, 373.6534101963043
281.2994384765625,1180.181128501892, 375.0
281.7994384765625,1180.7048978805542, 373.6044638156891
281.2994384765625,1180.8296117782593, 373.6534101963043
281.7994384765625,1180.7048978805542, 373.6044638156891
281.7994384765625,1181.1395378112793, 372.1953971385956
281.7994384765625,1181.1395378112793, 372.1953971385956
281.7994384765625,1180.7048978805542, 373.6044638156891
282.16546392440796,1180.7826890945435, 372.1139488220215
281.7994384765625,1181.1395378112793, 372.1953971385956
282.16546392440796,1180.7826890945435, 372.1139488220215
282.16546392440796,1180.9943103790283, 370.7099359035492
282.16546392440796,1180.9943103790283, 370.7099359035492
282.16546392440796,1180.7826890945435, 372.1139488220215
282.2994384765625,1180.4957084655762, 370.6725708246231
282.16546392440796,1180.9943103790283, 370.7099359035492
282.2994384765625,1180.4957084655762, 370.6725708246231
282.2994384765625,1180.4957084655762, 369.3274291753769
282.2994384765625,1180.4957084655762, 369.3274291753769
282.2994384765625,1180.4957084655762, 370.6725708246231
282.2994384765625,1179.399335861206, 371.3891854286194
282.2994384765625,1180.4957084655762, 369.3274291753769
282.2994384765625,1179.399335861206, 371.3891854286194
282.2994384765625,1179.399335861206, 368.6108145713806
282.2994384765625,1180.4957084655762, 370.6725708246231
282.16546392440796,1180.7826890945435, 372.1139488220215
282.2994384765625,1180.2952251434326, 372.00268840789795
282.2994384765625,1180.4957084655762, 370.6725708246231
282.2994384765625,1180.2952251434326, 372.00268840789795
282.2994384765625,1179.399335861206, 371.3891854286194
282.16546392440796,1180.7826890945435, 372.1139488220215
281.7994384765625,1180.7048978805542, 373.6044638156891
282.16546392440796,1180.3641748428345, 373.4707398414612
282.16546392440796,1180.7826890945435, 372.1139488220215
282.16546392440796,1180.3641748428345, 373.4707398414612
282.2994384765625,1180.2952251434326, 372.00268840789795
281.7994384765625,1180.7048978805542, 373.6044638156891
281.2994384765625,1180.181128501892, 375.0
281.7994384765625,1180.0651025772095, 374.93301248550415
281.7994384765625,1180.7048978805542, 373.6044638156891
281.7994384765625,1180.0651025772095, 374.93301248550415
282.16546392440796,1180.3641748428345, 373.4707398414612
281.2994384765625,1180.181128501892, 375.0
279.2994384765625,1180.8296117782593, 373.6534101963043
281.2994384765625,1179.3391890525818, 376.23489809036255
281.2994384765625,1180.181128501892, 375.0
281.2994384765625,1179.3391890525818, 376.23489809036255
281.7994384765625,1180.0651025772095, 374.93301248550415
281.7994384765625,1180.0651025772095, 374.93301248550415
281.2994384765625,1179.3391890525818, 376.23489809036255
281.7994384765625,1179.2344431877136, 376.1513662338257
281.7994384765625,1180.0651025772095, 374.93301248550415
281.7994384765625,1179.2344431877136, 376.1513662338257
282.16546392440796,1179.7481155395508, 374.75
281.7994384765625,1180.0651025772095, 374.93301248550415
282.16546392440796,1179.7481155395508, 374.75
282.16546392440796,1180.3641748428345, 373.4707398414612
282.16546392440796,1180.3641748428345, 373.4707398414612
282.16546392440796,1179.7481155395508, 374.75
282.2994384765625,1179.8987379074097, 373.28806924819946
282.16546392440796,1180.3641748428345, 373.4707398414612
282.2994384765625,1179.8987379074097, 373.28806924819946
282.2994384765625,1180.2952251434326, 372.00268840789795
282.2994384765625,1180.2952251434326, 372.00268840789795
282.2994384765625,1179.8987379074097, 373.28806924819946
282.2994384765625,1178.449077129364, 374.0
282.2994384765625,1180.2952251434326, 372.00268840789795
282.2994384765625,1178.449077129364, 374.0
282.2994384765625,1179.399335861206, 371.3891854286194
282.2994384765625,1179.8987379074097, 373.28806924819946
282.16546392440796,1179.7481155395508, 374.75
282.2994384765625,1179.3151025772095, 374.5
282.2994384765625,1179.8987379074097, 373.28806924819946
282.2994384765625,1179.3151025772095, 374.5
282.2994384765625,1178.449077129364, 374.0
282.16546392440796,1179.7481155395508, 374.75
281.7994384765625,1179.2344431877136, 376.1513662338257
282.16546392440796,1178.9482731819153, 375.923152923584
282.16546392440796,1179.7481155395508, 374.75
282.16546392440796,1178.9482731819153, 375.923152923584
282.2994384765625,1179.3151025772095, 374.5
282.2994384765625,1179.3151025772095, 374.5
282.16546392440796,1178.9482731819153, 375.923152923584
282.2994384765625,1178.5573573112488, 375.6114082336426
282.2994384765625,1179.3151025772095, 374.5
282.2994384765625,1178.5573573112488, 375.6114082336426
282.2994384765625,1178.449077129364, 374.0
282.16546392440796,1178.9482731819153, 375.923152923584
281.7994384765625,1179.2344431877136, 376.1513662338257
281.7994384765625,1178.231475353241, 377.23230838775635
282.16546392440796,1178.9482731819153, 375.923152923584
281.7994384765625,1178.231475353241, 377.23230838775635
282.16546392440796,1177.9825148582458, 376.9639925956726
282.16546392440796,1178.9482731819153, 375.923152923584
282.16546392440796,1177.9825148582458, 376.9639925956726
282.2994384765625,1178.5573573112488, 375.6114082336426
281.7994384765625,1179.2344431877136, 376.1513662338257
281.2994384765625,1179.3391890525818, 376.23489809036255
281.2994384765625,1178.3226013183594, 377.3305187225342
281.7994384765625,1179.2344431877136, 376.1513662338257
281.2994384765625,1178.3226013183594, 377.3305187225342
281.7994384765625,1178.231475353241, 377.23230838775635
281.2994384765625,1179.3391890525818, 376.23489809036255
279.2994384765625,1180.8296117782593, 373.6534101963043
279.2994384765625,1179.3391890525818, 376.23489809036255
281.2994384765625,1179.3391890525818, 376.23489809036255
279.2994384765625,1179.3391890525818, 376.23489809036255
281.2994384765625,1178.3226013183594, 377.3305187225342
281.2994384765625,1178.3226013183594, 377.3305187225342
279.2994384765625,1179.3391890525818, 376.23489809036255
281.2994384765625,1177.1540746688843, 378.2623872756958
281.2994384765625,1178.3226013183594, 377.3305187225342
281.2994384765625,1177.1540746688843, 378.2623872756958
281.7994384765625,1178.231475353241, 377.23230838775635
281.7994384765625,1178.231475353241, 377.23230838775635
281.2994384765625,1177.1540746688843, 378.2623872756958
281.7994384765625,1177.078604221344, 378.1516923904419
281.7994384765625,1178.231475353241, 377.23230838775635
281.7994384765625,1177.078604221344, 378.1516923904419
282.16546392440796,1177.9825148582458, 376.9639925956726
282.16546392440796,1177.9825148582458, 376.9639925956726
281.7994384765625,1177.078604221344, 378.1516923904419
282.16546392440796,1176.8724145889282, 377.8492684364319
282.16546392440796,1177.9825148582458, 376.9639925956726
282.16546392440796,1176.8724145889282, 377.8492684364319
282.2994384765625,1177.6424288749695, 376.5974669456482
282.16546392440796,1177.9825148582458, 376.9639925956726
282.2994384765625,1177.6424288749695, 376.5974669456482
282.2994384765625,1178.5573573112488, 375.6114082336426
282.2994384765625,1178.5573573112488, 375.6114082336426
282.2994384765625,1177.6424288749695, 376.5974669456482
282.2994384765625,1176.6631751060486, 376.1283555030823
282.2994384765625,1178.5573573112488, 375.6114082336426
282.2994384765625,1176.6631751060486, 376.1283555030823
282.2994384765625,1178.449077129364, 374.0
282.2994384765625,1177.6424288749695, 376.5974669456482
282.16546392440796,1176.8724145889282, 377.8492684364319
282.2994384765625,1176.5907545089722, 377.4361491203308
282.2994384765625,1177.6424288749695, 376.5974669456482
282.2994384765625,1176.5907545089722, 377.4361491203308
282.2994384765625,1176.6631751060486, 376.1283555030823
282.2994384765625,1176.5907545089722, 377.4361491203308
282.2994384765625,1174.2570352554321, 377.51754093170166
282.2994384765625,1176.6631751060486, 376.1283555030823
282.2994384765625,1176.6631751060486, 376.1283555030823
282.2994384765625,1174.2570352554321, 377.51754093170166
280.2994384765625,1174.2570352554321, 377.51754093170166
282.2994384765625,1176.6631751060486, 376.1283555030823
280.2994384765625,1174.2570352554321, 377.51754093170166
280.2994384765625,1176.6631751060486, 376.1283555030823
282.2994384765625,1176.6631751060486, 376.1283555030823
280.2994384765625,1176.6631751060486, 376.1283555030823
282.2994384765625,1178.449077129364, 374.0
282.2994384765625,1178.449077129364, 374.0
280.2994384765625,1176.6631751060486, 376.1283555030823
280.2994384765625,1178.449077129364, 374.0
282.2994384765625,1178.449077129364, 374.0
280.2994384765625,1178.449077129364, 374.0
282.2994384765625,1179.399335861206, 371.3891854286194
280.2994384765625,1176.6631751060486, 376.1283555030823
280.2994384765625,1174.2570352554321, 377.51754093170166
280.2994384765625,1171.5208740234375, 370.0
280.2994384765625,1176.6631751060486, 376.1283555030823
280.2994384765625,1171.5208740234375, 370.0
280.2994384765625,1178.449077129364, 374.0
280.2994384765625,1178.449077129364, 374.0
280.2994384765625,1171.5208740234375, 370.0
280.2994384765625,1179.399335861206, 371.3891854286194
280.2994384765625,1178.449077129364, 374.0
280.2994384765625,1179.399335861206, 371.3891854286194
282.2994384765625,1179.399335861206, 371.3891854286194
282.2994384765625,1179.399335861206, 371.3891854286194
280.2994384765625,1179.399335861206, 371.3891854286194
282.2994384765625,1179.399335861206, 368.6108145713806
280.2994384765625,1179.399335861206, 371.3891854286194
280.2994384765625,1171.5208740234375, 370.0
280.2994384765625,1179.399335861206, 368.6108145713806
280.2994384765625,1179.399335861206, 371.3891854286194
280.2994384765625,1179.399335861206, 368.6108145713806
282.2994384765625,1179.399335861206, 368.6108145713806
282.2994384765625,1179.399335861206, 368.6108145713806
280.2994384765625,1179.399335861206, 368.6108145713806
282.2994384765625,1178.449077129364, 366.0
280.2994384765625,1179.399335861206, 368.6108145713806
280.2994384765625,1171.5208740234375, 370.0
280.2994384765625,1178.449077129364, 366.0
280.2994384765625,1179.399335861206, 368.6108145713806
280.2994384765625,1178.449077129364, 366.0
282.2994384765625,1178.449077129364, 366.0
282.2994384765625,1178.449077129364, 366.0
280.2994384765625,1178.449077129364, 366.0
282.2994384765625,1176.6631751060486, 363.8716444969177
280.2994384765625,1178.449077129364, 366.0
280.2994384765625,1171.5208740234375, 370.0
280.2994384765625,1176.6631751060486, 363.8716444969177
280.2994384765625,1178.449077129364, 366.0
280.2994384765625,1176.6631751060486, 363.8716444969177
282.2994384765625,1176.6631751060486, 363.8716444969177
282.2994384765625,1176.6631751060486, 363.8716444969177
280.2994384765625,1176.6631751060486, 363.8716444969177
282.2994384765625,1174.2570352554321, 362.48245906829834
279.2994384765625,1176.493483543396, 370.52264231443405
279.2994384765625,1176.276156425476, 368.4549150466919
269.2994384765625,1176.5208740234375, 370.0
280.2994384765625,1176.6631751060486, 363.8716444969177
280.2994384765625,1171.5208740234375, 370.0
280.2994384765625,1174.2570352554321, 362.48245906829834
280.2994384765625,1176.6631751060486, 363.8716444969177
280.2994384765625,1174.2570352554321, 362.48245906829834
282.2994384765625,1174.2570352554321, 362.48245906829834
282.2994384765625,1174.2570352554321, 362.48245906829834
280.2994384765625,1174.2570352554321, 362.48245906829834
282.2994384765625,1171.5208740234375, 362.0
280.2994384765625,1174.2570352554321, 362.48245906829834
280.2994384765625,1171.5208740234375, 370.0
280.2994384765625,1171.5208740234375, 362.0
280.2994384765625,1174.2570352554321, 362.48245906829834
280.2994384765625,1171.5208740234375, 362.0
282.2994384765625,1171.5208740234375, 362.0
282.2994384765625,1171.5208740234375, 362.0
280.2994384765625,1171.5208740234375, 362.0
282.2994384765625,1168.7847127914429, 362.48245906829834
280.2994384765625,1171.5208740234375, 362.0
280.2994384765625,1171.5208740234375, 370.0
280.2994384765625,1168.7847127914429, 362.48245906829834
280.2994384765625,1171.5208740234375, 362.0
280.2994384765625,1168.7847127914429, 362.48245906829834
282.2994384765625,1168.7847127914429, 362.48245906829834
282.2994384765625,1168.7847127914429, 362.48245906829834
280.2994384765625,1168.7847127914429, 362.48245906829834
282.2994384765625,1166.3785729408264, 363.8716444969177
280.2994384765625,1168.7847127914429, 362.48245906829834
280.2994384765625,1171.5208740234375, 370.0
280.2994384765625,1166.3785729408264, 363.8716444969177
280.2994384765625,1168.7847127914429, 362.48245906829834
280.2994384765625,1166.3785729408264, 363.8716444969177
282.2994384765625,1166.3785729408264, 363.8716444969177
282.2994384765625,1166.3785729408264, 363.8716444969177
280.2994384765625,1166.3785729408264, 363.8716444969177
282.2994384765625,1164.592670917511, 366.0
280.2994384765625,1166.3785729408264, 363.8716444969177
280.2994384765625,1171.5208740234375, 370.0
280.2994384765625,1164.592670917511, 366.0
280.2994384765625,1166.3785729408264, 363.8716444969177
280.2994384765625,1164.592670917511, 366.0
282.2994384765625,1164.592670917511, 366.0
282.2994384765625,1164.592670917511, 366.0
280.2994384765625,1164.592670917511, 366.0
282.2994384765625,1163.642412185669, 368.6108145713806
280.2994384765625,1164.592670917511, 366.0
280.2994384765625,1171.5208740234375, 370.0
280.2994384765625,1163.642412185669, 368.6108145713806
280.2994384765625,1164.592670917511, 366.0
280.2994384765625,1163.642412185669, 368.6108145713806
282.2994384765625,1163.642412185669, 368.6108145713806
282.2994384765625,1163.642412185669, 368.6108145713806
280.2994384765625,1163.642412185669, 368.6108145713806
282.2994384765625,1163.642412185669, 371.3891854286194
280.2994384765625,1163.642412185669, 368.6108145713806
280.2994384765625,1171.5208740234375, 370.0
280.2994384765625,1163.642412185669, 371.3891854286194
280.2994384765625,1163.642412185669, 368.6108145713806
280.2994384765625,1163.642412185669, 371.3891854286194
282.2994384765625,1163.642412185669, 371.3891854286194
282.2994384765625,1163.642412185669, 371.3891854286194
280.2994384765625,1163.642412185669, 371.3891854286194
282.2994384765625,1164.592670917511, 374.0
280.2994384765625,1163.642412185669, 371.3891854286194
280.2994384765625,1171.5208740234375, 370.0
280.2994384765625,1164.592670917511, 374.0
280.2994384765625,1163.642412185669, 371.3891854286194
280.2994384765625,1164.592670917511, 374.0
282.2994384765625,1164.592670917511, 374.0
282.2994384765625,1164.592670917511, 374.0
280.2994384765625,1164.592670917511, 374.0
282.2994384765625,1166.3785729408264, 376.1283555030823
280.2994384765625,1164.592670917511, 374.0
280.2994384765625,1171.5208740234375, 370.0
280.2994384765625,1166.3785729408264, 376.1283555030823
280.2994384765625,1164.592670917511, 374.0
280.2994384765625,1166.3785729408264, 376.1283555030823
282.2994384765625,1166.3785729408264, 376.1283555030823
282.2994384765625,1166.3785729408264, 376.1283555030823
280.2994384765625,1166.3785729408264, 376.1283555030823
282.2994384765625,1168.7847127914429, 377.51754093170166
280.2994384765625,1166.3785729408264, 376.1283555030823
280.2994384765625,1171.5208740234375, 370.0
280.2994384765625,1168.7847127914429, 377.51754093170166
280.2994384765625,1166.3785729408264, 376.1283555030823
280.2994384765625,1168.7847127914429, 377.51754093170166
282.2994384765625,1168.7847127914429, 377.51754093170166
282.2994384765625,1168.7847127914429, 377.51754093170166
280.2994384765625,1168.7847127914429, 377.51754093170166
282.2994384765625,1171.5208740234375, 378.0
280.2994384765625,1168.7847127914429, 377.51754093170166
280.2994384765625,1171.5208740234375, 370.0
280.2994384765625,1171.5208740234375, 378.0
280.2994384765625,1168.7847127914429, 377.51754093170166
280.2994384765625,1171.5208740234375, 378.0
282.2994384765625,1171.5208740234375, 378.0
280.2994384765625,1171.5208740234375, 370.0
280.2994384765625,1174.2570352554321, 377.51754093170166
280.2994384765625,1171.5208740234375, 378.0
280.2994384765625,1174.2570352554321, 377.51754093170166
282.2994384765625,1174.2570352554321, 377.51754093170166
280.2994384765625,1171.5208740234375, 378.0
280.2994384765625,1171.5208740234375, 378.0
282.2994384765625,1174.2570352554321, 377.51754093170166
282.2994384765625,1171.5208740234375, 378.0
