259.2994384765625,1431.5208740234375, 380.0
259.2994384765625,1531.5208740234375, 380.0
259.2994384765625,1431.5208740234375, 320.0
259.2994384765625,1431.5208740234375, 380.0
259.2994384765625,1431.5208740234375, 320.0
279.2994384765625,1431.5208740234375, 380.0
259.2994384765625,1431.5208740234375, 380.0
279.2994384765625,1431.5208740234375, 380.0
279.2994384765625,1531.5208740234375, 380.0
259.2994384765625,1431.5208740234375, 380.0
279.2994384765625,1531.5208740234375, 380.0
259.2994384765625,1531.5208740234375, 380.0
279.2994384765625,1531.5208740234375, 380.0
279.2994384765625,1431.5208740234375, 380.0
279.2994384765625,1531.5208740234375, 320.0
279.2994384765625,1531.5208740234375, 380.0
279.2994384765625,1531.5208740234375, 320.0
259.2994384765625,1531.5208740234375, 380.0
279.2994384765625,1431.5208740234375, 380.0
259.2994384765625,1431.5208740234375, 320.0
279.2994384765625,1431.5208740234375, 320.0
279.2994384765625,1431.5208740234375, 380.0
279.2994384765625,1431.5208740234375, 320.0
279.2994384765625,1531.5208740234375, 320.0
279.2994384765625,1431.5208740234375, 320.0
259.2994384765625,1431.5208740234375, 320.0
259.2994384765625,1531.5208740234375, 320.0
279.2994384765625,1431.5208740234375, 320.0
259.2994384765625,1531.5208740234375, 320.0
279.2994384765625,1531.5208740234375, 320.0
279.2994384765625,1531.5208740234375, 320.0
259.2994384765625,1531.5208740234375, 320.0
259.2994384765625,1531.5208740234375, 380.0
259.2994384765625,1531.5208740234375, 320.0
259.2994384765625,1431.5208740234375, 320.0
259.2994384765625,1531.5208740234375, 380.0
