334.8040170669555,590.7541713714601, 679.7861164808273
334.8427672810539,590.7541713714601, 680.6567960321281
339.79944062232966,590.7541713714601, 679.9999925494194
334.8040170669555,590.7541713714601, 679.7861164808273
339.79944062232966,590.7541713714601, 679.9999925494194
334.9170443092698,590.7541713714601, 678.9219351904485
334.8040170669555,590.7541713714601, 679.7861164808273
334.9170443092698,590.7541713714601, 678.9219351904485
334.9170443092698,576.3141689300538, 678.9219351904485
334.8040170669555,590.7541713714601, 679.7861164808273
334.9170443092698,576.3141689300538, 678.9219351904485
334.8040170669555,576.3141689300538, 679.7861164808273
334.8040170669555,590.7541713714601, 679.7861164808273
334.8040170669555,576.3141689300538, 679.7861164808273
334.8427672810539,590.7541713714601, 680.6567960321281
334.9170443092698,590.7541713714601, 678.9219351904485
339.79944062232966,590.7541713714601, 679.9999925494194
335.5802028248872,590.7541713714601, 677.3170581437262
334.9170443092698,590.7541713714601, 678.9219351904485
335.5802028248872,590.7541713714601, 677.3170581437262
334.9170443092698,576.3141689300538, 678.9219351904485
335.5802028248872,590.7541713714601, 677.3170581437262
339.79944062232966,590.7541713714601, 679.9999925494194
336.7522917045207,590.7541713714601, 676.0358216273271
335.5802028248872,590.7541713714601, 677.3170581437262
336.7522917045207,590.7541713714601, 676.0358216273271
335.5802028248872,576.3141689300538, 677.3170581437262
335.5802028248872,590.7541713714601, 677.3170581437262
335.5802028248872,576.3141689300538, 677.3170581437262
334.9170443092698,576.3141689300538, 678.9219351904485
334.9170443092698,576.3141689300538, 678.9219351904485
335.5802028248872,576.3141689300538, 677.3170581437262
339.79944062232966,576.3141689300538, 679.9999925494194
334.9170443092698,576.3141689300538, 678.9219351904485
339.79944062232966,576.3141689300538, 679.9999925494194
334.8040170669555,576.3141689300538, 679.7861164808273
335.5802028248872,576.3141689300538, 677.3170581437262
336.7522917045207,590.7541713714601, 676.0358216273271
336.7522917045207,576.3141689300538, 676.0358216273271
335.5802028248872,576.3141689300538, 677.3170581437262
336.7522917045207,576.3141689300538, 676.0358216273271
339.79944062232966,576.3141689300538, 679.9999925494194
336.7522917045207,590.7541713714601, 676.0358216273271
339.79944062232966,590.7541713714601, 679.9999925494194
338.2918711017482,590.7541713714601, 675.2326562222643
336.7522917045207,590.7541713714601, 676.0358216273271
338.2918711017482,590.7541713714601, 675.2326562222643
336.7522917045207,576.3141689300538, 676.0358216273271
336.7522917045207,576.3141689300538, 676.0358216273271
338.2918711017482,590.7541713714601, 675.2326562222643
338.2918711017482,576.3141689300538, 675.2326562222643
336.7522917045207,576.3141689300538, 676.0358216273271
338.2918711017482,576.3141689300538, 675.2326562222643
339.79944062232966,576.3141689300538, 679.9999925494194
338.2918711017482,590.7541713714601, 675.2326562222643
339.79944062232966,590.7541713714601, 679.9999925494194
340.0133166909217,590.7541713714601, 675.0045689940453
338.2918711017482,590.7541713714601, 675.2326562222643
340.0133166909217,590.7541713714601, 675.0045689940453
338.2918711017482,576.3141689300538, 675.2326562222643
338.2918711017482,576.3141689300538, 675.2326562222643
340.0133166909217,590.7541713714601, 675.0045689940453
340.0133166909217,576.3141689300538, 675.0045689940453
338.2918711017482,576.3141689300538, 675.2326562222643
340.0133166909217,576.3141689300538, 675.0045689940453
339.79944062232966,576.3141689300538, 679.9999925494194
340.0133166909217,590.7541713714601, 675.0045689940453
339.79944062232966,590.7541713714601, 679.9999925494194
341.7089676565883,590.7541713714601, 675.3789571653269
340.0133166909217,590.7541713714601, 675.0045689940453
341.7089676565883,590.7541713714601, 675.3789571653269
340.0133166909217,576.3141689300538, 675.0045689940453
340.0133166909217,576.3141689300538, 675.0045689940453
341.7089676565883,590.7541713714601, 675.3789571653269
341.7089676565883,576.3141689300538, 675.3789571653269
340.0133166909217,576.3141689300538, 675.0045689940453
341.7089676565883,576.3141689300538, 675.3789571653269
339.79944062232966,576.3141689300538, 679.9999925494194
341.7089676565883,590.7541713714601, 675.3789571653269
339.79944062232966,590.7541713714601, 679.9999925494194
343.1742648040162,590.7541713714601, 676.3107745605266
341.7089676565883,590.7541713714601, 675.3789571653269
343.1742648040162,590.7541713714601, 676.3107745605266
341.7089676565883,576.3141689300538, 675.3789571653269
341.7089676565883,576.3141689300538, 675.3789571653269
343.1742648040162,590.7541713714601, 676.3107745605266
343.1742648040162,576.3141689300538, 676.3107745605266
341.7089676565883,576.3141689300538, 675.3789571653269
343.1742648040162,576.3141689300538, 676.3107745605266
339.79944062232966,576.3141689300538, 679.9999925494194
343.1742648040162,590.7541713714601, 676.3107745605266
339.79944062232966,590.7541713714601, 679.9999925494194
344.2325544883642,590.7541713714601, 677.6875033997385
343.1742648040162,590.7541713714601, 676.3107745605266
344.2325544883642,590.7541713714601, 677.6875033997385
343.1742648040162,576.3141689300538, 676.3107745605266
343.1742648040162,576.3141689300538, 676.3107745605266
344.2325544883642,590.7541713714601, 677.6875033997385
344.2325544883642,576.3141689300538, 677.6875033997385
343.1742648040162,576.3141689300538, 676.3107745605266
344.2325544883642,576.3141689300538, 677.6875033997385
339.79944062232966,576.3141689300538, 679.9999925494194
344.2325544883642,590.7541713714601, 677.6875033997385
339.79944062232966,590.7541713714601, 679.9999925494194
344.7561139636054,590.7541713714601, 679.3431890667107
344.2325544883642,590.7541713714601, 677.6875033997385
344.7561139636054,590.7541713714601, 679.3431890667107
344.2325544883642,576.3141689300538, 677.6875033997385
344.2325544883642,576.3141689300538, 677.6875033997385
344.7561139636054,590.7541713714601, 679.3431890667107
344.7561139636054,576.3141689300538, 679.3431890667107
344.2325544883642,576.3141689300538, 677.6875033997385
344.7561139636054,576.3141689300538, 679.3431890667107
339.79944062232966,576.3141689300538, 679.9999925494194
344.7561139636054,590.7541713714601, 679.3431890667107
339.79944062232966,590.7541713714601, 679.9999925494194
344.6818369353895,590.7541713714601, 681.0780499083903
344.7561139636054,590.7541713714601, 679.3431890667107
344.6818369353895,590.7541713714601, 681.0780499083903
344.7561139636054,576.3141689300538, 679.3431890667107
344.7561139636054,576.3141689300538, 679.3431890667107
344.6818369353895,590.7541713714601, 681.0780499083903
344.6818369353895,576.3141689300538, 681.0780499083903
344.7561139636054,576.3141689300538, 679.3431890667107
344.6818369353895,576.3141689300538, 681.0780499083903
339.79944062232966,576.3141689300538, 679.9999925494194
344.6818369353895,590.7541713714601, 681.0780499083903
339.79944062232966,590.7541713714601, 679.9999925494194
344.01867841977213,590.7541713714601, 682.6829269551126
344.6818369353895,590.7541713714601, 681.0780499083903
344.01867841977213,590.7541713714601, 682.6829269551126
344.6818369353895,576.3141689300538, 681.0780499083903
344.6818369353895,576.3141689300538, 681.0780499083903
344.01867841977213,590.7541713714601, 682.6829269551126
344.01867841977213,576.3141689300538, 682.6829269551126
344.6818369353895,576.3141689300538, 681.0780499083903
344.01867841977213,576.3141689300538, 682.6829269551126
339.79944062232966,576.3141689300538, 679.9999925494194
344.01867841977213,590.7541713714601, 682.6829269551126
339.79944062232966,590.7541713714601, 679.9999925494194
342.8465895401386,590.7541713714601, 683.9641634715117
344.01867841977213,590.7541713714601, 682.6829269551126
342.8465895401386,590.7541713714601, 683.9641634715117
344.01867841977213,576.3141689300538, 682.6829269551126
344.01867841977213,576.3141689300538, 682.6829269551126
342.8465895401386,590.7541713714601, 683.9641634715117
342.8465895401386,576.3141689300538, 683.9641634715117
344.01867841977213,576.3141689300538, 682.6829269551126
342.8465895401386,576.3141689300538, 683.9641634715117
339.79944062232966,576.3141689300538, 679.9999925494194
342.8465895401386,590.7541713714601, 683.9641634715117
339.79944062232966,590.7541713714601, 679.9999925494194
341.3070101429111,590.7541713714601, 684.7673288765745
342.8465895401386,590.7541713714601, 683.9641634715117
341.3070101429111,590.7541713714601, 684.7673288765745
342.8465895401386,576.3141689300538, 683.9641634715117
342.8465895401386,576.3141689300538, 683.9641634715117
341.3070101429111,590.7541713714601, 684.7673288765745
341.3070101429111,576.3141689300538, 684.7673288765745
342.8465895401386,576.3141689300538, 683.9641634715117
341.3070101429111,576.3141689300538, 684.7673288765745
339.79944062232966,576.3141689300538, 679.9999925494194
341.3070101429111,590.7541713714601, 684.7673288765745
339.79944062232966,590.7541713714601, 679.9999925494194
339.5855645537376,590.7541713714601, 684.9954161047935
341.3070101429111,590.7541713714601, 684.7673288765745
339.5855645537376,590.7541713714601, 684.9954161047935
341.3070101429111,576.3141689300538, 684.7673288765745
341.3070101429111,576.3141689300538, 684.7673288765745
339.5855645537376,590.7541713714601, 684.9954161047935
339.5855645537376,576.3141689300538, 684.9954161047935
341.3070101429111,576.3141689300538, 684.7673288765745
339.5855645537376,576.3141689300538, 684.9954161047935
339.79944062232966,576.3141689300538, 679.9999925494194
339.5855645537376,590.7541713714601, 684.9954161047935
339.79944062232966,590.7541713714601, 679.9999925494194
337.889913588071,590.7541713714601, 684.6210279335119
339.5855645537376,590.7541713714601, 684.9954161047935
337.889913588071,590.7541713714601, 684.6210279335119
339.5855645537376,576.3141689300538, 684.9954161047935
339.5855645537376,576.3141689300538, 684.9954161047935
337.889913588071,590.7541713714601, 684.6210279335119
337.889913588071,576.3141689300538, 684.6210279335119
339.5855645537376,576.3141689300538, 684.9954161047935
337.889913588071,576.3141689300538, 684.6210279335119
339.79944062232966,576.3141689300538, 679.9999925494194
337.889913588071,590.7541713714601, 684.6210279335119
339.79944062232966,590.7541713714601, 679.9999925494194
336.4246164406431,590.7541713714601, 683.6892105383122
337.889913588071,590.7541713714601, 684.6210279335119
336.4246164406431,590.7541713714601, 683.6892105383122
337.889913588071,576.3141689300538, 684.6210279335119
337.889913588071,576.3141689300538, 684.6210279335119
336.4246164406431,590.7541713714601, 683.6892105383122
336.4246164406431,576.3141689300538, 683.6892105383122
337.889913588071,576.3141689300538, 684.6210279335119
336.4246164406431,576.3141689300538, 683.6892105383122
339.79944062232966,576.3141689300538, 679.9999925494194
336.4246164406431,590.7541713714601, 683.6892105383122
339.79944062232966,590.7541713714601, 679.9999925494194
335.3663267562951,590.7541713714601, 682.3124816991003
336.4246164406431,590.7541713714601, 683.6892105383122
335.3663267562951,590.7541713714601, 682.3124816991003
336.4246164406431,576.3141689300538, 683.6892105383122
339.79944062232966,590.7541713714601, 679.9999925494194
334.8427672810539,590.7541713714601, 680.6567960321281
335.3663267562951,590.7541713714601, 682.3124816991003
335.3663267562951,590.7541713714601, 682.3124816991003
334.8427672810539,590.7541713714601, 680.6567960321281
335.3663267562951,576.3141689300538, 682.3124816991003
335.3663267562951,590.7541713714601, 682.3124816991003
335.3663267562951,576.3141689300538, 682.3124816991003
336.4246164406431,576.3141689300538, 683.6892105383122
336.4246164406431,576.3141689300538, 683.6892105383122
335.3663267562951,576.3141689300538, 682.3124816991003
339.79944062232966,576.3141689300538, 679.9999925494194
335.3663267562951,576.3141689300538, 682.3124816991003
334.8427672810539,590.7541713714601, 680.6567960321281
334.8427672810539,576.3141689300538, 680.6567960321281
335.3663267562951,576.3141689300538, 682.3124816991003
334.8427672810539,576.3141689300538, 680.6567960321281
339.79944062232966,576.3141689300538, 679.9999925494194
339.79944062232966,576.3141689300538, 679.9999925494194
334.8427672810539,576.3141689300538, 680.6567960321281
334.8040170669555,576.3141689300538, 679.7861164808273
334.8427672810539,576.3141689300538, 680.6567960321281
334.8427672810539,590.7541713714601, 680.6567960321281
334.8040170669555,576.3141689300538, 679.7861164808273
304.7690239779839,624.7585659027101, 674.1655303874068
304.7690239779839,625.7585659027101, 674.1655303874068
273.25750536489784,625.75856590271, 639.83502493587
273.25750536489784,625.75856590271, 639.83502493587
304.7690239779839,625.7585659027101, 674.1655303874068
273.3329079588692,626.1405849456787, 639.765799242653
273.25750536489784,625.75856590271, 639.83502493587
273.3329079588692,626.1405849456787, 639.765799242653
273.01879162651665,625.75856590271, 639.3791451875986
273.25750536489784,625.75856590271, 639.83502493587
273.01879162651665,625.75856590271, 639.3791451875986
273.01879162651665,591.75856590271, 639.3791451875986
273.25750536489784,625.75856590271, 639.83502493587
273.01879162651665,591.75856590271, 639.3791451875986
273.25750536489784,591.75856590271, 639.83502493587
273.25750536489784,625.75856590271, 639.83502493587
273.25750536489784,591.75856590271, 639.83502493587
304.7690239779839,592.7585659027101, 674.1655303874068
273.25750536489784,625.75856590271, 639.83502493587
304.7690239779839,592.7585659027101, 674.1655303874068
304.7690239779839,624.7585659027101, 674.1655303874068
273.01879162651665,591.75856590271, 639.3791451875986
273.01879162651665,625.75856590271, 639.3791451875986
273.0189221661093,591.75856590271, 639.3760962230263
273.01879162651665,591.75856590271, 639.3791451875986
273.0189221661093,591.75856590271, 639.3760962230263
273.14948549291137,591.2733974456787, 639.3847407672374
273.01879162651665,591.75856590271, 639.3791451875986
273.14948549291137,591.2733974456787, 639.3847407672374
273.25750536489784,591.75856590271, 639.83502493587
273.25750536489784,591.75856590271, 639.83502493587
273.14948549291137,591.2733974456787, 639.3847407672374
273.3329079588692,591.3766078948975, 639.765799242653
273.25750536489784,591.75856590271, 639.83502493587
273.3329079588692,591.3766078948975, 639.765799242653
304.7690239779839,591.7585659027101, 674.1655303874068
273.25750536489784,591.75856590271, 639.83502493587
304.7690239779839,591.7585659027101, 674.1655303874068
304.7690239779839,592.7585659027101, 674.1655303874068
273.3329079588692,591.3766078948975, 639.765799242653
273.14948549291137,591.2733974456787, 639.3847407672374
273.3562124190029,591.25856590271, 639.7444376771973
273.3329079588692,591.3766078948975, 639.765799242653
273.3562124190029,591.25856590271, 639.7444376771973
304.85849356433016,591.2585659027101, 674.0648952428746
273.3329079588692,591.3766078948975, 639.765799242653
304.85849356433016,591.2585659027101, 674.0648952428746
304.7690239779839,591.7585659027101, 674.1655303874068
273.3562124190029,591.25856590271, 639.7444376771973
273.14948549291137,591.2733974456787, 639.3847407672374
273.55358079274436,590.9906826019287, 639.563261201758
273.3562124190029,591.25856590271, 639.7444376771973
273.55358079274436,590.9906826019287, 639.563261201758
304.85849356433016,591.2585659027101, 674.0648952428746
304.7690239779839,591.7585659027101, 674.1655303874068
304.85849356433016,591.2585659027101, 674.0648952428746
313.9101825346514,591.7585659027101, 680.7628400590665
304.7690239779839,591.7585659027101, 674.1655303874068
313.9101825346514,591.7585659027101, 680.7628400590665
313.9101825346514,592.7585659027101, 680.7628400590665
304.7690239779839,591.7585659027101, 674.1655303874068
313.9101825346514,592.7585659027101, 680.7628400590665
304.7690239779839,592.7585659027101, 674.1655303874068
304.7690239779839,592.7585659027101, 674.1655303874068
313.9101825346514,592.7585659027101, 680.7628400590665
305.50573033784156,592.7585659027101, 673.4893319723024
304.7690239779839,592.7585659027101, 674.1655303874068
305.50573033784156,592.7585659027101, 673.4893319723024
304.7690239779839,624.7585659027101, 674.1655303874068
305.50573033784156,592.7585659027101, 673.4893319723024
313.9101825346514,592.7585659027101, 680.7628400590665
305.7834892893842,592.7585659027101, 673.0525101394733
305.50573033784156,592.7585659027101, 673.4893319723024
305.7834892893842,592.7585659027101, 673.0525101394733
305.50573033784156,624.7585659027101, 673.4893319723024
305.50573033784156,592.7585659027101, 673.4893319723024
305.50573033784156,624.7585659027101, 673.4893319723024
304.7690239779839,624.7585659027101, 674.1655303874068
305.50573033784156,624.7585659027101, 673.4893319723024
305.7834892893842,592.7585659027101, 673.0525101394733
305.7834892893842,624.7585659027101, 673.0525101394733
305.50573033784156,624.7585659027101, 673.4893319723024
305.7834892893842,624.7585659027101, 673.0525101394733
316.9949443086442,624.7585659027101, 682.6449271055417
305.50573033784156,624.7585659027101, 673.4893319723024
316.9949443086442,624.7585659027101, 682.6449271055417
304.7690239779839,624.7585659027101, 674.1655303874068
304.85849356433016,591.2585659027101, 674.0648952428746
273.55358079274436,590.9906826019287, 639.563261201758
305.1029334261365,590.8925380706788, 673.7898822147126
304.85849356433016,591.2585659027101, 674.0648952428746
305.1029334261365,590.8925380706788, 673.7898822147126
313.9885879765096,591.2585659027101, 680.6541559170164
304.85849356433016,591.2585659027101, 674.0648952428746
313.9885879765096,591.2585659027101, 680.6541559170164
313.9101825346514,591.7585659027101, 680.7628400590665
313.9101825346514,591.7585659027101, 680.7628400590665
313.9885879765096,591.2585659027101, 680.6541559170164
320.2508241378272,591.2585659027101, 684.7317257192944
313.9101825346514,591.7585659027101, 680.7628400590665
320.2508241378272,591.2585659027101, 684.7317257192944
320.18319183781557,591.7585659027101, 684.8474078515528
313.9101825346514,591.7585659027101, 680.7628400590665
320.18319183781557,591.7585659027101, 684.8474078515528
313.9101825346514,592.7585659027101, 680.7628400590665
313.9885879765096,591.2585659027101, 680.6541559170164
305.1029334261365,590.8925380706788, 673.7898822147126
314.2027877701256,590.8925380706788, 680.3573826696766
313.9885879765096,591.2585659027101, 680.6541559170164
314.2027877701256,590.8925380706788, 680.3573826696766
320.4356041441896,590.8925380706788, 684.4157931975933
313.9885879765096,591.2585659027101, 680.6541559170164
320.4356041441896,590.8925380706788, 684.4157931975933
320.2508241378272,591.2585659027101, 684.7317257192944
320.2508241378272,591.2585659027101, 684.7317257192944
320.4356041441896,590.8925380706788, 684.4157931975933
327.02860392376164,590.8925380706788, 687.858370726366
320.2508241378272,591.2585659027101, 684.7317257192944
327.02860392376164,590.8925380706788, 687.858370726366
326.8749392394165,591.2585659027101, 688.1906027443292
320.2508241378272,591.2585659027101, 684.7317257192944
326.8749392394165,591.2585659027101, 688.1906027443292
320.18319183781557,591.7585659027101, 684.8474078515528
320.4356041441896,590.8925380706788, 684.4157931975933
314.2027877701256,590.8925380706788, 680.3573826696766
320.6880316953865,590.7585659027101, 683.9841791963318
320.4356041441896,590.8925380706788, 684.4157931975933
320.6880316953865,590.7585659027101, 683.9841791963318
327.2384862239268,590.7585659027101, 687.4045307579618
320.4356041441896,590.8925380706788, 684.4157931975933
327.2384862239268,590.7585659027101, 687.4045307579618
327.02860392376164,590.8925380706788, 687.858370726366
327.2384862239268,590.7585659027101, 687.4045307579618
320.6880316953865,590.7585659027101, 683.9841791963318
304.93587445704895,590.7585659027101, 610.75788198807
327.2384862239268,590.7585659027101, 687.4045307579618
304.93587445704895,590.7585659027101, 610.75788198807
334.0865343932273,590.7585659027101, 690.1816276934151
327.2384862239268,590.7585659027101, 687.4045307579618
334.0865343932273,590.7585659027101, 690.1816276934151
327.02860392376164,590.8925380706788, 687.858370726366
320.6880316953865,590.7585659027101, 683.9841791963318
314.2027877701256,590.8925380706788, 680.3573826696766
314.4953930055998,590.7585659027101, 679.9519252802866
320.6880316953865,590.7585659027101, 683.9841791963318
314.4953930055998,590.7585659027101, 679.9519252802866
304.93587445704895,590.7585659027101, 610.75788198807
314.4953930055998,590.7585659027101, 679.9519252802866
314.2027877701256,590.8925380706788, 680.3573826696766
305.43685550832004,590.7585659027101, 673.4142956740079
314.4953930055998,590.7585659027101, 679.9519252802866
305.43685550832004,590.7585659027101, 673.4142956740079
304.93587445704895,590.7585659027101, 610.75788198807
314.2027877701256,590.8925380706788, 680.3573826696766
305.1029334261365,590.8925380706788, 673.7898822147126
305.43685550832004,590.7585659027101, 673.4142956740079
327.02860392376164,590.8925380706788, 687.858370726366
334.0865343932273,590.7585659027101, 690.1816276934151
333.92105964083015,590.8925380706788, 690.6534358960453
327.02860392376164,590.8925380706788, 687.858370726366
333.92105964083015,590.8925380706788, 690.6534358960453
326.8749392394165,591.2585659027101, 688.1906027443292
334.0865343932273,590.7585659027101, 690.1816276934151
304.93587445704895,590.7585659027101, 610.75788198807
341.1691296050048,590.7585659027101, 692.2898004576618
334.0865343932273,590.7585659027101, 690.1816276934151
341.1691296050048,590.7585659027101, 692.2898004576618
333.92105964083015,590.8925380706788, 690.6534358960453
305.1029334261365,590.8925380706788, 673.7898822147126
273.55358079274436,590.9906826019287, 639.563261201758
273.62585222781115,590.8925380706787, 639.4968949123231
305.1029334261365,590.8925380706788, 673.7898822147126
273.62585222781115,590.8925380706787, 639.4968949123231
305.43685550832004,590.7585659027101, 673.4142956740079
273.55358079274436,590.9906826019287, 639.563261201758
273.14948549291137,591.2733974456787, 639.3847407672374
273.50615336858743,590.9197597503662, 639.4000112887852
273.55358079274436,590.9906826019287, 639.563261201758
273.50615336858743,590.9197597503662, 639.4000112887852
273.62585222781115,590.8925380706787, 639.4968949123231
273.62585222781115,590.8925380706787, 639.4968949123231
273.50615336858743,590.9197597503662, 639.4000112887852
273.7218732535947,590.8576259613037, 639.4087584779354
273.62585222781115,590.8925380706787, 639.4968949123231
273.7218732535947,590.8576259613037, 639.4087584779354
305.43685550832004,590.7585659027101, 673.4142956740079
305.43685550832004,590.7585659027101, 673.4142956740079
273.7218732535947,590.8576259613037, 639.4087584779354
273.9942117247555,590.75856590271, 639.1588265207656
305.43685550832004,590.7585659027101, 673.4142956740079
273.9942117247555,590.75856590271, 639.1588265207656
304.93587445704895,590.7585659027101, 610.75788198807
273.7218732535947,590.8576259613037, 639.4087584779354
273.50615336858743,590.9197597503662, 639.4000112887852
273.74423468581506,590.8576259613037, 638.8864708466881
273.7218732535947,590.8576259613037, 639.4087584779354
273.74423468581506,590.8576259613037, 638.8864708466881
273.9942117247555,590.75856590271, 639.1588265207656
273.9942117247555,590.75856590271, 639.1588265207656
273.74423468581506,590.8576259613037, 638.8864708466881
304.65995131464285,590.8679409027101, 610.4572910116112
273.9942117247555,590.75856590271, 639.1588265207656
304.65995131464285,590.8679409027101, 610.4572910116112
304.93587445704895,590.7585659027101, 610.75788198807
273.50615336858743,590.9197597503662, 639.4000112887852
273.14948549291137,591.2733974456787, 639.3847407672374
273.5285539626856,590.9197597503662, 638.8768089681662
273.50615336858743,590.9197597503662, 639.4000112887852
273.5285539626856,590.9197597503662, 638.8768089681662
273.74423468581506,590.8576259613037, 638.8864708466881
273.74423468581506,590.8576259613037, 638.8864708466881
273.5285539626856,590.9197597503662, 638.8768089681662
273.65609825142735,590.8925380706787, 638.7904498209045
273.74423468581506,590.8576259613037, 638.8864708466881
273.65609825142735,590.8925380706787, 638.7904498209045
304.59776098372083,590.8925380706788, 610.389505288209
273.74423468581506,590.8576259613037, 638.8864708466881
304.59776098372083,590.8925380706788, 610.389505288209
304.65995131464285,590.8679409027101, 610.4572910116112
304.59776098372083,590.8925380706788, 610.389505288209
273.65609825142735,590.8925380706787, 638.7904498209045
304.46440420697024,591.0898036956788, 610.2442026005656
304.59776098372083,590.8925380706788, 610.389505288209
304.46440420697024,591.0898036956788, 610.2442026005656
304.6886903314188,590.9319667816163, 610.2522779999226
304.59776098372083,590.8925380706788, 610.389505288209
304.6886903314188,590.9319667816163, 610.2522779999226
304.65995131464285,590.8679409027101, 610.4572910116112
273.65609825142735,590.8925380706787, 638.7904498209045
273.5285539626856,590.9197597503662, 638.8768089681662
273.5897637570341,590.9906826019287, 638.718149201588
273.65609825142735,590.8925380706787, 638.7904498209045
273.5897637570341,590.9906826019287, 638.718149201588
304.46440420697024,591.0898036956788, 610.2442026005656
304.65995131464285,590.8679409027101, 610.4572910116112
304.6886903314188,590.9319667816163, 610.2522779999226
305.2253690754477,590.9319667816163, 610.2752555790203
304.65995131464285,590.8679409027101, 610.4572910116112
305.2253690754477,590.9319667816163, 610.2752555790203
304.93587445704895,590.7585659027101, 610.75788198807
273.5897637570341,590.9906826019287, 638.718149201588
273.5285539626856,590.9197597503662, 638.8768089681662
273.4086005683238,591.25856590271, 638.520827215013
273.5897637570341,590.9906826019287, 638.718149201588
273.4086005683238,591.25856590271, 638.520827215013
304.3502480557944,591.2585659027101, 610.1198820296195
273.5897637570341,590.9906826019287, 638.718149201588
304.3502480557944,591.2585659027101, 610.1198820296195
304.46440420697024,591.0898036956788, 610.2442026005656
304.46440420697024,591.0898036956788, 610.2442026005656
304.3502480557944,591.2585659027101, 610.1198820296195
304.8176435605054,591.2804775238038, 609.8875871653363
304.46440420697024,591.0898036956788, 610.2442026005656
304.8176435605054,591.2804775238038, 609.8875871653363
304.6886903314188,590.9319667816163, 610.2522779999226
304.6886903314188,590.9319667816163, 610.2522779999226
304.8176435605054,591.2804775238038, 609.8875871653363
305.1280586436186,591.2804775238038, 609.9008774012636
304.6886903314188,590.9319667816163, 610.2522779999226
305.1280586436186,591.2804775238038, 609.9008774012636
305.2253690754477,590.9319667816163, 610.2752555790203
273.5285539626856,590.9197597503662, 638.8768089681662
273.14948549291137,591.2733974456787, 639.3847407672374
273.1718860870095,591.2733974456787, 638.8615384466184
273.5285539626856,590.9197597503662, 638.8768089681662
273.1718860870095,591.2733974456787, 638.8615384466184
273.4086005683238,591.25856590271, 638.520827215013
273.14948549291137,591.2733974456787, 639.3847407672374
273.0189221661093,591.75856590271, 639.3760962230263
273.041064291814,591.75856590271, 638.8589308522605
273.14948549291137,591.2733974456787, 639.3847407672374
273.041064291814,591.75856590271, 638.8589308522605
273.1718860870095,591.2733974456787, 638.8615384466184
273.041064291814,591.75856590271, 638.8589308522605
273.0189221661093,591.75856590271, 639.3760962230263
273.041064291814,625.75856590271, 638.8589308522605
273.041064291814,591.75856590271, 638.8589308522605
273.041064291814,625.75856590271, 638.8589308522605
273.0411922206148,591.75856590271, 638.8559428669796
273.041064291814,591.75856590271, 638.8589308522605
273.0411922206148,591.75856590271, 638.8559428669796
273.1718860870095,591.2733974456787, 638.8615384466184
273.1718860870095,591.2733974456787, 638.8615384466184
273.0411922206148,591.75856590271, 638.8559428669796
273.3872098186183,591.3766078948975, 638.4974909598377
273.1718860870095,591.2733974456787, 638.8615384466184
273.3872098186183,591.3766078948975, 638.4974909598377
273.4086005683238,591.25856590271, 638.520827215013
273.3872098186183,591.3766078948975, 638.4974909598377
273.0411922206148,591.75856590271, 638.8559428669796
273.31799741213024,591.75856590271, 638.4221347530329
273.3872098186183,591.3766078948975, 638.4974909598377
273.31799741213024,591.75856590271, 638.4221347530329
304.2596601444237,591.7585659027101, 610.0211902203373
273.3872098186183,591.3766078948975, 638.4974909598377
304.2596601444237,591.7585659027101, 610.0211902203373
273.4086005683238,591.25856590271, 638.520827215013
273.0411922206148,591.75856590271, 638.8559428669796
273.041064291814,625.75856590271, 638.8589308522605
273.0411922206148,625.75856590271, 638.8559428669796
273.0411922206148,591.75856590271, 638.8559428669796
273.0411922206148,625.75856590271, 638.8559428669796
273.31799741213024,591.75856590271, 638.4221347530329
273.31799741213024,591.75856590271, 638.4221347530329
273.0411922206148,625.75856590271, 638.8559428669796
273.31799741213024,625.75856590271, 638.4221347530329
273.31799741213024,591.75856590271, 638.4221347530329
273.31799741213024,625.75856590271, 638.4221347530329
304.2596601444237,591.7585659027101, 610.0211902203373
273.0411922206148,625.75856590271, 638.8559428669796
273.041064291814,625.75856590271, 638.8589308522605
273.1718860870095,626.2437953948975, 638.8615384466184
273.0411922206148,625.75856590271, 638.8559428669796
273.1718860870095,626.2437953948975, 638.8615384466184
273.31799741213024,625.75856590271, 638.4221347530329
273.041064291814,625.75856590271, 638.8589308522605
273.0189221661093,591.75856590271, 639.3760962230263
273.0189221661093,625.75856590271, 639.3760962230263
273.041064291814,625.75856590271, 638.8589308522605
273.0189221661093,625.75856590271, 639.3760962230263
273.1718860870095,626.2437953948975, 638.8615384466184
273.4086005683238,591.25856590271, 638.520827215013
304.2596601444237,591.7585659027101, 610.0211902203373
304.34267539566997,591.3003749847413, 610.1116159714884
273.4086005683238,591.25856590271, 638.520827215013
304.34267539566997,591.3003749847413, 610.1116159714884
304.3502480557944,591.2585659027101, 610.1198820296195
304.34267539566997,591.3003749847413, 610.1116159714884
304.2596601444237,591.7585659027101, 610.0211902203373
304.566515593502,591.4630947113038, 609.876835271788
304.34267539566997,591.3003749847413, 610.1116159714884
304.566515593502,591.4630947113038, 609.876835271788
304.3502480557944,591.2585659027101, 610.1198820296195
304.3502480557944,591.2585659027101, 610.1198820296195
304.566515593502,591.4630947113038, 609.876835271788
304.8176435605054,591.2804775238038, 609.8875871653363
304.8176435605054,591.2804775238038, 609.8875871653363
304.566515593502,591.4630947113038, 609.876835271788
304.97864967076737,591.7585659027101, 609.7587972769952
304.8176435605054,591.2804775238038, 609.8875871653363
304.97864967076737,591.7585659027101, 609.7587972769952
305.1280586436186,591.2804775238038, 609.9008774012636
304.566515593502,591.4630947113038, 609.876835271788
304.2596601444237,591.7585659027101, 610.0211902203373
304.48634737790405,591.7585659027101, 609.9029099048994
304.566515593502,591.4630947113038, 609.876835271788
304.48634737790405,591.7585659027101, 609.9029099048994
304.71861016353057,591.7585659027101, 609.7817526587705
304.566515593502,591.4630947113038, 609.876835271788
304.71861016353057,591.7585659027101, 609.7817526587705
304.97864967076737,591.7585659027101, 609.7587972769952
304.2596601444237,591.7585659027101, 610.0211902203373
273.31799741213024,625.75856590271, 638.4221347530329
304.2596601444237,625.7585659027101, 610.0211902203373
304.2596601444237,591.7585659027101, 610.0211902203373
304.2596601444237,625.7585659027101, 610.0211902203373
304.48634737790405,591.7585659027101, 609.9029099048994
304.48634737790405,591.7585659027101, 609.9029099048994
304.2596601444237,625.7585659027101, 610.0211902203373
304.48634737790405,625.7585659027101, 609.9029099048994
304.48634737790405,591.7585659027101, 609.9029099048994
304.48634737790405,625.7585659027101, 609.9029099048994
304.71861016353057,591.7585659027101, 609.7817526587705
304.2596601444237,625.7585659027101, 610.0211902203373
273.31799741213024,625.75856590271, 638.4221347530329
304.34267539566997,626.2167568206788, 610.1116159714884
304.2596601444237,625.7585659027101, 610.0211902203373
304.34267539566997,626.2167568206788, 610.1116159714884
304.48634737790405,625.7585659027101, 609.9029099048994
304.71861016353057,591.7585659027101, 609.7817526587705
304.48634737790405,625.7585659027101, 609.9029099048994
304.71861016353057,625.7585659027101, 609.7817526587705
304.71861016353057,591.7585659027101, 609.7817526587705
304.71861016353057,625.7585659027101, 609.7817526587705
304.97864967076737,591.7585659027101, 609.7587972769952
304.48634737790405,625.7585659027101, 609.9029099048994
304.34267539566997,626.2167568206788, 610.1116159714884
304.566515593502,626.0540981292726, 609.876835271788
304.48634737790405,625.7585659027101, 609.9029099048994
304.566515593502,626.0540981292726, 609.876835271788
304.71861016353057,625.7585659027101, 609.7817526587705
304.71861016353057,625.7585659027101, 609.7817526587705
304.566515593502,626.0540981292726, 609.876835271788
304.97864967076737,625.7585659027101, 609.7587972769952
304.71861016353057,625.7585659027101, 609.7817526587705
304.97864967076737,625.7585659027101, 609.7587972769952
304.97864967076737,591.7585659027101, 609.7587972769952
304.566515593502,626.0540981292726, 609.876835271788
304.34267539566997,626.2167568206788, 610.1116159714884
304.8176435605054,626.2367153167726, 609.8875871653363
304.566515593502,626.0540981292726, 609.876835271788
304.8176435605054,626.2367153167726, 609.8875871653363
304.97864967076737,625.7585659027101, 609.7587972769952
273.31799741213024,625.75856590271, 638.4221347530329
273.1718860870095,626.2437953948975, 638.8615384466184
273.3872098186183,626.1405849456787, 638.4974909598377
273.31799741213024,625.75856590271, 638.4221347530329
273.3872098186183,626.1405849456787, 638.4974909598377
304.34267539566997,626.2167568206788, 610.1116159714884
304.34267539566997,626.2167568206788, 610.1116159714884
273.3872098186183,626.1405849456787, 638.4974909598377
304.3502480557944,626.2585659027101, 610.1198820296195
304.34267539566997,626.2167568206788, 610.1116159714884
304.3502480557944,626.2585659027101, 610.1198820296195
304.8176435605054,626.2367153167726, 609.8875871653363
273.3872098186183,626.1405849456787, 638.4974909598377
273.1718860870095,626.2437953948975, 638.8615384466184
273.4086005683238,626.25856590271, 638.520827215013
273.3872098186183,626.1405849456787, 638.4974909598377
273.4086005683238,626.25856590271, 638.520827215013
304.3502480557944,626.2585659027101, 610.1198820296195
273.4086005683238,626.25856590271, 638.520827215013
273.1718860870095,626.2437953948975, 638.8615384466184
273.5897637570341,626.5265102386475, 638.718149201588
273.4086005683238,626.25856590271, 638.520827215013
273.5897637570341,626.5265102386475, 638.718149201588
304.46440420697024,626.4273891448976, 610.2442026005656
273.4086005683238,626.25856590271, 638.520827215013
304.46440420697024,626.4273891448976, 610.2442026005656
304.3502480557944,626.2585659027101, 610.1198820296195
304.3502480557944,626.2585659027101, 610.1198820296195
304.46440420697024,626.4273891448976, 610.2442026005656
304.6886903314188,626.5852260589601, 610.2522779999226
304.3502480557944,626.2585659027101, 610.1198820296195
304.6886903314188,626.5852260589601, 610.2522779999226
304.8176435605054,626.2367153167726, 609.8875871653363
304.46440420697024,626.4273891448976, 610.2442026005656
273.5897637570341,626.5265102386475, 638.718149201588
304.59776098372083,626.6245937347413, 610.389505288209
304.46440420697024,626.4273891448976, 610.2442026005656
304.59776098372083,626.6245937347413, 610.389505288209
304.6886903314188,626.5852260589601, 610.2522779999226
304.59776098372083,626.6245937347413, 610.389505288209
273.5897637570341,626.5265102386475, 638.718149201588
273.65609825142735,626.6245937347412, 638.7904498209045
304.59776098372083,626.6245937347413, 610.389505288209
273.65609825142735,626.6245937347412, 638.7904498209045
304.65995131464285,626.6492519378663, 610.4572910116112
304.59776098372083,626.6245937347413, 610.389505288209
304.65995131464285,626.6492519378663, 610.4572910116112
304.6886903314188,626.5852260589601, 610.2522779999226
304.6886903314188,626.5852260589601, 610.2522779999226
304.65995131464285,626.6492519378663, 610.4572910116112
305.2253690754477,626.5852260589601, 610.2752555790203
304.6886903314188,626.5852260589601, 610.2522779999226
305.2253690754477,626.5852260589601, 610.2752555790203
304.8176435605054,626.2367153167726, 609.8875871653363
273.5897637570341,626.5265102386475, 638.718149201588
273.1718860870095,626.2437953948975, 638.8615384466184
273.5285539626856,626.59743309021, 638.8768089681662
273.5897637570341,626.5265102386475, 638.718149201588
273.5285539626856,626.59743309021, 638.8768089681662
273.65609825142735,626.6245937347412, 638.7904498209045
273.65609825142735,626.6245937347412, 638.7904498209045
273.5285539626856,626.59743309021, 638.8768089681662
273.74423468581506,626.6595668792725, 638.8864708466881
273.65609825142735,626.6245937347412, 638.7904498209045
273.74423468581506,626.6595668792725, 638.8864708466881
304.65995131464285,626.6492519378663, 610.4572910116112
273.5285539626856,626.59743309021, 638.8768089681662
273.1718860870095,626.2437953948975, 638.8615384466184
273.50615336858743,626.59743309021, 639.4000112887852
273.5285539626856,626.59743309021, 638.8768089681662
273.50615336858743,626.59743309021, 639.4000112887852
273.74423468581506,626.6595668792725, 638.8864708466881
304.8176435605054,626.2367153167726, 609.8875871653363
305.2253690754477,626.5852260589601, 610.2752555790203
305.1280586436186,626.2367153167726, 609.9008774012636
304.8176435605054,626.2367153167726, 609.8875871653363
305.1280586436186,626.2367153167726, 609.9008774012636
304.97864967076737,625.7585659027101, 609.7587972769952
273.1718860870095,626.2437953948975, 638.8615384466184
273.0189221661093,625.75856590271, 639.3760962230263
273.14948549291137,626.2437953948975, 639.3847407672374
273.1718860870095,626.2437953948975, 638.8615384466184
273.14948549291137,626.2437953948975, 639.3847407672374
273.50615336858743,626.59743309021, 639.4000112887852
273.0189221661093,625.75856590271, 639.3760962230263
273.0189221661093,591.75856590271, 639.3760962230263
273.01879162651665,625.75856590271, 639.3791451875986
273.0189221661093,625.75856590271, 639.3760962230263
273.01879162651665,625.75856590271, 639.3791451875986
273.14948549291137,626.2437953948975, 639.3847407672374
273.14948549291137,626.2437953948975, 639.3847407672374
273.01879162651665,625.75856590271, 639.3791451875986
273.3329079588692,626.1405849456787, 639.765799242653
273.14948549291137,626.2437953948975, 639.3847407672374
273.3329079588692,626.1405849456787, 639.765799242653
273.3562124190029,626.25856590271, 639.7444376771973
273.14948549291137,626.2437953948975, 639.3847407672374
273.3562124190029,626.25856590271, 639.7444376771973
273.50615336858743,626.59743309021, 639.4000112887852
273.74423468581506,626.6595668792725, 638.8864708466881
273.50615336858743,626.59743309021, 639.4000112887852
273.9942117247555,626.75856590271, 639.1588265207656
273.74423468581506,626.6595668792725, 638.8864708466881
273.9942117247555,626.75856590271, 639.1588265207656
304.93587445704895,626.7585659027101, 610.75788198807
273.74423468581506,626.6595668792725, 638.8864708466881
304.93587445704895,626.7585659027101, 610.75788198807
304.65995131464285,626.6492519378663, 610.4572910116112
304.65995131464285,626.6492519378663, 610.4572910116112
304.93587445704895,626.7585659027101, 610.75788198807
305.23648002563266,626.6492519378663, 610.4819747431848
304.65995131464285,626.6492519378663, 610.4572910116112
305.23648002563266,626.6492519378663, 610.4819747431848
305.2253690754477,626.5852260589601, 610.2752555790203
305.23648002563266,626.6492519378663, 610.4819747431848
304.93587445704895,626.7585659027101, 610.75788198807
380.01613576813537,626.7585659027101, 692.554759335886
305.23648002563266,626.6492519378663, 610.4819747431848
380.01613576813537,626.7585659027101, 692.554759335886
305.30422131996227,626.6245937347413, 610.4197519645231
305.23648002563266,626.6492519378663, 610.4819747431848
305.30422131996227,626.6245937347413, 610.4197519645231
305.2253690754477,626.5852260589601, 610.2752555790203
305.2253690754477,626.5852260589601, 610.2752555790203
305.30422131996227,626.6245937347413, 610.4197519645231
305.4495246603036,626.4273891448976, 610.2863799429497
305.2253690754477,626.5852260589601, 610.2752555790203
305.4495246603036,626.4273891448976, 610.2863799429497
305.1280586436186,626.2367153167726, 609.9008774012636
305.4495246603036,626.4273891448976, 610.2863799429497
305.30422131996227,626.6245937347413, 610.4197519645231
380.67897959035685,626.6245937347413, 692.5375035672769
305.4495246603036,626.4273891448976, 610.2863799429497
380.67897959035685,626.6245937347413, 692.5375035672769
305.57387376280155,626.2585659027101, 610.1722708316383
305.4495246603036,626.4273891448976, 610.2863799429497
305.57387376280155,626.2585659027101, 610.1722708316383
305.1280586436186,626.2367153167726, 609.9008774012636
305.1280586436186,626.2367153167726, 609.9008774012636
305.57387376280155,626.2585659027101, 610.1722708316383
305.379186610622,626.0540981292726, 609.911629294812
305.1280586436186,626.2367153167726, 609.9008774012636
305.379186610622,626.0540981292726, 609.911629294812
304.97864967076737,625.7585659027101, 609.7587972769952
305.57387376280155,626.2585659027101, 610.1722708316383
380.67897959035685,626.6245937347413, 692.5375035672769
380.70112171606155,626.2585659027101, 692.0203381965111
305.57387376280155,626.2585659027101, 610.1722708316383
380.70112171606155,626.2585659027101, 692.0203381965111
305.58212522880774,626.2167568206788, 610.1646822739931
305.57387376280155,626.2585659027101, 610.1722708316383
305.58212522880774,626.2167568206788, 610.1646822739931
305.379186610622,626.0540981292726, 609.911629294812
305.58212522880774,626.2167568206788, 610.1646822739931
380.70112171606155,626.2585659027101, 692.0203381965111
305.6725808169066,625.7585659027101, 610.0816835729656
305.58212522880774,626.2167568206788, 610.1646822739931
305.6725808169066,625.7585659027101, 610.0816835729656
305.379186610622,626.0540981292726, 609.911629294812
305.379186610622,626.0540981292726, 609.911629294812
305.6725808169066,625.7585659027101, 610.0816835729656
305.45683280129003,625.7585659027101, 609.9444606572388
305.379186610622,626.0540981292726, 609.911629294812
305.45683280129003,625.7585659027101, 609.9444606572388
305.2357755342963,625.7585659027101, 609.8038947844752
305.379186610622,626.0540981292726, 609.911629294812
305.2357755342963,625.7585659027101, 609.8038947844752
304.97864967076737,625.7585659027101, 609.7587972769952
304.97864967076737,625.7585659027101, 609.7587972769952
305.2357755342963,625.7585659027101, 609.8038947844752
305.2357755342963,591.7585659027101, 609.8038947844752
304.97864967076737,625.7585659027101, 609.7587972769952
305.2357755342963,591.7585659027101, 609.8038947844752
304.97864967076737,591.7585659027101, 609.7587972769952
305.2357755342963,625.7585659027101, 609.8038947844752
305.45683280129003,625.7585659027101, 609.9444606572388
305.45683280129003,591.7585659027101, 609.9444606572388
305.2357755342963,625.7585659027101, 609.8038947844752
305.45683280129003,591.7585659027101, 609.9444606572388
305.2357755342963,591.7585659027101, 609.8038947844752
305.2357755342963,591.7585659027101, 609.8038947844752
305.45683280129003,591.7585659027101, 609.9444606572388
305.379186610622,591.4630947113038, 609.911629294812
305.2357755342963,591.7585659027101, 609.8038947844752
305.379186610622,591.4630947113038, 609.911629294812
304.97864967076737,591.7585659027101, 609.7587972769952
304.97864967076737,591.7585659027101, 609.7587972769952
305.379186610622,591.4630947113038, 609.911629294812
305.1280586436186,591.2804775238038, 609.9008774012636
305.379186610622,591.4630947113038, 609.911629294812
305.45683280129003,591.7585659027101, 609.9444606572388
305.58212522880774,591.3003749847413, 610.1646822739931
305.379186610622,591.4630947113038, 609.911629294812
305.58212522880774,591.3003749847413, 610.1646822739931
305.1280586436186,591.2804775238038, 609.9008774012636
305.45683280129003,591.7585659027101, 609.9444606572388
305.45683280129003,625.7585659027101, 609.9444606572388
305.6725808169066,591.7585659027101, 610.0816835729656
305.45683280129003,591.7585659027101, 609.9444606572388
305.6725808169066,591.7585659027101, 610.0816835729656
305.58212522880774,591.3003749847413, 610.1646822739931
305.45683280129003,625.7585659027101, 609.9444606572388
305.6725808169066,625.7585659027101, 610.0816835729656
305.6725808169066,591.7585659027101, 610.0816835729656
305.6725808169066,591.7585659027101, 610.0816835729656
305.6725808169066,625.7585659027101, 610.0816835729656
380.46171529683846,591.7585659027101, 691.5613742379774
305.6725808169066,591.7585659027101, 610.0816835729656
380.46171529683846,591.7585659027101, 691.5613742379774
305.58212522880774,591.3003749847413, 610.1646822739931
305.58212522880774,591.3003749847413, 610.1646822739931
380.46171529683846,591.7585659027101, 691.5613742379774
305.57387376280155,591.2585659027101, 610.1722708316383
305.58212522880774,591.3003749847413, 610.1646822739931
305.57387376280155,591.2585659027101, 610.1722708316383
305.1280586436186,591.2804775238038, 609.9008774012636
305.1280586436186,591.2804775238038, 609.9008774012636
305.57387376280155,591.2585659027101, 610.1722708316383
305.2253690754477,590.9319667816163, 610.2752555790203
305.6725808169066,625.7585659027101, 610.0816835729656
380.70112171606155,626.2585659027101, 692.0203381965111
380.46171529683846,625.7585659027101, 691.5613742379774
305.6725808169066,625.7585659027101, 610.0816835729656
380.46171529683846,625.7585659027101, 691.5613742379774
380.46171529683846,591.7585659027101, 691.5613742379774
380.46171529683846,625.7585659027101, 691.5613742379774
380.70112171606155,626.2585659027101, 692.0203381965111
380.46171529683846,591.7585659027101, 691.5613742379774
380.46171529683846,591.7585659027101, 691.5613742379774
380.70112171606155,626.2585659027101, 692.0203381965111
380.70112171606155,591.2585659027101, 692.0203381965111
380.46171529683846,591.7585659027101, 691.5613742379774
380.70112171606155,591.2585659027101, 692.0203381965111
305.57387376280155,591.2585659027101, 610.1722708316383
380.70112171606155,626.2585659027101, 692.0203381965111
380.67897959035685,626.6245937347413, 692.5375035672769
380.70112171606155,591.2585659027101, 692.0203381965111
305.57387376280155,591.2585659027101, 610.1722708316383
380.70112171606155,591.2585659027101, 692.0203381965111
305.4495246603036,591.0898036956788, 610.2863799429497
305.57387376280155,591.2585659027101, 610.1722708316383
305.4495246603036,591.0898036956788, 610.2863799429497
305.2253690754477,590.9319667816163, 610.2752555790203
305.4495246603036,591.0898036956788, 610.2863799429497
380.70112171606155,591.2585659027101, 692.0203381965111
305.30422131996227,590.8925380706788, 610.4197519645231
305.4495246603036,591.0898036956788, 610.2863799429497
305.30422131996227,590.8925380706788, 610.4197519645231
305.2253690754477,590.9319667816163, 610.2752555790203
380.70112171606155,591.2585659027101, 692.0203381965111
380.67897959035685,626.6245937347413, 692.5375035672769
380.67897959035685,590.8925380706788, 692.5375035672769
380.70112171606155,591.2585659027101, 692.0203381965111
380.67897959035685,590.8925380706788, 692.5375035672769
305.30422131996227,590.8925380706788, 610.4197519645231
305.30422131996227,590.8925380706788, 610.4197519645231
380.67897959035685,590.8925380706788, 692.5375035672769
305.23648002563266,590.8679409027101, 610.4819747431848
305.30422131996227,590.8925380706788, 610.4197519645231
305.23648002563266,590.8679409027101, 610.4819747431848
305.2253690754477,590.9319667816163, 610.2752555790203
305.2253690754477,590.9319667816163, 610.2752555790203
305.23648002563266,590.8679409027101, 610.4819747431848
304.93587445704895,590.7585659027101, 610.75788198807
305.23648002563266,590.8679409027101, 610.4819747431848
380.67897959035685,590.8925380706788, 692.5375035672769
380.0604679489733,590.7585659027101, 692.603025514507
305.23648002563266,590.8679409027101, 610.4819747431848
380.0604679489733,590.7585659027101, 692.603025514507
304.93587445704895,590.7585659027101, 610.75788198807
380.67897959035685,590.8925380706788, 692.5375035672769
380.67897959035685,626.6245937347413, 692.5375035672769
380.5902329889977,626.7130336761476, 692.7389699330251
380.67897959035685,590.8925380706788, 692.5375035672769
380.5902329889977,626.7130336761476, 692.7389699330251
380.5578857554428,590.7876796722413, 692.7910396926582
380.67897959035685,590.8925380706788, 692.5375035672769
380.5578857554428,590.7876796722413, 692.7910396926582
380.0604679489733,590.7585659027101, 692.603025514507
380.67897959035685,626.6245937347413, 692.5375035672769
305.30422131996227,626.6245937347413, 610.4197519645231
380.0621478016582,626.7553920745851, 692.5694973473783
380.67897959035685,626.6245937347413, 692.5375035672769
380.0621478016582,626.7553920745851, 692.5694973473783
380.5902329889977,626.7130336761476, 692.7389699330251
380.5902329889977,626.7130336761476, 692.7389699330251
380.0621478016582,626.7553920745851, 692.5694973473783
380.40122324960606,626.6304531097413, 692.9742644208145
380.5902329889977,626.7130336761476, 692.7389699330251
380.40122324960606,626.6304531097413, 692.9742644208145
380.5578857554428,590.7876796722413, 692.7910396926582
380.5578857554428,590.7876796722413, 692.7910396926582
380.40122324960606,626.6304531097413, 692.9742644208145
380.40122324960606,590.8443202972413, 692.9742644208145
380.5578857554428,590.7876796722413, 692.7910396926582
380.40122324960606,590.8443202972413, 692.9742644208145
380.0604679489733,590.7585659027101, 692.603025514507
380.40122324960606,626.6304531097413, 692.9742644208145
380.0621478016582,626.7553920745851, 692.5694973473783
380.3899042147786,626.6220912933351, 692.9846540137423
380.40122324960606,626.6304531097413, 692.9742644208145
380.3899042147786,626.6220912933351, 692.9846540137423
380.40122324960606,590.8443202972413, 692.9742644208145
305.30422131996227,626.6245937347413, 610.4197519645231
380.01613576813537,626.7585659027101, 692.554759335886
380.02264581864796,626.7585659027101, 692.5568097008581
305.30422131996227,626.6245937347413, 610.4197519645231
380.02264581864796,626.7585659027101, 692.5568097008581
380.0621478016582,626.7553920745851, 692.5694973473783
380.02264581864796,626.7585659027101, 692.5568097008581
380.01613576813537,626.7585659027101, 692.554759335886
380.16013595897306,626.6245937347413, 693.0354189658101
380.02264581864796,626.7585659027101, 692.5568097008581
380.16013595897306,626.6245937347413, 693.0354189658101
380.0621478016582,626.7553920745851, 692.5694973473783
380.0621478016582,626.7553920745851, 692.5694973473783
380.16013595897306,626.6245937347413, 693.0354189658101
380.3899042147786,626.6220912933351, 692.9846540137423
380.3899042147786,626.6220912933351, 692.9846540137423
380.16013595897306,626.6245937347413, 693.0354189658101
380.18886286102855,626.4742031097413, 693.1692165148561
380.3899042147786,626.6220912933351, 692.9846540137423
380.18886286102855,626.4742031097413, 693.1692165148561
380.40122324960606,590.8443202972413, 692.9742644208145
380.18886286102855,626.4742031097413, 693.1692165148561
380.16013595897306,626.6245937347413, 693.0354189658101
379.878891694585,626.2461147308351, 693.4537642557752
380.18886286102855,626.4742031097413, 693.1692165148561
379.878891694585,626.2461147308351, 693.4537642557752
380.40122324960606,590.8443202972413, 692.9742644208145
380.40122324960606,590.8443202972413, 692.9742644208145
379.878891694585,626.2461147308351, 693.4537642557752
380.3055837643223,590.9137172698976, 693.0620506442046
380.40122324960606,590.8443202972413, 692.9742644208145
380.3055837643223,590.9137172698976, 693.0620506442046
380.0604679489733,590.7585659027101, 692.603025514507
380.0604679489733,590.7585659027101, 692.603025514507
380.3055837643223,590.9137172698976, 693.0620506442046
361.18951008614744,590.7585659027101, 694.5996456368957
380.0604679489733,590.7585659027101, 692.603025514507
361.18951008614744,590.7585659027101, 694.5996456368957
304.93587445704895,590.7585659027101, 610.75788198807
380.16013595897306,626.6245937347413, 693.0354189658101
380.01613576813537,626.7585659027101, 692.554759335886
371.3376299420706,626.6245937347413, 694.5688006251694
380.16013595897306,626.6245937347413, 693.0354189658101
371.3376299420706,626.6245937347413, 694.5688006251694
371.3847091575371,626.2585659027101, 694.9317423406901
380.16013595897306,626.6245937347413, 693.0354189658101
371.3847091575371,626.2585659027101, 694.9317423406901
379.878891694585,626.2461147308351, 693.4537642557752
380.01613576813537,626.7585659027101, 692.554759335886
304.93587445704895,626.7585659027101, 610.75788198807
371.273333245881,626.7585659027101, 694.0729206760116
380.01613576813537,626.7585659027101, 692.554759335886
371.273333245881,626.7585659027101, 694.0729206760116
371.3376299420706,626.6245937347413, 694.5688006251694
371.273333245881,626.7585659027101, 694.0729206760116
304.93587445704895,626.7585659027101, 610.75788198807
362.64940167948583,626.7585659027101, 694.7716252204973
371.273333245881,626.7585659027101, 694.0729206760116
362.64940167948583,626.7585659027101, 694.7716252204973
371.3376299420706,626.6245937347413, 694.5688006251694
371.3376299420706,626.6245937347413, 694.5688006251694
362.64940167948583,626.7585659027101, 694.7716252204973
362.6644456573958,626.6245937347413, 695.2713833689631
371.3376299420706,626.6245937347413, 694.5688006251694
362.6644456573958,626.6245937347413, 695.2713833689631
371.3847091575371,626.2585659027101, 694.9317423406901
362.64940167948583,626.7585659027101, 694.7716252204973
304.93587445704895,626.7585659027101, 610.75788198807
354.11863585345776,626.7585659027101, 694.5720645737001
362.64940167948583,626.7585659027101, 694.7716252204973
354.11863585345776,626.7585659027101, 694.5720645737001
362.6644456573958,626.6245937347413, 695.2713833689631
354.11863585345776,626.7585659027101, 694.5720645737001
304.93587445704895,626.7585659027101, 610.75788198807
348.4191869102578,626.7585659027101, 693.9125657062068
354.11863585345776,626.7585659027101, 694.5720645737001
348.4191869102578,626.7585659027101, 693.9125657062068
354.0797907335581,626.6245937347413, 695.0705540409144
354.11863585345776,626.7585659027101, 694.5720645737001
354.0797907335581,626.6245937347413, 695.0705540409144
362.6644456573958,626.6245937347413, 695.2713833689631
362.6644456573958,626.6245937347413, 695.2713833689631
354.0797907335581,626.6245937347413, 695.0705540409144
362.6754479720402,626.2585659027101, 695.6372401217541
362.6644456573958,626.6245937347413, 695.2713833689631
362.6754479720402,626.2585659027101, 695.6372401217541
371.3847091575371,626.2585659027101, 694.9317423406901
354.0797907335581,626.6245937347413, 695.0705540409144
348.4191869102578,626.7585659027101, 693.9125657062068
348.3429875013971,626.6245937347413, 694.4067067737124
354.0797907335581,626.6245937347413, 695.0705540409144
348.3429875013971,626.6245937347413, 694.4067067737124
354.0513664856334,626.2585659027101, 695.4355169529572
354.0797907335581,626.6245937347413, 695.0705540409144
354.0513664856334,626.2585659027101, 695.4355169529572
362.6754479720402,626.2585659027101, 695.6372401217541
348.4191869102578,626.7585659027101, 693.9125657062068
304.93587445704895,626.7585659027101, 610.75788198807
340.231805051153,626.7585659027101, 692.1757492722627
348.4191869102578,626.7585659027101, 693.9125657062068
340.231805051153,626.7585659027101, 692.1757492722627
348.3429875013971,626.6245937347413, 694.4067067737124
340.231805051153,626.7585659027101, 692.1757492722627
304.93587445704895,626.7585659027101, 610.75788198807
332.33312463577016,626.7585659027101, 689.5374931786937
340.231805051153,626.7585659027101, 692.1757492722627
332.33312463577016,626.7585659027101, 689.5374931786937
340.1006054071658,626.6245937347413, 692.6581886037784
340.231805051153,626.7585659027101, 692.1757492722627
340.1006054071658,626.6245937347413, 692.6581886037784
348.3429875013971,626.6245937347413, 694.4067067737124
348.3429875013971,626.6245937347413, 694.4067067737124
340.1006054071658,626.6245937347413, 692.6581886037784
348.2872087284522,626.2585659027101, 694.7684825128035
348.3429875013971,626.6245937347413, 694.4067067737124
348.2872087284522,626.2585659027101, 694.7684825128035
354.0513664856334,626.2585659027101, 695.4355169529572
354.0513664856334,626.2585659027101, 695.4355169529572
348.2872087284522,626.2585659027101, 694.7684825128035
354.0409761033042,625.7585659027101, 695.5690448135247
354.0513664856334,626.2585659027101, 695.4355169529572
354.0409761033042,625.7585659027101, 695.5690448135247
362.6754479720402,626.2585659027101, 695.6372401217541
340.1006054071658,626.6245937347413, 692.6581886037784
332.33312463577016,626.7585659027101, 689.5374931786937
332.14798639900613,626.6245937347413, 690.0019838474946
340.1006054071658,626.6245937347413, 692.6581886037784
332.14798639900613,626.6245937347413, 690.0019838474946
340.00453732445015,626.2585659027101, 693.0113971802493
340.1006054071658,626.6245937347413, 692.6581886037784
340.00453732445015,626.2585659027101, 693.0113971802493
348.2872087284522,626.2585659027101, 694.7684825128035
332.33312463577016,626.7585659027101, 689.5374931786937
304.93587445704895,626.7585659027101, 610.75788198807
330.1810213052958,626.7585659027101, 688.6396831196143
332.33312463577016,626.7585659027101, 689.5374931786937
330.1810213052958,626.7585659027101, 688.6396831196143
332.14798639900613,626.6245937347413, 690.0019838474946
330.1810213052958,626.7585659027101, 688.6396831196143
304.93587445704895,626.7585659027101, 610.75788198807
322.35191492289954,626.7585659027101, 684.7010277981608
330.1810213052958,626.7585659027101, 688.6396831196143
322.35191492289954,626.7585659027101, 684.7010277981608
329.9811807241858,626.6245937347413, 689.0979850288895
330.1810213052958,626.7585659027101, 688.6396831196143
329.9811807241858,626.6245937347413, 689.0979850288895
332.14798639900613,626.6245937347413, 690.0019838474946
332.14798639900613,626.6245937347413, 690.0019838474946
329.9811807241858,626.6245937347413, 689.0979850288895
332.0124398304069,626.2585659027101, 690.3419559638223
332.14798639900613,626.6245937347413, 690.0019838474946
332.0124398304069,626.2585659027101, 690.3419559638223
340.00453732445015,626.2585659027101, 693.0113971802493
329.9811807241858,626.6245937347413, 689.0979850288895
322.35191492289954,626.7585659027101, 684.7010277981608
322.10533019188,626.6245937347413, 685.1360076008878
329.9811807241858,626.6245937347413, 689.0979850288895
322.10533019188,626.6245937347413, 685.1360076008878
329.8348885638879,626.2585659027101, 689.4335261595315
329.9811807241858,626.6245937347413, 689.0979850288895
329.8348885638879,626.2585659027101, 689.4335261595315
332.0124398304069,626.2585659027101, 690.3419559638223
322.35191492289954,626.7585659027101, 684.7010277981608
304.93587445704895,626.7585659027101, 610.75788198807
312.67966192252413,626.7585659027101, 678.5891962550068
322.35191492289954,626.7585659027101, 684.7010277981608
312.67966192252413,626.7585659027101, 678.5891962550068
322.10533019188,626.6245937347413, 685.1360076008878
312.67966192252413,626.7585659027101, 678.5891962550068
304.93587445704895,626.7585659027101, 610.75788198807
306.139516254152,626.7585659027101, 673.9310311442214
312.67966192252413,626.7585659027101, 678.5891962550068
306.139516254152,626.7585659027101, 673.9310311442214
312.39650133844395,626.6245937347413, 679.001289300727
312.67966192252413,626.7585659027101, 678.5891962550068
312.39650133844395,626.6245937347413, 679.001289300727
322.10533019188,626.6245937347413, 685.1360076008878
322.10533019188,626.6245937347413, 685.1360076008878
312.39650133844395,626.6245937347413, 679.001289300727
321.9248262395885,626.2585659027101, 685.4544446599793
322.10533019188,626.6245937347413, 685.1360076008878
321.9248262395885,626.2585659027101, 685.4544446599793
329.8348885638879,626.2585659027101, 689.4335261595315
304.93587445704895,626.7585659027101, 610.75788198807
273.9942117247555,626.75856590271, 639.1588265207656
305.4399337939757,626.7585659027101, 673.4176652957249
304.93587445704895,626.7585659027101, 610.75788198807
305.4399337939757,626.7585659027101, 673.4176652957249
306.139516254152,626.7585659027101, 673.9310311442214
305.4399337939757,626.7585659027101, 673.4176652957249
273.9942117247555,626.75856590271, 639.1588265207656
305.43031173614133,626.7585048675538, 673.4283719079904
305.4399337939757,626.7585659027101, 673.4176652957249
305.43031173614133,626.7585048675538, 673.4283719079904
306.139516254152,626.7585659027101, 673.9310311442214
273.9942117247555,626.75856590271, 639.1588265207656
273.50615336858743,626.59743309021, 639.4000112887852
273.7218732535947,626.6595668792725, 639.4087584779354
273.9942117247555,626.75856590271, 639.1588265207656
273.7218732535947,626.6595668792725, 639.4087584779354
305.43031173614133,626.7585048675538, 673.4283719079904
305.43031173614133,626.7585048675538, 673.4283719079904
273.7218732535947,626.6595668792725, 639.4087584779354
305.2896873690005,626.7331752777101, 673.5851588639562
305.43031173614133,626.7585048675538, 673.4283719079904
305.2896873690005,626.7331752777101, 673.5851588639562
306.139516254152,626.7585659027101, 673.9310311442214
306.139516254152,626.7585659027101, 673.9310311442214
305.2896873690005,626.7331752777101, 673.5851588639562
305.84411068170436,626.6245937347413, 674.3344748156615
306.139516254152,626.7585659027101, 673.9310311442214
305.84411068170436,626.6245937347413, 674.3344748156615
312.39650133844395,626.6245937347413, 679.001289300727
305.2896873690005,626.7331752777101, 673.5851588639562
273.7218732535947,626.6595668792725, 639.4087584779354
305.12428528915905,626.5777797698976, 673.7695366892576
305.2896873690005,626.7331752777101, 673.5851588639562
305.12428528915905,626.5777797698976, 673.7695366892576
305.84411068170436,626.6245937347413, 674.3344748156615
273.7218732535947,626.6595668792725, 639.4087584779354
273.50615336858743,626.59743309021, 639.4000112887852
273.62585222781115,626.6245937347412, 639.4968949123231
273.7218732535947,626.6595668792725, 639.4087584779354
273.62585222781115,626.6245937347412, 639.4968949123231
305.12428528915905,626.5777797698976, 673.7695366892576
305.12428528915905,626.5777797698976, 673.7695366892576
273.62585222781115,626.6245937347412, 639.4968949123231
304.9148740149793,626.3810634613038, 674.0029802404151
305.12428528915905,626.5777797698976, 673.7695366892576
304.9148740149793,626.3810634613038, 674.0029802404151
305.84411068170436,626.6245937347413, 674.3344748156615
273.62585222781115,626.6245937347412, 639.4968949123231
273.50615336858743,626.59743309021, 639.4000112887852
273.55358079274436,626.5265102386475, 639.563261201758
273.62585222781115,626.6245937347412, 639.4968949123231
273.55358079274436,626.5265102386475, 639.563261201758
304.9148740149793,626.3810634613038, 674.0029802404151
312.39650133844395,626.6245937347413, 679.001289300727
305.84411068170436,626.6245937347413, 674.3344748156615
312.18920721210077,626.2585659027101, 679.3030011314677
312.39650133844395,626.6245937347413, 679.001289300727
312.18920721210077,626.2585659027101, 679.3030011314677
321.9248262395885,626.2585659027101, 685.4544446599793
305.84411068170436,626.6245937347413, 674.3344748156615
304.9148740149793,626.3810634613038, 674.0029802404151
305.6278519059232,626.2585659027101, 674.6297548142811
305.84411068170436,626.6245937347413, 674.3344748156615
305.6278519059232,626.2585659027101, 674.6297548142811
312.18920721210077,626.2585659027101, 679.3030011314677
304.9148740149793,626.3810634613038, 674.0029802404151
273.55358079274436,626.5265102386475, 639.563261201758
304.88321425953825,626.2459316253663, 674.0382793895042
304.9148740149793,626.3810634613038, 674.0029802404151
304.88321425953825,626.2459316253663, 674.0382793895042
305.6278519059232,626.2585659027101, 674.6297548142811
273.55358079274436,626.5265102386475, 639.563261201758
273.50615336858743,626.59743309021, 639.4000112887852
273.3562124190029,626.25856590271, 639.7444376771973
273.55358079274436,626.5265102386475, 639.563261201758
273.3562124190029,626.25856590271, 639.7444376771973
304.88321425953825,626.2459316253663, 674.0382793895042
304.88321425953825,626.2459316253663, 674.0382793895042
273.3562124190029,626.25856590271, 639.7444376771973
304.7690239779839,625.7585659027101, 674.1655303874068
304.88321425953825,626.2459316253663, 674.0382793895042
304.7690239779839,625.7585659027101, 674.1655303874068
305.6278519059232,626.2585659027101, 674.6297548142811
273.3562124190029,626.25856590271, 639.7444376771973
273.3329079588692,626.1405849456787, 639.765799242653
304.7690239779839,625.7585659027101, 674.1655303874068
305.6278519059232,626.2585659027101, 674.6297548142811
304.7690239779839,625.7585659027101, 674.1655303874068
305.5486924752257,625.7585659027101, 674.7378568551121
305.6278519059232,626.2585659027101, 674.6297548142811
305.5486924752257,625.7585659027101, 674.7378568551121
312.1133407543638,625.7585659027101, 679.4133823464472
305.6278519059232,626.2585659027101, 674.6297548142811
312.1133407543638,625.7585659027101, 679.4133823464472
312.18920721210077,626.2585659027101, 679.3030011314677
305.5486924752257,625.7585659027101, 674.7378568551121
304.7690239779839,625.7585659027101, 674.1655303874068
304.7690239779839,624.7585659027101, 674.1655303874068
305.5486924752257,625.7585659027101, 674.7378568551121
304.7690239779839,624.7585659027101, 674.1655303874068
312.1133407543638,625.7585659027101, 679.4133823464472
312.18920721210077,626.2585659027101, 679.3030011314677
312.1133407543638,625.7585659027101, 679.4133823464472
317.0613627005222,625.7585659027101, 682.5397617558056
312.18920721210077,626.2585659027101, 679.3030011314677
317.0613627005222,625.7585659027101, 682.5397617558056
321.9248262395885,626.2585659027101, 685.4544446599793
312.1133407543638,625.7585659027101, 679.4133823464472
304.7690239779839,624.7585659027101, 674.1655303874068
316.9949443086442,624.7585659027101, 682.6449271055417
312.1133407543638,625.7585659027101, 679.4133823464472
316.9949443086442,624.7585659027101, 682.6449271055417
317.0613627005222,625.7585659027101, 682.5397617558056
317.0613627005222,625.7585659027101, 682.5397617558056
316.9949443086442,624.7585659027101, 682.6449271055417
321.8587759505062,625.7585659027101, 685.5709887090106
317.0613627005222,625.7585659027101, 682.5397617558056
321.8587759505062,625.7585659027101, 685.5709887090106
321.9248262395885,626.2585659027101, 685.4544446599793
321.9248262395885,626.2585659027101, 685.4544446599793
321.8587759505062,625.7585659027101, 685.5709887090106
329.78134014307574,625.7585659027101, 689.5562869381647
321.9248262395885,626.2585659027101, 685.4544446599793
329.78134014307574,625.7585659027101, 689.5562869381647
329.8348885638879,626.2585659027101, 689.4335261595315
321.8587759505062,625.7585659027101, 685.5709887090106
316.9949443086442,624.7585659027101, 682.6449271055417
330.84273607447534,624.7585659027101, 690.0093295947681
321.8587759505062,625.7585659027101, 685.5709887090106
330.84273607447534,624.7585659027101, 690.0093295947681
329.78134014307574,625.7585659027101, 689.5562869381647
329.78134014307574,625.7585659027101, 689.5562869381647
330.84273607447534,624.7585659027101, 690.0093295947681
330.84634654174073,625.7585659027101, 690.0006259694765
329.78134014307574,625.7585659027101, 689.5562869381647
330.84634654174073,625.7585659027101, 690.0006259694765
329.8348885638879,626.2585659027101, 689.4335261595315
329.8348885638879,626.2585659027101, 689.4335261595315
330.84634654174073,625.7585659027101, 690.0006259694765
332.0124398304069,626.2585659027101, 690.3419559638223
330.84634654174073,625.7585659027101, 690.0006259694765
330.84273607447534,624.7585659027101, 690.0093295947681
331.96285077303395,625.7585659027101, 690.466413537004
330.84634654174073,625.7585659027101, 690.0006259694765
331.96285077303395,625.7585659027101, 690.466413537004
332.0124398304069,626.2585659027101, 690.3419559638223
331.96285077303395,625.7585659027101, 690.466413537004
330.84273607447534,624.7585659027101, 690.0093295947681
339.969372662741,625.7585659027101, 693.1406876091896
331.96285077303395,625.7585659027101, 690.466413537004
339.969372662741,625.7585659027101, 693.1406876091896
332.0124398304069,626.2585659027101, 690.3419559638223
332.0124398304069,626.2585659027101, 690.3419559638223
339.969372662741,625.7585659027101, 693.1406876091896
340.00453732445015,626.2585659027101, 693.0113971802493
340.00453732445015,626.2585659027101, 693.0113971802493
339.969372662741,625.7585659027101, 693.1406876091896
345.71436990668,625.7585659027101, 694.3594093489992
340.00453732445015,626.2585659027101, 693.0113971802493
345.71436990668,625.7585659027101, 694.3594093489992
348.2872087284522,626.2585659027101, 694.7684825128035
339.969372662741,625.7585659027101, 693.1406876091896
330.84273607447534,624.7585659027101, 690.0093295947681
345.69328319166374,624.7585659027101, 694.4588180724004
339.969372662741,625.7585659027101, 693.1406876091896
345.69328319166374,624.7585659027101, 694.4588180724004
345.71436990668,625.7585659027101, 694.3594093489992
345.71436990668,625.7585659027101, 694.3594093489992
345.69328319166374,624.7585659027101, 694.4588180724004
348.26681597139026,625.7585659027101, 694.9009101259053
345.71436990668,625.7585659027101, 694.3594093489992
348.26681597139026,625.7585659027101, 694.9009101259053
348.2872087284522,626.2585659027101, 694.7684825128035
348.2872087284522,626.2585659027101, 694.7684825128035
348.26681597139026,625.7585659027101, 694.9009101259053
354.0409761033042,625.7585659027101, 695.5690448135247
348.26681597139026,625.7585659027101, 694.9009101259053
345.69328319166374,624.7585659027101, 694.4588180724004
354.0409761033042,625.7585659027101, 695.5690448135247
345.69328319166374,624.7585659027101, 694.4588180724004
330.84273607447534,624.7585659027101, 690.0093295947681
362.02826059716966,624.7585659027101, 695.7882225642843
345.69328319166374,624.7585659027101, 694.4588180724004
362.02826059716966,624.7585659027101, 695.7882225642843
354.0409761033042,625.7585659027101, 695.5690448135247
330.84273607447534,624.7585659027101, 690.0093295947681
316.9949443086442,624.7585659027101, 682.6449271055417
379.66452952377944,624.7585659027101, 693.6505244679083
330.84273607447534,624.7585659027101, 690.0093295947681
379.66452952377944,624.7585659027101, 693.6505244679083
362.02826059716966,624.7585659027101, 695.7882225642843
316.9949443086442,624.7585659027101, 682.6449271055417
305.7834892893842,624.7585659027101, 673.0525101394733
379.66452952377944,624.7585659027101, 693.6505244679083
354.0409761033042,625.7585659027101, 695.5690448135247
362.02826059716966,624.7585659027101, 695.7882225642843
362.0290319131454,625.7585659027101, 695.7559384111901
354.0409761033042,625.7585659027101, 695.5690448135247
362.0290319131454,625.7585659027101, 695.7559384111901
362.6754479720402,626.2585659027101, 695.6372401217541
362.0290319131454,625.7585659027101, 695.7559384111901
362.02826059716966,624.7585659027101, 695.7882225642843
362.6794870245139,625.7585659027101, 695.7712024967204
362.0290319131454,625.7585659027101, 695.7559384111901
362.6794870245139,625.7585659027101, 695.7712024967204
362.6754479720402,626.2585659027101, 695.6372401217541
362.6794870245139,625.7585659027101, 695.7712024967204
362.02826059716966,624.7585659027101, 695.7882225642843
371.4019597386977,625.7585659027101, 695.0646209004317
362.6794870245139,625.7585659027101, 695.7712024967204
371.4019597386977,625.7585659027101, 695.0646209004317
362.6754479720402,626.2585659027101, 695.6372401217541
362.02826059716966,624.7585659027101, 695.7882225642843
379.66452952377944,624.7585659027101, 693.6505244679083
371.4019597386977,625.7585659027101, 695.0646209004317
362.6754479720402,626.2585659027101, 695.6372401217541
371.4019597386977,625.7585659027101, 695.0646209004317
371.3847091575371,626.2585659027101, 694.9317423406901
371.4019597386977,625.7585659027101, 695.0646209004317
379.66452952377944,624.7585659027101, 693.6505244679083
379.66452952377944,625.7585659027101, 693.6505244679083
371.4019597386977,625.7585659027101, 695.0646209004317
379.66452952377944,625.7585659027101, 693.6505244679083
371.3847091575371,626.2585659027101, 694.9317423406901
379.66452952377944,625.7585659027101, 693.6505244679083
379.66452952377944,624.7585659027101, 693.6505244679083
379.878891694585,626.2461147308351, 693.4537642557752
379.66452952377944,625.7585659027101, 693.6505244679083
379.878891694585,626.2461147308351, 693.4537642557752
379.6653892952999,625.7929897308351, 693.6497060035181
379.66452952377944,625.7585659027101, 693.6505244679083
379.6653892952999,625.7929897308351, 693.6497060035181
371.3847091575371,626.2585659027101, 694.9317423406901
379.6653892952999,625.7929897308351, 693.6497060035181
379.878891694585,626.2461147308351, 693.4537642557752
379.8091333732045,626.1947841644288, 693.5177944998304
379.6653892952999,625.7929897308351, 693.6497060035181
379.8091333732045,626.1947841644288, 693.5177944998304
371.3847091575371,626.2585659027101, 694.9317423406901
379.8091333732045,626.1947841644288, 693.5177944998304
379.878891694585,626.2461147308351, 693.4537642557752
371.3847091575371,626.2585659027101, 694.9317423406901
379.878891694585,626.2461147308351, 693.4537642557752
379.66452952377944,624.7585659027101, 693.6505244679083
380.3055837643223,590.9137172698976, 693.0620506442046
333.92105964083015,590.8925380706788, 690.6534358960453
341.1691296050048,590.7585659027101, 692.2898004576618
341.04961980065485,590.8925380706788, 692.7753061076419
333.92105964083015,590.8925380706788, 690.6534358960453
341.04961980065485,590.8925380706788, 692.7753061076419
333.7999418496219,591.2585659027101, 690.9988519664421
333.92105964083015,590.8925380706788, 690.6534358960453
333.7999418496219,591.2585659027101, 690.9988519664421
326.8749392394165,591.2585659027101, 688.1906027443292
326.8749392394165,591.2585659027101, 688.1906027443292
333.7999418496219,591.2585659027101, 690.9988519664421
326.8186937447426,591.7585659027101, 688.312148410083
326.8749392394165,591.2585659027101, 688.1906027443292
326.8186937447426,591.7585659027101, 688.312148410083
320.18319183781557,591.7585659027101, 684.8474078515528
320.18319183781557,591.7585659027101, 684.8474078515528
326.8186937447426,591.7585659027101, 688.312148410083
326.8186937447426,592.7585659027101, 688.312148410083
320.18319183781557,591.7585659027101, 684.8474078515528
326.8186937447426,592.7585659027101, 688.312148410083
313.9101825346514,592.7585659027101, 680.7628400590665
326.8186937447426,591.7585659027101, 688.312148410083
333.7999418496219,591.2585659027101, 690.9988519664421
333.75561537807874,591.7585659027101, 691.1252454040714
326.8186937447426,591.7585659027101, 688.312148410083
333.75561537807874,591.7585659027101, 691.1252454040714
326.8186937447426,592.7585659027101, 688.312148410083
326.8186937447426,592.7585659027101, 688.312148410083
333.75561537807874,591.7585659027101, 691.1252454040714
340.93014048595063,592.7585659027101, 693.2608130630178
326.8186937447426,592.7585659027101, 688.312148410083
340.93014048595063,592.7585659027101, 693.2608130630178
313.9101825346514,592.7585659027101, 680.7628400590665
313.9101825346514,592.7585659027101, 680.7628400590665
340.93014048595063,592.7585659027101, 693.2608130630178
305.7834892893842,592.7585659027101, 673.0525101394733
333.7999418496219,591.2585659027101, 690.9988519664421
341.04961980065485,590.8925380706788, 692.7753061076419
340.9621629432149,591.2585659027101, 693.1307161006953
333.7999418496219,591.2585659027101, 690.9988519664421
340.9621629432149,591.2585659027101, 693.1307161006953
333.75561537807874,591.7585659027101, 691.1252454040714
333.75561537807874,591.7585659027101, 691.1252454040714
340.9621629432149,591.2585659027101, 693.1307161006953
340.93014048595063,591.7585659027101, 693.2608130630178
333.75561537807874,591.7585659027101, 691.1252454040714
340.93014048595063,591.7585659027101, 693.2608130630178
340.93014048595063,592.7585659027101, 693.2608130630178
340.93014048595063,592.7585659027101, 693.2608130630178
340.93014048595063,591.7585659027101, 693.2608130630178
346.24973079861223,592.7585659027101, 694.5701244571101
340.93014048595063,592.7585659027101, 693.2608130630178
346.24973079861223,592.7585659027101, 694.5701244571101
305.7834892893842,592.7585659027101, 673.0525101394733
340.93014048595063,591.7585659027101, 693.2608130630178
340.9621629432149,591.2585659027101, 693.1307161006953
346.24973079861223,591.7585659027101, 694.5701244571101
340.93014048595063,591.7585659027101, 693.2608130630178
346.24973079861223,591.7585659027101, 694.5701244571101
346.24973079861223,592.7585659027101, 694.5701244571101
340.9621629432149,591.2585659027101, 693.1307161006953
341.04961980065485,590.8925380706788, 692.7753061076419
346.2817532558765,591.2585659027101, 694.4400274947875
340.9621629432149,591.2585659027101, 693.1307161006953
346.2817532558765,591.2585659027101, 694.4400274947875
346.24973079861223,591.7585659027101, 694.5701244571101
341.04961980065485,590.8925380706788, 692.7753061076419
341.1691296050048,590.7585659027101, 692.2898004576618
346.36921011331646,590.8925380706788, 694.0846175017341
341.04961980065485,590.8925380706788, 692.7753061076419
346.36921011331646,590.8925380706788, 694.0846175017341
346.2817532558765,591.2585659027101, 694.4400274947875
341.1691296050048,590.7585659027101, 692.2898004576618
304.93587445704895,590.7585659027101, 610.75788198807
346.4887199176664,590.7585659027101, 693.5991118517541
341.1691296050048,590.7585659027101, 692.2898004576618
346.4887199176664,590.7585659027101, 693.5991118517541
346.36921011331646,590.8925380706788, 694.0846175017341
346.4887199176664,590.7585659027101, 693.5991118517541
304.93587445704895,590.7585659027101, 610.75788198807
353.7956231553762,590.7585659027101, 694.7381481823413
346.4887199176664,590.7585659027101, 693.5991118517541
353.7956231553762,590.7585659027101, 694.7381481823413
346.36921011331646,590.8925380706788, 694.0846175017341
304.93587445704895,590.7585659027101, 610.75788198807
361.18951008614744,590.7585659027101, 694.5996456368957
353.7956231553762,590.7585659027101, 694.7381481823413
353.7956231553762,590.7585659027101, 694.7381481823413
361.18951008614744,590.7585659027101, 694.5996456368957
353.76168164685436,590.8925380706788, 695.2369697768827
353.7956231553762,590.7585659027101, 694.7381481823413
353.76168164685436,590.8925380706788, 695.2369697768827
346.36921011331646,590.8925380706788, 694.0846175017341
346.36921011331646,590.8925380706788, 694.0846175017341
353.76168164685436,590.8925380706788, 695.2369697768827
346.2817532558765,591.2585659027101, 694.4400274947875
346.2817532558765,591.2585659027101, 694.4400274947875
353.76168164685436,590.8925380706788, 695.2369697768827
353.7368220766875,591.2585659027101, 695.6021463995403
346.2817532558765,591.2585659027101, 694.4400274947875
353.7368220766875,591.2585659027101, 695.6021463995403
346.24973079861223,591.7585659027101, 694.5701244571101
353.76168164685436,590.8925380706788, 695.2369697768827
361.18951008614744,590.7585659027101, 694.5996456368957
361.24211190356067,590.8925380706788, 695.096857608949
353.76168164685436,590.8925380706788, 695.2369697768827
361.24211190356067,590.8925380706788, 695.096857608949
353.7368220766875,591.2585659027101, 695.6021463995403
361.18951008614744,590.7585659027101, 694.5996456368957
380.3055837643223,590.9137172698976, 693.0620506442046
361.24211190356067,590.8925380706788, 695.096857608949
346.24973079861223,591.7585659027101, 694.5701244571101
353.7368220766875,591.2585659027101, 695.6021463995403
353.7277375275407,591.7585659027101, 695.7358523507155
346.24973079861223,591.7585659027101, 694.5701244571101
353.7277375275407,591.7585659027101, 695.7358523507155
346.24973079861223,592.7585659027101, 694.5701244571101
353.7368220766875,591.2585659027101, 695.6021463995403
361.24211190356067,590.8925380706788, 695.096857608949
361.2806218488658,591.2585659027101, 695.460898622001
353.7368220766875,591.2585659027101, 695.6021463995403
361.2806218488658,591.2585659027101, 695.460898622001
353.7277375275407,591.7585659027101, 695.7358523507155
361.24211190356067,590.8925380706788, 695.096857608949
380.3055837643223,590.9137172698976, 693.0620506442046
379.8304360511101,591.2585659027101, 693.4982410524663
361.24211190356067,590.8925380706788, 695.096857608949
379.8304360511101,591.2585659027101, 693.4982410524663
361.2806218488658,591.2585659027101, 695.460898622001
346.24973079861223,592.7585659027101, 694.5701244571101
353.7277375275407,591.7585659027101, 695.7358523507155
353.7277375275407,592.7585659027101, 695.7358523507155
346.24973079861223,592.7585659027101, 694.5701244571101
353.7277375275407,592.7585659027101, 695.7358523507155
305.7834892893842,592.7585659027101, 673.0525101394733
353.7277375275407,591.7585659027101, 695.7358523507155
361.2806218488658,591.2585659027101, 695.460898622001
361.29471111018205,591.7585659027101, 695.5941305602937
353.7277375275407,591.7585659027101, 695.7358523507155
361.29471111018205,591.7585659027101, 695.5941305602937
353.7277375275407,592.7585659027101, 695.7358523507155
353.7277375275407,592.7585659027101, 695.7358523507155
361.29471111018205,591.7585659027101, 695.5941305602937
361.29471111018205,592.7585659027101, 695.5941305602937
353.7277375275407,592.7585659027101, 695.7358523507155
361.29471111018205,592.7585659027101, 695.5941305602937
305.7834892893842,592.7585659027101, 673.0525101394733
361.29471111018205,592.7585659027101, 695.5941305602937
361.29471111018205,591.7585659027101, 695.5941305602937
379.66452952377944,592.7585659027101, 693.6505244679083
361.29471111018205,592.7585659027101, 695.5941305602937
379.66452952377944,592.7585659027101, 693.6505244679083
305.7834892893842,592.7585659027101, 673.0525101394733
361.2806218488658,591.2585659027101, 695.460898622001
379.8304360511101,591.2585659027101, 693.4982410524663
379.70672284944516,591.4997768402101, 693.6117664787816
361.2806218488658,591.2585659027101, 695.460898622001
379.70672284944516,591.4997768402101, 693.6117664787816
361.29471111018205,591.7585659027101, 695.5941305602937
379.70672284944516,591.4997768402101, 693.6117664787816
379.8304360511101,591.2585659027101, 693.4982410524663
379.66452952377944,591.7585659027101, 693.6505244679083
379.70672284944516,591.4997768402101, 693.6117664787816
379.66452952377944,591.7585659027101, 693.6505244679083
361.29471111018205,591.7585659027101, 695.5941305602937
361.29471111018205,591.7585659027101, 695.5941305602937
379.66452952377944,591.7585659027101, 693.6505244679083
379.66452952377944,592.7585659027101, 693.6505244679083
379.8304360511101,591.2585659027101, 693.4982410524663
380.3055837643223,590.9137172698976, 693.0620506442046
379.66452952377944,591.7585659027101, 693.6505244679083
379.66452952377944,591.7585659027101, 693.6505244679083
380.3055837643223,590.9137172698976, 693.0620506442046
379.66452952377944,592.7585659027101, 693.6505244679083
380.3055837643223,590.9137172698976, 693.0620506442046
379.66452952377944,624.7585659027101, 693.6505244679083
379.66452952377944,592.7585659027101, 693.6505244679083
305.7834892893842,592.7585659027101, 673.0525101394733
379.66452952377944,592.7585659027101, 693.6505244679083
305.8056314150889,592.7585659027101, 672.5353447687075
305.7834892893842,592.7585659027101, 673.0525101394733
305.8056314150889,592.7585659027101, 672.5353447687075
305.7834892893842,624.7585659027101, 673.0525101394733
305.7834892893842,624.7585659027101, 673.0525101394733
305.8056314150889,592.7585659027101, 672.5353447687075
305.8056314150889,624.7585659027101, 672.5353447687075
305.7834892893842,624.7585659027101, 673.0525101394733
305.8056314150889,624.7585659027101, 672.5353447687075
379.66452952377944,624.7585659027101, 693.6505244679083
305.8056314150889,592.7585659027101, 672.5353447687075
379.66452952377944,592.7585659027101, 693.6505244679083
305.5662249958658,592.7585659027101, 672.0763808101738
305.8056314150889,592.7585659027101, 672.5353447687075
305.5662249958658,592.7585659027101, 672.0763808101738
305.8056314150889,624.7585659027101, 672.5353447687075
379.66452952377944,624.7585659027101, 693.6505244679083
305.8056314150889,624.7585659027101, 672.5353447687075
304.87538240981655,624.7585659027101, 612.1707721709072
379.66452952377944,624.7585659027101, 693.6505244679083
304.87538240981655,624.7585659027101, 612.1707721709072
379.66452952377944,592.7585659027101, 693.6505244679083
305.8056314150889,624.7585659027101, 672.5353447687075
305.5662249958658,592.7585659027101, 672.0763808101738
305.5662249958658,624.7585659027101, 672.0763808101738
305.8056314150889,624.7585659027101, 672.5353447687075
305.5662249958658,624.7585659027101, 672.0763808101738
304.87538240981655,624.7585659027101, 612.1707721709072
305.5662249958658,592.7585659027101, 672.0763808101738
379.66452952377944,592.7585659027101, 693.6505244679083
275.40713239723834,592.75856590271, 639.2193198733939
305.5662249958658,592.7585659027101, 672.0763808101738
275.40713239723834,592.75856590271, 639.2193198733939
305.5662249958658,624.7585659027101, 672.0763808101738
305.5662249958658,624.7585659027101, 672.0763808101738
275.40713239723834,592.75856590271, 639.2193198733939
275.40713239723834,624.75856590271, 639.2193198733939
305.5662249958658,624.7585659027101, 672.0763808101738
275.40713239723834,624.75856590271, 639.2193198733939
304.87538240981655,624.7585659027101, 612.1707721709072
275.40713239723834,624.75856590271, 639.2193198733939
275.40713239723834,592.75856590271, 639.2193198733939
304.87538240981655,624.7585659027101, 612.1707721709072
275.40713239723834,592.75856590271, 639.2193198733939
379.66452952377944,592.7585659027101, 693.6505244679083
304.87538240981655,592.7585659027101, 612.1707721709072
275.40713239723834,592.75856590271, 639.2193198733939
304.87538240981655,592.7585659027101, 612.1707721709072
304.87538240981655,624.7585659027101, 612.1707721709072
304.87538240981655,592.7585659027101, 612.1707721709072
379.66452952377944,592.7585659027101, 693.6505244679083
304.87538240981655,624.7585659027101, 612.1707721709072
