16.00004386901844,1452.8075790405273,16.00004386901844
16.61807823181141,1455.8075790405273,16.61807823181141
16.61807823181141,1452.8075790405273,16.61807823181141
16.61807823181141,1452.8075790405273,16.61807823181141
16.61807823181141,1455.8075790405273,16.61807823181141
17.175611495971566,1455.8075790405273,17.175611495971566
16.61807823181141,1452.8075790405273,16.61807823181141
17.175611495971566,1455.8075790405273,17.175611495971566
17.175611495971566,1452.8075790405273,17.175611495971566
16.61807823181141,1452.8075790405273,16.61807823181141
17.175611495971566,1452.8075790405273,17.175611495971566
9.637197494506715,1452.8075790405273,9.637197494506715
16.61807823181141,1452.8075790405273,16.61807823181141
9.637197494506715,1452.8075790405273,9.637197494506715
16.00004386901844,1452.8075790405273,16.00004386901844
17.175611495971566,1452.8075790405273,17.175611495971566
17.175611495971566,1455.8075790405273,17.175611495971566
17.61807823181141,1455.8075790405273,17.61807823181141
17.175611495971566,1452.8075790405273,17.175611495971566
17.61807823181141,1455.8075790405273,17.61807823181141
17.61807823181141,1452.8075790405273,17.61807823181141
17.175611495971566,1452.8075790405273,17.175611495971566
17.61807823181141,1452.8075790405273,17.61807823181141
9.637197494506715,1452.8075790405273,9.637197494506715
17.175611495971566,1455.8075790405273,17.175611495971566
16.61807823181141,1455.8075790405273,16.61807823181141
9.637197494506715,1455.8075790405273,9.637197494506715
17.175611495971566,1455.8075790405273,17.175611495971566
9.637197494506715,1455.8075790405273,9.637197494506715
17.61807823181141,1455.8075790405273,17.61807823181141
17.61807823181141,1455.8075790405273,17.61807823181141
9.637197494506715,1455.8075790405273,9.637197494506715
17.902158737182504,1455.8075790405273,17.902158737182504
17.61807823181141,1455.8075790405273,17.61807823181141
17.902158737182504,1455.8075790405273,17.902158737182504
17.61807823181141,1452.8075790405273,17.61807823181141
17.61807823181141,1452.8075790405273,17.61807823181141
17.902158737182504,1455.8075790405273,17.902158737182504
17.902158737182504,1452.8075790405273,17.902158737182504
17.61807823181141,1452.8075790405273,17.61807823181141
17.902158737182504,1452.8075790405273,17.902158737182504
9.637197494506715,1452.8075790405273,9.637197494506715
17.902158737182504,1455.8075790405273,17.902158737182504
9.637197494506715,1455.8075790405273,9.637197494506715
18.00004386901844,1455.8075790405273,18.00004386901844
17.902158737182504,1455.8075790405273,17.902158737182504
18.00004386901844,1455.8075790405273,18.00004386901844
17.902158737182504,1452.8075790405273,17.902158737182504
17.902158737182504,1452.8075790405273,17.902158737182504
18.00004386901844,1455.8075790405273,18.00004386901844
18.00004386901844,1452.8075790405273,18.00004386901844
17.902158737182504,1452.8075790405273,17.902158737182504
18.00004386901844,1452.8075790405273,18.00004386901844
10.103178024291871,1452.8075790405273,10.103178024291871
17.902158737182504,1452.8075790405273,17.902158737182504
10.103178024291871,1452.8075790405273,10.103178024291871
9.637197494506715,1452.8075790405273,9.637197494506715
16.61807823181141,1455.8075790405273,16.61807823181141
16.00004386901844,1452.8075790405273,16.00004386901844
16.00004386901844,1455.8075790405273,16.00004386901844
16.61807823181141,1455.8075790405273,16.61807823181141
16.00004386901844,1455.8075790405273,16.00004386901844
9.038579940795778,1455.8075790405273,9.038579940795778
16.61807823181141,1455.8075790405273,16.61807823181141
9.038579940795778,1455.8075790405273,9.038579940795778
9.637197494506715,1455.8075790405273,9.637197494506715
9.038579940795778,1455.8075790405273,9.038579940795778
16.00004386901844,1455.8075790405273,16.00004386901844
8.35582923889148,1455.8075790405273,8.35582923889148
9.038579940795778,1455.8075790405273,9.038579940795778
8.35582923889148,1455.8075790405273,8.35582923889148
8.35582923889148,1452.8075790405273,8.35582923889148
9.038579940795778,1455.8075790405273,9.038579940795778
8.35582923889148,1452.8075790405273,8.35582923889148
9.038579940795778,1452.8075790405273,9.038579940795778
9.038579940795778,1455.8075790405273,9.038579940795778
9.038579940795778,1452.8075790405273,9.038579940795778
9.637197494506715,1455.8075790405273,9.637197494506715
9.038579940795778,1452.8075790405273,9.038579940795778
8.35582923889148,1452.8075790405273,8.35582923889148
16.00004386901844,1452.8075790405273,16.00004386901844
9.038579940795778,1452.8075790405273,9.038579940795778
16.00004386901844,1452.8075790405273,16.00004386901844
9.637197494506715,1452.8075790405273,9.637197494506715
9.038579940795778,1452.8075790405273,9.038579940795778
9.637197494506715,1452.8075790405273,9.637197494506715
9.637197494506715,1455.8075790405273,9.637197494506715
9.637197494506715,1455.8075790405273,9.637197494506715
9.637197494506715,1452.8075790405273,9.637197494506715
10.103178024291871,1455.8075790405273,10.103178024291871
9.637197494506715,1455.8075790405273,9.637197494506715
10.103178024291871,1455.8075790405273,10.103178024291871
18.00004386901844,1455.8075790405273,18.00004386901844
9.637197494506715,1452.8075790405273,9.637197494506715
10.103178024291871,1452.8075790405273,10.103178024291871
10.103178024291871,1455.8075790405273,10.103178024291871
10.103178024291871,1455.8075790405273,10.103178024291871
10.103178024291871,1452.8075790405273,10.103178024291871
10.398775100707887,1455.8075790405273,10.398775100707887
10.103178024291871,1455.8075790405273,10.103178024291871
10.398775100707887,1455.8075790405273,10.398775100707887
18.00004386901844,1455.8075790405273,18.00004386901844
10.103178024291871,1452.8075790405273,10.103178024291871
18.00004386901844,1452.8075790405273,18.00004386901844
10.398775100707887,1452.8075790405273,10.398775100707887
10.103178024291871,1452.8075790405273,10.103178024291871
10.398775100707887,1452.8075790405273,10.398775100707887
10.398775100707887,1455.8075790405273,10.398775100707887
10.398775100707887,1455.8075790405273,10.398775100707887
10.398775100707887,1452.8075790405273,10.398775100707887
10.500043869018434,1455.8075790405273,10.500043869018434
10.398775100707887,1455.8075790405273,10.398775100707887
10.500043869018434,1455.8075790405273,10.500043869018434
18.00004386901844,1455.8075790405273,18.00004386901844
10.398775100707887,1452.8075790405273,10.398775100707887
18.00004386901844,1452.8075790405273,18.00004386901844
10.500043869018434,1452.8075790405273,10.500043869018434
10.398775100707887,1452.8075790405273,10.398775100707887
10.500043869018434,1452.8075790405273,10.500043869018434
10.500043869018434,1455.8075790405273,10.500043869018434
18.00004386901844,1455.8075790405273,18.00004386901844
10.500043869018434,1455.8075790405273,10.500043869018434
18.00004386901844,1455.8075790405273,18.00004386901844
18.00004386901844,1455.8075790405273,18.00004386901844
18.00004386901844,1455.8075790405273,18.00004386901844
18.00004386901844,1452.8075790405273,18.00004386901844
10.500043869018434,1455.8075790405273,10.500043869018434
10.500043869018434,1452.8075790405273,10.500043869018434
10.398775100707887,1455.8075790405273,10.398775100707887
10.500043869018434,1455.8075790405273,10.500043869018434
10.398775100707887,1455.8075790405273,10.398775100707887
18.00004386901844,1455.8075790405273,18.00004386901844
10.500043869018434,1452.8075790405273,10.500043869018434
18.00004386901844,1452.8075790405273,18.00004386901844
10.398775100707887,1452.8075790405273,10.398775100707887
10.500043869018434,1452.8075790405273,10.500043869018434
10.398775100707887,1452.8075790405273,10.398775100707887
10.398775100707887,1455.8075790405273,10.398775100707887
10.398775100707887,1455.8075790405273,10.398775100707887
10.398775100707887,1452.8075790405273,10.398775100707887
10.103178024291871,1455.8075790405273,10.103178024291871
10.398775100707887,1455.8075790405273,10.398775100707887
10.103178024291871,1455.8075790405273,10.103178024291871
18.00004386901844,1455.8075790405273,18.00004386901844
18.00004386901844,1452.8075790405273,18.00004386901844
18.00004386901844,1455.8075790405273,18.00004386901844
18.00004386901844,1452.8075790405273,18.00004386901844
18.00004386901844,1452.8075790405273,18.00004386901844
18.00004386901844,1452.8075790405273,18.00004386901844
10.398775100707887,1452.8075790405273,10.398775100707887
10.398775100707887,1452.8075790405273,10.398775100707887
18.00004386901844,1452.8075790405273,18.00004386901844
10.103178024291871,1452.8075790405273,10.103178024291871
10.398775100707887,1452.8075790405273,10.398775100707887
10.103178024291871,1452.8075790405273,10.103178024291871
10.103178024291871,1455.8075790405273,10.103178024291871
10.103178024291871,1455.8075790405273,10.103178024291871
10.103178024291871,1452.8075790405273,10.103178024291871
9.637197494506715,1455.8075790405273,9.637197494506715
10.103178024291871,1455.8075790405273,10.103178024291871
9.637197494506715,1455.8075790405273,9.637197494506715
18.00004386901844,1455.8075790405273,18.00004386901844
10.103178024291871,1452.8075790405273,10.103178024291871
18.00004386901844,1452.8075790405273,18.00004386901844
9.637197494506715,1452.8075790405273,9.637197494506715
10.103178024291871,1452.8075790405273,10.103178024291871
9.637197494506715,1452.8075790405273,9.637197494506715
9.637197494506715,1455.8075790405273,9.637197494506715
9.637197494506715,1455.8075790405273,9.637197494506715
9.637197494506715,1452.8075790405273,9.637197494506715
9.038579940795778,1455.8075790405273,9.038579940795778
9.637197494506715,1455.8075790405273,9.637197494506715
9.038579940795778,1455.8075790405273,9.038579940795778
18.00004386901844,1455.8075790405273,18.00004386901844
9.637197494506715,1452.8075790405273,9.637197494506715
18.00004386901844,1452.8075790405273,18.00004386901844
9.038579940795778,1452.8075790405273,9.038579940795778
9.637197494506715,1452.8075790405273,9.637197494506715
9.038579940795778,1452.8075790405273,9.038579940795778
9.038579940795778,1455.8075790405273,9.038579940795778
9.038579940795778,1455.8075790405273,9.038579940795778
9.038579940795778,1452.8075790405273,9.038579940795778
8.35582923889148,1455.8075790405273,8.35582923889148
9.038579940795778,1455.8075790405273,9.038579940795778
8.35582923889148,1455.8075790405273,8.35582923889148
18.00004386901844,1455.8075790405273,18.00004386901844
9.038579940795778,1452.8075790405273,9.038579940795778
18.00004386901844,1452.8075790405273,18.00004386901844
8.35582923889148,1452.8075790405273,8.35582923889148
9.038579940795778,1452.8075790405273,9.038579940795778
8.35582923889148,1452.8075790405273,8.35582923889148
8.35582923889148,1455.8075790405273,8.35582923889148
16.00004386901844,1452.8075790405273,16.00004386901844
8.35582923889148,1452.8075790405273,8.35582923889148
4.3869018433895235E-5,1452.8075790405273,4.3869018433895235E-5
16.00004386901844,1452.8075790405273,16.00004386901844
4.3869018433895235E-5,1452.8075790405273,4.3869018433895235E-5
16.00004386901844,1455.8075790405273,16.00004386901844
8.35582923889148,1452.8075790405273,8.35582923889148
8.35582923889148,1455.8075790405273,8.35582923889148
7.644258499145387,1452.8075790405273,7.644258499145387
8.35582923889148,1452.8075790405273,8.35582923889148
7.644258499145387,1452.8075790405273,7.644258499145387
4.3869018433895235E-5,1452.8075790405273,4.3869018433895235E-5
8.35582923889148,1455.8075790405273,8.35582923889148
16.00004386901844,1455.8075790405273,16.00004386901844
7.644258499145387,1455.8075790405273,7.644258499145387
8.35582923889148,1455.8075790405273,8.35582923889148
7.644258499145387,1455.8075790405273,7.644258499145387
7.644258499145387,1452.8075790405273,7.644258499145387
7.644258499145387,1452.8075790405273,7.644258499145387
7.644258499145387,1455.8075790405273,7.644258499145387
6.96150779724109,1452.8075790405273,6.96150779724109
7.644258499145387,1452.8075790405273,7.644258499145387
6.96150779724109,1452.8075790405273,6.96150779724109
4.3869018433895235E-5,1452.8075790405273,4.3869018433895235E-5
16.00004386901844,1455.8075790405273,16.00004386901844
4.3869018433895235E-5,1452.8075790405273,4.3869018433895235E-5
4.3869018433895235E-5,1455.8075790405273,4.3869018433895235E-5
16.00004386901844,1455.8075790405273,16.00004386901844
4.3869018433895235E-5,1455.8075790405273,4.3869018433895235E-5
7.644258499145387,1455.8075790405273,7.644258499145387
7.644258499145387,1455.8075790405273,7.644258499145387
4.3869018433895235E-5,1455.8075790405273,4.3869018433895235E-5
6.96150779724109,1455.8075790405273,6.96150779724109
7.644258499145387,1455.8075790405273,7.644258499145387
6.96150779724109,1455.8075790405273,6.96150779724109
6.96150779724109,1452.8075790405273,6.96150779724109
4.3869018433895235E-5,1452.8075790405273,4.3869018433895235E-5
6.96150779724109,1452.8075790405273,6.96150779724109
-0.6179904937745349,1452.8075790405273,-0.6179904937745349
4.3869018433895235E-5,1452.8075790405273,4.3869018433895235E-5
-0.6179904937745349,1452.8075790405273,-0.6179904937745349
4.3869018433895235E-5,1455.8075790405273,4.3869018433895235E-5
6.96150779724109,1452.8075790405273,6.96150779724109
6.96150779724109,1455.8075790405273,6.96150779724109
6.362890243530153,1452.8075790405273,6.362890243530153
6.96150779724109,1452.8075790405273,6.96150779724109
6.362890243530153,1452.8075790405273,6.362890243530153
-0.6179904937745349,1452.8075790405273,-0.6179904937745349
6.96150779724109,1455.8075790405273,6.96150779724109
4.3869018433895235E-5,1455.8075790405273,4.3869018433895235E-5
6.362890243530153,1455.8075790405273,6.362890243530153
6.96150779724109,1455.8075790405273,6.96150779724109
6.362890243530153,1455.8075790405273,6.362890243530153
6.362890243530153,1452.8075790405273,6.362890243530153
4.3869018433895235E-5,1455.8075790405273,4.3869018433895235E-5
-0.6179904937745349,1452.8075790405273,-0.6179904937745349
-0.6179904937745349,1455.8075790405273,-0.6179904937745349
4.3869018433895235E-5,1455.8075790405273,4.3869018433895235E-5
-0.6179904937745349,1455.8075790405273,-0.6179904937745349
6.362890243530153,1455.8075790405273,6.362890243530153
-0.6179904937745349,1452.8075790405273,-0.6179904937745349
6.362890243530153,1452.8075790405273,6.362890243530153
-1.1755275726319567,1452.8075790405273,-1.1755275726319567
-0.6179904937745349,1452.8075790405273,-0.6179904937745349
-1.1755275726319567,1452.8075790405273,-1.1755275726319567
-0.6179904937745349,1455.8075790405273,-0.6179904937745349
6.362890243530153,1452.8075790405273,6.362890243530153
6.362890243530153,1455.8075790405273,6.362890243530153
5.896909713744996,1452.8075790405273,5.896909713744996
6.362890243530153,1452.8075790405273,6.362890243530153
5.896909713744996,1452.8075790405273,5.896909713744996
-1.1755275726319567,1452.8075790405273,-1.1755275726319567
6.362890243530153,1455.8075790405273,6.362890243530153
-0.6179904937745349,1455.8075790405273,-0.6179904937745349
5.896909713744996,1455.8075790405273,5.896909713744996
6.362890243530153,1455.8075790405273,6.362890243530153
5.896909713744996,1455.8075790405273,5.896909713744996
5.896909713744996,1452.8075790405273,5.896909713744996
-0.6179904937745349,1455.8075790405273,-0.6179904937745349
-1.1755275726319567,1452.8075790405273,-1.1755275726319567
-1.1755275726319567,1455.8075790405273,-1.1755275726319567
-0.6179904937745349,1455.8075790405273,-0.6179904937745349
-1.1755275726319567,1455.8075790405273,-1.1755275726319567
5.896909713744996,1455.8075790405273,5.896909713744996
-1.1755275726319567,1452.8075790405273,-1.1755275726319567
5.896909713744996,1452.8075790405273,5.896909713744996
-1.6179904937745349,1452.8075790405273,-1.6179904937745349
-1.1755275726319567,1452.8075790405273,-1.1755275726319567
-1.6179904937745349,1452.8075790405273,-1.6179904937745349
-1.1755275726319567,1455.8075790405273,-1.1755275726319567
-1.1755275726319567,1455.8075790405273,-1.1755275726319567
-1.6179904937745349,1452.8075790405273,-1.6179904937745349
-1.6179904937745349,1455.8075790405273,-1.6179904937745349
-1.1755275726319567,1455.8075790405273,-1.1755275726319567
-1.6179904937745349,1455.8075790405273,-1.6179904937745349
5.896909713744996,1455.8075790405273,5.896909713744996
-1.6179904937745349,1452.8075790405273,-1.6179904937745349
5.896909713744996,1452.8075790405273,5.896909713744996
-1.9020709991456286,1452.8075790405273,-1.9020709991456286
-1.6179904937745349,1452.8075790405273,-1.6179904937745349
-1.9020709991456286,1452.8075790405273,-1.9020709991456286
-1.6179904937745349,1455.8075790405273,-1.6179904937745349
-1.6179904937745349,1455.8075790405273,-1.6179904937745349
-1.9020709991456286,1452.8075790405273,-1.9020709991456286
-1.9020709991456286,1455.8075790405273,-1.9020709991456286
-1.6179904937745349,1455.8075790405273,-1.6179904937745349
-1.9020709991456286,1455.8075790405273,-1.9020709991456286
5.896909713744996,1455.8075790405273,5.896909713744996
-1.9020709991456286,1452.8075790405273,-1.9020709991456286
5.896909713744996,1452.8075790405273,5.896909713744996
-1.999956130981566,1452.8075790405273,-1.999956130981566
-1.9020709991456286,1452.8075790405273,-1.9020709991456286
-1.999956130981566,1452.8075790405273,-1.999956130981566
-1.9020709991456286,1455.8075790405273,-1.9020709991456286
-1.9020709991456286,1455.8075790405273,-1.9020709991456286
-1.999956130981566,1452.8075790405273,-1.999956130981566
-1.999956130981566,1455.8075790405273,-1.999956130981566
-1.9020709991456286,1455.8075790405273,-1.9020709991456286
-1.999956130981566,1455.8075790405273,-1.999956130981566
5.896909713744996,1455.8075790405273,5.896909713744996
5.896909713744996,1452.8075790405273,5.896909713744996
5.896909713744996,1455.8075790405273,5.896909713744996
5.601312637328981,1452.8075790405273,5.601312637328981
5.896909713744996,1452.8075790405273,5.896909713744996
5.601312637328981,1452.8075790405273,5.601312637328981
-1.999956130981566,1452.8075790405273,-1.999956130981566
5.896909713744996,1455.8075790405273,5.896909713744996
-1.999956130981566,1455.8075790405273,-1.999956130981566
5.601312637328981,1455.8075790405273,5.601312637328981
5.896909713744996,1455.8075790405273,5.896909713744996
5.601312637328981,1455.8075790405273,5.601312637328981
5.601312637328981,1452.8075790405273,5.601312637328981
5.601312637328981,1452.8075790405273,5.601312637328981
5.601312637328981,1455.8075790405273,5.601312637328981
5.500043869018434,1452.8075790405273,5.500043869018434
5.601312637328981,1452.8075790405273,5.601312637328981
5.500043869018434,1452.8075790405273,5.500043869018434
-1.999956130981566,1452.8075790405273,-1.999956130981566
5.601312637328981,1455.8075790405273,5.601312637328981
-1.999956130981566,1455.8075790405273,-1.999956130981566
5.500043869018434,1455.8075790405273,5.500043869018434
5.601312637328981,1455.8075790405273,5.601312637328981
5.500043869018434,1455.8075790405273,5.500043869018434
5.500043869018434,1452.8075790405273,5.500043869018434
-1.999956130981566,1452.8075790405273,-1.999956130981566
5.500043869018434,1452.8075790405273,5.500043869018434
-1.999956130981566,1452.8075790405273,-1.999956130981566
-1.999956130981566,1452.8075790405273,-1.999956130981566
-1.999956130981566,1452.8075790405273,-1.999956130981566
-1.999956130981566,1455.8075790405273,-1.999956130981566
5.500043869018434,1452.8075790405273,5.500043869018434
5.500043869018434,1455.8075790405273,5.500043869018434
5.601312637328981,1452.8075790405273,5.601312637328981
5.500043869018434,1452.8075790405273,5.500043869018434
5.601312637328981,1452.8075790405273,5.601312637328981
-1.999956130981566,1452.8075790405273,-1.999956130981566
5.500043869018434,1455.8075790405273,5.500043869018434
-1.999956130981566,1455.8075790405273,-1.999956130981566
5.601312637328981,1455.8075790405273,5.601312637328981
5.500043869018434,1455.8075790405273,5.500043869018434
5.601312637328981,1455.8075790405273,5.601312637328981
5.601312637328981,1452.8075790405273,5.601312637328981
5.601312637328981,1452.8075790405273,5.601312637328981
5.601312637328981,1455.8075790405273,5.601312637328981
5.896909713744996,1452.8075790405273,5.896909713744996
5.601312637328981,1452.8075790405273,5.601312637328981
5.896909713744996,1452.8075790405273,5.896909713744996
-1.999956130981566,1452.8075790405273,-1.999956130981566
-1.999956130981566,1455.8075790405273,-1.999956130981566
-1.999956130981566,1452.8075790405273,-1.999956130981566
-1.999956130981566,1455.8075790405273,-1.999956130981566
-1.999956130981566,1455.8075790405273,-1.999956130981566
-1.999956130981566,1455.8075790405273,-1.999956130981566
5.601312637328981,1455.8075790405273,5.601312637328981
5.601312637328981,1455.8075790405273,5.601312637328981
-1.999956130981566,1455.8075790405273,-1.999956130981566
5.896909713744996,1455.8075790405273,5.896909713744996
5.601312637328981,1455.8075790405273,5.601312637328981
5.896909713744996,1455.8075790405273,5.896909713744996
5.896909713744996,1452.8075790405273,5.896909713744996
5.896909713744996,1452.8075790405273,5.896909713744996
5.896909713744996,1455.8075790405273,5.896909713744996
6.362890243530153,1452.8075790405273,6.362890243530153
5.896909713744996,1452.8075790405273,5.896909713744996
6.362890243530153,1452.8075790405273,6.362890243530153
-1.999956130981566,1452.8075790405273,-1.999956130981566
5.896909713744996,1455.8075790405273,5.896909713744996
-1.999956130981566,1455.8075790405273,-1.999956130981566
6.362890243530153,1455.8075790405273,6.362890243530153
5.896909713744996,1455.8075790405273,5.896909713744996
6.362890243530153,1455.8075790405273,6.362890243530153
6.362890243530153,1452.8075790405273,6.362890243530153
6.362890243530153,1452.8075790405273,6.362890243530153
6.362890243530153,1455.8075790405273,6.362890243530153
6.96150779724109,1452.8075790405273,6.96150779724109
6.362890243530153,1452.8075790405273,6.362890243530153
6.96150779724109,1452.8075790405273,6.96150779724109
-1.999956130981566,1452.8075790405273,-1.999956130981566
6.362890243530153,1455.8075790405273,6.362890243530153
-1.999956130981566,1455.8075790405273,-1.999956130981566
6.96150779724109,1455.8075790405273,6.96150779724109
6.362890243530153,1455.8075790405273,6.362890243530153
6.96150779724109,1455.8075790405273,6.96150779724109
6.96150779724109,1452.8075790405273,6.96150779724109
6.96150779724109,1452.8075790405273,6.96150779724109
6.96150779724109,1455.8075790405273,6.96150779724109
7.644258499145387,1452.8075790405273,7.644258499145387
6.96150779724109,1452.8075790405273,6.96150779724109
7.644258499145387,1452.8075790405273,7.644258499145387
-1.999956130981566,1452.8075790405273,-1.999956130981566
6.96150779724109,1455.8075790405273,6.96150779724109
-1.999956130981566,1455.8075790405273,-1.999956130981566
7.644258499145387,1455.8075790405273,7.644258499145387
6.96150779724109,1455.8075790405273,6.96150779724109
7.644258499145387,1455.8075790405273,7.644258499145387
7.644258499145387,1452.8075790405273,7.644258499145387
7.644258499145387,1455.8075790405273,7.644258499145387
-1.999956130981566,1455.8075790405273,-1.999956130981566
8.000043869018434,1455.8075790405273,8.000043869018434
7.644258499145387,1455.8075790405273,7.644258499145387
8.000043869018434,1455.8075790405273,8.000043869018434
7.644258499145387,1452.8075790405273,7.644258499145387
8.000043869018434,1455.8075790405273,8.000043869018434
-1.999956130981566,1455.8075790405273,-1.999956130981566
8.35582923889148,1455.8075790405273,8.35582923889148
8.000043869018434,1455.8075790405273,8.000043869018434
8.35582923889148,1455.8075790405273,8.35582923889148
8.35582923889148,1452.8075790405273,8.35582923889148
8.000043869018434,1455.8075790405273,8.000043869018434
8.35582923889148,1452.8075790405273,8.35582923889148
7.644258499145387,1452.8075790405273,7.644258499145387
8.35582923889148,1452.8075790405273,8.35582923889148
18.00004386901844,1452.8075790405273,18.00004386901844
7.644258499145387,1452.8075790405273,7.644258499145387
7.644258499145387,1452.8075790405273,7.644258499145387
18.00004386901844,1452.8075790405273,18.00004386901844
-1.999956130981566,1452.8075790405273,-1.999956130981566
8.35582923889148,1455.8075790405273,8.35582923889148
-1.999956130981566,1455.8075790405273,-1.999956130981566
18.00004386901844,1455.8075790405273,18.00004386901844
-1.999956130981566,1455.8075790405273,-1.999956130981566
-1.999956130981566,1452.8075790405273,-1.999956130981566
18.00004386901844,1455.8075790405273,18.00004386901844
-1.999956130981566,1452.8075790405273,-1.999956130981566
18.00004386901844,1452.8075790405273,18.00004386901844
18.00004386901844,1455.8075790405273,18.00004386901844
