280.2994384765625,1179.2708740234375, 370.0
280.2994384765625,1179.0765652656555, 368.2754627466202
280.2994384765625,1171.5208740234375, 370.0
280.2994384765625,1179.2708740234375, 370.0
280.2994384765625,1171.5208740234375, 370.0
280.2994384765625,1179.2492036819458, 370.5791582465172
280.2994384765625,1179.2708740234375, 370.0
280.2994384765625,1179.2492036819458, 370.5791582465172
286.2994384765625,1179.2492036819458, 370.5791582465172
280.2994384765625,1179.2708740234375, 370.0
286.2994384765625,1179.2492036819458, 370.5791582465172
286.2994384765625,1179.2492036819458, 369.4208417534828
280.2994384765625,1179.2708740234375, 370.0
286.2994384765625,1179.2492036819458, 369.4208417534828
280.2994384765625,1179.0765652656555, 368.2754627466202
280.2994384765625,1179.2492036819458, 370.5791582465172
280.2994384765625,1171.5208740234375, 370.0
280.2994384765625,1178.7351455688477, 372.83139300346375
280.2994384765625,1179.2492036819458, 370.5791582465172
280.2994384765625,1178.7351455688477, 372.83139300346375
286.2994384765625,1179.0765652656555, 371.7245372533798
280.2994384765625,1179.2492036819458, 370.5791582465172
286.2994384765625,1179.0765652656555, 371.7245372533798
286.2994384765625,1179.2492036819458, 370.5791582465172
286.2994384765625,1179.2492036819458, 370.5791582465172
286.2994384765625,1179.0765652656555, 371.7245372533798
286.7994384765625,1179.1156034469604, 370.5691462755203
286.2994384765625,1179.2492036819458, 370.5791582465172
286.7994384765625,1179.1156034469604, 370.5691462755203
286.7994384765625,1179.1156034469604, 369.4308537244797
286.2994384765625,1179.2492036819458, 370.5791582465172
286.7994384765625,1179.1156034469604, 369.4308537244797
286.2994384765625,1179.2492036819458, 369.4208417534828
286.2994384765625,1179.0765652656555, 371.7245372533798
280.2994384765625,1178.7351455688477, 372.83139300346375
286.2994384765625,1178.7351455688477, 372.83139300346375
286.2994384765625,1179.0765652656555, 371.7245372533798
286.2994384765625,1178.7351455688477, 372.83139300346375
286.7994384765625,1178.9459495544434, 371.6947250366211
286.2994384765625,1179.0765652656555, 371.7245372533798
286.7994384765625,1178.9459495544434, 371.6947250366211
286.7994384765625,1179.1156034469604, 370.5691462755203
286.2994384765625,1178.7351455688477, 372.83139300346375
280.2994384765625,1178.7351455688477, 372.83139300346375
286.2994384765625,1178.2325711250305, 373.875
286.2994384765625,1178.7351455688477, 372.83139300346375
286.2994384765625,1178.2325711250305, 373.875
286.7994384765625,1178.6104321479797, 372.7824466228485
286.2994384765625,1178.7351455688477, 372.83139300346375
286.7994384765625,1178.6104321479797, 372.7824466228485
286.7994384765625,1178.9459495544434, 371.6947250366211
280.2994384765625,1178.7351455688477, 372.83139300346375
280.2994384765625,1171.5208740234375, 370.0
280.2994384765625,1177.5800681114197, 374.8320460319519
280.2994384765625,1178.7351455688477, 372.83139300346375
280.2994384765625,1177.5800681114197, 374.8320460319519
286.2994384765625,1178.2325711250305, 373.875
286.2994384765625,1178.2325711250305, 373.875
280.2994384765625,1177.5800681114197, 374.8320460319519
286.2994384765625,1177.5800681114197, 374.8320460319519
286.2994384765625,1178.2325711250305, 373.875
286.2994384765625,1177.5800681114197, 374.8320460319519
286.7994384765625,1178.116545677185, 373.80801272392273
286.2994384765625,1178.2325711250305, 373.875
286.7994384765625,1178.116545677185, 373.80801272392273
286.7994384765625,1178.6104321479797, 372.7824466228485
286.2994384765625,1177.5800681114197, 374.8320460319519
280.2994384765625,1177.5800681114197, 374.8320460319519
286.2994384765625,1176.7922129631042, 375.68115186691284
286.2994384765625,1177.5800681114197, 374.8320460319519
286.2994384765625,1176.7922129631042, 375.68115186691284
286.7994384765625,1177.4753222465515, 374.74851417541504
286.2994384765625,1177.5800681114197, 374.8320460319519
286.7994384765625,1177.4753222465515, 374.74851417541504
286.7994384765625,1178.116545677185, 373.80801272392273
280.2994384765625,1177.5800681114197, 374.8320460319519
280.2994384765625,1171.5208740234375, 370.0
280.2994384765625,1175.886604309082, 376.40335035324097
280.2994384765625,1177.5800681114197, 374.8320460319519
280.2994384765625,1175.886604309082, 376.40335035324097
286.2994384765625,1176.7922129631042, 375.68115186691284
286.2994384765625,1176.7922129631042, 375.68115186691284
280.2994384765625,1175.886604309082, 376.40335035324097
286.2994384765625,1175.886604309082, 376.40335035324097
286.2994384765625,1176.7922129631042, 375.68115186691284
286.2994384765625,1175.886604309082, 376.40335035324097
286.7994384765625,1176.7010869979858, 375.582941532135
286.2994384765625,1176.7922129631042, 375.68115186691284
286.7994384765625,1176.7010869979858, 375.582941532135
286.7994384765625,1177.4753222465515, 374.74851417541504
286.2994384765625,1175.886604309082, 376.40335035324097
280.2994384765625,1175.886604309082, 376.40335035324097
286.2994384765625,1174.883472919464, 376.9825086593628
286.2994384765625,1175.886604309082, 376.40335035324097
286.2994384765625,1174.883472919464, 376.9825086593628
286.7994384765625,1175.8111338615417, 376.29265546798706
286.2994384765625,1175.886604309082, 376.40335035324097
286.7994384765625,1175.8111338615417, 376.29265546798706
286.7994384765625,1176.7010869979858, 375.582941532135
280.2994384765625,1175.886604309082, 376.40335035324097
280.2994384765625,1171.5208740234375, 370.0
280.2994384765625,1173.8052265644073, 377.40568923950195
280.2994384765625,1175.886604309082, 376.40335035324097
280.2994384765625,1173.8052265644073, 377.40568923950195
286.2994384765625,1174.883472919464, 376.9825086593628
286.2994384765625,1174.883472919464, 376.9825086593628
280.2994384765625,1173.8052265644073, 377.40568923950195
286.2994384765625,1173.8052265644073, 377.40568923950195
286.2994384765625,1174.883472919464, 376.9825086593628
286.2994384765625,1173.8052265644073, 377.40568923950195
286.7994384765625,1174.8253436088562, 376.8618016242981
286.2994384765625,1174.883472919464, 376.9825086593628
286.7994384765625,1174.8253436088562, 376.8618016242981
286.7994384765625,1175.8111338615417, 376.29265546798706
286.2994384765625,1173.8052265644073, 377.40568923950195
280.2994384765625,1173.8052265644073, 377.40568923950195
286.2994384765625,1172.6759516000748, 377.66343879699707
286.2994384765625,1173.8052265644073, 377.40568923950195
286.2994384765625,1172.6759516000748, 377.66343879699707
286.7994384765625,1173.7657368183136, 377.2776665687561
286.2994384765625,1173.8052265644073, 377.40568923950195
286.7994384765625,1173.7657368183136, 377.2776665687561
286.7994384765625,1174.8253436088562, 376.8618016242981
280.2994384765625,1173.8052265644073, 377.40568923950195
280.2994384765625,1171.5208740234375, 370.0
280.2994384765625,1171.5208740234375, 377.75
280.2994384765625,1173.8052265644073, 377.40568923950195
280.2994384765625,1171.5208740234375, 377.75
286.2994384765625,1172.6759516000748, 377.66343879699707
286.2994384765625,1172.6759516000748, 377.66343879699707
280.2994384765625,1171.5208740234375, 377.75
286.2994384765625,1171.5208740234375, 377.75
286.2994384765625,1172.6759516000748, 377.66343879699707
286.2994384765625,1171.5208740234375, 377.75
286.7994384765625,1172.6559836864471, 377.53096055984497
286.2994384765625,1172.6759516000748, 377.66343879699707
286.7994384765625,1172.6559836864471, 377.53096055984497
286.7994384765625,1173.7657368183136, 377.2776665687561
286.2994384765625,1171.5208740234375, 377.75
280.2994384765625,1171.5208740234375, 377.75
286.2994384765625,1170.3657964468002, 377.66343879699707
286.2994384765625,1171.5208740234375, 377.75
286.2994384765625,1170.3657964468002, 377.66343879699707
286.7994384765625,1171.5208740234375, 377.61602544784546
286.2994384765625,1171.5208740234375, 377.75
286.7994384765625,1171.5208740234375, 377.61602544784546
286.7994384765625,1172.6559836864471, 377.53096055984497
280.2994384765625,1171.5208740234375, 377.75
280.2994384765625,1171.5208740234375, 370.0
280.2994384765625,1169.2365214824677, 377.40568923950195
280.2994384765625,1171.5208740234375, 377.75
280.2994384765625,1169.2365214824677, 377.40568923950195
286.2994384765625,1170.3657964468002, 377.66343879699707
286.2994384765625,1170.3657964468002, 377.66343879699707
280.2994384765625,1169.2365214824677, 377.40568923950195
286.2994384765625,1169.2365214824677, 377.40568923950195
286.2994384765625,1170.3657964468002, 377.66343879699707
286.2994384765625,1169.2365214824677, 377.40568923950195
286.7994384765625,1170.3857643604279, 377.53096055984497
286.2994384765625,1170.3657964468002, 377.66343879699707
286.7994384765625,1170.3857643604279, 377.53096055984497
286.7994384765625,1171.5208740234375, 377.61602544784546
286.2994384765625,1169.2365214824677, 377.40568923950195
280.2994384765625,1169.2365214824677, 377.40568923950195
286.2994384765625,1168.158275127411, 376.9825086593628
286.2994384765625,1169.2365214824677, 377.40568923950195
286.2994384765625,1168.158275127411, 376.9825086593628
286.7994384765625,1169.2760112285614, 377.2776665687561
286.2994384765625,1169.2365214824677, 377.40568923950195
286.7994384765625,1169.2760112285614, 377.2776665687561
286.7994384765625,1170.3857643604279, 377.53096055984497
280.2994384765625,1169.2365214824677, 377.40568923950195
280.2994384765625,1171.5208740234375, 370.0
280.2994384765625,1167.155143737793, 376.40335035324097
280.2994384765625,1169.2365214824677, 377.40568923950195
280.2994384765625,1167.155143737793, 376.40335035324097
286.2994384765625,1168.158275127411, 376.9825086593628
286.2994384765625,1168.158275127411, 376.9825086593628
280.2994384765625,1167.155143737793, 376.40335035324097
286.2994384765625,1167.155143737793, 376.40335035324097
286.2994384765625,1168.158275127411, 376.9825086593628
286.2994384765625,1167.155143737793, 376.40335035324097
286.7994384765625,1168.2164044380188, 376.8618016242981
286.2994384765625,1168.158275127411, 376.9825086593628
286.7994384765625,1168.2164044380188, 376.8618016242981
286.7994384765625,1169.2760112285614, 377.2776665687561
286.2994384765625,1167.155143737793, 376.40335035324097
280.2994384765625,1167.155143737793, 376.40335035324097
286.2994384765625,1166.2495350837708, 375.68115186691284
286.2994384765625,1167.155143737793, 376.40335035324097
286.2994384765625,1166.2495350837708, 375.68115186691284
286.7994384765625,1167.2306141853333, 376.29265546798706
286.2994384765625,1167.155143737793, 376.40335035324097
286.7994384765625,1167.2306141853333, 376.29265546798706
286.7994384765625,1168.2164044380188, 376.8618016242981
280.2994384765625,1167.155143737793, 376.40335035324097
280.2994384765625,1171.5208740234375, 370.0
280.2994384765625,1165.4616799354553, 374.8320460319519
280.2994384765625,1167.155143737793, 376.40335035324097
280.2994384765625,1165.4616799354553, 374.8320460319519
286.2994384765625,1166.2495350837708, 375.68115186691284
286.2994384765625,1166.2495350837708, 375.68115186691284
280.2994384765625,1165.4616799354553, 374.8320460319519
286.2994384765625,1165.4616799354553, 374.8320460319519
286.2994384765625,1166.2495350837708, 375.68115186691284
286.2994384765625,1165.4616799354553, 374.8320460319519
286.7994384765625,1166.3406610488892, 375.582941532135
286.2994384765625,1166.2495350837708, 375.68115186691284
286.7994384765625,1166.3406610488892, 375.582941532135
286.7994384765625,1167.2306141853333, 376.29265546798706
286.2994384765625,1165.4616799354553, 374.8320460319519
280.2994384765625,1165.4616799354553, 374.8320460319519
286.2994384765625,1164.8091769218445, 373.875
286.2994384765625,1165.4616799354553, 374.8320460319519
286.2994384765625,1164.8091769218445, 373.875
286.7994384765625,1165.5664258003235, 374.74851417541504
286.2994384765625,1165.4616799354553, 374.8320460319519
286.7994384765625,1165.5664258003235, 374.74851417541504
286.7994384765625,1166.3406610488892, 375.582941532135
280.2994384765625,1165.4616799354553, 374.8320460319519
280.2994384765625,1171.5208740234375, 370.0
280.2994384765625,1164.3066024780273, 372.83139300346375
280.2994384765625,1165.4616799354553, 374.8320460319519
280.2994384765625,1164.3066024780273, 372.83139300346375
286.2994384765625,1164.8091769218445, 373.875
286.2994384765625,1164.8091769218445, 373.875
280.2994384765625,1164.3066024780273, 372.83139300346375
286.2994384765625,1164.3066024780273, 372.83139300346375
286.2994384765625,1164.8091769218445, 373.875
286.2994384765625,1164.3066024780273, 372.83139300346375
286.7994384765625,1164.92520236969, 373.80801272392273
286.2994384765625,1164.8091769218445, 373.875
286.7994384765625,1164.92520236969, 373.80801272392273
286.7994384765625,1165.5664258003235, 374.74851417541504
286.2994384765625,1164.3066024780273, 372.83139300346375
280.2994384765625,1164.3066024780273, 372.83139300346375
286.2994384765625,1163.9651827812195, 371.7245372533798
286.2994384765625,1164.3066024780273, 372.83139300346375
286.2994384765625,1163.9651827812195, 371.7245372533798
286.7994384765625,1164.4313158988953, 372.7824466228485
286.2994384765625,1164.3066024780273, 372.83139300346375
286.7994384765625,1164.4313158988953, 372.7824466228485
286.7994384765625,1164.92520236969, 373.80801272392273
280.2994384765625,1164.3066024780273, 372.83139300346375
280.2994384765625,1171.5208740234375, 370.0
280.2994384765625,1163.7925443649292, 370.5791582465172
280.2994384765625,1164.3066024780273, 372.83139300346375
280.2994384765625,1163.7925443649292, 370.5791582465172
286.2994384765625,1163.9651827812195, 371.7245372533798
286.2994384765625,1163.9651827812195, 371.7245372533798
280.2994384765625,1163.7925443649292, 370.5791582465172
286.2994384765625,1163.7925443649292, 370.5791582465172
286.2994384765625,1163.9651827812195, 371.7245372533798
286.2994384765625,1163.7925443649292, 370.5791582465172
286.7994384765625,1164.0957984924316, 371.6947250366211
286.2994384765625,1163.9651827812195, 371.7245372533798
286.7994384765625,1164.0957984924316, 371.6947250366211
286.7994384765625,1164.4313158988953, 372.7824466228485
286.2994384765625,1163.7925443649292, 370.5791582465172
280.2994384765625,1163.7925443649292, 370.5791582465172
286.2994384765625,1163.7925443649292, 369.4208417534828
286.2994384765625,1163.7925443649292, 370.5791582465172
286.2994384765625,1163.7925443649292, 369.4208417534828
286.7994384765625,1163.9261445999146, 370.5691462755203
286.2994384765625,1163.7925443649292, 370.5791582465172
286.7994384765625,1163.9261445999146, 370.5691462755203
286.7994384765625,1164.0957984924316, 371.6947250366211
280.2994384765625,1163.7925443649292, 370.5791582465172
280.2994384765625,1171.5208740234375, 370.0
280.2994384765625,1163.9651827812195, 368.2754627466202
280.2994384765625,1163.7925443649292, 370.5791582465172
280.2994384765625,1163.9651827812195, 368.2754627466202
286.2994384765625,1163.7925443649292, 369.4208417534828
286.2994384765625,1163.7925443649292, 369.4208417534828
280.2994384765625,1163.9651827812195, 368.2754627466202
286.2994384765625,1163.9651827812195, 368.2754627466202
286.2994384765625,1163.7925443649292, 369.4208417534828
286.2994384765625,1163.9651827812195, 368.2754627466202
286.7994384765625,1163.9261445999146, 369.4308537244797
286.2994384765625,1163.7925443649292, 369.4208417534828
286.7994384765625,1163.9261445999146, 369.4308537244797
286.7994384765625,1163.9261445999146, 370.5691462755203
286.2994384765625,1163.9651827812195, 368.2754627466202
280.2994384765625,1163.9651827812195, 368.2754627466202
286.2994384765625,1164.3066024780273, 367.16860699653625
286.2994384765625,1163.9651827812195, 368.2754627466202
286.2994384765625,1164.3066024780273, 367.16860699653625
286.7994384765625,1164.0957984924316, 368.3052749633789
286.2994384765625,1163.9651827812195, 368.2754627466202
286.7994384765625,1164.0957984924316, 368.3052749633789
286.7994384765625,1163.9261445999146, 369.4308537244797
280.2994384765625,1163.9651827812195, 368.2754627466202
280.2994384765625,1171.5208740234375, 370.0
280.2994384765625,1164.8091769218445, 366.125
280.2994384765625,1163.9651827812195, 368.2754627466202
280.2994384765625,1164.8091769218445, 366.125
286.2994384765625,1164.3066024780273, 367.16860699653625
286.2994384765625,1164.3066024780273, 367.16860699653625
280.2994384765625,1164.8091769218445, 366.125
286.2994384765625,1164.8091769218445, 366.125
286.2994384765625,1164.3066024780273, 367.16860699653625
286.2994384765625,1164.8091769218445, 366.125
286.7994384765625,1164.4313158988953, 367.2175533771515
286.2994384765625,1164.3066024780273, 367.16860699653625
286.7994384765625,1164.4313158988953, 367.2175533771515
286.7994384765625,1164.0957984924316, 368.3052749633789
286.2994384765625,1164.8091769218445, 366.125
280.2994384765625,1164.8091769218445, 366.125
286.2994384765625,1165.4616799354553, 365.1679539680481
286.2994384765625,1164.8091769218445, 366.125
286.2994384765625,1165.4616799354553, 365.1679539680481
286.7994384765625,1164.92520236969, 366.19198727607727
286.2994384765625,1164.8091769218445, 366.125
286.7994384765625,1164.92520236969, 366.19198727607727
286.7994384765625,1164.4313158988953, 367.2175533771515
280.2994384765625,1164.8091769218445, 366.125
280.2994384765625,1171.5208740234375, 370.0
280.2994384765625,1166.2495350837708, 364.31884813308716
280.2994384765625,1164.8091769218445, 366.125
280.2994384765625,1166.2495350837708, 364.31884813308716
286.2994384765625,1165.4616799354553, 365.1679539680481
286.2994384765625,1165.4616799354553, 365.1679539680481
280.2994384765625,1166.2495350837708, 364.31884813308716
286.2994384765625,1166.2495350837708, 364.31884813308716
286.2994384765625,1165.4616799354553, 365.1679539680481
286.2994384765625,1166.2495350837708, 364.31884813308716
286.7994384765625,1165.5664258003235, 365.25148582458496
286.2994384765625,1165.4616799354553, 365.1679539680481
286.7994384765625,1165.5664258003235, 365.25148582458496
286.7994384765625,1164.92520236969, 366.19198727607727
286.2994384765625,1166.2495350837708, 364.31884813308716
280.2994384765625,1166.2495350837708, 364.31884813308716
286.2994384765625,1167.155143737793, 363.59664964675903
286.2994384765625,1166.2495350837708, 364.31884813308716
286.2994384765625,1167.155143737793, 363.59664964675903
286.7994384765625,1166.3406610488892, 364.417058467865
286.2994384765625,1166.2495350837708, 364.31884813308716
286.7994384765625,1166.3406610488892, 364.417058467865
286.7994384765625,1165.5664258003235, 365.25148582458496
280.2994384765625,1166.2495350837708, 364.31884813308716
280.2994384765625,1171.5208740234375, 370.0
280.2994384765625,1168.158275127411, 363.0174913406372
280.2994384765625,1166.2495350837708, 364.31884813308716
280.2994384765625,1168.158275127411, 363.0174913406372
286.2994384765625,1167.155143737793, 363.59664964675903
286.2994384765625,1167.155143737793, 363.59664964675903
280.2994384765625,1168.158275127411, 363.0174913406372
286.2994384765625,1168.158275127411, 363.0174913406372
286.2994384765625,1167.155143737793, 363.59664964675903
286.2994384765625,1168.158275127411, 363.0174913406372
286.7994384765625,1167.2306141853333, 363.70734453201294
286.2994384765625,1167.155143737793, 363.59664964675903
286.7994384765625,1167.2306141853333, 363.70734453201294
286.7994384765625,1166.3406610488892, 364.417058467865
286.2994384765625,1168.158275127411, 363.0174913406372
280.2994384765625,1168.158275127411, 363.0174913406372
286.2994384765625,1169.2365214824677, 362.59431076049805
286.2994384765625,1168.158275127411, 363.0174913406372
286.2994384765625,1169.2365214824677, 362.59431076049805
286.7994384765625,1168.2164044380188, 363.1381983757019
286.2994384765625,1168.158275127411, 363.0174913406372
286.7994384765625,1168.2164044380188, 363.1381983757019
286.7994384765625,1167.2306141853333, 363.70734453201294
280.2994384765625,1168.158275127411, 363.0174913406372
280.2994384765625,1171.5208740234375, 370.0
280.2994384765625,1170.3657964468002, 362.33656120300293
280.2994384765625,1168.158275127411, 363.0174913406372
280.2994384765625,1170.3657964468002, 362.33656120300293
286.2994384765625,1169.2365214824677, 362.59431076049805
286.2994384765625,1169.2365214824677, 362.59431076049805
280.2994384765625,1170.3657964468002, 362.33656120300293
286.2994384765625,1170.3657964468002, 362.33656120300293
286.2994384765625,1169.2365214824677, 362.59431076049805
286.2994384765625,1170.3657964468002, 362.33656120300293
286.7994384765625,1169.2760112285614, 362.7223334312439
286.2994384765625,1169.2365214824677, 362.59431076049805
286.7994384765625,1169.2760112285614, 362.7223334312439
286.7994384765625,1168.2164044380188, 363.1381983757019
286.2994384765625,1170.3657964468002, 362.33656120300293
280.2994384765625,1170.3657964468002, 362.33656120300293
286.2994384765625,1171.5208740234375, 362.25
286.2994384765625,1170.3657964468002, 362.33656120300293
286.2994384765625,1171.5208740234375, 362.25
286.7994384765625,1170.3857643604279, 362.46903944015503
286.2994384765625,1170.3657964468002, 362.33656120300293
286.7994384765625,1170.3857643604279, 362.46903944015503
286.7994384765625,1169.2760112285614, 362.7223334312439
280.2994384765625,1170.3657964468002, 362.33656120300293
280.2994384765625,1171.5208740234375, 370.0
280.2994384765625,1172.6759516000748, 362.33656120300293
280.2994384765625,1170.3657964468002, 362.33656120300293
280.2994384765625,1172.6759516000748, 362.33656120300293
286.2994384765625,1171.5208740234375, 362.25
286.2994384765625,1171.5208740234375, 362.25
280.2994384765625,1172.6759516000748, 362.33656120300293
286.2994384765625,1172.6759516000748, 362.33656120300293
286.2994384765625,1171.5208740234375, 362.25
286.2994384765625,1172.6759516000748, 362.33656120300293
286.7994384765625,1171.5208740234375, 362.38397455215454
286.2994384765625,1171.5208740234375, 362.25
286.7994384765625,1171.5208740234375, 362.38397455215454
286.7994384765625,1170.3857643604279, 362.46903944015503
286.2994384765625,1172.6759516000748, 362.33656120300293
280.2994384765625,1172.6759516000748, 362.33656120300293
286.2994384765625,1173.8052265644073, 362.59431076049805
286.2994384765625,1172.6759516000748, 362.33656120300293
286.2994384765625,1173.8052265644073, 362.59431076049805
286.7994384765625,1172.6559836864471, 362.46903944015503
286.2994384765625,1172.6759516000748, 362.33656120300293
286.7994384765625,1172.6559836864471, 362.46903944015503
286.7994384765625,1171.5208740234375, 362.38397455215454
280.2994384765625,1172.6759516000748, 362.33656120300293
280.2994384765625,1171.5208740234375, 370.0
280.2994384765625,1174.883472919464, 363.0174913406372
280.2994384765625,1172.6759516000748, 362.33656120300293
280.2994384765625,1174.883472919464, 363.0174913406372
286.2994384765625,1173.8052265644073, 362.59431076049805
286.2994384765625,1173.8052265644073, 362.59431076049805
280.2994384765625,1174.883472919464, 363.0174913406372
286.2994384765625,1174.883472919464, 363.0174913406372
286.2994384765625,1173.8052265644073, 362.59431076049805
286.2994384765625,1174.883472919464, 363.0174913406372
286.7994384765625,1173.7657368183136, 362.7223334312439
286.2994384765625,1173.8052265644073, 362.59431076049805
286.7994384765625,1173.7657368183136, 362.7223334312439
286.7994384765625,1172.6559836864471, 362.46903944015503
286.2994384765625,1174.883472919464, 363.0174913406372
280.2994384765625,1174.883472919464, 363.0174913406372
286.2994384765625,1175.886604309082, 363.59664964675903
286.2994384765625,1174.883472919464, 363.0174913406372
286.2994384765625,1175.886604309082, 363.59664964675903
286.7994384765625,1174.8253436088562, 363.1381983757019
286.2994384765625,1174.883472919464, 363.0174913406372
286.7994384765625,1174.8253436088562, 363.1381983757019
286.7994384765625,1173.7657368183136, 362.7223334312439
280.2994384765625,1174.883472919464, 363.0174913406372
280.2994384765625,1171.5208740234375, 370.0
280.2994384765625,1176.7922129631042, 364.31884813308716
280.2994384765625,1174.883472919464, 363.0174913406372
280.2994384765625,1176.7922129631042, 364.31884813308716
286.2994384765625,1175.886604309082, 363.59664964675903
286.2994384765625,1175.886604309082, 363.59664964675903
280.2994384765625,1176.7922129631042, 364.31884813308716
286.2994384765625,1176.7922129631042, 364.31884813308716
286.2994384765625,1175.886604309082, 363.59664964675903
286.2994384765625,1176.7922129631042, 364.31884813308716
286.7994384765625,1175.8111338615417, 363.70734453201294
286.2994384765625,1175.886604309082, 363.59664964675903
286.7994384765625,1175.8111338615417, 363.70734453201294
286.7994384765625,1174.8253436088562, 363.1381983757019
286.2994384765625,1176.7922129631042, 364.31884813308716
280.2994384765625,1176.7922129631042, 364.31884813308716
286.2994384765625,1177.5800681114197, 365.1679539680481
286.2994384765625,1176.7922129631042, 364.31884813308716
286.2994384765625,1177.5800681114197, 365.1679539680481
286.7994384765625,1176.7010869979858, 364.417058467865
286.2994384765625,1176.7922129631042, 364.31884813308716
286.7994384765625,1176.7010869979858, 364.417058467865
286.7994384765625,1175.8111338615417, 363.70734453201294
280.2994384765625,1176.7922129631042, 364.31884813308716
280.2994384765625,1171.5208740234375, 370.0
280.2994384765625,1178.2325711250305, 366.125
280.2994384765625,1176.7922129631042, 364.31884813308716
280.2994384765625,1178.2325711250305, 366.125
286.2994384765625,1177.5800681114197, 365.1679539680481
286.2994384765625,1177.5800681114197, 365.1679539680481
280.2994384765625,1178.2325711250305, 366.125
286.2994384765625,1178.2325711250305, 366.125
286.2994384765625,1177.5800681114197, 365.1679539680481
286.2994384765625,1178.2325711250305, 366.125
286.7994384765625,1177.4753222465515, 365.25148582458496
286.2994384765625,1177.5800681114197, 365.1679539680481
286.7994384765625,1177.4753222465515, 365.25148582458496
286.7994384765625,1176.7010869979858, 364.417058467865
286.2994384765625,1178.2325711250305, 366.125
280.2994384765625,1178.2325711250305, 366.125
286.2994384765625,1178.7351455688477, 367.16860699653625
286.2994384765625,1178.2325711250305, 366.125
286.2994384765625,1178.7351455688477, 367.16860699653625
286.7994384765625,1178.116545677185, 366.19198727607727
286.2994384765625,1178.2325711250305, 366.125
286.7994384765625,1178.116545677185, 366.19198727607727
286.7994384765625,1177.4753222465515, 365.25148582458496
280.2994384765625,1178.2325711250305, 366.125
280.2994384765625,1171.5208740234375, 370.0
280.2994384765625,1179.0765652656555, 368.2754627466202
280.2994384765625,1178.2325711250305, 366.125
280.2994384765625,1179.0765652656555, 368.2754627466202
286.2994384765625,1178.7351455688477, 367.16860699653625
286.2994384765625,1178.7351455688477, 367.16860699653625
280.2994384765625,1179.0765652656555, 368.2754627466202
286.2994384765625,1179.0765652656555, 368.2754627466202
286.2994384765625,1178.7351455688477, 367.16860699653625
286.2994384765625,1179.0765652656555, 368.2754627466202
286.7994384765625,1178.6104321479797, 367.2175533771515
286.2994384765625,1178.7351455688477, 367.16860699653625
286.7994384765625,1178.6104321479797, 367.2175533771515
286.7994384765625,1178.116545677185, 366.19198727607727
286.2994384765625,1179.0765652656555, 368.2754627466202
280.2994384765625,1179.0765652656555, 368.2754627466202
286.2994384765625,1179.2492036819458, 369.4208417534828
286.2994384765625,1179.0765652656555, 368.2754627466202
286.2994384765625,1179.2492036819458, 369.4208417534828
286.7994384765625,1178.9459495544434, 368.3052749633789
286.2994384765625,1179.0765652656555, 368.2754627466202
286.7994384765625,1178.9459495544434, 368.3052749633789
286.7994384765625,1178.6104321479797, 367.2175533771515
286.7994384765625,1178.6104321479797, 367.2175533771515
286.7994384765625,1178.9459495544434, 368.3052749633789
287.16546392440796,1178.2697086334229, 367.351277589798
286.7994384765625,1178.6104321479797, 367.2175533771515
287.16546392440796,1178.2697086334229, 367.351277589798
287.16546392440796,1177.7995581626892, 366.375
286.7994384765625,1178.6104321479797, 367.2175533771515
287.16546392440796,1177.7995581626892, 366.375
286.7994384765625,1178.116545677185, 366.19198727607727
286.7994384765625,1178.116545677185, 366.19198727607727
287.16546392440796,1177.7995581626892, 366.375
287.16546392440796,1177.1891522407532, 365.47969913482666
286.7994384765625,1178.116545677185, 366.19198727607727
287.16546392440796,1177.1891522407532, 365.47969913482666
286.7994384765625,1177.4753222465515, 365.25148582458496
286.7994384765625,1177.4753222465515, 365.25148582458496
287.16546392440796,1177.1891522407532, 365.47969913482666
287.16546392440796,1176.4521265029907, 364.6853737831116
286.7994384765625,1177.4753222465515, 365.25148582458496
287.16546392440796,1176.4521265029907, 364.6853737831116
286.7994384765625,1176.7010869979858, 364.417058467865
286.7994384765625,1176.7010869979858, 364.417058467865
287.16546392440796,1176.4521265029907, 364.6853737831116
287.16546392440796,1175.604944229126, 364.0097689628601
286.7994384765625,1176.7010869979858, 364.417058467865
287.16546392440796,1175.604944229126, 364.0097689628601
286.7994384765625,1175.8111338615417, 363.70734453201294
286.7994384765625,1175.8111338615417, 363.70734453201294
287.16546392440796,1175.604944229126, 364.0097689628601
287.16546392440796,1174.666531085968, 363.4679756164551
286.7994384765625,1175.8111338615417, 363.70734453201294
287.16546392440796,1174.666531085968, 363.4679756164551
286.7994384765625,1174.8253436088562, 363.1381983757019
286.7994384765625,1174.8253436088562, 363.1381983757019
287.16546392440796,1174.666531085968, 363.4679756164551
287.16546392440796,1173.65784907341, 363.07209730148315
286.7994384765625,1174.8253436088562, 363.1381983757019
287.16546392440796,1173.65784907341, 363.07209730148315
286.7994384765625,1173.7657368183136, 362.7223334312439
286.7994384765625,1173.7657368183136, 362.7223334312439
287.16546392440796,1173.65784907341, 363.07209730148315
287.16546392440796,1172.6014304161072, 362.83097648620605
286.7994384765625,1173.7657368183136, 362.7223334312439
287.16546392440796,1172.6014304161072, 362.83097648620605
286.7994384765625,1172.6559836864471, 362.46903944015503
286.7994384765625,1172.6559836864471, 362.46903944015503
287.16546392440796,1172.6014304161072, 362.83097648620605
287.16546392440796,1171.5208740234375, 362.75
286.7994384765625,1172.6559836864471, 362.46903944015503
287.16546392440796,1171.5208740234375, 362.75
286.7994384765625,1171.5208740234375, 362.38397455215454
286.7994384765625,1171.5208740234375, 362.38397455215454
287.16546392440796,1171.5208740234375, 362.75
287.16546392440796,1170.4403176307678, 362.83097648620605
286.7994384765625,1171.5208740234375, 362.38397455215454
287.16546392440796,1170.4403176307678, 362.83097648620605
286.7994384765625,1170.3857643604279, 362.46903944015503
286.7994384765625,1170.3857643604279, 362.46903944015503
287.16546392440796,1170.4403176307678, 362.83097648620605
287.16546392440796,1169.383898973465, 363.07209730148315
286.7994384765625,1170.3857643604279, 362.46903944015503
287.16546392440796,1169.383898973465, 363.07209730148315
286.7994384765625,1169.2760112285614, 362.7223334312439
286.7994384765625,1169.2760112285614, 362.7223334312439
287.16546392440796,1169.383898973465, 363.07209730148315
287.16546392440796,1168.375216960907, 363.4679756164551
286.7994384765625,1169.2760112285614, 362.7223334312439
287.16546392440796,1168.375216960907, 363.4679756164551
286.7994384765625,1168.2164044380188, 363.1381983757019
286.7994384765625,1168.2164044380188, 363.1381983757019
287.16546392440796,1168.375216960907, 363.4679756164551
287.16546392440796,1167.436803817749, 364.0097689628601
286.7994384765625,1168.2164044380188, 363.1381983757019
287.16546392440796,1167.436803817749, 364.0097689628601
286.7994384765625,1167.2306141853333, 363.70734453201294
286.7994384765625,1167.2306141853333, 363.70734453201294
287.16546392440796,1167.436803817749, 364.0097689628601
287.16546392440796,1166.5896215438843, 364.6853737831116
286.7994384765625,1167.2306141853333, 363.70734453201294
287.16546392440796,1166.5896215438843, 364.6853737831116
286.7994384765625,1166.3406610488892, 364.417058467865
286.7994384765625,1166.3406610488892, 364.417058467865
287.16546392440796,1166.5896215438843, 364.6853737831116
287.16546392440796,1165.8525958061218, 365.47969913482666
286.7994384765625,1166.3406610488892, 364.417058467865
287.16546392440796,1165.8525958061218, 365.47969913482666
286.7994384765625,1165.5664258003235, 365.25148582458496
287.16546392440796,1166.5896215438843, 364.6853737831116
287.16546392440796,1167.436803817749, 364.0097689628601
287.2994384765625,1166.9297080039978, 365.05189990997314
287.16546392440796,1166.5896215438843, 364.6853737831116
287.2994384765625,1166.9297080039978, 365.05189990997314
287.2994384765625,1166.2435116767883, 365.79144382476807
287.16546392440796,1166.5896215438843, 364.6853737831116
287.2994384765625,1166.2435116767883, 365.79144382476807
287.16546392440796,1165.8525958061218, 365.47969913482666
287.16546392440796,1167.436803817749, 364.0097689628601
287.16546392440796,1168.375216960907, 363.4679756164551
287.2994384765625,1167.7184636592865, 364.4228882789612
287.16546392440796,1167.436803817749, 364.0097689628601
287.2994384765625,1167.7184636592865, 364.4228882789612
287.2994384765625,1166.9297080039978, 365.05189990997314
287.2994384765625,1166.9297080039978, 365.05189990997314
287.2994384765625,1167.7184636592865, 364.4228882789612
287.2994384765625,1171.5208740234375, 370.0
287.2994384765625,1166.9297080039978, 365.05189990997314
287.2994384765625,1171.5208740234375, 370.0
287.2994384765625,1166.2435116767883, 365.79144382476807
287.2994384765625,1167.7184636592865, 364.4228882789612
287.16546392440796,1168.375216960907, 363.4679756164551
287.2994384765625,1168.592158794403, 363.9184603691101
287.2994384765625,1167.7184636592865, 364.4228882789612
287.2994384765625,1168.592158794403, 363.9184603691101
287.2994384765625,1171.5208740234375, 370.0
287.16546392440796,1168.375216960907, 363.4679756164551
287.16546392440796,1169.383898973465, 363.07209730148315
287.2994384765625,1168.592158794403, 363.9184603691101
287.2994384765625,1168.592158794403, 363.9184603691101
287.16546392440796,1169.383898973465, 363.07209730148315
287.2994384765625,1169.5312765836716, 363.5498833656311
287.2994384765625,1168.592158794403, 363.9184603691101
287.2994384765625,1169.5312765836716, 363.5498833656311
287.2994384765625,1171.5208740234375, 370.0
287.16546392440796,1169.383898973465, 363.07209730148315
287.16546392440796,1170.4403176307678, 362.83097648620605
287.2994384765625,1169.5312765836716, 363.5498833656311
287.2994384765625,1169.5312765836716, 363.5498833656311
287.16546392440796,1170.4403176307678, 362.83097648620605
287.2994384765625,1170.5148386955261, 363.3253917694092
287.2994384765625,1169.5312765836716, 363.5498833656311
287.2994384765625,1170.5148386955261, 363.3253917694092
287.2994384765625,1171.5208740234375, 370.0
287.16546392440796,1170.4403176307678, 362.83097648620605
287.16546392440796,1171.5208740234375, 362.75
287.2994384765625,1170.5148386955261, 363.3253917694092
287.2994384765625,1170.5148386955261, 363.3253917694092
287.16546392440796,1171.5208740234375, 362.75
287.2994384765625,1171.5208740234375, 363.25
287.2994384765625,1170.5148386955261, 363.3253917694092
287.2994384765625,1171.5208740234375, 363.25
287.2994384765625,1171.5208740234375, 370.0
287.16546392440796,1171.5208740234375, 362.75
287.16546392440796,1172.6014304161072, 362.83097648620605
287.2994384765625,1171.5208740234375, 363.25
287.2994384765625,1171.5208740234375, 363.25
287.16546392440796,1172.6014304161072, 362.83097648620605
287.2994384765625,1172.5269093513489, 363.3253917694092
287.2994384765625,1171.5208740234375, 363.25
287.2994384765625,1172.5269093513489, 363.3253917694092
287.2994384765625,1171.5208740234375, 370.0
287.16546392440796,1172.6014304161072, 362.83097648620605
287.16546392440796,1173.65784907341, 363.07209730148315
287.2994384765625,1172.5269093513489, 363.3253917694092
287.2994384765625,1172.5269093513489, 363.3253917694092
287.16546392440796,1173.65784907341, 363.07209730148315
287.2994384765625,1173.5104714632034, 363.5498833656311
287.2994384765625,1172.5269093513489, 363.3253917694092
287.2994384765625,1173.5104714632034, 363.5498833656311
287.2994384765625,1171.5208740234375, 370.0
287.16546392440796,1173.65784907341, 363.07209730148315
287.16546392440796,1174.666531085968, 363.4679756164551
287.2994384765625,1173.5104714632034, 363.5498833656311
287.2994384765625,1173.5104714632034, 363.5498833656311
287.16546392440796,1174.666531085968, 363.4679756164551
287.2994384765625,1174.449589252472, 363.9184603691101
287.2994384765625,1173.5104714632034, 363.5498833656311
287.2994384765625,1174.449589252472, 363.9184603691101
287.2994384765625,1171.5208740234375, 370.0
287.16546392440796,1174.666531085968, 363.4679756164551
287.16546392440796,1175.604944229126, 364.0097689628601
287.2994384765625,1174.449589252472, 363.9184603691101
287.2994384765625,1174.449589252472, 363.9184603691101
287.16546392440796,1175.604944229126, 364.0097689628601
287.2994384765625,1175.3232843875885, 364.4228882789612
287.2994384765625,1174.449589252472, 363.9184603691101
287.2994384765625,1175.3232843875885, 364.4228882789612
287.2994384765625,1171.5208740234375, 370.0
287.16546392440796,1175.604944229126, 364.0097689628601
287.16546392440796,1176.4521265029907, 364.6853737831116
287.2994384765625,1175.3232843875885, 364.4228882789612
287.2994384765625,1175.3232843875885, 364.4228882789612
287.16546392440796,1176.4521265029907, 364.6853737831116
287.2994384765625,1176.1120400428772, 365.05189990997314
287.2994384765625,1175.3232843875885, 364.4228882789612
287.2994384765625,1176.1120400428772, 365.05189990997314
287.2994384765625,1171.5208740234375, 370.0
287.16546392440796,1176.4521265029907, 364.6853737831116
287.16546392440796,1177.1891522407532, 365.47969913482666
287.2994384765625,1176.1120400428772, 365.05189990997314
287.2994384765625,1176.1120400428772, 365.05189990997314
287.16546392440796,1177.1891522407532, 365.47969913482666
287.2994384765625,1176.7982363700867, 365.79144382476807
287.2994384765625,1176.1120400428772, 365.05189990997314
287.2994384765625,1176.7982363700867, 365.79144382476807
287.2994384765625,1171.5208740234375, 370.0
287.16546392440796,1177.1891522407532, 365.47969913482666
287.16546392440796,1177.7995581626892, 366.375
287.2994384765625,1176.7982363700867, 365.79144382476807
287.2994384765625,1176.7982363700867, 365.79144382476807
287.16546392440796,1177.7995581626892, 366.375
287.2994384765625,1177.366545677185, 366.625
287.2994384765625,1176.7982363700867, 365.79144382476807
287.2994384765625,1177.366545677185, 366.625
287.2994384765625,1171.5208740234375, 370.0
287.16546392440796,1177.7995581626892, 366.375
287.16546392440796,1178.2697086334229, 367.351277589798
287.2994384765625,1177.366545677185, 366.625
287.2994384765625,1177.366545677185, 366.625
287.16546392440796,1178.2697086334229, 367.351277589798
287.2994384765625,1177.804271697998, 367.5339481830597
287.2994384765625,1177.366545677185, 366.625
287.2994384765625,1177.804271697998, 367.5339481830597
287.2994384765625,1171.5208740234375, 370.0
287.2994384765625,1166.2435116767883, 365.79144382476807
287.2994384765625,1171.5208740234375, 370.0
287.2994384765625,1165.67520236969, 366.625
287.2994384765625,1166.2435116767883, 365.79144382476807
287.2994384765625,1165.67520236969, 366.625
287.16546392440796,1165.8525958061218, 365.47969913482666
287.16546392440796,1165.8525958061218, 365.47969913482666
287.2994384765625,1165.67520236969, 366.625
287.16546392440796,1165.2421898841858, 366.375
287.16546392440796,1165.8525958061218, 365.47969913482666
287.16546392440796,1165.2421898841858, 366.375
286.7994384765625,1165.5664258003235, 365.25148582458496
286.7994384765625,1165.5664258003235, 365.25148582458496
287.16546392440796,1165.2421898841858, 366.375
286.7994384765625,1164.92520236969, 366.19198727607727
287.2994384765625,1165.67520236969, 366.625
287.2994384765625,1171.5208740234375, 370.0
287.2994384765625,1165.237476348877, 367.5339481830597
287.2994384765625,1165.67520236969, 366.625
287.2994384765625,1165.237476348877, 367.5339481830597
287.16546392440796,1165.2421898841858, 366.375
287.16546392440796,1165.2421898841858, 366.375
287.2994384765625,1165.237476348877, 367.5339481830597
287.16546392440796,1164.7720394134521, 367.351277589798
287.16546392440796,1165.2421898841858, 366.375
287.16546392440796,1164.7720394134521, 367.351277589798
286.7994384765625,1164.92520236969, 366.19198727607727
286.7994384765625,1164.92520236969, 366.19198727607727
287.16546392440796,1164.7720394134521, 367.351277589798
286.7994384765625,1164.4313158988953, 367.2175533771515
287.2994384765625,1165.237476348877, 367.5339481830597
287.2994384765625,1171.5208740234375, 370.0
287.2994384765625,1164.9401106834412, 368.49798369407654
287.2994384765625,1165.237476348877, 367.5339481830597
287.2994384765625,1164.9401106834412, 368.49798369407654
287.16546392440796,1164.7720394134521, 367.351277589798
287.16546392440796,1164.7720394134521, 367.351277589798
287.2994384765625,1164.9401106834412, 368.49798369407654
287.16546392440796,1164.4526467323303, 368.386723279953
287.16546392440796,1164.7720394134521, 367.351277589798
287.16546392440796,1164.4526467323303, 368.386723279953
286.7994384765625,1164.4313158988953, 367.2175533771515
286.7994384765625,1164.4313158988953, 367.2175533771515
287.16546392440796,1164.4526467323303, 368.386723279953
286.7994384765625,1164.0957984924316, 368.3052749633789
287.2994384765625,1164.9401106834412, 368.49798369407654
287.2994384765625,1171.5208740234375, 370.0
287.2994384765625,1164.7897481918335, 369.49557185173035
287.2994384765625,1164.9401106834412, 368.49798369407654
287.2994384765625,1164.7897481918335, 369.49557185173035
287.16546392440796,1164.4526467323303, 368.386723279953
287.16546392440796,1164.4526467323303, 368.386723279953
287.2994384765625,1164.7897481918335, 369.49557185173035
287.16546392440796,1164.2911462783813, 369.4582068324089
287.16546392440796,1164.4526467323303, 368.386723279953
287.16546392440796,1164.2911462783813, 369.4582068324089
286.7994384765625,1164.0957984924316, 368.3052749633789
286.7994384765625,1164.0957984924316, 368.3052749633789
287.16546392440796,1164.2911462783813, 369.4582068324089
286.7994384765625,1163.9261445999146, 369.4308537244797
287.2994384765625,1164.7897481918335, 369.49557185173035
287.2994384765625,1171.5208740234375, 370.0
287.2994384765625,1164.7897481918335, 370.50442814826965
287.2994384765625,1164.7897481918335, 369.49557185173035
287.2994384765625,1164.7897481918335, 370.50442814826965
287.16546392440796,1164.2911462783813, 369.4582068324089
287.16546392440796,1164.2911462783813, 369.4582068324089
287.2994384765625,1164.7897481918335, 370.50442814826965
287.16546392440796,1164.2911462783813, 370.5417931675911
287.16546392440796,1164.2911462783813, 369.4582068324089
287.16546392440796,1164.2911462783813, 370.5417931675911
286.7994384765625,1163.9261445999146, 369.4308537244797
286.7994384765625,1163.9261445999146, 369.4308537244797
287.16546392440796,1164.2911462783813, 370.5417931675911
286.7994384765625,1163.9261445999146, 370.5691462755203
287.2994384765625,1164.7897481918335, 370.50442814826965
287.2994384765625,1171.5208740234375, 370.0
287.2994384765625,1164.9401106834412, 371.50201630592346
287.2994384765625,1164.7897481918335, 370.50442814826965
287.2994384765625,1164.9401106834412, 371.50201630592346
287.16546392440796,1164.2911462783813, 370.5417931675911
287.16546392440796,1164.2911462783813, 370.5417931675911
287.2994384765625,1164.9401106834412, 371.50201630592346
287.16546392440796,1164.4526467323303, 371.613276720047
287.16546392440796,1164.2911462783813, 370.5417931675911
287.16546392440796,1164.4526467323303, 371.613276720047
286.7994384765625,1163.9261445999146, 370.5691462755203
286.7994384765625,1163.9261445999146, 370.5691462755203
287.16546392440796,1164.4526467323303, 371.613276720047
286.7994384765625,1164.0957984924316, 371.6947250366211
287.2994384765625,1164.9401106834412, 371.50201630592346
287.2994384765625,1171.5208740234375, 370.0
287.2994384765625,1165.237476348877, 372.4660518169403
287.2994384765625,1164.9401106834412, 371.50201630592346
287.2994384765625,1165.237476348877, 372.4660518169403
287.16546392440796,1164.4526467323303, 371.613276720047
287.16546392440796,1164.4526467323303, 371.613276720047
287.2994384765625,1165.237476348877, 372.4660518169403
287.16546392440796,1164.7720394134521, 372.648722410202
287.16546392440796,1164.4526467323303, 371.613276720047
287.16546392440796,1164.7720394134521, 372.648722410202
286.7994384765625,1164.0957984924316, 371.6947250366211
286.7994384765625,1164.0957984924316, 371.6947250366211
287.16546392440796,1164.7720394134521, 372.648722410202
286.7994384765625,1164.4313158988953, 372.7824466228485
287.2994384765625,1165.237476348877, 372.4660518169403
287.2994384765625,1171.5208740234375, 370.0
287.2994384765625,1165.67520236969, 373.375
287.2994384765625,1165.237476348877, 372.4660518169403
287.2994384765625,1165.67520236969, 373.375
287.16546392440796,1164.7720394134521, 372.648722410202
287.16546392440796,1164.7720394134521, 372.648722410202
287.2994384765625,1165.67520236969, 373.375
287.16546392440796,1165.2421898841858, 373.625
287.16546392440796,1164.7720394134521, 372.648722410202
287.16546392440796,1165.2421898841858, 373.625
286.7994384765625,1164.4313158988953, 372.7824466228485
286.7994384765625,1164.4313158988953, 372.7824466228485
287.16546392440796,1165.2421898841858, 373.625
286.7994384765625,1164.92520236969, 373.80801272392273
287.2994384765625,1165.67520236969, 373.375
287.2994384765625,1171.5208740234375, 370.0
287.2994384765625,1166.2435116767883, 374.20855617523193
287.2994384765625,1165.67520236969, 373.375
287.2994384765625,1166.2435116767883, 374.20855617523193
287.16546392440796,1165.2421898841858, 373.625
287.16546392440796,1165.2421898841858, 373.625
287.2994384765625,1166.2435116767883, 374.20855617523193
287.16546392440796,1165.8525958061218, 374.52030086517334
287.16546392440796,1165.2421898841858, 373.625
287.16546392440796,1165.8525958061218, 374.52030086517334
286.7994384765625,1164.92520236969, 373.80801272392273
286.7994384765625,1164.92520236969, 373.80801272392273
287.16546392440796,1165.8525958061218, 374.52030086517334
286.7994384765625,1165.5664258003235, 374.74851417541504
287.2994384765625,1166.2435116767883, 374.20855617523193
287.2994384765625,1171.5208740234375, 370.0
287.2994384765625,1166.9297080039978, 374.94810009002686
287.2994384765625,1166.2435116767883, 374.20855617523193
287.2994384765625,1166.9297080039978, 374.94810009002686
287.16546392440796,1165.8525958061218, 374.52030086517334
287.16546392440796,1165.8525958061218, 374.52030086517334
287.2994384765625,1166.9297080039978, 374.94810009002686
287.16546392440796,1166.5896215438843, 375.3146262168884
287.16546392440796,1165.8525958061218, 374.52030086517334
287.16546392440796,1166.5896215438843, 375.3146262168884
286.7994384765625,1165.5664258003235, 374.74851417541504
286.7994384765625,1165.5664258003235, 374.74851417541504
287.16546392440796,1166.5896215438843, 375.3146262168884
286.7994384765625,1166.3406610488892, 375.582941532135
287.2994384765625,1166.9297080039978, 374.94810009002686
287.2994384765625,1171.5208740234375, 370.0
287.2994384765625,1167.7184636592865, 375.5771117210388
287.2994384765625,1166.9297080039978, 374.94810009002686
287.2994384765625,1167.7184636592865, 375.5771117210388
287.16546392440796,1166.5896215438843, 375.3146262168884
287.16546392440796,1166.5896215438843, 375.3146262168884
287.2994384765625,1167.7184636592865, 375.5771117210388
287.16546392440796,1167.436803817749, 375.9902310371399
287.16546392440796,1166.5896215438843, 375.3146262168884
287.16546392440796,1167.436803817749, 375.9902310371399
286.7994384765625,1166.3406610488892, 375.582941532135
286.7994384765625,1166.3406610488892, 375.582941532135
287.16546392440796,1167.436803817749, 375.9902310371399
286.7994384765625,1167.2306141853333, 376.29265546798706
287.2994384765625,1167.7184636592865, 375.5771117210388
287.2994384765625,1171.5208740234375, 370.0
287.2994384765625,1168.592158794403, 376.0815396308899
287.2994384765625,1167.7184636592865, 375.5771117210388
287.2994384765625,1168.592158794403, 376.0815396308899
287.16546392440796,1167.436803817749, 375.9902310371399
287.16546392440796,1167.436803817749, 375.9902310371399
287.2994384765625,1168.592158794403, 376.0815396308899
287.16546392440796,1168.375216960907, 376.5320243835449
287.16546392440796,1167.436803817749, 375.9902310371399
287.16546392440796,1168.375216960907, 376.5320243835449
286.7994384765625,1167.2306141853333, 376.29265546798706
286.7994384765625,1167.2306141853333, 376.29265546798706
287.16546392440796,1168.375216960907, 376.5320243835449
286.7994384765625,1168.2164044380188, 376.8618016242981
287.2994384765625,1168.592158794403, 376.0815396308899
287.2994384765625,1171.5208740234375, 370.0
287.2994384765625,1169.5312765836716, 376.4501166343689
287.2994384765625,1168.592158794403, 376.0815396308899
287.2994384765625,1169.5312765836716, 376.4501166343689
287.16546392440796,1168.375216960907, 376.5320243835449
287.16546392440796,1168.375216960907, 376.5320243835449
287.2994384765625,1169.5312765836716, 376.4501166343689
287.16546392440796,1169.383898973465, 376.92790269851685
287.16546392440796,1168.375216960907, 376.5320243835449
287.16546392440796,1169.383898973465, 376.92790269851685
286.7994384765625,1168.2164044380188, 376.8618016242981
286.7994384765625,1168.2164044380188, 376.8618016242981
287.16546392440796,1169.383898973465, 376.92790269851685
286.7994384765625,1169.2760112285614, 377.2776665687561
287.2994384765625,1169.5312765836716, 376.4501166343689
287.2994384765625,1171.5208740234375, 370.0
287.2994384765625,1170.5148386955261, 376.6746082305908
287.2994384765625,1169.5312765836716, 376.4501166343689
287.2994384765625,1170.5148386955261, 376.6746082305908
287.16546392440796,1169.383898973465, 376.92790269851685
287.16546392440796,1169.383898973465, 376.92790269851685
287.2994384765625,1170.5148386955261, 376.6746082305908
287.16546392440796,1170.4403176307678, 377.16902351379395
287.16546392440796,1169.383898973465, 376.92790269851685
287.16546392440796,1170.4403176307678, 377.16902351379395
286.7994384765625,1169.2760112285614, 377.2776665687561
286.7994384765625,1169.2760112285614, 377.2776665687561
287.16546392440796,1170.4403176307678, 377.16902351379395
286.7994384765625,1170.3857643604279, 377.53096055984497
287.2994384765625,1170.5148386955261, 376.6746082305908
287.2994384765625,1171.5208740234375, 370.0
287.2994384765625,1171.5208740234375, 376.75
287.2994384765625,1170.5148386955261, 376.6746082305908
287.2994384765625,1171.5208740234375, 376.75
287.16546392440796,1170.4403176307678, 377.16902351379395
287.16546392440796,1170.4403176307678, 377.16902351379395
287.2994384765625,1171.5208740234375, 376.75
287.16546392440796,1171.5208740234375, 377.25
287.16546392440796,1170.4403176307678, 377.16902351379395
287.16546392440796,1171.5208740234375, 377.25
286.7994384765625,1170.3857643604279, 377.53096055984497
286.7994384765625,1170.3857643604279, 377.53096055984497
287.16546392440796,1171.5208740234375, 377.25
286.7994384765625,1171.5208740234375, 377.61602544784546
287.2994384765625,1171.5208740234375, 376.75
287.2994384765625,1171.5208740234375, 370.0
287.2994384765625,1172.5269093513489, 376.6746082305908
287.2994384765625,1171.5208740234375, 376.75
287.2994384765625,1172.5269093513489, 376.6746082305908
287.16546392440796,1171.5208740234375, 377.25
287.16546392440796,1171.5208740234375, 377.25
287.2994384765625,1172.5269093513489, 376.6746082305908
287.16546392440796,1172.6014304161072, 377.16902351379395
287.16546392440796,1171.5208740234375, 377.25
287.16546392440796,1172.6014304161072, 377.16902351379395
286.7994384765625,1171.5208740234375, 377.61602544784546
286.7994384765625,1171.5208740234375, 377.61602544784546
287.16546392440796,1172.6014304161072, 377.16902351379395
286.7994384765625,1172.6559836864471, 377.53096055984497
287.2994384765625,1172.5269093513489, 376.6746082305908
287.2994384765625,1171.5208740234375, 370.0
287.2994384765625,1173.5104714632034, 376.4501166343689
287.2994384765625,1172.5269093513489, 376.6746082305908
287.2994384765625,1173.5104714632034, 376.4501166343689
287.16546392440796,1172.6014304161072, 377.16902351379395
287.16546392440796,1172.6014304161072, 377.16902351379395
287.2994384765625,1173.5104714632034, 376.4501166343689
287.16546392440796,1173.65784907341, 376.92790269851685
287.16546392440796,1172.6014304161072, 377.16902351379395
287.16546392440796,1173.65784907341, 376.92790269851685
286.7994384765625,1172.6559836864471, 377.53096055984497
286.7994384765625,1172.6559836864471, 377.53096055984497
287.16546392440796,1173.65784907341, 376.92790269851685
286.7994384765625,1173.7657368183136, 377.2776665687561
287.2994384765625,1173.5104714632034, 376.4501166343689
287.2994384765625,1171.5208740234375, 370.0
287.2994384765625,1174.449589252472, 376.0815396308899
287.2994384765625,1173.5104714632034, 376.4501166343689
287.2994384765625,1174.449589252472, 376.0815396308899
287.16546392440796,1173.65784907341, 376.92790269851685
287.16546392440796,1173.65784907341, 376.92790269851685
287.2994384765625,1174.449589252472, 376.0815396308899
287.16546392440796,1174.666531085968, 376.5320243835449
287.16546392440796,1173.65784907341, 376.92790269851685
287.16546392440796,1174.666531085968, 376.5320243835449
286.7994384765625,1173.7657368183136, 377.2776665687561
286.7994384765625,1173.7657368183136, 377.2776665687561
287.16546392440796,1174.666531085968, 376.5320243835449
286.7994384765625,1174.8253436088562, 376.8618016242981
286.2994384765625,1179.2492036819458, 369.4208417534828
286.7994384765625,1179.1156034469604, 369.4308537244797
286.7994384765625,1178.9459495544434, 368.3052749633789
287.2994384765625,1174.449589252472, 376.0815396308899
287.2994384765625,1171.5208740234375, 370.0
287.2994384765625,1175.3232843875885, 375.5771117210388
287.2994384765625,1174.449589252472, 376.0815396308899
287.2994384765625,1175.3232843875885, 375.5771117210388
287.16546392440796,1174.666531085968, 376.5320243835449
287.16546392440796,1174.666531085968, 376.5320243835449
287.2994384765625,1175.3232843875885, 375.5771117210388
287.16546392440796,1175.604944229126, 375.9902310371399
287.16546392440796,1174.666531085968, 376.5320243835449
287.16546392440796,1175.604944229126, 375.9902310371399
286.7994384765625,1174.8253436088562, 376.8618016242981
286.7994384765625,1174.8253436088562, 376.8618016242981
287.16546392440796,1175.604944229126, 375.9902310371399
286.7994384765625,1175.8111338615417, 376.29265546798706
287.2994384765625,1175.3232843875885, 375.5771117210388
287.2994384765625,1171.5208740234375, 370.0
287.2994384765625,1176.1120400428772, 374.94810009002686
287.2994384765625,1175.3232843875885, 375.5771117210388
287.2994384765625,1176.1120400428772, 374.94810009002686
287.16546392440796,1175.604944229126, 375.9902310371399
287.16546392440796,1175.604944229126, 375.9902310371399
287.2994384765625,1176.1120400428772, 374.94810009002686
287.16546392440796,1176.4521265029907, 375.3146262168884
287.16546392440796,1175.604944229126, 375.9902310371399
287.16546392440796,1176.4521265029907, 375.3146262168884
286.7994384765625,1175.8111338615417, 376.29265546798706
286.7994384765625,1175.8111338615417, 376.29265546798706
287.16546392440796,1176.4521265029907, 375.3146262168884
286.7994384765625,1176.7010869979858, 375.582941532135
287.2994384765625,1176.1120400428772, 374.94810009002686
287.2994384765625,1171.5208740234375, 370.0
287.2994384765625,1176.7982363700867, 374.20855617523193
287.2994384765625,1176.1120400428772, 374.94810009002686
287.2994384765625,1176.7982363700867, 374.20855617523193
287.16546392440796,1176.4521265029907, 375.3146262168884
287.16546392440796,1176.4521265029907, 375.3146262168884
287.2994384765625,1176.7982363700867, 374.20855617523193
287.16546392440796,1177.1891522407532, 374.52030086517334
287.16546392440796,1176.4521265029907, 375.3146262168884
287.16546392440796,1177.1891522407532, 374.52030086517334
286.7994384765625,1176.7010869979858, 375.582941532135
286.7994384765625,1176.7010869979858, 375.582941532135
287.16546392440796,1177.1891522407532, 374.52030086517334
286.7994384765625,1177.4753222465515, 374.74851417541504
287.2994384765625,1176.7982363700867, 374.20855617523193
287.2994384765625,1171.5208740234375, 370.0
287.2994384765625,1177.366545677185, 373.375
287.2994384765625,1176.7982363700867, 374.20855617523193
287.2994384765625,1177.366545677185, 373.375
287.16546392440796,1177.1891522407532, 374.52030086517334
287.16546392440796,1177.1891522407532, 374.52030086517334
287.2994384765625,1177.366545677185, 373.375
287.16546392440796,1177.7995581626892, 373.625
287.16546392440796,1177.1891522407532, 374.52030086517334
287.16546392440796,1177.7995581626892, 373.625
286.7994384765625,1177.4753222465515, 374.74851417541504
286.7994384765625,1177.4753222465515, 374.74851417541504
287.16546392440796,1177.7995581626892, 373.625
286.7994384765625,1178.116545677185, 373.80801272392273
287.2994384765625,1177.366545677185, 373.375
287.2994384765625,1171.5208740234375, 370.0
287.2994384765625,1177.804271697998, 372.4660518169403
287.2994384765625,1177.366545677185, 373.375
287.2994384765625,1177.804271697998, 372.4660518169403
287.16546392440796,1177.7995581626892, 373.625
287.16546392440796,1177.7995581626892, 373.625
287.2994384765625,1177.804271697998, 372.4660518169403
287.16546392440796,1178.2697086334229, 372.648722410202
287.16546392440796,1177.7995581626892, 373.625
287.16546392440796,1178.2697086334229, 372.648722410202
286.7994384765625,1178.116545677185, 373.80801272392273
286.7994384765625,1178.116545677185, 373.80801272392273
287.16546392440796,1178.2697086334229, 372.648722410202
286.7994384765625,1178.6104321479797, 372.7824466228485
287.2994384765625,1177.804271697998, 372.4660518169403
287.2994384765625,1171.5208740234375, 370.0
287.2994384765625,1178.1016373634338, 371.50201630592346
287.2994384765625,1177.804271697998, 372.4660518169403
287.2994384765625,1178.1016373634338, 371.50201630592346
287.16546392440796,1178.2697086334229, 372.648722410202
287.16546392440796,1178.2697086334229, 372.648722410202
287.2994384765625,1178.1016373634338, 371.50201630592346
287.16546392440796,1178.5891013145447, 371.613276720047
287.16546392440796,1178.2697086334229, 372.648722410202
287.16546392440796,1178.5891013145447, 371.613276720047
286.7994384765625,1178.6104321479797, 372.7824466228485
286.7994384765625,1178.6104321479797, 372.7824466228485
287.16546392440796,1178.5891013145447, 371.613276720047
286.7994384765625,1178.9459495544434, 371.6947250366211
287.2994384765625,1178.1016373634338, 371.50201630592346
287.2994384765625,1171.5208740234375, 370.0
287.2994384765625,1178.2519998550415, 370.50442814826965
287.2994384765625,1178.1016373634338, 371.50201630592346
287.2994384765625,1178.2519998550415, 370.50442814826965
287.16546392440796,1178.5891013145447, 371.613276720047
287.16546392440796,1178.5891013145447, 371.613276720047
287.2994384765625,1178.2519998550415, 370.50442814826965
287.16546392440796,1178.7506017684937, 370.5417931675911
287.16546392440796,1178.5891013145447, 371.613276720047
287.16546392440796,1178.7506017684937, 370.5417931675911
286.7994384765625,1178.9459495544434, 371.6947250366211
286.7994384765625,1178.9459495544434, 371.6947250366211
287.16546392440796,1178.7506017684937, 370.5417931675911
286.7994384765625,1179.1156034469604, 370.5691462755203
287.2994384765625,1178.2519998550415, 370.50442814826965
287.2994384765625,1171.5208740234375, 370.0
287.2994384765625,1178.2519998550415, 369.49557185173035
287.2994384765625,1178.2519998550415, 370.50442814826965
287.2994384765625,1178.2519998550415, 369.49557185173035
287.16546392440796,1178.7506017684937, 370.5417931675911
287.16546392440796,1178.7506017684937, 370.5417931675911
287.2994384765625,1178.2519998550415, 369.49557185173035
287.16546392440796,1178.7506017684937, 369.4582068324089
287.16546392440796,1178.7506017684937, 370.5417931675911
287.16546392440796,1178.7506017684937, 369.4582068324089
286.7994384765625,1179.1156034469604, 370.5691462755203
286.7994384765625,1179.1156034469604, 370.5691462755203
287.16546392440796,1178.7506017684937, 369.4582068324089
286.7994384765625,1179.1156034469604, 369.4308537244797
287.2994384765625,1178.2519998550415, 369.49557185173035
287.2994384765625,1171.5208740234375, 370.0
287.2994384765625,1178.1016373634338, 368.49798369407654
287.2994384765625,1178.2519998550415, 369.49557185173035
287.2994384765625,1178.1016373634338, 368.49798369407654
287.16546392440796,1178.7506017684937, 369.4582068324089
287.2994384765625,1171.5208740234375, 370.0
287.2994384765625,1177.804271697998, 367.5339481830597
287.2994384765625,1178.1016373634338, 368.49798369407654
287.2994384765625,1178.1016373634338, 368.49798369407654
287.2994384765625,1177.804271697998, 367.5339481830597
287.16546392440796,1178.5891013145447, 368.386723279953
287.2994384765625,1178.1016373634338, 368.49798369407654
287.16546392440796,1178.5891013145447, 368.386723279953
287.16546392440796,1178.7506017684937, 369.4582068324089
287.16546392440796,1178.7506017684937, 369.4582068324089
287.16546392440796,1178.5891013145447, 368.386723279953
286.7994384765625,1179.1156034469604, 369.4308537244797
287.2994384765625,1177.804271697998, 367.5339481830597
287.16546392440796,1178.2697086334229, 367.351277589798
287.16546392440796,1178.5891013145447, 368.386723279953
287.16546392440796,1178.2697086334229, 367.351277589798
286.7994384765625,1178.9459495544434, 368.3052749633789
287.16546392440796,1178.5891013145447, 368.386723279953
287.16546392440796,1178.5891013145447, 368.386723279953
286.7994384765625,1178.9459495544434, 368.3052749633789
286.7994384765625,1179.1156034469604, 369.4308537244797
