-0.3522241662722081,0.24128282666788436,0.19041699476656504
-0.3522241662722081,0.23307431940338574,0.18678372105932795
-0.3522241662722081,0.19781810787389986,0.19041699476656504
-0.3522241662722081,0.20602661513839848,0.18678372105932795
0.18391710030846298,0.23886064419639297,0.23509280479629524
0.18808940588496625,0.23751498726778664,0.23643846172490157
0.18183094752021134,0.23926434127497487,0.2349582391034346
0.18183094752021134,0.23912977558211423,0.24801111131091602
0.1797447947319597,0.23912977558211423,0.23509280479629524
0.17765864194370806,0.2389952098892536,0.2482802426966373
0.17557248915545642,0.2385915128106717,0.2357656332605984
0.17765864194370806,0.2389952098892536,0.2482802426966373
0.17348633636720479,0.23751498726778664,0.23670759311062284
0.17348633636720479,0.23751498726778664,0.2490876368538011
0.16722787800244987,0.23428541063913144,0.23926434127497487
0.16722787800244987,0.23441997633199207,0.25056785947526805
0.16514172521419823,0.23051757123903371,0.24155195805360563
0.16514172521419823,0.23051757123903371,0.25218264778959565
0.1630555724259466,0.22567320629605092,0.24316674636793323
0.1630555724259466,0.22567320629605092,0.2532591733324807
0.16096941963769495,0.2202905785816256,0.24397414052509703
0.16096941963769495,0.2202905785816256,0.25379743610392325
0.16096941963769495,0.2202905785816256,0.24397414052509703
0.16096941963769495,0.21558077933150344,0.2536628704110626
0.16096941963769495,0.21558077933150344,0.24370500913937576
0.1630555724259466,0.21087098008138128,0.2528554762538988
0.1630555724259466,0.21087098008138128,0.24249391790363006
0.16514172521419823,0.20669944360270165,0.25137525363243185
0.16514172521419823,0.20656487790984102,0.24034086681785993
0.1693140307907015,0.2032007355883252,0.24989503101096489
0.1693140307907015,0.2032007355883252,0.23791868434636854
0.17557248915545642,0.2007785531168338,0.24841480838949792
0.17348633636720479,0.20145138158113696,0.2361693303391803
0.17557248915545642,0.2007785531168338,0.24841480838949792
0.17765864194370806,0.20024029034539126,0.2349582391034346
0.1797447947319597,0.19983659326680936,0.24774197992519476
0.1797447947319597,0.19983659326680936,0.23428541063913144
0.1797447947319597,0.19983659326680936,0.24774197992519476
0.18600325309671462,0.20050942173111252,0.23522737048915587
0.18808940588496625,0.2011822501954157,0.2486839397752192
0.1901755586732179,0.20185507865971886,0.23684215880348347
0.18808940588496625,0.2011822501954157,0.2486839397752192
0.19226171146146953,0.2036044326669071,0.23832238142495044
0.19226171146146953,0.2036044326669071,0.2500295967038255
0.1964340170379728,0.20656487790984102,0.24047543251072057
0.1964340170379728,0.20656487790984102,0.25137525363243185
0.19852016982622445,0.21208207131712697,0.24289761498221196
0.19852016982622445,0.21194750562426634,0.2531246076396201
0.20060632261447608,0.21611904210294597,0.2438395748322364
0.20060632261447608,0.21611904210294597,0.25379743610392325
0.20060632261447608,0.21961775011732243,0.24410870621795766
0.20060632261447608,0.21961775011732243,0.2539320017967839
0.20060632261447608,0.21961775011732243,0.24410870621795766
0.20060632261447608,0.22082884135306813,0.25379743610392325
0.20060632261447608,0.22082884135306813,0.24410870621795766
0.19852016982622445,0.22580777198891155,0.25299004194675945
0.19852016982622445,0.22580777198891155,0.24289761498221196
0.1964340170379728,0.23078670262475498,0.2516443850181531
0.1964340170379728,0.23078670262475498,0.24087912958930247
0.19226171146146953,0.23482367341057397,0.2502987280895468
0.19226171146146953,0.23482367341057397,0.2385915128106717
0.18808940588496625,0.23751498726778664,0.24895307116094045
0.18808940588496625,0.23751498726778664,0.23643846172490157
0.18183094752021134,0.23912977558211423,0.24801111131091602
-0.3522241662722081,0.21329316255287267,0.2536628704110626
-0.3522241662722081,0.21961775011732243,0.2539320017967839
-0.3522241662722081,0.20602661513839848,0.2523172134824563
-0.3522241662722081,0.20992902023135684,0.24289761498221196
-0.3522241662722081,0.19781810787389986,0.2486839397752192
-0.3522241662722081,0.204008129745489,0.24034086681785993
-0.3522241662722081,0.19041699476656504,0.24128282666788436
-0.3522241662722081,0.1987600677239243,0.23509280479629524
-0.3522241662722081,0.19041699476656504,0.24128282666788436
-0.3522241662722081,0.19579962248099037,0.22769169168896042
-0.3522241662722081,0.1862454582878854,0.2309212683176156
-0.3522241662722081,0.19579962248099037,0.22769169168896042
-0.3522241662722081,0.18516893274500035,0.21961775011732243
-0.3522241662722081,0.19499222832382657,0.21961775011732243
-0.3522241662722081,0.18516893274500035,0.21961775011732243
-0.3522241662722081,0.19579962248099037,0.2114092428528238
-0.3522241662722081,0.1862454582878854,0.2081796662241686
-0.3522241662722081,0.19579962248099037,0.2114092428528238
-0.3522241662722081,0.19041699476656504,0.19781810787389986
-0.3522241662722081,0.1987600677239243,0.204008129745489
-0.3522241662722081,0.19781810787389986,0.19041699476656504
-0.3522241662722081,0.204008129745489,0.1987600677239243
-0.3522241662722081,0.19781810787389986,0.19041699476656504
-0.3522241662722081,0.20992902023135684,0.19620331955957226
-0.3522241662722081,0.19781810787389986,0.19041699476656504
-0.3522241662722081,0.2166573048743885,0.19499222832382657
-0.3522241662722081,0.24128282666788436,0.19041699476656504
-0.3522241662722081,0.22244362966739573,0.19499222832382657
-0.3522241662722081,0.24128282666788436,0.19041699476656504
-0.3522241662722081,0.22917191431042738,0.19620331955957226
-0.3522241662722081,0.24128282666788436,0.19041699476656504
-0.3522241662722081,0.23509280479629524,0.1987600677239243
-0.3522241662722081,0.2486839397752192,0.19781810787389986
-0.3522241662722081,0.24034086681785993,0.204008129745489
-0.3522241662722081,0.2486839397752192,0.19781810787389986
-0.3522241662722081,0.24330131206079386,0.2114092428528238
-0.3522241662722081,0.2528554762538988,0.2081796662241686
-0.3522241662722081,0.24330131206079386,0.2114092428528238
-0.3522241662722081,0.2539320017967839,0.21961775011732243
-0.3522241662722081,0.24410870621795766,0.21961775011732243
-0.3522241662722081,0.2539320017967839,0.21961775011732243
-0.3522241662722081,0.24330131206079386,0.22769169168896042
-0.3522241662722081,0.2528554762538988,0.2309212683176156
-0.3522241662722081,0.24330131206079386,0.22769169168896042
-0.3522241662722081,0.2486839397752192,0.24128282666788436
-0.3522241662722081,0.24034086681785993,0.23509280479629524
-0.3522241662722081,0.24128282666788436,0.2486839397752192
-0.3522241662722081,0.23509280479629524,0.24034086681785993
-0.3522241662722081,0.24128282666788436,0.2486839397752192
-0.3522241662722081,0.22917191431042738,0.24289761498221196
-0.3522241662722081,0.23307431940338574,0.2523172134824563
-0.3522241662722081,0.21961775011732243,0.24410870621795766
-0.3522241662722081,0.22580777198891155,0.2536628704110626
-0.3522241662722081,0.21961775011732243,0.24410870621795766
-0.3522241662722081,0.21961775011732243,0.2539320017967839
-0.3522241662722081,0.20992902023135684,0.24289761498221196
-0.3522241662722081,0.21329316255287267,0.1854380641307216
-0.3522241662722081,0.20602661513839848,0.18678372105932795
-0.3522241662722081,0.21961775011732243,0.18516893274500035
-0.3522241662722081,0.23307431940338574,0.18678372105932795
-0.3522241662722081,0.22580777198891155,0.1854380641307216
0.7137999085243791,0.22580777198891155,0.2536628704110626
0.7137999085243791,0.21961775011732243,0.2539320017967839
0.7137999085243791,0.23307431940338574,0.2523172134824563
0.7137999085243791,0.21961775011732243,0.24410870621795766
0.7137999085243791,0.23307431940338574,0.2523172134824563
0.7137999085243791,0.22917191431042738,0.24289761498221196
0.7137999085243791,0.23307431940338574,0.2523172134824563
0.7137999085243791,0.23509280479629524,0.24034086681785993
0.7137999085243791,0.24128282666788436,0.2486839397752192
0.7137999085243791,0.23509280479629524,0.24034086681785993
0.7137999085243791,0.2486839397752192,0.24128282666788436
0.7137999085243791,0.24034086681785993,0.23509280479629524
0.7137999085243791,0.2528554762538988,0.2309212683176156
0.7137999085243791,0.24330131206079386,0.22769169168896042
0.7137999085243791,0.2528554762538988,0.2309212683176156
0.7137999085243791,0.24410870621795766,0.21961775011732243
0.7137999085243791,0.2539320017967839,0.21961775011732243
0.7137999085243791,0.24410870621795766,0.21961775011732243
0.7137999085243791,0.2528554762538988,0.2081796662241686
0.7137999085243791,0.24330131206079386,0.2114092428528238
0.7137999085243791,0.2528554762538988,0.2081796662241686
0.7137999085243791,0.24034086681785993,0.204008129745489
0.7137999085243791,0.2486839397752192,0.19781810787389986
0.7137999085243791,0.24034086681785993,0.204008129745489
0.7137999085243791,0.24128282666788436,0.19041699476656504
0.7137999085243791,0.23509280479629524,0.1987600677239243
0.7137999085243791,0.24128282666788436,0.19041699476656504
0.7137999085243791,0.22917191431042738,0.19620331955957226
0.7137999085243791,0.24128282666788436,0.19041699476656504
0.7137999085243791,0.22244362966739573,0.19499222832382657
0.7137999085243791,0.19781810787389986,0.19041699476656504
0.7137999085243791,0.2166573048743885,0.19499222832382657
0.7137999085243791,0.19781810787389986,0.19041699476656504
0.7137999085243791,0.20992902023135684,0.19620331955957226
0.7137999085243791,0.19781810787389986,0.19041699476656504
0.7137999085243791,0.204008129745489,0.1987600677239243
0.7137999085243791,0.19041699476656504,0.19781810787389986
0.7137999085243791,0.1987600677239243,0.204008129745489
0.7137999085243791,0.1862454582878854,0.2081796662241686
0.7137999085243791,0.19579962248099037,0.2114092428528238
0.7137999085243791,0.1862454582878854,0.2081796662241686
0.7137999085243791,0.19499222832382657,0.21961775011732243
0.7137999085243791,0.18516893274500035,0.21961775011732243
0.7137999085243791,0.19499222832382657,0.21961775011732243
0.7137999085243791,0.1862454582878854,0.2309212683176156
0.7137999085243791,0.19579962248099037,0.22769169168896042
0.7137999085243791,0.1862454582878854,0.2309212683176156
0.7137999085243791,0.1987600677239243,0.23509280479629524
0.7137999085243791,0.19041699476656504,0.24128282666788436
0.7137999085243791,0.1987600677239243,0.23509280479629524
0.7137999085243791,0.19781810787389986,0.2486839397752192
0.7137999085243791,0.204008129745489,0.24034086681785993
0.7137999085243791,0.20602661513839848,0.2523172134824563
0.7137999085243791,0.20992902023135684,0.24289761498221196
0.7137999085243791,0.20602661513839848,0.2523172134824563
0.7137999085243791,0.21961775011732243,0.24410870621795766
0.7137999085243791,0.20602661513839848,0.2523172134824563
0.7137999085243791,0.21961775011732243,0.2539320017967839
0.7137999085243791,0.21329316255287267,0.2536628704110626
0.7137999085243791,0.19781810787389986,0.19041699476656504
0.7137999085243791,0.20602661513839848,0.18678372105932795
0.7137999085243791,0.24128282666788436,0.19041699476656504
0.7137999085243791,0.20602661513839848,0.18678372105932795
0.7137999085243791,0.23307431940338574,0.18678372105932795
0.7137999085243791,0.21329316255287267,0.1854380641307216
0.7137999085243791,0.23307431940338574,0.18678372105932795
0.7137999085243791,0.21961775011732243,0.18516893274500035
0.7137999085243791,0.22580777198891155,0.1854380641307216
0.7137999085243791,0.2470691514608916,0.2402063011249993
0.1797447947319597,0.23926434127497487,0.24774197992519476
0.7137999085243791,0.2402063011249993,0.2470691514608916
0.18600325309671462,0.23872607850353234,0.24814567700377665
0.7137999085243791,0.2402063011249993,0.2470691514608916
0.1901755586732179,0.23724585588206537,0.2490876368538011
0.7137999085243791,0.2402063011249993,0.2470691514608916
0.19852016982622445,0.22971017708186992,0.2524517791753169
0.7137999085243791,0.23280518801766448,0.25137525363243185
0.20060632261447608,0.2247312464460265,0.253528304718202
0.7137999085243791,0.22580777198891155,0.25339373902534135
0.20060632261447608,0.21961775011732243,0.2539320017967839
0.7137999085243791,0.21961775011732243,0.2539320017967839
0.20060632261447608,0.2154462136386428,0.2536628704110626
0.7137999085243791,0.21329316255287267,0.25339373902534135
0.19852016982622445,0.21087098008138128,0.2528554762538988
0.7137999085243791,0.20629574652411975,0.25137525363243185
0.1964340170379728,0.20629574652411975,0.25137525363243185
0.7137999085243791,0.19889463341678493,0.2470691514608916
0.1901755586732179,0.2019896443525795,0.2490876368538011
0.7137999085243791,0.19889463341678493,0.2470691514608916
0.18600325309671462,0.2003748560382519,0.24814567700377665
0.7137999085243791,0.19889463341678493,0.2470691514608916
0.18183094752021134,0.19983659326680936,0.24774197992519476
0.7137999085243791,0.19203178308089264,0.2402063011249993
-0.3522241662722081,0.19203178308089264,0.2402063011249993
0.7137999085243791,0.1870528524450492,0.23065213693189435
-0.3522241662722081,0.1870528524450492,0.23065213693189435
0.7137999085243791,0.18516893274500035,0.21961775011732243
-0.3522241662722081,0.18516893274500035,0.21961775011732243
0.7137999085243791,0.1870528524450492,0.20844879760988988
-0.3522241662722081,0.1870528524450492,0.20844879760988988
0.7137999085243791,0.19203178308089264,0.19889463341678493
-0.3522241662722081,0.19203178308089264,0.19889463341678493
0.7137999085243791,0.19889463341678493,0.19203178308089264
-0.3522241662722081,0.19889463341678493,0.19203178308089264
0.1797447947319597,0.19983659326680936,0.19135895461658947
-0.3522241662722081,0.19889463341678493,0.19203178308089264
0.17557248915545642,0.2003748560382519,0.19095525753800757
-0.3522241662722081,0.19889463341678493,0.19203178308089264
0.17140018357895315,0.2019896443525795,0.19001329768798314
-0.3522241662722081,0.19889463341678493,0.19203178308089264
0.16514172521419823,0.20508465528837405,0.18839850937365554
-0.3522241662722081,0.20629574652411975,0.18772568090935238
0.1630555724259466,0.2093907574599143,0.1866491553664673
-0.3522241662722081,0.20629574652411975,0.18772568090935238
0.16096941963769495,0.21436968809575774,0.18557262982358225
-0.3522241662722081,0.21329316255287267,0.18570719551644288
0.16096941963769495,0.21961775011732243,0.18516893274500035
-0.3522241662722081,0.21961775011732243,0.18516893274500035
0.16096941963769495,0.21961775011732243,0.18516893274500035
-0.3522241662722081,0.22580777198891155,0.18570719551644288
0.16096941963769495,0.22486581213888712,0.18557262982358225
-0.3522241662722081,0.23280518801766448,0.18772568090935238
0.1630555724259466,0.22971017708186992,0.1866491553664673
-0.3522241662722081,0.23280518801766448,0.18772568090935238
0.16722787800244987,0.23401627925341018,0.18839850937365554
-0.3522241662722081,0.2402063011249993,0.19203178308089264
0.17140018357895315,0.23724585588206537,0.19001329768798314
-0.3522241662722081,0.2402063011249993,0.19203178308089264
0.17557248915545642,0.23886064419639297,0.19095525753800757
-0.3522241662722081,0.2402063011249993,0.19203178308089264
0.18183094752021134,0.23926434127497487,0.19135895461658947
-0.3522241662722081,0.2470691514608916,0.19889463341678493
0.7137999085243791,0.2470691514608916,0.19889463341678493
-0.3522241662722081,0.2470691514608916,0.19889463341678493
0.7137999085243791,0.252048082096735,0.20844879760988988
-0.3522241662722081,0.252048082096735,0.20844879760988988
0.7137999085243791,0.2539320017967839,0.21961775011732243
-0.3522241662722081,0.2539320017967839,0.21961775011732243
0.7137999085243791,0.252048082096735,0.23065213693189435
-0.3522241662722081,0.252048082096735,0.23065213693189435
0.7137999085243791,0.2470691514608916,0.2402063011249993
-0.3522241662722081,0.2470691514608916,0.2402063011249993
0.1797447947319597,0.23926434127497487,0.24774197992519476
-0.3522241662722081,0.2402063011249993,0.2470691514608916
0.17557248915545642,0.23872607850353234,0.24814567700377665
-0.3522241662722081,0.2402063011249993,0.2470691514608916
0.17140018357895315,0.23711129018920474,0.2490876368538011
-0.3522241662722081,0.2402063011249993,0.2470691514608916
0.16514172521419823,0.23280518801766448,0.25137525363243185
-0.3522241662722081,0.23280518801766448,0.25137525363243185
0.1630555724259466,0.22822995446040295,0.2528554762538988
-0.3522241662722081,0.22580777198891155,0.25339373902534135
0.16096941963769495,0.22365472090314142,0.2536628704110626
-0.3522241662722081,0.21961775011732243,0.2539320017967839
0.16096941963769495,0.21961775011732243,0.2539320017967839
-0.3522241662722081,0.21329316255287267,0.25339373902534135
0.16096941963769495,0.21436968809575774,0.253528304718202
-0.3522241662722081,0.20629574652411975,0.25137525363243185
0.1630555724259466,0.2093907574599143,0.2524517791753169
-0.3522241662722081,0.20629574652411975,0.25137525363243185
0.16514172521419823,0.20508465528837405,0.2507024251681287
-0.3522241662722081,0.19889463341678493,0.2470691514608916
0.17140018357895315,0.2019896443525795,0.2490876368538011
-0.3522241662722081,0.19889463341678493,0.2470691514608916
0.17557248915545642,0.2003748560382519,0.24814567700377665
-0.3522241662722081,0.19889463341678493,0.2470691514608916
0.18183094752021134,0.19983659326680936,0.24774197992519476
-0.3522241662722081,0.19203178308089264,0.2402063011249993
0.1797447947319597,0.19983659326680936,0.19135895461658947
0.18600325309671462,0.2003748560382519,0.19095525753800757
0.7137999085243791,0.19889463341678493,0.19203178308089264
0.1901755586732179,0.2019896443525795,0.19001329768798314
0.7137999085243791,0.19889463341678493,0.19203178308089264
0.19434786424972117,0.20468095820979215,0.18853307506651618
0.7137999085243791,0.20629574652411975,0.18772568090935238
0.19852016982622445,0.2085833633027505,0.18691828675218858
0.7137999085243791,0.20629574652411975,0.18772568090935238
0.20060632261447608,0.2134277282457333,0.18570719551644288
0.7137999085243791,0.21329316255287267,0.18570719551644288
0.20060632261447608,0.21733013333869167,0.18516893274500035
0.7137999085243791,0.21961775011732243,0.18516893274500035
0.20060632261447608,0.22177080120309256,0.18516893274500035
0.7137999085243791,0.22580777198891155,0.18570719551644288
0.20060632261447608,0.22567320629605092,0.18570719551644288
0.7137999085243791,0.23280518801766448,0.18772568090935238
0.19852016982622445,0.23051757123903371,0.18691828675218858
0.7137999085243791,0.23280518801766448,0.18772568090935238
0.19434786424972117,0.23441997633199207,0.18853307506651618
0.7137999085243791,0.2402063011249993,0.19203178308089264
0.1901755586732179,0.23711129018920474,0.19001329768798314
0.7137999085243791,0.2402063011249993,0.19203178308089264
0.18600325309671462,0.23872607850353234,0.19095525753800757
0.7137999085243791,0.2402063011249993,0.19203178308089264
0.18183094752021134,0.23926434127497487,0.19135895461658947
0.7137999085243791,0.2470691514608916,0.19889463341678493
-0.3522241662722081,0.22903734861756675,0.19687614802387543
0.1630555724259466,0.23078670262475498,0.19768354218103923
-0.3522241662722081,0.23428541063913144,0.19983659326680936
0.16722787800244987,0.23509280479629524,0.20050942173111252
-0.3522241662722081,0.23926434127497487,0.20481552390265279
0.17140018357895315,0.2381878157320898,0.20346986697404645
-0.3522241662722081,0.23926434127497487,0.20481552390265279
0.17765864194370806,0.23912977558211423,0.20468095820979215
-0.3522241662722081,0.23926434127497487,0.20481552390265279
0.1797447947319597,0.23926434127497487,0.20481552390265279
-0.3522241662722081,0.24276304928935133,0.21154380854568444
0.7137999085243791,0.24276304928935133,0.21154380854568444
-0.3522241662722081,0.24276304928935133,0.21154380854568444
0.7137999085243791,0.24410870621795766,0.21961775011732243
-0.3522241662722081,0.24410870621795766,0.21961775011732243
0.7137999085243791,0.24276304928935133,0.22755712599609978
-0.3522241662722081,0.24276304928935133,0.22755712599609978
0.1797447947319597,0.23912977558211423,0.23428541063913144
-0.3522241662722081,0.23926434127497487,0.23428541063913144
0.17557248915545642,0.23886064419639297,0.23482367341057397
-0.3522241662722081,0.23926434127497487,0.23428541063913144
0.1693140307907015,0.23724585588206537,0.2365730274177622
-0.3522241662722081,0.23926434127497487,0.23428541063913144
0.16514172521419823,0.23428541063913144,0.23926434127497487
-0.3522241662722081,0.23428541063913144,0.23926434127497487
0.1630555724259466,0.23078670262475498,0.241417392360745
-0.3522241662722081,0.22903734861756675,0.2422247865179088
0.1630555724259466,0.226749731838936,0.2430321806750726
-0.3522241662722081,0.22903734861756675,0.2422247865179088
0.16096941963769495,0.2223090639745351,0.24397414052509703
-0.3522241662722081,0.21961775011732243,0.24410870621795766
0.16096941963769495,0.21961775011732243,0.24410870621795766
-0.3522241662722081,0.21961775011732243,0.24410870621795766
0.16096941963769495,0.21410055671003647,0.24357044344651513
-0.3522241662722081,0.21006358592421748,0.2422247865179088
0.1630555724259466,0.20912162607419305,0.2418210894393269
-0.3522241662722081,0.20481552390265279,0.23926434127497487
0.16722787800244987,0.2032007355883252,0.23791868434636854
-0.3522241662722081,0.19983659326680936,0.23428541063913144
0.17557248915545642,0.20024029034539126,0.23482367341057397
-0.3522241662722081,0.19983659326680936,0.23428541063913144
0.1797447947319597,0.19997115895967,0.23428541063913144
-0.3522241662722081,0.1963378852524329,0.22755712599609978
0.18183094752021134,0.19997115895967,0.23428541063913144
-0.3522241662722081,0.19499222832382657,0.21961775011732243
0.1797447947319597,0.19983659326680936,0.20481552390265279
-0.3522241662722081,0.1963378852524329,0.21154380854568444
0.17557248915545642,0.20010572465253063,0.20454639251693152
-0.3522241662722081,0.19983659326680936,0.20481552390265279
0.17348633636720479,0.20091311880969442,0.20346986697404645
-0.3522241662722081,0.19983659326680936,0.20481552390265279
0.1693140307907015,0.20252790712402202,0.20185507865971886
-0.3522241662722081,0.20481552390265279,0.19983659326680936
0.16514172521419823,0.20602661513839848,0.19902919910964556
-0.3522241662722081,0.20481552390265279,0.19983659326680936
0.1630555724259466,0.21073641438852064,0.19660701663815416
-0.3522241662722081,0.21006358592421748,0.19687614802387543
0.16096941963769495,0.21558077933150344,0.19526135970954783
-0.3522241662722081,0.2166573048743885,0.1951267940166872
0.16096941963769495,0.2202905785816256,0.19499222832382657
-0.3522241662722081,0.22244362966739573,0.1951267940166872
0.16096941963769495,0.22580777198891155,0.19579962248099037
-0.3522241662722081,0.22903734861756675,0.19687614802387543
0.1630555724259466,0.23078670262475498,0.19768354218103923
0.7137999085243791,0.24276304928935133,0.21154380854568444
0.1797447947319597,0.23926434127497487,0.20481552390265279
0.7137999085243791,0.23926434127497487,0.20481552390265279
0.18391710030846298,0.2389952098892536,0.20454639251693152
0.7137999085243791,0.23926434127497487,0.20481552390265279
0.1901755586732179,0.23805325003922917,0.20333530128118582
0.7137999085243791,0.23926434127497487,0.20481552390265279
0.19434786424972117,0.23549650187487714,0.2007785531168338
0.7137999085243791,0.23428541063913144,0.19983659326680936
0.19852016982622445,0.23119039970333688,0.1979526735667605
0.7137999085243791,0.22903734861756675,0.19687614802387543
0.20060632261447608,0.2259423376817722,0.19579962248099037
0.7137999085243791,0.22244362966739573,0.1951267940166872
0.20060632261447608,0.22082884135306813,0.19499222832382657
0.7137999085243791,0.2166573048743885,0.1951267940166872
0.20060632261447608,0.21611904210294597,0.19526135970954783
0.7137999085243791,0.21006358592421748,0.19687614802387543
0.19852016982622445,0.21194750562426634,0.19620331955957226
0.7137999085243791,0.21006358592421748,0.19687614802387543
0.1964340170379728,0.20602661513839848,0.19902919910964556
0.7137999085243791,0.20481552390265279,0.19983659326680936
0.19226171146146953,0.2027970385097433,0.2015859472739976
0.7137999085243791,0.19983659326680936,0.20481552390265279
0.1901755586732179,0.2011822501954157,0.2032007355883252
0.7137999085243791,0.19983659326680936,0.20481552390265279
0.18600325309671462,0.20024029034539126,0.20441182682407089
0.7137999085243791,0.1963378852524329,0.21154380854568444
0.1797447947319597,0.19983659326680936,0.20481552390265279
0.7137999085243791,0.19499222832382657,0.21961775011732243
0.18183094752021134,0.19997115895967,0.23428541063913144
0.7137999085243791,0.1963378852524329,0.22755712599609978
0.18600325309671462,0.20024029034539126,0.23482367341057397
0.7137999085243791,0.19983659326680936,0.23428541063913144
0.19226171146146953,0.20185507865971886,0.2365730274177622
0.7137999085243791,0.19983659326680936,0.23428541063913144
0.1964340170379728,0.20481552390265279,0.23926434127497487
0.7137999085243791,0.20481552390265279,0.23926434127497487
0.19852016982622445,0.20831423191702925,0.241417392360745
0.7137999085243791,0.21006358592421748,0.2422247865179088
0.19852016982622445,0.21235120270284824,0.2430321806750726
0.7137999085243791,0.21006358592421748,0.2422247865179088
0.20060632261447608,0.21679187056724913,0.24397414052509703
0.7137999085243791,0.21961775011732243,0.24410870621795766
0.20060632261447608,0.21961775011732243,0.24410870621795766
0.7137999085243791,0.21961775011732243,0.24410870621795766
0.20060632261447608,0.22500037783174776,0.24357044344651513
0.7137999085243791,0.22903734861756675,0.2422247865179088
0.19852016982622445,0.22997930846759118,0.2418210894393269
0.7137999085243791,0.23428541063913144,0.23926434127497487
0.19434786424972117,0.23590019895345904,0.23791868434636854
0.7137999085243791,0.23926434127497487,0.23428541063913144
0.18600325309671462,0.23886064419639297,0.23482367341057397
0.7137999085243791,0.23926434127497487,0.23428541063913144
0.18183094752021134,0.23912977558211423,0.23441997633199207
0.7137999085243791,0.23926434127497487,0.23428541063913144
0.1797447947319597,0.23912977558211423,0.23428541063913144
0.7137999085243791,0.24276304928935133,0.22755712599609978
0.1693140307907015,0.2032007355883252,0.20104768450255506
0.17140018357895315,0.20252790712402202,0.1894750349165406
0.16514172521419823,0.20656487790984102,0.19862550203106366
0.16722787800244987,0.20562291805981658,0.18812937798793428
0.1630555724259466,0.21087098008138128,0.19660701663815416
0.1630555724259466,0.20965988884563558,0.1866491553664673
0.16096941963769495,0.21558077933150344,0.19539592540240847
0.16096941963769495,0.21436968809575774,0.18557262982358225
0.16096941963769495,0.2202905785816256,0.19499222832382657
0.16096941963769495,0.21961775011732243,0.18516893274500035
0.16096941963769495,0.2202905785816256,0.19499222832382657
0.16096941963769495,0.2247312464460265,0.18557262982358225
0.1630555724259466,0.22567320629605092,0.19579962248099037
0.1630555724259466,0.22944104569614865,0.1866491553664673
0.16514172521419823,0.23051757123903371,0.1975489764881786
0.16722787800244987,0.23347801648196764,0.18812937798793428
0.16722787800244987,0.23428541063913144,0.19997115895967
0.17140018357895315,0.2365730274177622,0.18960960060940124
0.17348633636720479,0.23751498726778664,0.20252790712402202
0.17557248915545642,0.2385915128106717,0.1906861261522863
0.17765864194370806,0.2389952098892536,0.20427726113121025
0.18183094752021134,0.23926434127497487,0.19135895461658947
0.1797447947319597,0.23926434127497487,0.20481552390265279
0.18183094752021134,0.23926434127497487,0.19135895461658947
0.18391710030846298,0.23886064419639297,0.20414269543834962
0.18600325309671462,0.23845694711781107,0.1906861261522863
0.18808940588496625,0.237380421574926,0.2023933414311614
0.1901755586732179,0.2365730274177622,0.1894750349165406
0.19226171146146953,0.23468910771771334,0.20024029034539126
0.19434786424972117,0.23388171356054954,0.1882639436807949
0.1964340170379728,0.23078670262475498,0.19768354218103923
0.1964340170379728,0.23024843985331245,0.18691828675218858
0.19852016982622445,0.22580777198891155,0.195934188173851
0.19852016982622445,0.22567320629605092,0.18570719551644288
0.20060632261447608,0.22082884135306813,0.19499222832382657
0.20060632261447608,0.22163623551023193,0.18516893274500035
0.20060632261447608,0.22082884135306813,0.19499222832382657
0.20060632261447608,0.2174646990315523,0.18516893274500035
0.20060632261447608,0.21611904210294597,0.19526135970954783
0.19852016982622445,0.2134277282457333,0.18570719551644288
0.19852016982622445,0.21208207131712697,0.19620331955957226
0.1964340170379728,0.20885249468847178,0.18691828675218858
0.1964340170379728,0.20656487790984102,0.19862550203106366
0.19434786424972117,0.20521922098123468,0.1882639436807949
0.1964340170379728,0.20656487790984102,0.19862550203106366
0.1901755586732179,0.20252790712402202,0.1894750349165406
0.19226171146146953,0.2036044326669071,0.2007785531168338
0.1901755586732179,0.20252790712402202,0.1894750349165406
0.1901755586732179,0.20185507865971886,0.20225877573830076
0.18600325309671462,0.20050942173111252,0.1906861261522863
0.18600325309671462,0.20050942173111252,0.20373899835976772
0.1797447947319597,0.19983659326680936,0.19135895461658947
0.1797447947319597,0.19983659326680936,0.20481552390265279
0.1797447947319597,0.19983659326680936,0.19135895461658947
0.17765864194370806,0.2003748560382519,0.204008129745489
0.17557248915545642,0.20050942173111252,0.1906861261522863
0.17348633636720479,0.20145138158113696,0.20266247281688266
0.17140018357895315,0.20252790712402202,0.1894750349165406
0.1693140307907015,0.2032007355883252,0.20104768450255506
