-0.1387697160243988,-0.5464544296264662, 0.9062495529651642
-2.682209014892578E-7,-0.5624990463256849, 0.9062495529651642
0.1387675702571869,-0.546456336975099, 0.9062495529651642
0.5445541441440582,-0.1742410659790052, 0.4389810264110565
0.5542433559894562,-0.11350154876709116, 0.4261344373226166
0.5620104968547821,-0.023436546325684912, 0.4062497317790985
-0.5435890853404999,-0.17931652069091927, 0.7474842369556427
-0.5542444288730621,-0.11350345611572397, 0.7613649666309357
-0.5620115697383881,-0.023436546325684912, 0.7812496721744537
-0.4088692367076874,-2.686041831970216, 0.47218379378318787
-0.42328450083732605,-2.686642646789552, 0.479374498128891
-0.5192947089672089,-0.396981239318849, 0.47973063588142395
0.28377798199653625,-2.6314535140991224, 0.4581248462200165
0.36776652932167053,-2.7152128219604506, 0.4581248462200165
0.3614746034145355,-2.7200841903686537, 0.45177873969078064
0.5048697888851166,-0.2898988723754896, 0.45177873969078064
0.418241411447525,-0.3908300399780287, 0.44005241990089417
0.4964127838611603,-0.2850408554077162, 0.44005241990089417
-0.070000559091568,-0.34291362762451305, 0.9062495529651642
-0.070000559091568,-0.34291362762451305, 0.28124985098838806
-0.070000559091568,-0.2729139328002943, 0.9062495529651642
-0.070000559091568,-0.2729139328002943, 0.28124985098838806
-0.29546651244163513,-2.6630773544311537, 0.7463895976543427
-0.290725439786911,-2.6684827804565443, 0.7608174979686737
-0.17680558562278748,-2.58822536468506, 0.7463895976543427
-0.1739683449268341,-2.5948324203491224, 0.7608174979686737
0.06999948620796204,-0.34291362762451305, 0.9062495529651642
0.06999948620796204,-0.34291362762451305, 0.28124985098838806
-0.070000559091568,-0.34291362762451305, 0.9062495529651642
-0.070000559091568,-0.34291362762451305, 0.28124985098838806
0.06999948620796204,-0.34291362762451305, 0.28124985098838806
0.06999948620796204,-0.34291362762451305, 0.9062495529651642
0.06999948620796204,-0.2729139328002943, 0.28124985098838806
0.06999948620796204,-0.2729139328002943, 0.9062495529651642
-0.070000559091568,-0.2729139328002943, 0.9062495529651642
-0.13384518027305603,-0.2484903335571302, 0.9062495529651642
-0.070000559091568,-0.34291362762451305, 0.9062495529651642
-0.1387697160243988,-0.5464544296264662, 0.9062495529651642
0.06999948620796204,-0.34291362762451305, 0.9062495529651642
0.1387675702571869,-0.546456336975099, 0.9062495529651642
0.06999948620796204,-0.2729139328002943, 0.9062495529651642
0.1387675702571869,-0.546456336975099, 0.9062495529651642
0.1338607370853424,-0.24848079681396615, 0.9062495529651642
0.29779306054115295,-0.47859287261963024, 0.9062495529651642
0.1994970738887787,-0.19947147369384896, 0.9062495529651642
0.29779306054115295,-0.47859287261963024, 0.9062495529651642
0.23812034726142883,-0.1506357192993177, 0.9062495529651642
0.29779306054115295,-0.47859287261963024, 0.9062495529651642
0.27276161313056946,-0.07303524017334116, 0.9062495529651642
0.29779306054115295,-0.47859287261963024, 0.9062495529651642
0.2819572985172272,-0.0013704299926770992, 0.9062495529651642
0.29776355624198914,0.4786157608032213, 0.9062495529651642
0.2755221426486969,0.05941867828369009, 0.9062495529651642
0.29776355624198914,0.4786157608032213, 0.9062495529651642
0.25433269143104553,0.12265491485595571, 0.9062495529651642
0.29776355624198914,0.4786157608032213, 0.9062495529651642
0.23033443093299866,0.16308116912841666, 0.9062495529651642
0.29776355624198914,0.4786157608032213, 0.9062495529651642
0.1811797320842743,0.21578311920165885, 0.9062495529651642
0.29776355624198914,0.4786157608032213, 0.9062495529651642
0.1308818757534027,0.25006008148193226, 0.9062495529651642
0.13880136609077454,0.5464487075805651, 0.9062495529651642
0.06792506575584412,0.27395153045654164, 0.9062495529651642
0.13880136609077454,0.5464487075805651, 0.9062495529651642
-2.682209014892578E-7,0.28175067901611195, 0.9062495529651642
-2.682209014892578E-7,0.5625009536743151, 0.9062495529651642
-2.682209014892578E-7,0.28175067901611195, 0.9062495529651642
-0.13880190253257751,0.5464506149291979, 0.9062495529651642
-0.06792989373207092,0.2739496231079088, 0.9062495529651642
-0.13880190253257751,0.5464506149291979, 0.9062495529651642
-0.14368566870689392,0.2427835464477526, 0.9062495529651642
-0.297791451215744,0.478598594665526, 0.9062495529651642
-0.19318744540214539,0.20509052276611198, 0.9062495529651642
-0.297791451215744,0.478598594665526, 0.9062495529651642
-0.24608168005943298,0.13848400115966666, 0.9062495529651642
-0.297791451215744,0.478598594665526, 0.9062495529651642
-0.27277234196662903,0.07140064239501821, 0.9062495529651642
-0.297791451215744,0.478598594665526, 0.9062495529651642
-0.28164830803871155,0.010857582092283838, 0.9062495529651642
-0.29779520630836487,-0.47859287261963024, 0.9062495529651642
-0.27683696150779724,-0.05559253692627085, 0.9062495529651642
-0.29779520630836487,-0.47859287261963024, 0.9062495529651642
-0.2636174261569977,-0.10076999664306772, 0.9062495529651642
-0.29779520630836487,-0.47859287261963024, 0.9062495529651642
-0.2290850579738617,-0.16403865814209115, 0.9062495529651642
-0.29779520630836487,-0.47859287261963024, 0.9062495529651642
-0.18892326951026917,-0.20968341827392709, 0.9062495529651642
-0.29779520630836487,-0.47859287261963024, 0.9062495529651642
-0.13384518027305603,-0.2484903335571302, 0.9062495529651642
-0.1387697160243988,-0.5464544296264662, 0.9062495529651642
-0.070000559091568,-0.2729139328002943, 0.28124985098838806
-0.1336139738559723,-0.24805164337158334, 0.28124985098838806
-0.070000559091568,-0.2729139328002943, 0.9062495529651642
-0.1336139738559723,-0.24805164337158334, 0.28124985098838806
-0.1336139738559723,-0.24805164337158334, 0.9062495529651642
-0.18859443068504333,-0.2093191146850599, 0.28124985098838806
-0.18859443068504333,-0.2093191146850599, 0.9062495529651642
-0.2290850579738617,-0.16403865814209115, 0.28124985098838806
-0.2290850579738617,-0.16403865814209115, 0.9062495529651642
-0.26317861676216125,-0.1005983352661146, 0.28124985098838806
-0.26317861676216125,-0.1005983352661146, 0.9062495529651642
-0.2762361466884613,-0.05546855926513804, 0.28124985098838806
-0.2762361466884613,-0.05546855926513804, 0.9062495529651642
-0.2815415561199188,0.010848045349119775, 0.28124985098838806
-0.2815415561199188,0.010848045349119775, 0.9062495529651642
-0.27256956696510315,0.07133960723876821, 0.28124985098838806
-0.27256956696510315,0.07133960723876821, 0.9062495529651642
-0.24554899334907532,0.13816356658935416, 0.28124985098838806
-0.24554899334907532,0.13816356658935416, 0.9062495529651642
-0.19321265816688538,0.20509052276611198, 0.28124985098838806
-0.19318744540214539,0.20509052276611198, 0.9062495529651642
-0.14347055554389954,0.24248790740966666, 0.28124985098838806
-0.14347055554389954,0.24248790740966666, 0.9062495529651642
-0.0677957832813263,0.2734727859497057, 0.28124985098838806
-0.0677957832813263,0.2734727859497057, 0.9062495529651642
-2.682209014892578E-7,0.28175067901611195, 0.28124985098838806
-2.682209014892578E-7,0.28175067901611195, 0.9062495529651642
0.06779524683952332,0.2734727859497057, 0.28124985098838806
0.06779524683952332,0.2734727859497057, 0.9062495529651642
0.130674809217453,0.24961566925048698, 0.28124985098838806
0.130674809217453,0.24961566925048698, 0.9062495529651642
0.18113788962364197,0.2158060073852526, 0.28124985098838806
0.18113788962364197,0.2158060073852526, 0.9062495529651642
0.22993209958076477,0.16283130645751823, 0.28124985098838806
0.22993209958076477,0.16283130645751823, 0.9062495529651642
0.25379249453544617,0.12236118316650259, 0.28124985098838806
0.25379249453544617,0.12236118316650259, 0.9062495529651642
0.2754078805446625,0.05944156646728384, 0.28124985098838806
0.2754078805446625,0.05944156646728384, 0.9062495529651642
0.28174594044685364,-0.0013799667358411617, 0.28124985098838806
0.28174594044685364,-0.0013799667358411617, 0.9062495529651642
0.27217528223991394,-0.07282352447509897, 0.28124985098838806
0.27217528223991394,-0.07282352447509897, 0.9062495529651642
0.23808333277702332,-0.15066051483154427, 0.28124985098838806
0.23808333277702332,-0.15066051483154427, 0.9062495529651642
0.19921597838401794,-0.19923686981201302, 0.28124985098838806
0.19921597838401794,-0.19923686981201302, 0.9062495529651642
0.13361236453056335,-0.24805164337158334, 0.28124985098838806
0.13361236453056335,-0.24805164337158334, 0.9062495529651642
0.13361236453056335,-0.24805164337158334, 0.28124985098838806
0.06999948620796204,-0.2729139328002943, 0.9062495529651642
0.06999948620796204,-0.2729139328002943, 0.28124985098838806
0.43629106879234314,-2.937954902648927, 0.42593714594841003
0.43122169375419617,-2.8841295242309584, 0.43859896063804626
0.43711933493614197,-3.018225669860841, 0.4062497317790985
0.4230286180973053,-2.8311605453491224, 0.4501133859157562
0.43767669796943665,-2.687243461608888, 0.49279090762138367
0.4238069951534271,-2.686665534973146, 0.47973063588142395
0.5267206728458405,-0.3972902297973646, 0.4857209026813507
0.5187695324420929,-0.39695835113525524, 0.479374498128891
0.5050736367702484,-0.3304548263549818, 0.46496835350990295
0.5043542683124542,-0.3963575363159193, 0.47218379378318787
0.4839399755001068,-0.3955068588256849, 0.46874967217445374
0.40369364619255066,-2.6858263015747084, 0.47063973546028137
0.38845333456993103,-2.685191154479982, 0.46874967217445374
0.40369364619255066,-2.6858263015747084, 0.47063973546028137
0.40405359864234924,-2.744534492492677, 0.4647686779499054
0.40369364619255066,-2.6858263015747084, 0.47063973546028137
0.41625282168388367,-2.796956062316896, 0.4567190706729889
0.40369364619255066,-2.6858263015747084, 0.47063973546028137
0.4230286180973053,-2.8311605453491224, 0.4501133859157562
0.40369364619255066,-2.6858263015747084, 0.47063973546028137
0.4238069951534271,-2.686665534973146, 0.47973063588142395
0.5043542683124542,-0.3963575363159193, 0.47218379378318787
0.5187695324420929,-0.39695835113525524, 0.479374498128891
0.5542412102222443,-0.11351871490478647, 0.761361688375473
0.5435783565044403,-0.1793661117553724, 0.747473806142807
0.5620104968547821,-0.023436546325684912, 0.7812496721744537
0.5463855564594269,-0.398110389709474, 0.6562497913837433
0.5620104968547821,-0.023436546325684912, 0.4062497317790985
0.5463855564594269,-0.398110389709474, 0.531249612569809
0.5445541441440582,-0.1742410659790052, 0.4389810264110565
0.5429544746875763,-0.39796733856201305, 0.5108177363872528
0.5316773951053619,-0.2342386245727552, 0.45062926411628723
0.5364646017551422,-0.3976964950561537, 0.4974469244480133
0.5050736367702484,-0.3304548263549818, 0.46496835350990295
0.5364646017551422,-0.3976964950561537, 0.4974469244480133
0.5267206728458405,-0.3972902297973646, 0.4857209026813507
0.5364646017551422,-0.3976964950561537, 0.4974469244480133
0.43767669796943665,-2.687243461608888, 0.49279090762138367
0.44543954730033875,-2.687567710876466, 0.5056914389133453
0.43711933493614197,-3.018225669860841, 0.4062497317790985
0.45008084177970886,-2.6877603530883802, 0.5211651027202606
0.4508994519710541,-2.687794685363771, 0.531249612569809
0.5463855564594269,-0.398110389709474, 0.531249612569809
0.4508994519710541,-2.687794685363771, 0.6562497913837433
0.5463855564594269,-0.398110389709474, 0.6562497913837433
0.4490111768245697,-2.6877164840698256, 0.6715029180049896
0.5429544746875763,-0.39796733856201305, 0.6766816675662994
0.4399276077747345,-2.687336921691896, 0.69163379073143
0.5364646017551422,-0.3976964950561537, 0.6900524795055389
0.5267206728458405,-0.3972902297973646, 0.7017785012722015
0.5205987989902496,-0.2772588729858412, 0.7295816838741302
0.5267206728458405,-0.3972902297973646, 0.7017785012722015
0.5050419867038727,-0.33055591583252086, 0.7225203216075897
0.5187695324420929,-0.39695835113525524, 0.7081249058246613
0.5043542683124542,-0.3963575363159193, 0.7153156101703644
0.4139895737171173,-2.686255455017091, 0.7132848799228668
0.3985293209552765,-2.6856107711792006, 0.7179307639598846
0.42534443736076355,-2.8443441390991224, 0.7401308119297028
0.3985293209552765,-2.6856107711792006, 0.7179307639598846
0.41531941294670105,-2.792613029479982, 0.7300057709217072
0.3985293209552765,-2.6856107711792006, 0.7179307639598846
0.40405306220054626,-2.7445306777954115, 0.7227301299571991
0.3985293209552765,-2.6856107711792006, 0.7179307639598846
0.38845333456993103,-2.685191154479982, 0.7187497317790985
0.4839399755001068,-0.3955068588256849, 0.7187497317790985
0.306031733751297,-2.6026735305786146, 0.7187497317790985
0.45668765902519226,-0.4267549514770521, 0.7187497317790985
0.306031733751297,-2.6026735305786146, 0.7187497317790985
0.3159897029399872,-0.5393209457397474, 0.7187497317790985
0.16963228583335876,-2.527159690856935, 0.7187497317790985
0.3159897029399872,-0.5393209457397474, 0.7187497317790985
0.05512717366218567,-2.5025854110717787, 0.7187497317790985
0.19830939173698425,-0.5928277969360365, 0.7187497317790985
0.05512717366218567,-2.5025854110717787, 0.7187497317790985
-8.046627044677734E-7,-0.6249990463256849, 0.7187497317790985
-0.08339980244636536,-2.5060644149780287, 0.7187497317790985
-8.046627044677734E-7,-0.6249990463256849, 0.7187497317790985
-0.19827237725257874,-2.5381803512573256, 0.7187497317790985
-0.1983431875705719,-0.5928163528442396, 0.7187497317790985
-0.19827237725257874,-2.5381803512573256, 0.7187497317790985
-0.3681173622608185,-0.5053129196167006, 0.7187497317790985
-0.33030572533607483,-2.6233739852905287, 0.7187497317790985
-0.3681173622608185,-0.5053129196167006, 0.7187497317790985
-0.388454407453537,-2.685191154479982, 0.7187497317790985
-0.48394104838371277,-0.3955068588256849, 0.7187497317790985
-0.4036947190761566,-2.6858263015747084, 0.7168596684932709
-0.5043553411960602,-0.3963575363159193, 0.7153156101703644
-0.4238080680370331,-2.686665534973146, 0.7077687680721283
-0.5187706053256989,-0.39695835113525524, 0.7081249058246613
-0.5267217457294464,-0.3972902297973646, 0.7017785012722015
-0.5050741732120514,-0.3304548263549818, 0.7225310504436493
-0.5267217457294464,-0.3972902297973646, 0.7017785012722015
-0.5205971896648407,-0.27727031707763805, 0.729579895734787
-0.5364656746387482,-0.3976964950561537, 0.6900524795055389
-0.535146564245224,-0.2194375991821302, 0.7396113574504852
-0.5429555475711823,-0.39796733856201305, 0.6766816675662994
-0.5435890853404999,-0.17931652069091927, 0.7474842369556427
-0.5463866293430328,-0.398110389709474, 0.6562497913837433
-0.5620115697383881,-0.023436546325684912, 0.7812496721744537
-0.5620115697383881,-0.023436546325684912, 0.4062497317790985
-0.5625002682209015,9.536743150883628E-7, 0.9062495529651642
-0.5620115697383881,-0.023436546325684912, 0.4062497317790985
-0.5320947468280792,0.1824331283569323, 0.9062495529651642
-0.5320947468280792,0.1824331283569323, 0.28124985098838806
-0.5320947468280792,0.1824331283569323, 0.9062495529651642
-0.481912761926651,0.2901163101196276, 0.28124985098838806
-0.481912761926651,0.2901163101196276, 0.9062495529651642
-0.37693431973457336,0.41752529144286976, 0.28124985098838806
-0.37693431973457336,0.41752529144286976, 0.9062495529651642
-0.27011480927467346,0.4934015274047838, 0.28124985098838806
-0.27011480927467346,0.4934015274047838, 0.9062495529651642
-0.1384628713130951,0.5451936721801744, 0.28124985098838806
-0.1384628713130951,0.5451936721801744, 0.9062495529651642
-2.682209014892578E-7,0.5625009536743151, 0.28124985098838806
-2.682209014892578E-7,0.5625009536743151, 0.9062495529651642
0.13846072554588318,0.5451936721801744, 0.28124985098838806
0.13846072554588318,0.5451936721801744, 0.9062495529651642
0.297168105840683,0.47759532928466664, 0.28124985098838806
0.297168105840683,0.47759532928466664, 0.9062495529651642
0.44999930262565613,0.3375005722045885, 0.28124985098838806
0.44999930262565613,0.3375005722045885, 0.9062495529651642
0.5320936739444733,0.1824331283569323, 0.28124985098838806
0.5320936739444733,0.1824331283569323, 0.9062495529651642
0.5620104968547821,-0.023436546325684912, 0.7812496721744537
0.5624991953372955,9.536743150883628E-7, 0.9062495529651642
0.5419068038463593,-0.1508035659790052, 0.7812496721744537
0.5320936739444733,-0.18243122100830209, 0.9062495529651642
0.48782649636268616,-0.2800531387329115, 0.7812496721744537
0.48191168904304504,-0.2901124954223646, 0.9062495529651642
0.41094473004341125,-0.38409519195556774, 0.7812496721744537
0.3769332468509674,-0.4175233840942396, 0.9062495529651642
0.28434500098228455,-0.48533725738525524, 0.7812496721744537
0.2701137363910675,-0.4933996200561537, 0.9062495529651642
0.17844441533088684,-0.5334444046020521, 0.7812496721744537
0.13846179842948914,-0.5451898574829115, 0.9062495529651642
-2.682209014892578E-7,-0.5624990463256849, 0.7812496721744537
-2.682209014892578E-7,-0.5624990463256849, 0.9062495529651642
-2.682209014892578E-7,-0.5624990463256849, 0.7812496721744537
-0.13846179842948914,-0.5451917648315443, 0.9062495529651642
-0.1784454882144928,-0.5334444046020521, 0.7812496721744537
-0.29716917872428894,-0.4775934219360365, 0.9062495529651642
-0.3312273323535919,-0.45463657379150524, 0.7812496721744537
-0.4500003755092621,-0.33749866485595836, 0.9062495529651642
-0.4716527760028839,-0.3065118789672865, 0.7812496721744537
-0.5320947468280792,-0.18243122100830209, 0.9062495529651642
-0.5419325530529022,-0.15071582794189584, 0.7812496721744537
-0.5625002682209015,9.536743150883628E-7, 0.9062495529651642
-0.5419325530529022,-0.15071582794189584, 0.7812496721744537
-0.5620115697383881,-0.023436546325684912, 0.7812496721744537
-0.5419325530529022,-0.15071582794189584, 0.7812496721744537
-0.5544498860836029,-0.11342906951904429, 0.7608183920383453
-0.4745323956012726,-0.30838298797607555, 0.7608174979686737
-0.5443620979785919,-0.1792306900024427, 0.7464134395122528
-0.4805614650249481,-0.3123006820678724, 0.7463895976543427
-0.5363052785396576,-0.2194662094116224, 0.7384293973445892
-0.485882967710495,-0.3157587051391615, 0.7384317815303802
-0.5220198333263397,-0.2775201797485365, 0.7286750972270966
-0.4957154095172882,-0.3221502304077162, 0.7286792695522308
-0.5060698091983795,-0.3307447433471693, 0.7221844494342804
-0.34812578558921814,-0.47782993316650524, 0.7286792695522308
-0.35599860548973083,-0.48863697052002086, 0.7221838533878326
-0.1875494420528412,-0.5606584548950209, 0.7286792695522308
-0.1917910873889923,-0.5733385086059584, 0.7221838533878326
-8.046627044677734E-7,-0.591195106506349, 0.7286792695522308
-8.046627044677734E-7,-0.6045656204223646, 0.7221838533878326
0.18754836916923523,-0.5606584548950209, 0.7286792695522308
0.19179001450538635,-0.5733385086059584, 0.7221838533878326
0.29885897040367126,-0.5100946426391615, 0.7286792695522308
0.30561813712120056,-0.5216302871704115, 0.7221838533878326
0.43195393681526184,-0.40364360809326305, 0.7286792695522308
0.4417230784893036,-0.4127721786499037, 0.7221838533878326
0.5060381591320038,-0.3308382034301771, 0.7221755087375641
0.4417230784893036,-0.4127721786499037, 0.7221838533878326
0.4839399755001068,-0.3955068588256849, 0.7187497317790985
0.4417230784893036,-0.4127721786499037, 0.7221838533878326
0.4566517174243927,-0.4267225265502943, 0.7187497317790985
0.30561813712120056,-0.5216302871704115, 0.7221838533878326
0.3159467875957489,-0.5392599105834974, 0.7187497317790985
0.30561813712120056,-0.5216302871704115, 0.7221838533878326
0.19827184081077576,-0.5927152633667006, 0.7187497317790985
0.19179001450538635,-0.5733385086059584, 0.7221838533878326
-8.046627044677734E-7,-0.6249990463256849, 0.7187497317790985
-8.046627044677734E-7,-0.6045656204223646, 0.7221838533878326
-8.046627044677734E-7,-0.6249990463256849, 0.7187497317790985
-0.1917910873889923,-0.5733385086059584, 0.7221838533878326
-0.1982729136943817,-0.5927152633667006, 0.7187497317790985
-0.1917910873889923,-0.5733385086059584, 0.7221838533878326
-0.36803045868873596,-0.5051507949829115, 0.7187497317790985
-0.35599860548973083,-0.48863697052002086, 0.7221838533878326
-0.48394104838371277,-0.3955068588256849, 0.7187497317790985
-0.5060698091983795,-0.3307447433471693, 0.7221844494342804
-0.43629804253578186,-2.938059806823732, 0.42591211199760437
-0.4371204078197479,-3.018225669860841, 0.4062497317790985
-0.4312233030796051,-2.884131431579591, 0.4385983645915985
-0.45090052485466003,-2.687794685363771, 0.531249612569809
-0.44746944308280945,-2.68765163421631, 0.5108177363872528
-0.5455685555934906,-0.39807605743408336, 0.5211651027202606
-0.5409267246723175,-0.3978834152221693, 0.5056914389133453
-0.5620115697383881,-0.023436546325684912, 0.4062497317790985
-0.5331644117832184,-0.3975591659545912, 0.49279090762138367
-0.5316806137561798,-0.23423099517822396, 0.4506280720233917
-0.5192947089672089,-0.396981239318849, 0.47973063588142395
-0.4991813600063324,-0.3961420059204115, 0.47063973546028137
-0.4088692367076874,-2.686041831970216, 0.47218379378318787
-0.388454407453537,-2.685191154479982, 0.46874967217445374
-0.4088692367076874,-2.686041831970216, 0.47218379378318787
-0.4040541350841522,-2.7445306777954115, 0.46476927399635315
-0.42328450083732605,-2.686642646789552, 0.479374498128891
-0.43123510479927063,-2.6869745254516615, 0.4857209026813507
-0.5192947089672089,-0.396981239318849, 0.47973063588142395
-0.43123510479927063,-2.6869745254516615, 0.4857209026813507
-0.5331644117832184,-0.3975591659545912, 0.49279090762138367
-0.4409790337085724,-2.6873807907104506, 0.4974469244480133
-0.5409267246723175,-0.3978834152221693, 0.5056914389133453
-0.4409790337085724,-2.6873807907104506, 0.4974469244480133
-0.44746944308280945,-2.68765163421631, 0.5108177363872528
-0.42299750447273254,-2.830983161926271, 0.4501497447490692
-0.4312233030796051,-2.884131431579591, 0.4385983645915985
0.5364646017551422,-0.3976964950561537, 0.4974469244480133
0.5429544746875763,-0.39796733856201305, 0.5108177363872528
0.44543954730033875,-2.687567710876466, 0.5056914389133453
0.5429544746875763,-0.39796733856201305, 0.5108177363872528
0.45008084177970886,-2.6877603530883802, 0.5211651027202606
0.5463855564594269,-0.398110389709474, 0.531249612569809
0.5205987989902496,-0.2772588729858412, 0.7295816838741302
0.5364646017551422,-0.3976964950561537, 0.6900524795055389
0.535146027803421,-0.21943378448486459, 0.739611953496933
0.5429544746875763,-0.39796733856201305, 0.6766816675662994
0.5435783565044403,-0.1793661117553724, 0.747473806142807
0.5463855564594269,-0.398110389709474, 0.6562497913837433
-0.5337089002132416,0.1828756332397448, 0.9062495529651642
-0.5625002682209015,9.536743150883628E-7, 0.9062495529651642
-0.45053842663764954,0.3377714157104479, 0.9062495529651642
-0.5336852967739105,-0.18294429779052865, 0.9062495529651642
-0.45053842663764954,0.3377714157104479, 0.9062495529651642
-0.4504338204860687,-0.3379049301147474, 0.9062495529651642
-0.45053842663764954,0.3377714157104479, 0.9062495529651642
-0.29779520630836487,-0.47859287261963024, 0.9062495529651642
-0.297791451215744,0.478598594665526, 0.9062495529651642
-0.4040541350841522,-2.7445306777954115, 0.46476927399635315
-0.4162217080593109,-2.7968053817749037, 0.4567461907863617
-0.43123510479927063,-2.6869745254516615, 0.4857209026813507
-0.4162217080593109,-2.7968053817749037, 0.4567461907863617
-0.4409790337085724,-2.6873807907104506, 0.4974469244480133
-0.42299750447273254,-2.830983161926271, 0.4501497447490692
-0.4371204078197479,-3.018225669860841, 0.4062497317790985
-0.43657270073890686,-2.9382143020629896, 0.4266473352909088
-0.4200272262096405,-2.8775892257690443, 0.4062497317790985
-0.43221786618232727,-2.884358406066896, 0.4400375187397003
-0.36512240767478943,-2.752795219421388, 0.42668190598487854
-0.370501309633255,-2.749154090881349, 0.44005241990089417
-0.290725439786911,-2.6684827804565443, 0.42668190598487854
-0.2950083911418915,-2.6635999679565443, 0.44005241990089417
-0.1739683449268341,-2.5948324203491224, 0.42668190598487854
-0.17653146386146545,-2.588864326477052, 0.44005241990089417
-0.07343754172325134,-2.565222740173341, 0.42668190598487854
-0.07451954483985901,-2.558815956115724, 0.44005241990089417
0.048565953969955444,-2.561745643615724, 0.42668190598487854
0.049281567335128784,-2.5552892684936537, 0.44005241990089417
0.1489599645137787,-2.5849866867065443, 0.42668190598487854
0.1511545479297638,-2.5788736343383802, 0.44005241990089417
0.2690102756023407,-2.650631904602052, 0.42668190598487854
0.27297350764274597,-2.645485877990724, 0.44005241990089417
0.34862789511680603,-2.7300329208374037, 0.42668190598487854
0.35376378893852234,-2.7260560989379896, 0.44005241990089417
0.4050385057926178,-2.8257379531860365, 0.42668190598487854
0.4110053479671478,-2.8231725692749037, 0.44005241990089417
0.4322167932987213,-2.884358406066896, 0.4400375187397003
0.4110053479671478,-2.8231725692749037, 0.44005241990089417
0.42485788464546204,-2.8311815261840834, 0.4517665207386017
0.3614746034145355,-2.7200841903686537, 0.45177873969078064
0.4183615744113922,-2.7967481613159193, 0.4581117331981659
0.36776652932167053,-2.7152128219604506, 0.4581248462200165
0.405632346868515,-2.7441415786743177, 0.46532121300697327
0.37917396426200867,-2.706379890441896, 0.4653155505657196
0.38845333456993103,-2.685191154479982, 0.46874967217445374
0.2925804555416107,-2.6200208663940443, 0.4653155505657196
0.30507150292396545,-2.6038522720336927, 0.46874967217445374
0.16201159358024597,-2.548624992370607, 0.4653155505657196
0.16887590289115906,-2.5293798446655287, 0.46874967217445374
0.05282154679298401,-2.5233469009399427, 0.4653155505657196
0.05509766936302185,-2.5030431747436537, 0.46874967217445374
0.05282154679298401,-2.5233469009399427, 0.4653155505657196
-0.0832415521144867,-2.506976127624513, 0.46874967217445374
-0.07987216114997864,-2.527127265930177, 0.4653155505657196
-0.19723811745643616,-2.5405435562133802, 0.46874967217445374
-0.18921133875846863,-2.559332847595216, 0.4653155505657196
-0.32968828082084656,-2.624091148376466, 0.46874967217445374
-0.31619784235954285,-2.6394357681274427, 0.4653155505657196
-0.388454407453537,-2.685191154479982, 0.46874967217445374
-0.31619784235954285,-2.6394357681274427, 0.4653155505657196
-0.4056371748447418,-2.7441549301147474, 0.4653197228908539
-0.30668511986732483,-2.6502847671508802, 0.4581248462200165
-0.3851660192012787,-2.739224433898927, 0.4581248462200165
-0.30143818259239197,-2.6562662124633802, 0.45177873969078064
-0.3785769045352936,-2.7436857223510756, 0.45177873969078064
-0.2950083911418915,-2.6635999679565443, 0.44005241990089417
-0.3785769045352936,-2.7436857223510756, 0.45177873969078064
-0.370501309633255,-2.749154090881349, 0.44005241990089417
-0.42482730746269226,-2.8309946060180677, 0.4518040716648102
-0.43221786618232727,-2.884358406066896, 0.4400375187397003
0.4110053479671478,-2.8231725692749037, 0.44005241990089417
0.35376378893852234,-2.7260560989379896, 0.44005241990089417
0.3614746034145355,-2.7200841903686537, 0.45177873969078064
0.2789231836795807,-2.6377592086792006, 0.45177873969078064
0.28377798199653625,-2.6314535140991224, 0.4581248462200165
0.15713748335838318,-2.562205314636232, 0.4581248462200165
0.16201159358024597,-2.548624992370607, 0.4653155505657196
0.15713748335838318,-2.562205314636232, 0.4581248462200165
0.05282154679298401,-2.5233469009399427, 0.4653155505657196
0.05123206973075867,-2.53768825531006, 0.4581248462200165
-0.07987216114997864,-2.527127265930177, 0.4653155505657196
-0.07746943831443787,-2.5413541793823256, 0.4581248462200165
-0.18921133875846863,-2.559332847595216, 0.4653155505657196
-0.18351861834526062,-2.572590827941896, 0.4581248462200165
-0.31619784235954285,-2.6394357681274427, 0.4653155505657196
-0.18351861834526062,-2.572590827941896, 0.4581248462200165
-0.30668511986732483,-2.6502847671508802, 0.4581248462200165
-0.18037936091423035,-2.579903602600099, 0.45177873969078064
-0.30143818259239197,-2.6562662124633802, 0.45177873969078064
-0.17653146386146545,-2.588864326477052, 0.44005241990089417
-0.2950083911418915,-2.6635999679565443, 0.44005241990089417
0.37917396426200867,-2.706379890441896, 0.4653155505657196
0.36776652932167053,-2.7152128219604506, 0.4581248462200165
0.2925804555416107,-2.6200208663940443, 0.4653155505657196
0.28377798199653625,-2.6314535140991224, 0.4581248462200165
0.16201159358024597,-2.548624992370607, 0.4653155505657196
-0.5316806137561798,-0.23423099517822396, 0.4506280720233917
-0.5218744575977325,-0.2725763320922865, 0.4571819007396698
-0.4991813600063324,-0.3961420059204115, 0.47063973546028137
-0.5050430595874786,-0.33055591583252086, 0.4649790823459625
-0.4991813600063324,-0.3961420059204115, 0.47063973546028137
-0.48394104838371277,-0.3955068588256849, 0.46874967217445374
-0.388454407453537,-2.685191154479982, 0.46874967217445374
-0.48394104838371277,-0.3955068588256849, 0.46874967217445374
-0.33030572533607483,-2.6233739852905287, 0.46874967217445374
-0.3681173622608185,-0.5053129196167006, 0.46874967217445374
-0.19827237725257874,-2.5381803512573256, 0.46874967217445374
-0.1983431875705719,-0.5928163528442396, 0.46874967217445374
-0.08339980244636536,-2.5060644149780287, 0.46874967217445374
-8.046627044677734E-7,-0.6249990463256849, 0.46874967217445374
0.05512717366218567,-2.5025854110717787, 0.46874967217445374
0.19830939173698425,-0.5928277969360365, 0.46874967217445374
0.05512717366218567,-2.5025854110717787, 0.46874967217445374
0.3159897029399872,-0.5393209457397474, 0.46874967217445374
0.16963228583335876,-2.527159690856935, 0.46874967217445374
0.3159897029399872,-0.5393209457397474, 0.46874967217445374
0.306031733751297,-2.6026735305786146, 0.46874967217445374
0.45668765902519226,-0.4267549514770521, 0.46874967217445374
0.38845333456993103,-2.685191154479982, 0.46874967217445374
0.4839399755001068,-0.3955068588256849, 0.46874967217445374
-0.4200272262096405,-2.8775892257690443, 0.4062497317790985
-0.36512240767478943,-2.752795219421388, 0.42668190598487854
-0.3622685372829437,-2.754706382751466, 0.4062497317790985
-0.290725439786911,-2.6684827804565443, 0.42668190598487854
-0.2884460985660553,-2.6710519790649427, 0.4062497317790985
-0.1739683449268341,-2.5948324203491224, 0.42668190598487854
-0.17261973023414612,-2.59799098968506, 0.4062497317790985
-0.07343754172325134,-2.565222740173341, 0.42668190598487854
-0.0728168785572052,-2.568600654602052, 0.4062497317790985
0.048565953969955444,-2.561745643615724, 0.42668190598487854
0.04819580912590027,-2.5651597976684584, 0.4062497317790985
0.048565953969955444,-2.561745643615724, 0.42668190598487854
0.14775297045707703,-2.588202476501466, 0.4062497317790985
0.1489599645137787,-2.5849866867065443, 0.42668190598487854
0.14775297045707703,-2.588202476501466, 0.4062497317790985
0.2690102756023407,-2.650631904602052, 0.42668190598487854
0.26698413491249084,-2.6534070968627943, 0.4062497317790985
0.2690102756023407,-2.650631904602052, 0.42668190598487854
0.3458523452281952,-2.7320566177368177, 0.4062497317790985
0.34862789511680603,-2.7300329208374037, 0.42668190598487854
0.40189120173454285,-2.8271131515502943, 0.4062497317790985
0.4050385057926178,-2.8257379531860365, 0.42668190598487854
0.4365667998790741,-2.938130378723146, 0.42666909098625183
0.4322167932987213,-2.884358406066896, 0.4400375187397003
-0.4056371748447418,-2.7441549301147474, 0.4653197228908539
-0.3851660192012787,-2.739224433898927, 0.4581248462200165
-0.41833046078681946,-2.7965955734252943, 0.45813706517219543
-0.3785769045352936,-2.7436857223510756, 0.45177873969078064
-0.42482730746269226,-2.8309946060180677, 0.4518040716648102
-0.388454407453537,-2.685191154479982, 0.7187497317790985
-0.4036947190761566,-2.6858263015747084, 0.7168596684932709
-0.4040546715259552,-2.7445325851440443, 0.722730427980423
-0.4036947190761566,-2.6858263015747084, 0.7168596684932709
-0.41531941294670105,-2.792609214782716, 0.7300048768520355
-0.4036947190761566,-2.6858263015747084, 0.7168596684932709
-0.42534497380256653,-2.8443441390991224, 0.7401308119297028
-0.4238080680370331,-2.686665534973146, 0.7077687680721283
-0.4376777708530426,-2.687243461608888, 0.6947084963321686
-0.5267217457294464,-0.3972902297973646, 0.7017785012722015
-0.4376777708530426,-2.687243461608888, 0.6947084963321686
-0.5364656746387482,-0.3976964950561537, 0.6900524795055389
-0.4454406201839447,-2.687567710876466, 0.6818079650402069
-0.5429555475711823,-0.39796733856201305, 0.6766816675662994
-0.4500819146633148,-2.6877603530883802, 0.6663343012332916
-0.5463866293430328,-0.398110389709474, 0.6562497913837433
-0.45090052485466003,-2.687794685363771, 0.6562497913837433
-0.45090052485466003,-2.687794685363771, 0.531249612569809
-0.45090052485466003,-2.687794685363771, 0.6562497913837433
-0.4371204078197479,-3.018225669860841, 0.4062497317790985
-0.4371204078197479,-3.018225669860841, 0.7812496721744537
-0.43537160754203796,-3.0431032180786146, 0.3437497913837433
-0.4371204078197479,-3.018225669860841, 0.7812496721744537
-0.41870811581611633,-3.1268434524536146, 0.3437497913837433
-0.41870811581611633,-3.1268434524536146, 0.843749612569809
-0.41870811581611633,-3.1268434524536146, 0.3437497913837433
-0.3722141683101654,-3.229916572570802, 0.843749612569809
-0.3722141683101654,-3.229916572570802, 0.3437497913837433
-0.3129411041736603,-3.305733680725099, 0.843749612569809
-0.3129411041736603,-3.305733680725099, 0.3437497913837433
-0.2311321198940277,-3.371459007263185, 0.843749612569809
-0.2311321198940277,-3.371459007263185, 0.3437497913837433
-0.10769256949424744,-3.4240350723266615, 0.843749612569809
-0.10769256949424744,-3.4240350723266615, 0.3437497913837433
-2.682209014892578E-7,-3.437497138977052, 0.843749612569809
-2.682209014892578E-7,-3.437497138977052, 0.3437497913837433
-2.682209014892578E-7,-3.437497138977052, 0.843749612569809
0.10769256949424744,-3.4240350723266615, 0.3437497913837433
0.10769256949424744,-3.4240350723266615, 0.843749612569809
0.10769256949424744,-3.4240350723266615, 0.3437497913837433
0.2100885808467865,-3.3837537765502943, 0.843749612569809
0.2100885808467865,-3.3837537765502943, 0.3437497913837433
0.2931700050830841,-3.3247385025024427, 0.843749612569809
0.2931700050830841,-3.3247385025024427, 0.3437497913837433
0.3722141683101654,-3.229916572570802, 0.843749612569809
0.3722141683101654,-3.229916572570802, 0.3437497913837433
0.40848782658576965,-3.1566610336303724, 0.843749612569809
0.40848782658576965,-3.1566610336303724, 0.3437497913837433
0.43711933493614197,-3.018225669860841, 0.4062497317790985
0.4346044957637787,-3.050240516662599, 0.3437497913837433
0.43711933493614197,-3.018225669860841, 0.4062497317790985
0.435370534658432,-2.9568910598754896, 0.3437497913837433
0.43537160754203796,-2.9569025039672865, 0.4062497317790985
0.435370534658432,-2.9568910598754896, 0.3437497913837433
0.4187086522579193,-2.873156547546388, 0.4062497317790985
0.4187070429325104,-2.8731508255004896, 0.3437497913837433
0.4187086522579193,-2.873156547546388, 0.4062497317790985
0.37221309542655945,-2.770077705383302, 0.3437497913837433
0.37219271063804626,-2.7700452804565443, 0.4062497317790985
0.3129400312900543,-2.694262504577638, 0.3437497913837433
0.31292983889579773,-2.694251060485841, 0.4062497317790985
0.23113104701042175,-2.6285352706909193, 0.3437497913837433
0.23112943768501282,-2.6285333633422865, 0.4062497317790985
0.10769149661064148,-2.5759592056274427, 0.3437497913837433
0.10768184065818787,-2.57595729827881, 0.4062497317790985
-2.682209014892578E-7,-2.562497138977052, 0.3437497913837433
-2.682209014892578E-7,-2.562497138977052, 0.4062497317790985
-0.1076936423778534,-2.5759592056274427, 0.3437497913837433
-0.1077258288860321,-2.575966835021974, 0.4062497317790985
-0.21008965373039246,-2.61624050140381, 0.3437497913837433
-0.21010252833366394,-2.616248130798341, 0.4062497317790985
-0.21008965373039246,-2.61624050140381, 0.3437497913837433
-0.29315444827079773,-2.675240516662599, 0.4062497317790985
-0.29317107796669006,-2.6752557754516615, 0.3437497913837433
-0.3722168505191803,-2.7700815200805677, 0.4062497317790985
-0.37221524119377136,-2.770079612731935, 0.3437497913837433
-0.40848246216773987,-2.8433179855346693, 0.4062497317790985
-0.4084888994693756,-2.8433351516723646, 0.3437497913837433
-0.4346061050891876,-2.949757575988771, 0.4062497317790985
-0.43460556864738464,-2.9497537612915052, 0.3437497913837433
-0.4371204078197479,-3.018225669860841, 0.4062497317790985
-0.43537160754203796,-3.0431032180786146, 0.3437497913837433
-0.4362916052341461,-2.937954902648927, 0.7615622580051422
-0.4306391179561615,-2.8795824050903334, 0.7478668987751007
-0.4371204078197479,-3.018225669860841, 0.7812496721744537
-0.42534497380256653,-2.8443441390991224, 0.7401308119297028
-0.4371204078197479,-3.018225669860841, 0.7812496721744537
-0.4376777708530426,-2.687243461608888, 0.6947084963321686
-0.4371204078197479,-3.018225669860841, 0.7812496721744537
-0.4454406201839447,-2.687567710876466, 0.6818079650402069
-0.4371204078197479,-3.018225669860841, 0.7812496721744537
-0.4500819146633148,-2.6877603530883802, 0.6663343012332916
-0.45090052485466003,-2.687794685363771, 0.6562497913837433
-0.41870811581611633,-3.1268434524536146, 0.843749612569809
-0.43537160754203796,-3.0431032180786146, 0.843749612569809
-0.4371204078197479,-3.018225669860841, 0.7812496721744537
-0.43460556864738464,-2.9497537612915052, 0.843749612569809
-0.4346044957637787,-2.9497423171997084, 0.7812496721744537
-0.4084888994693756,-2.8433351516723646, 0.843749612569809
-0.4084862172603607,-2.8433275222778334, 0.7812496721744537
-0.37221524119377136,-2.770079612731935, 0.843749612569809
-0.3721943199634552,-2.7700452804565443, 0.7812496721744537
-0.29317107796669006,-2.6752557754516615, 0.843749612569809
-0.2931796610355377,-2.6752634048461927, 0.7812496721744537
-0.29317107796669006,-2.6752557754516615, 0.843749612569809
-0.21010735630989075,-2.616251945495607, 0.7812496721744537
-0.21008965373039246,-2.61624050140381, 0.843749612569809
-0.1076834499835968,-2.57595729827881, 0.7812496721744537
-0.1076936423778534,-2.5759592056274427, 0.843749612569809
-0.1076834499835968,-2.57595729827881, 0.7812496721744537
-2.682209014892578E-7,-2.562497138977052, 0.843749612569809
-2.682209014892578E-7,-2.562497138977052, 0.7812496721744537
0.10769149661064148,-2.5759592056274427, 0.843749612569809
0.10772421956062317,-2.575966835021974, 0.7812496721744537
0.23113104701042175,-2.6285352706909193, 0.843749612569809
0.23114660382270813,-2.6285448074340834, 0.7812496721744537
0.3129400312900543,-2.694262504577638, 0.843749612569809
0.3129523694515228,-2.694273948669435, 0.7812496721744537
0.37221309542655945,-2.770077705383302, 0.843749612569809
0.37221524119377136,-2.7700815200805677, 0.7812496721744537
0.4187070429325104,-2.8731508255004896, 0.843749612569809
0.4187065064907074,-2.873148918151857, 0.7812496721744537
0.4187070429325104,-2.8731508255004896, 0.843749612569809
0.43536999821662903,-2.956887245178224, 0.7812496721744537
0.435370534658432,-2.9568910598754896, 0.843749612569809
0.43711933493614197,-3.018225669860841, 0.7812496721744537
0.4346044957637787,-3.050240516662599, 0.843749612569809
0.43711933493614197,-3.018225669860841, 0.4062497317790985
0.40848782658576965,-3.1566610336303724, 0.843749612569809
0.43711933493614197,-3.018225669860841, 0.7812496721744537
0.4365716278553009,-2.9382143020629896, 0.7608517706394196
0.4316025674343109,-2.9284105300903334, 0.7812496721744537
0.4050385057926178,-2.8257379531860365, 0.7608174979686737
0.4018901288509369,-2.8271093368530287, 0.7812496721744537
0.348628431558609,-2.7300329208374037, 0.7608174979686737
0.34590277075767517,-2.732123374938966, 0.7812496721744537
0.2690102756023407,-2.650631904602052, 0.7608174979686737
0.2669278085231781,-2.6533632278442396, 0.7812496721744537
0.1489599645137787,-2.5849866867065443, 0.7608174979686737
0.14778301119804382,-2.588213920593263, 0.7812496721744537
0.048565953969955444,-2.561745643615724, 0.7608174979686737
0.04819956421852112,-2.5651597976684584, 0.7812496721744537
0.048565953969955444,-2.561745643615724, 0.7608174979686737
-0.0728694498538971,-2.5686082839965834, 0.7812496721744537
-0.07343754172325134,-2.565222740173341, 0.7608174979686737
-0.17256715893745422,-2.597968101501466, 0.7812496721744537
-0.1739683449268341,-2.5948324203491224, 0.7608174979686737
-0.288478285074234,-2.671080589294435, 0.7812496721744537
-0.290725439786911,-2.6684827804565443, 0.7608174979686737
-0.36512240767478943,-2.752795219421388, 0.7608174979686737
-0.29546651244163513,-2.6630773544311537, 0.7463895976543427
-0.371076375246048,-2.7487630844116224, 0.7463895976543427
-0.29965075850486755,-2.658305168151857, 0.7384317815303802
-0.3763318955898285,-2.745205879211427, 0.7384317815303802
-0.3073824942111969,-2.6494894027709974, 0.7286792695522308
-0.3860414922237396,-2.7386312484741224, 0.7286792695522308
-0.31619784235954285,-2.6394357681274427, 0.7221838533878326
-0.40563341975212097,-2.744139671325685, 0.722178190946579
-0.31619784235954285,-2.6394357681274427, 0.7221838533878326
-0.388454407453537,-2.685191154479982, 0.7187497317790985
-0.31619784235954285,-2.6394357681274427, 0.7221838533878326
-0.32966575026512146,-2.624072074890138, 0.7187497317790985
-0.18921133875846863,-2.559332847595216, 0.7221838533878326
-0.1972692310810089,-2.54055690765381, 0.7187497317790985
-0.07987216114997864,-2.527127265930177, 0.7221838533878326
-0.08327481150627136,-2.5069799423217787, 0.7187497317790985
0.05282154679298401,-2.5233469009399427, 0.7221838533878326
0.05509015917778015,-2.503041267395021, 0.7187497317790985
0.05282154679298401,-2.5233469009399427, 0.7221838533878326
0.16887590289115906,-2.5293798446655287, 0.7187497317790985
0.16201159358024597,-2.548624992370607, 0.7221838533878326
0.2925804555416107,-2.6200208663940443, 0.7221838533878326
0.15749475359916687,-2.5612096786499037, 0.7286792695522308
0.2844233214855194,-2.6306161880493177, 0.7286792695522308
0.15353313088417053,-2.572245597839357, 0.7384317815303802
0.2772693336009979,-2.6399068832397474, 0.7384317815303802
0.15138950943946838,-2.5782194137573256, 0.7463895976543427
0.273397296667099,-2.644934654235841, 0.7463895976543427
0.1489599645137787,-2.5849866867065443, 0.7608174979686737
0.273397296667099,-2.644934654235841, 0.7463895976543427
0.2690102756023407,-2.650631904602052, 0.7608174979686737
0.3543136417865753,-2.7256307601928724, 0.7463895976543427
0.348628431558609,-2.7300329208374037, 0.7608174979686737
0.41164371371269226,-2.822896003723146, 0.7463895976543427
0.4050385057926178,-2.8257379531860365, 0.7608174979686737
0.4317227303981781,-2.879931449890138, 0.7464149296283722
0.4365716278553009,-2.9382143020629896, 0.7608517706394196
0.4508994519710541,-2.687794685363771, 0.531249612569809
0.4508994519710541,-2.687794685363771, 0.6562497913837433
0.43711933493614197,-3.018225669860841, 0.4062497317790985
0.4508994519710541,-2.687794685363771, 0.6562497913837433
0.43711933493614197,-3.018225669860841, 0.7812496721744537
0.4490111768245697,-2.6877164840698256, 0.6715029180049896
0.43711933493614197,-3.018225669860841, 0.7812496721744537
0.4399276077747345,-2.687336921691896, 0.69163379073143
0.4268791973590851,-2.6867933273315443, 0.7055160105228424
0.5267206728458405,-0.3972902297973646, 0.7017785012722015
0.4268791973590851,-2.6867933273315443, 0.7055160105228424
0.5187695324420929,-0.39695835113525524, 0.7081249058246613
0.4268791973590851,-2.6867933273315443, 0.7055160105228424
0.4139895737171173,-2.686255455017091, 0.7132848799228668
0.43711933493614197,-3.018225669860841, 0.7812496721744537
0.42534443736076355,-2.8443441390991224, 0.7401308119297028
0.43711933493614197,-3.018225669860841, 0.7812496721744537
0.4306546747684479,-2.8797121047973646, 0.7478961050510406
0.4362969696521759,-2.938059806823732, 0.7615872919559479
-0.4371204078197479,-3.018225669860841, 0.7812496721744537
-0.42000576853752136,-2.8775167465209974, 0.7812496721744537
-0.43656787276268005,-2.938128471374513, 0.7608300149440765
-0.42000576853752136,-2.8775167465209974, 0.7812496721744537
-0.43170878291130066,-2.879801750183107, 0.7463842332363129
-0.36512240767478943,-2.752795219421388, 0.7608174979686737
-0.43170878291130066,-2.879801750183107, 0.7463842332363129
-0.371076375246048,-2.7487630844116224, 0.7463895976543427
-0.4269907772541046,-2.8444528579711927, 0.7384654581546783
-0.3763318955898285,-2.745205879211427, 0.7384317815303802
-0.4174356758594513,-2.7923803329467787, 0.7286676466464996
-0.3860414922237396,-2.7386312484741224, 0.7286792695522308
-0.40563341975212097,-2.744139671325685, 0.722178190946579
0.29779306054115295,-0.47859287261963024, 0.9062495529651642
0.4504649341106415,-0.33786296844482555, 0.9062495529651642
0.29776355624198914,0.4786157608032213, 0.9062495529651642
0.4504649341106415,-0.33786296844482555, 0.9062495529651642
0.45044293999671936,0.3378934860229479, 0.9062495529651642
0.5336842238903046,-0.18294429779052865, 0.9062495529651642
0.533674567937851,0.18297672271728385, 0.9062495529651642
0.5624991953372955,9.536743150883628E-7, 0.9062495529651642
0.4317227303981781,-2.879931449890138, 0.7464149296283722
0.42698970437049866,-2.8444528579711927, 0.7384654581546783
0.41164371371269226,-2.822896003723146, 0.7463895976543427
0.35933151841163635,-2.7217454910278334, 0.7384317815303802
0.3543136417865753,-2.7256307601928724, 0.7463895976543427
0.35933151841163635,-2.7217454910278334, 0.7384317815303802
0.273397296667099,-2.644934654235841, 0.7463895976543427
0.35933151841163635,-2.7217454910278334, 0.7384317815303802
0.2772693336009979,-2.6399068832397474, 0.7384317815303802
0.36860284209251404,-2.714566230773927, 0.7286792695522308
0.2844233214855194,-2.6306161880493177, 0.7286792695522308
0.37917450070381165,-2.706379890441896, 0.7221838533878326
0.2925804555416107,-2.6200208663940443, 0.7221838533878326
0.38845333456993103,-2.685191154479982, 0.7187497317790985
0.2925804555416107,-2.6200208663940443, 0.7221838533878326
0.30508384108543396,-2.603861808776857, 0.7187497317790985
0.16887590289115906,-2.5293798446655287, 0.7187497317790985
0.06999948620796204,-0.2729139328002943, 0.28124985098838806
0.1338607370853424,-0.24848079681396615, 0.28124985098838806
0.06999948620796204,-0.34291362762451305, 0.28124985098838806
0.1387675702571869,-0.546456336975099, 0.28124985098838806
0.06999948620796204,-0.34291362762451305, 0.28124985098838806
-2.682209014892578E-7,-0.5624990463256849, 0.28124985098838806
0.06999948620796204,-0.34291362762451305, 0.28124985098838806
-0.1387697160243988,-0.5464544296264662, 0.28124985098838806
-0.070000559091568,-0.34291362762451305, 0.28124985098838806
-0.13384518027305603,-0.2484903335571302, 0.28124985098838806
-0.070000559091568,-0.2729139328002943, 0.28124985098838806
-0.31619784235954285,-2.6394357681274427, 0.7221838533878326
-0.3073824942111969,-2.6494894027709974, 0.7286792695522308
-0.18921133875846863,-2.559332847595216, 0.7221838533878326
-0.1839359700679779,-2.5716199874877943, 0.7286792695522308
-0.07987216114997864,-2.527127265930177, 0.7221838533878326
-0.07764539122581482,-2.540310859680177, 0.7286792695522308
0.05282154679298401,-2.5233469009399427, 0.7221838533878326
0.051348477602005005,-2.5366373062133802, 0.7286792695522308
0.16201159358024597,-2.548624992370607, 0.7221838533878326
0.051348477602005005,-2.5366373062133802, 0.7286792695522308
0.15749475359916687,-2.5612096786499037, 0.7286792695522308
0.05005726218223572,-2.5482912063598646, 0.7384317815303802
0.15353313088417053,-2.572245597839357, 0.7384317815303802
0.04935827851295471,-2.5545988082885756, 0.7463895976543427
0.15138950943946838,-2.5782194137573256, 0.7463895976543427
0.048565953969955444,-2.561745643615724, 0.7608174979686737
0.1489599645137787,-2.5849866867065443, 0.7608174979686737
0.43453744053840637,-2.9461221694946302, 0.843749612569809
0.40974685549736023,-2.842822074890138, 0.843749612569809
0.4364471733570099,-3.0324010848999037, 0.843749612569809
0.40974685549736023,-2.842822074890138, 0.843749612569809
0.40975919365882874,-3.1571397781372084, 0.843749612569809
0.3503445088863373,-2.737191200256349, 0.843749612569809
0.3503616750240326,-3.2627801895141615, 0.843749612569809
0.24892643094062805,-2.975369453430177, 0.843749612569809
0.3503616750240326,-3.2627801895141615, 0.843749612569809
0.24853160977363586,-3.0287122726440443, 0.843749612569809
0.3503616750240326,-3.2627801895141615, 0.843749612569809
0.2341410219669342,-3.089810371398927, 0.843749612569809
0.2316165268421173,-3.3722372055053724, 0.843749612569809
0.21313396096229553,-3.131680488586427, 0.843749612569809
0.2316165268421173,-3.3722372055053724, 0.843749612569809
0.16757556796073914,-3.18557643890381, 0.843749612569809
0.2316165268421173,-3.3722372055053724, 0.843749612569809
0.12036064267158508,-3.2198724746704115, 0.843749612569809
0.10793021321296692,-3.4250192642211927, 0.843749612569809
0.06168946623802185,-3.2428636550903334, 0.843749612569809
0.10793021321296692,-3.4250192642211927, 0.843749612569809
-2.682209014892578E-7,-3.249997138977052, 0.843749612569809
-2.682209014892578E-7,-3.437497138977052, 0.843749612569809
-2.682209014892578E-7,-3.249997138977052, 0.843749612569809
-0.10793182253837585,-3.4250192642211927, 0.843749612569809
-0.06169000267982483,-3.2428636550903334, 0.843749612569809
-0.10793182253837585,-3.4250192642211927, 0.843749612569809
-0.13235226273536682,-3.212706565856935, 0.843749612569809
-0.23161867260932922,-3.3722372055053724, 0.843749612569809
-0.17878130078315735,-3.174750328063966, 0.843749612569809
-0.23161867260932922,-3.3722372055053724, 0.843749612569809
-0.2131344974040985,-3.131680488586427, 0.843749612569809
-0.23161867260932922,-3.3722372055053724, 0.843749612569809
-0.23990777134895325,-3.0727071762084974, 0.843749612569809
-0.35033753514289856,-3.2628126144409193, 0.843749612569809
-0.248927503824234,-3.0246229171752943, 0.843749612569809
-0.3504190742969513,-2.7372884750366224, 0.843749612569809
-0.2485305368900299,-2.971262931823732, 0.843749612569809
-0.3504190742969513,-2.7372884750366224, 0.843749612569809
-0.234146386384964,-2.910195350646974, 0.843749612569809
-0.23161545395851135,-2.627755165100099, 0.843749612569809
-0.21313878893852234,-2.8683214187622084, 0.843749612569809
-0.23161545395851135,-2.627755165100099, 0.843749612569809
-0.16751441359519958,-2.8143625259399427, 0.843749612569809
-0.23161545395851135,-2.627755165100099, 0.843749612569809
-0.12042930722236633,-2.780159950256349, 0.843749612569809
-0.10795703530311584,-2.57498073577881, 0.843749612569809
-0.06167551875114441,-2.757128715515138, 0.843749612569809
-0.10795703530311584,-2.57498073577881, 0.843749612569809
-2.682209014892578E-7,-2.749997138977052, 0.843749612569809
-2.682209014892578E-7,-2.562497138977052, 0.843749612569809
-2.682209014892578E-7,-2.749997138977052, 0.843749612569809
0.10795649886131287,-2.5749826431274427, 0.843749612569809
0.061673909425735474,-2.7571268081665052, 0.843749612569809
0.10795649886131287,-2.5749826431274427, 0.843749612569809
0.13235226273536682,-2.7872877120971693, 0.843749612569809
0.23159345984458923,-2.6277418136596693, 0.843749612569809
0.1788301169872284,-2.825295448303224, 0.843749612569809
0.23159345984458923,-2.6277418136596693, 0.843749612569809
0.2131371796131134,-2.8683195114135756, 0.843749612569809
0.23159345984458923,-2.6277418136596693, 0.843749612569809
0.23991528153419495,-2.927317619323732, 0.843749612569809
0.3503445088863373,-2.737191200256349, 0.843749612569809
0.24892643094062805,-2.975369453430177, 0.843749612569809
0.1338607370853424,-0.24848079681396615, 0.28124985098838806
0.1994970738887787,-0.19947147369384896, 0.28124985098838806
0.1387675702571869,-0.546456336975099, 0.28124985098838806
0.1994970738887787,-0.19947147369384896, 0.28124985098838806
0.29779306054115295,-0.47859287261963024, 0.28124985098838806
0.23812034726142883,-0.1506357192993177, 0.28124985098838806
0.29779306054115295,-0.47859287261963024, 0.28124985098838806
0.27276161313056946,-0.07303524017334116, 0.28124985098838806
0.29779306054115295,-0.47859287261963024, 0.28124985098838806
0.2819572985172272,-0.0013704299926770992, 0.28124985098838806
0.29776355624198914,0.4786157608032213, 0.28124985098838806
0.2755221426486969,0.05941867828369009, 0.28124985098838806
0.29776355624198914,0.4786157608032213, 0.28124985098838806
0.25433269143104553,0.12265491485595571, 0.28124985098838806
0.29776355624198914,0.4786157608032213, 0.28124985098838806
0.23033443093299866,0.16308116912841666, 0.28124985098838806
0.29776355624198914,0.4786157608032213, 0.28124985098838806
0.1811797320842743,0.21578311920165885, 0.28124985098838806
0.13880136609077454,0.5464487075805651, 0.28124985098838806
0.1308818757534027,0.25006008148193226, 0.28124985098838806
0.13880136609077454,0.5464487075805651, 0.28124985098838806
0.06792506575584412,0.27395153045654164, 0.28124985098838806
-2.682209014892578E-7,0.5625009536743151, 0.28124985098838806
-2.682209014892578E-7,0.28175067901611195, 0.28124985098838806
-2.682209014892578E-7,0.5625009536743151, 0.28124985098838806
-0.06792989373207092,0.2739496231079088, 0.28124985098838806
-0.13880190253257751,0.5464506149291979, 0.28124985098838806
-0.14368566870689392,0.2427835464477526, 0.28124985098838806
-0.13880190253257751,0.5464506149291979, 0.28124985098838806
-0.19321265816688538,0.20509052276611198, 0.28124985098838806
-0.297791451215744,0.478598594665526, 0.28124985098838806
-0.24608168005943298,0.13848400115966666, 0.28124985098838806
-0.297791451215744,0.478598594665526, 0.28124985098838806
-0.27277234196662903,0.07140064239501821, 0.28124985098838806
-0.297791451215744,0.478598594665526, 0.28124985098838806
-0.28164830803871155,0.010857582092283838, 0.28124985098838806
-0.29779520630836487,-0.47859287261963024, 0.28124985098838806
-0.27683696150779724,-0.05559253692627085, 0.28124985098838806
-0.29779520630836487,-0.47859287261963024, 0.28124985098838806
-0.2636174261569977,-0.10076999664306772, 0.28124985098838806
-0.29779520630836487,-0.47859287261963024, 0.28124985098838806
-0.2290850579738617,-0.16403865814209115, 0.28124985098838806
-0.29779520630836487,-0.47859287261963024, 0.28124985098838806
-0.18892326951026917,-0.20968341827392709, 0.28124985098838806
-0.1387697160243988,-0.5464544296264662, 0.28124985098838806
-0.13384518027305603,-0.2484903335571302, 0.28124985098838806
-0.3073824942111969,-2.6494894027709974, 0.7286792695522308
-0.29965075850486755,-2.658305168151857, 0.7384317815303802
-0.1839359700679779,-2.5716199874877943, 0.7286792695522308
-0.1793096959590912,-2.582394599914552, 0.7384317815303802
-0.07764539122581482,-2.540310859680177, 0.7286792695522308
-0.07569220662117004,-2.5518732070922865, 0.7384317815303802
0.051348477602005005,-2.5366373062133802, 0.7286792695522308
-0.07569220662117004,-2.5518732070922865, 0.7384317815303802
0.05005726218223572,-2.5482912063598646, 0.7384317815303802
-0.07463541626930237,-2.5581312179565443, 0.7463895976543427
0.04935827851295471,-2.5545988082885756, 0.7463895976543427
-0.07343754172325134,-2.565222740173341, 0.7608174979686737
0.048565953969955444,-2.561745643615724, 0.7608174979686737
-0.3504190742969513,-2.7372884750366224, 0.843749612569809
-0.409776896238327,-2.8428983688354506, 0.843749612569809
-0.35033753514289856,-3.2628126144409193, 0.843749612569809
-0.409776896238327,-2.8428983688354506, 0.843749612569809
-0.4097554385662079,-3.157153129577638, 0.843749612569809
-0.4364546835422516,-2.9676866531372084, 0.843749612569809
-0.43454709649086,-3.0537977218627943, 0.843749612569809
0.29776355624198914,0.4786157608032213, 0.28124985098838806
0.45044293999671936,0.3378934860229479, 0.28124985098838806
0.29779306054115295,-0.47859287261963024, 0.28124985098838806
0.45044293999671936,0.3378934860229479, 0.28124985098838806
0.4504649341106415,-0.33786296844482555, 0.28124985098838806
0.533674567937851,0.18297672271728385, 0.28124985098838806
0.5336842238903046,-0.18294429779052865, 0.28124985098838806
0.5624991953372955,9.536743150883628E-7, 0.28124985098838806
-0.29965075850486755,-2.658305168151857, 0.7384317815303802
-0.29546651244163513,-2.6630773544311537, 0.7463895976543427
-0.1793096959590912,-2.582394599914552, 0.7384317815303802
-0.17680558562278748,-2.58822536468506, 0.7463895976543427
-0.07569220662117004,-2.5518732070922865, 0.7384317815303802
-0.17680558562278748,-2.58822536468506, 0.7463895976543427
-0.07463541626930237,-2.5581312179565443, 0.7463895976543427
-0.1739683449268341,-2.5948324203491224, 0.7608174979686737
-0.07343754172325134,-2.565222740173341, 0.7608174979686737
-0.29779520630836487,-0.47859287261963024, 0.28124985098838806
-0.4504338204860687,-0.3379049301147474, 0.28124985098838806
-0.297791451215744,0.478598594665526, 0.28124985098838806
-0.4504338204860687,-0.3379049301147474, 0.28124985098838806
-0.45053842663764954,0.3377714157104479, 0.28124985098838806
-0.5336852967739105,-0.18294429779052865, 0.28124985098838806
-0.5337089002132416,0.1828756332397448, 0.28124985098838806
-0.5625002682209015,9.536743150883628E-7, 0.28124985098838806
0.4364471733570099,-3.0324010848999037, 0.3437497913837433
0.40975919365882874,-3.1571397781372084, 0.3437497913837433
0.43453744053840637,-2.9461221694946302, 0.3437497913837433
0.40975919365882874,-3.1571397781372084, 0.3437497913837433
0.40974685549736023,-2.842822074890138, 0.3437497913837433
0.3503616750240326,-3.2627801895141615, 0.3437497913837433
0.3503445088863373,-2.737191200256349, 0.3437497913837433
0.24831166863441467,-3.030739784240724, 0.3437497913837433
0.3503445088863373,-2.737191200256349, 0.3437497913837433
0.24940171837806702,-2.981534004211427, 0.3437497913837433
0.23159345984458923,-2.6277418136596693, 0.3437497913837433
0.23415765166282654,-2.910225868225099, 0.3437497913837433
0.23159345984458923,-2.6277418136596693, 0.3437497913837433
0.200238436460495,-2.8498773574829115, 0.3437497913837433
0.23159345984458923,-2.6277418136596693, 0.3437497913837433
0.13235118985176086,-2.7872877120971693, 0.3437497913837433
0.23159345984458923,-2.6277418136596693, 0.3437497913837433
0.06168892979621887,-2.757130622863771, 0.3437497913837433
0.10795649886131287,-2.5749826431274427, 0.3437497913837433
0.06168892979621887,-2.757130622863771, 0.3437497913837433
-2.682209014892578E-7,-2.562497138977052, 0.3437497913837433
-2.682209014892578E-7,-2.749997138977052, 0.3437497913837433
-2.682209014892578E-7,-2.562497138977052, 0.3437497913837433
-0.06169053912162781,-2.757130622863771, 0.3437497913837433
-0.10795703530311584,-2.57498073577881, 0.3437497913837433
-0.06169053912162781,-2.757130622863771, 0.3437497913837433
-0.23161545395851135,-2.627755165100099, 0.3437497913837433
-0.13233992457389832,-2.787280082702638, 0.3437497913837433
-0.23161545395851135,-2.627755165100099, 0.3437497913837433
-0.20019766688346863,-2.84982204437256, 0.3437497913837433
-0.23161545395851135,-2.627755165100099, 0.3437497913837433
-0.23414209485054016,-2.910183906555177, 0.3437497913837433
-0.23161545395851135,-2.627755165100099, 0.3437497913837433
-0.24830791354179382,-2.9692106246948256, 0.3437497913837433
-0.3504190742969513,-2.7372884750366224, 0.3437497913837433
-0.35033753514289856,-3.2628126144409193, 0.3437497913837433
-0.3504190742969513,-2.7372884750366224, 0.3437497913837433
-0.4097554385662079,-3.157153129577638, 0.3437497913837433
-0.409776896238327,-2.8428983688354506, 0.3437497913837433
-0.43454709649086,-3.0537977218627943, 0.3437497913837433
-0.4364546835422516,-2.9676866531372084, 0.3437497913837433
0.42698970437049866,-2.8444528579711927, 0.7384654581546783
0.4174356758594513,-2.792386054992677, 0.7286685407161713
0.35933151841163635,-2.7217454910278334, 0.7384317815303802
0.4174356758594513,-2.792386054992677, 0.7286685407161713
0.36860284209251404,-2.714566230773927, 0.7286792695522308
0.4056355655193329,-2.7441530227661146, 0.7221796810626984
0.37917450070381165,-2.706379890441896, 0.7221838533878326
0.38845333456993103,-2.685191154479982, 0.7187497317790985
0.3503616750240326,-3.2627801895141615, 0.3437497913837433
0.2316165268421173,-3.3722372055053724, 0.3437497913837433
0.24831166863441467,-3.030739784240724, 0.3437497913837433
0.2316165268421173,-3.3722372055053724, 0.3437497913837433
0.23414531350135803,-3.089800834655763, 0.3437497913837433
0.2316165268421173,-3.3722372055053724, 0.3437497913837433
0.20019176602363586,-3.1501779556274427, 0.3437497913837433
0.2316165268421173,-3.3722372055053724, 0.3437497913837433
0.1323527991771698,-3.212706565856935, 0.3437497913837433
0.2316165268421173,-3.3722372055053724, 0.3437497913837433
0.06167444586753845,-3.242867469787599, 0.3437497913837433
0.10793021321296692,-3.4250192642211927, 0.3437497913837433
0.06167444586753845,-3.242867469787599, 0.3437497913837433
-2.682209014892578E-7,-3.437497138977052, 0.3437497913837433
-2.682209014892578E-7,-3.249997138977052, 0.3437497913837433
-2.682209014892578E-7,-3.437497138977052, 0.3437497913837433
-0.06167498230934143,-3.242867469787599, 0.3437497913837433
-0.10793182253837585,-3.4250192642211927, 0.3437497913837433
-0.06167498230934143,-3.242867469787599, 0.3437497913837433
-0.23161867260932922,-3.3722372055053724, 0.3437497913837433
-0.13235333561897278,-3.212706565856935, 0.3437497913837433
-0.23161867260932922,-3.3722372055053724, 0.3437497913837433
-0.20020732283592224,-3.1501588821411146, 0.3437497913837433
-0.23161867260932922,-3.3722372055053724, 0.3437497913837433
-0.23414906859397888,-3.089793205261232, 0.3437497913837433
-0.23161867260932922,-3.3722372055053724, 0.3437497913837433
-0.24939903616905212,-3.018513679504396, 0.3437497913837433
-0.35033753514289856,-3.2628126144409193, 0.3437497913837433
-0.24830791354179382,-2.9692106246948256, 0.3437497913837433
-0.5620115697383881,-0.023436546325684912, 0.4062497317790985
-0.5419325530529022,-0.15071582794189584, 0.4062497317790985
-0.5544514954090118,-0.11341953277588022, 0.42667892575263977
-0.4745323956012726,-0.30838298797607555, 0.42668190598487854
-0.5452509820461273,-0.17429065704345834, 0.4400530159473419
-0.47997888922691345,-0.31192302703857555, 0.44005241990089417
-0.5329551994800568,-0.23432254791259896, 0.4517885744571686
-0.48815587162971497,-0.3172369003295912, 0.45177873969078064
-0.5232933461666107,-0.27283191680908336, 0.4581299126148224
-0.4948286712169647,-0.321572303771974, 0.4581248462200165
-0.5060397684574127,-0.3308382034301771, 0.46532389521598816
-0.3475029766559601,-0.47697544097900524, 0.4581248462200165
-0.35599860548973083,-0.48863697052002086, 0.4653155505657196
-0.1917910873889923,-0.5733385086059584, 0.4653155505657196
-0.36803045868873596,-0.5051507949829115, 0.46874967217445374
-0.1917910873889923,-0.5733385086059584, 0.4653155505657196
-0.1982729136943817,-0.5927152633667006, 0.46874967217445374
-8.046627044677734E-7,-0.6045656204223646, 0.4653155505657196
-8.046627044677734E-7,-0.6249990463256849, 0.46874967217445374
0.19179001450538635,-0.5733385086059584, 0.4653155505657196
0.19827184081077576,-0.5927152633667006, 0.46874967217445374
0.30561813712120056,-0.5216302871704115, 0.4653155505657196
0.3159467875957489,-0.5392599105834974, 0.46874967217445374
0.30561813712120056,-0.5216302871704115, 0.4653155505657196
0.4566517174243927,-0.4267225265502943, 0.46874967217445374
0.4417230784893036,-0.4127721786499037, 0.4653155505657196
0.4839399755001068,-0.3955068588256849, 0.46874967217445374
0.4417230784893036,-0.4127721786499037, 0.4653155505657196
0.5060687363147736,-0.3307447433471693, 0.46531495451927185
0.4311814606189728,-0.4029226303100599, 0.4581248462200165
0.5048697888851166,-0.2898988723754896, 0.45177873969078064
0.42536696791648865,-0.3974885940551771, 0.45177873969078064
0.418241411447525,-0.3908300399780287, 0.44005241990089417
0.28937146067619324,-0.49390125274658336, 0.44005241990089417
0.28608790040016174,-0.4882955551147474, 0.42668190598487854
0.1795339286327362,-0.536700248718263, 0.42668190598487854
0.17842832207679749,-0.5334482192993177, 0.4062497317790985
-8.046627044677734E-7,-0.5624990463256849, 0.4062497317790985
0.13846179842948914,-0.5451898574829115, 0.28124985098838806
-8.046627044677734E-7,-0.5624990463256849, 0.4062497317790985
-2.682209014892578E-7,-0.5624990463256849, 0.28124985098838806
-8.046627044677734E-7,-0.5624990463256849, 0.4062497317790985
-0.13846179842948914,-0.5451917648315443, 0.28124985098838806
-0.17842939496040344,-0.5334482192993177, 0.4062497317790985
-0.29716917872428894,-0.4775934219360365, 0.28124985098838806
-0.3312423527240753,-0.45462512969970836, 0.4062497317790985
-0.4500003755092621,-0.33749866485595836, 0.28124985098838806
-0.47161951661109924,-0.3065633773803724, 0.4062497317790985
-0.5320947468280792,-0.18243122100830209, 0.28124985098838806
-0.5419084131717682,-0.1508035659790052, 0.4062497317790985
-0.5625002682209015,9.536743150883628E-7, 0.28124985098838806
-0.5620115697383881,-0.023436546325684912, 0.4062497317790985
-0.5320947468280792,0.1824331283569323, 0.28124985098838806
0.35376378893852234,-2.7260560989379896, 0.44005241990089417
0.27297350764274597,-2.645485877990724, 0.44005241990089417
0.2789231836795807,-2.6377592086792006, 0.45177873969078064
0.15444937348365784,-2.5696935653686537, 0.45177873969078064
0.15713748335838318,-2.562205314636232, 0.4581248462200165
0.15444937348365784,-2.5696935653686537, 0.45177873969078064
0.05123206973075867,-2.53768825531006, 0.4581248462200165
0.05035552382469177,-2.5455961227417006, 0.45177873969078064
-0.07746943831443787,-2.5413541793823256, 0.4581248462200165
-0.07614389061927795,-2.549201011657716, 0.45177873969078064
-0.18351861834526062,-2.572590827941896, 0.4581248462200165
-0.07614389061927795,-2.549201011657716, 0.45177873969078064
-0.18037936091423035,-2.579903602600099, 0.45177873969078064
-0.07451954483985901,-2.558815956115724, 0.44005241990089417
-0.17653146386146545,-2.588864326477052, 0.44005241990089417
0.5060687363147736,-0.3307447433471693, 0.46531495451927185
0.5048697888851166,-0.2898988723754896, 0.45177873969078064
0.5329525172710419,-0.2343301773071302, 0.45179006457328796
0.4964127838611603,-0.2850408554077162, 0.44005241990089417
0.5452783405780792,-0.1741323471069349, 0.4400193393230438
0.4907796084880829,-0.281807899475099, 0.42668190598487854
0.5544493496417999,-0.11342906951904429, 0.4266810119152069
0.5419304072856903,-0.15072154998779427, 0.4062497317790985
0.5620104968547821,-0.023436546325684912, 0.4062497317790985
0.5624991953372955,9.536743150883628E-7, 0.28124985098838806
0.5620104968547821,-0.023436546325684912, 0.7812496721744537
0.5320936739444733,0.1824331283569323, 0.28124985098838806
0.27297350764274597,-2.645485877990724, 0.44005241990089417
0.1511545479297638,-2.5788736343383802, 0.44005241990089417
0.15444937348365784,-2.5696935653686537, 0.45177873969078064
0.1511545479297638,-2.5788736343383802, 0.44005241990089417
0.05035552382469177,-2.5455961227417006, 0.45177873969078064
0.049281567335128784,-2.5552892684936537, 0.44005241990089417
-0.07614389061927795,-2.549201011657716, 0.45177873969078064
-0.07451954483985901,-2.558815956115724, 0.44005241990089417
0.5624991953372955,9.536743150883628E-7, 0.28124985098838806
0.5419304072856903,-0.15072154998779427, 0.4062497317790985
0.5320936739444733,-0.18243122100830209, 0.28124985098838806
0.4878002107143402,-0.280098915100099, 0.4062497317790985
0.48191168904304504,-0.2901124954223646, 0.28124985098838806
0.4109865725040436,-0.38405132293701305, 0.4062497317790985
0.3769332468509674,-0.4175233840942396, 0.28124985098838806
0.28435197472572327,-0.4853334426879896, 0.4062497317790985
0.2701137363910675,-0.4933996200561537, 0.28124985098838806
0.17842832207679749,-0.5334482192993177, 0.4062497317790985
0.13846179842948914,-0.5451898574829115, 0.28124985098838806
0.5419304072856903,-0.15072154998779427, 0.4062497317790985
0.4907796084880829,-0.281807899475099, 0.42668190598487854
0.4878002107143402,-0.280098915100099, 0.4062497317790985
0.4134955108165741,-0.3863954544067396, 0.42668190598487854
0.4109865725040436,-0.38405132293701305, 0.4062497317790985
0.4134955108165741,-0.3863954544067396, 0.42668190598487854
0.28435197472572327,-0.4853334426879896, 0.4062497317790985
0.28608790040016174,-0.4882955551147474, 0.42668190598487854
0.17842832207679749,-0.5334482192993177, 0.4062497317790985
0.4907796084880829,-0.281807899475099, 0.42668190598487854
0.4964127838611603,-0.2850408554077162, 0.44005241990089417
0.4134955108165741,-0.3863954544067396, 0.42668190598487854
0.418241411447525,-0.3908300399780287, 0.44005241990089417
0.28608790040016174,-0.4882955551147474, 0.42668190598487854
-0.5419325530529022,-0.15071582794189584, 0.4062497317790985
-0.4716527760028839,-0.3065118789672865, 0.4062497317790985
-0.4745323956012726,-0.30838298797607555, 0.42668190598487854
-0.33324918150901794,-0.4574117660522474, 0.42668190598487854
-0.33707454800605774,-0.4626607894897474, 0.44005241990089417
-0.18159547448158264,-0.5428609848022474, 0.44005241990089417
-0.18468967080116272,-0.5521097183227552, 0.45177873969078064
-8.046627044677734E-7,-0.5821809768676771, 0.45177873969078064
-8.046627044677734E-7,-0.5901384353637709, 0.4581248462200165
0.18721309304237366,-0.5596551895141615, 0.4581248462200165
0.19179001450538635,-0.5733385086059584, 0.4653155505657196
0.18721309304237366,-0.5596551895141615, 0.4581248462200165
0.30561813712120056,-0.5216302871704115, 0.4653155505657196
0.29832467436790466,-0.5091810226440443, 0.4581248462200165
0.4417230784893036,-0.4127721786499037, 0.4653155505657196
0.29832467436790466,-0.5091810226440443, 0.4581248462200165
0.4311814606189728,-0.4029226303100599, 0.4581248462200165
0.2943018972873688,-0.5023145675659193, 0.45177873969078064
0.42536696791648865,-0.3974885940551771, 0.45177873969078064
0.2943018972873688,-0.5023145675659193, 0.45177873969078064
0.28937146067619324,-0.49390125274658336, 0.44005241990089417
0.18159440159797668,-0.5428609848022474, 0.44005241990089417
0.1795339286327362,-0.536700248718263, 0.42668190598487854
-8.046627044677734E-7,-0.5659322738647474, 0.42668190598487854
-8.046627044677734E-7,-0.5624990463256849, 0.4062497317790985
-0.17953500151634216,-0.536700248718263, 0.42668190598487854
-0.17842939496040344,-0.5334482192993177, 0.4062497317790985
-0.33324918150901794,-0.4574117660522474, 0.42668190598487854
-0.3312423527240753,-0.45462512969970836, 0.4062497317790985
-0.4716527760028839,-0.3065118789672865, 0.4062497317790985
0.5060381591320038,-0.3308382034301771, 0.7221755087375641
0.5220225155353546,-0.277504920959474, 0.7286774814128876
0.43195393681526184,-0.40364360809326305, 0.7286792695522308
0.5025191009044647,-0.28854846954345836, 0.7384317815303802
0.423385888338089,-0.395638465881349, 0.7384317815303802
0.49701520800590515,-0.28538799285888805, 0.7463895976543427
0.4187494218349457,-0.391304969787599, 0.7463895976543427
0.4907796084880829,-0.281807899475099, 0.7608174979686737
0.4134955108165741,-0.3863954544067396, 0.7608174979686737
0.48780128359794617,-0.2800970077514662, 0.7812496721744537
0.4134955108165741,-0.3863954544067396, 0.7608174979686737
0.4109865725040436,-0.38405132293701305, 0.7812496721744537
0.4134955108165741,-0.3863954544067396, 0.7608174979686737
0.28434500098228455,-0.48533725738525524, 0.7812496721744537
0.28608790040016174,-0.4882955551147474, 0.7608174979686737
0.17844441533088684,-0.5334444046020521, 0.7812496721744537
0.1795339286327362,-0.536700248718263, 0.7608174979686737
-2.682209014892578E-7,-0.5624990463256849, 0.7812496721744537
-8.046627044677734E-7,-0.5659322738647474, 0.7608174979686737
-0.1784454882144928,-0.5334444046020521, 0.7812496721744537
-0.17953500151634216,-0.536700248718263, 0.7608174979686737
-0.3312273323535919,-0.45463657379150524, 0.7812496721744537
-0.33324918150901794,-0.4574117660522474, 0.7608174979686737
-0.4716527760028839,-0.3065118789672865, 0.7812496721744537
-0.4745323956012726,-0.30838298797607555, 0.7608174979686737
-0.5419325530529022,-0.15071582794189584, 0.7812496721744537
-0.4745323956012726,-0.30838298797607555, 0.42668190598487854
-0.33707454800605774,-0.4626607894897474, 0.44005241990089417
-0.47997888922691345,-0.31192302703857555, 0.44005241990089417
-0.34281715750694275,-0.4705438613891615, 0.45177873969078064
-0.48815587162971497,-0.3172369003295912, 0.45177873969078064
-0.3475029766559601,-0.47697544097900524, 0.4581248462200165
-0.4948286712169647,-0.321572303771974, 0.4581248462200165
0.19179001450538635,-0.5733385086059584, 0.4653155505657196
-8.046627044677734E-7,-0.6045656204223646, 0.4653155505657196
-8.046627044677734E-7,-0.5901384353637709, 0.4581248462200165
-0.18721416592597961,-0.5596551895141615, 0.4581248462200165
-0.18468967080116272,-0.5521097183227552, 0.45177873969078064
-0.34281715750694275,-0.4705438613891615, 0.45177873969078064
-0.33707454800605774,-0.4626607894897474, 0.44005241990089417
0.48780128359794617,-0.2800970077514662, 0.7812496721744537
0.4907796084880829,-0.281807899475099, 0.7608174979686737
0.5419309437274933,-0.15071773529052865, 0.7812496721744537
0.5544504225254059,-0.11341953277588022, 0.7608204782009125
0.5620104968547821,-0.023436546325684912, 0.7812496721744537
-0.33324918150901794,-0.4574117660522474, 0.42668190598487854
-0.17953500151634216,-0.536700248718263, 0.42668190598487854
-0.18159547448158264,-0.5428609848022474, 0.44005241990089417
-8.046627044677734E-7,-0.5724287033081068, 0.44005241990089417
-8.046627044677734E-7,-0.5821809768676771, 0.45177873969078064
0.18468859791755676,-0.5521097183227552, 0.45177873969078064
0.18721309304237366,-0.5596551895141615, 0.4581248462200165
0.18468859791755676,-0.5521097183227552, 0.45177873969078064
0.29832467436790466,-0.5091810226440443, 0.4581248462200165
0.18468859791755676,-0.5521097183227552, 0.45177873969078064
0.2943018972873688,-0.5023145675659193, 0.45177873969078064
0.18468859791755676,-0.5521097183227552, 0.45177873969078064
0.18159440159797668,-0.5428609848022474, 0.44005241990089417
-8.046627044677734E-7,-0.5724287033081068, 0.44005241990089417
-8.046627044677734E-7,-0.5659322738647474, 0.42668190598487854
-0.17953500151634216,-0.536700248718263, 0.42668190598487854
-0.4745323956012726,-0.30838298797607555, 0.7608174979686737
-0.4805614650249481,-0.3123006820678724, 0.7463895976543427
-0.33324918150901794,-0.4574117660522474, 0.7608174979686737
-0.33748385310173035,-0.4632234573364271, 0.7463895976543427
-0.17953500151634216,-0.536700248718263, 0.7608174979686737
-0.1818159520626068,-0.5435190200805677, 0.7463895976543427
-8.046627044677734E-7,-0.5659322738647474, 0.7608174979686737
-8.046627044677734E-7,-0.5731229782104506, 0.7463895976543427
0.1795339286327362,-0.536700248718263, 0.7608174979686737
0.18181487917900085,-0.5435190200805677, 0.7463895976543427
0.28608790040016174,-0.4882955551147474, 0.7608174979686737
0.28972283005714417,-0.4945001602172865, 0.7463895976543427
0.4134955108165741,-0.3863954544067396, 0.7608174979686737
0.28972283005714417,-0.4945001602172865, 0.7463895976543427
0.4187494218349457,-0.391304969787599, 0.7463895976543427
0.29293128848075867,-0.4999761581420912, 0.7384317815303802
0.423385888338089,-0.395638465881349, 0.7384317815303802
0.29885897040367126,-0.5100946426391615, 0.7286792695522308
0.43195393681526184,-0.40364360809326305, 0.7286792695522308
-8.046627044677734E-7,-0.6045656204223646, 0.4653155505657196
-0.1917910873889923,-0.5733385086059584, 0.4653155505657196
-0.18721416592597961,-0.5596551895141615, 0.4581248462200165
-0.3475029766559601,-0.47697544097900524, 0.4581248462200165
-0.34281715750694275,-0.4705438613891615, 0.45177873969078064
0.5544504225254059,-0.11341953277588022, 0.7608204782009125
0.4907796084880829,-0.281807899475099, 0.7608174979686737
0.5443502962589264,-0.1792898178100599, 0.7464012205600739
0.49701520800590515,-0.28538799285888805, 0.7463895976543427
0.5363047420978546,-0.21946430206298959, 0.738429993391037
0.5025191009044647,-0.28854846954345836, 0.7384317815303802
0.5220225155353546,-0.277504920959474, 0.7286774814128876
-0.4805614650249481,-0.3123006820678724, 0.7463895976543427
-0.485882967710495,-0.3157587051391615, 0.7384317815303802
-0.33748385310173035,-0.4632234573364271, 0.7463895976543427
-0.3412207067012787,-0.4683523178100599, 0.7384317815303802
-0.1818159520626068,-0.5435190200805677, 0.7463895976543427
-0.18382921814918518,-0.549538612365724, 0.7384317815303802
-8.046627044677734E-7,-0.5731229782104506, 0.7463895976543427
-8.046627044677734E-7,-0.5794687271118177, 0.7384317815303802
0.18181487917900085,-0.5435190200805677, 0.7463895976543427
0.18382814526557922,-0.549538612365724, 0.7384317815303802
0.28972283005714417,-0.4945001602172865, 0.7463895976543427
0.18382814526557922,-0.549538612365724, 0.7384317815303802
0.29293128848075867,-0.4999761581420912, 0.7384317815303802
0.18754836916923523,-0.5606584548950209, 0.7286792695522308
0.29885897040367126,-0.5100946426391615, 0.7286792695522308
-0.485882967710495,-0.3157587051391615, 0.7384317815303802
-0.4957154095172882,-0.3221502304077162, 0.7286792695522308
-0.3412207067012787,-0.4683523178100599, 0.7384317815303802
-0.34812578558921814,-0.47782993316650524, 0.7286792695522308
-0.18382921814918518,-0.549538612365724, 0.7384317815303802
-0.1875494420528412,-0.5606584548950209, 0.7286792695522308
-8.046627044677734E-7,-0.5794687271118177, 0.7384317815303802
-8.046627044677734E-7,-0.591195106506349, 0.7286792695522308
0.18382814526557922,-0.549538612365724, 0.7384317815303802
0.18754836916923523,-0.5606584548950209, 0.7286792695522308
0.06153765320777893,-2.757689476013185, 0.843749612569809
0.13207438588142395,-2.7877340316772474, 0.3437497913837433
0.13207438588142395,-2.7877340316772474, 0.843749612569809
0.1788226068019867,-2.8252916336059584, 0.3437497913837433
0.1788301169872284,-2.825295448303224, 0.843749612569809
0.2126930058002472,-2.8686151504516615, 0.3437497913837433
0.2126930058002472,-2.8686151504516615, 0.843749612569809
0.23926082253456116,-2.9275140762329115, 0.3437497913837433
0.23926082253456116,-2.9275140762329115, 0.843749612569809
0.2487832009792328,-2.9753656387329115, 0.3437497913837433
0.2487832009792328,-2.9753656387329115, 0.843749612569809
0.24834546446800232,-3.0287084579467787, 0.3437497913837433
0.24834546446800232,-3.0287084579467787, 0.843749612569809
0.23342111706733704,-3.089518547058107, 0.3437497913837433
0.23342111706733704,-3.089518547058107, 0.843749612569809
0.21269354224205017,-3.1313791275024427, 0.3437497913837433
0.21269354224205017,-3.1313791275024427, 0.843749612569809
0.16752567887306213,-3.1855630874633802, 0.3437497913837433
0.16752567887306213,-3.1855630874633802, 0.843749612569809
0.1200505793094635,-3.219286918640138, 0.3437497913837433
0.1200505793094635,-3.219286918640138, 0.843749612569809
0.06153818964958191,-3.2423048019409193, 0.3437497913837433
0.06153818964958191,-3.2423048019409193, 0.843749612569809
-2.682209014892578E-7,-3.249997138977052, 0.3437497913837433
-2.682209014892578E-7,-3.249997138977052, 0.843749612569809
-2.682209014892578E-7,-3.249997138977052, 0.3437497913837433
-0.06153872609138489,-3.2423048019409193, 0.843749612569809
-0.06153872609138489,-3.2423048019409193, 0.3437497913837433
-0.06153872609138489,-3.2423048019409193, 0.843749612569809
-0.1320754587650299,-3.2122621536254896, 0.3437497913837433
-0.1320754587650299,-3.2122621536254896, 0.843749612569809
-0.17882367968559265,-3.174702644348146, 0.3437497913837433
-0.17882367968559265,-3.174702644348146, 0.843749612569809
-0.21269407868385315,-3.1313791275024427, 0.3437497913837433
-0.21269407868385315,-3.1313791275024427, 0.843749612569809
-0.23926189541816711,-3.0724821090698256, 0.3437497913837433
-0.23926189541816711,-3.0724821090698256, 0.843749612569809
-0.24878427386283875,-3.0246286392211927, 0.3437497913837433
-0.24878427386283875,-3.0246286392211927, 0.843749612569809
-0.24834653735160828,-2.9712858200073256, 0.3437497913837433
-0.24834653735160828,-2.9712858200073256, 0.843749612569809
-0.233422189950943,-2.9104757308959974, 0.3437497913837433
-0.233422189950943,-2.9104757308959974, 0.843749612569809
-0.21269461512565613,-2.8686151504516615, 0.3437497913837433
-0.21269461512565613,-2.8686151504516615, 0.843749612569809
-0.1675267517566681,-2.814431190490724, 0.3437497913837433
-0.1675267517566681,-2.814431190490724, 0.843749612569809
-0.12005165219306946,-2.780707359313966, 0.3437497913837433
-0.12005165219306946,-2.780707359313966, 0.843749612569809
-0.061539262533187866,-2.757689476013185, 0.3437497913837433
-0.061539262533187866,-2.757689476013185, 0.843749612569809
-2.682209014892578E-7,-2.749997138977052, 0.3437497913837433
-2.682209014892578E-7,-2.749997138977052, 0.843749612569809
0.06153765320777893,-2.757689476013185, 0.3437497913837433
0.06153765320777893,-2.757689476013185, 0.843749612569809
0.13207438588142395,-2.7877340316772474, 0.3437497913837433
-0.5463866293430328,-0.398110389709474, 0.6562497913837433
-0.5463866293430328,-0.398110389709474, 0.531249612569809
-0.45090052485466003,-2.687794685363771, 0.531249612569809
-0.5463866293430328,-0.398110389709474, 0.531249612569809
-0.5455685555934906,-0.39807605743408336, 0.5211651027202606
-0.5463866293430328,-0.398110389709474, 0.531249612569809
-0.5620115697383881,-0.023436546325684912, 0.4062497317790985
-0.5463866293430328,-0.398110389709474, 0.6562497913837433
-0.5060397684574127,-0.3308382034301771, 0.46532389521598816
-0.35599860548973083,-0.48863697052002086, 0.4653155505657196
-0.48394104838371277,-0.3955068588256849, 0.46874967217445374
-0.36803045868873596,-0.5051507949829115, 0.46874967217445374
-0.288478285074234,-2.671080589294435, 0.7812496721744537
-0.36512240767478943,-2.752795219421388, 0.7608174979686737
-0.3622739017009735,-2.7547140121459974, 0.7812496721744537
-0.42000576853752136,-2.8775167465209974, 0.7812496721744537
0.43711933493614197,-3.018225669860841, 0.4062497317790985
0.4316079318523407,-2.9284410476684584, 0.4062497317790985
0.4365667998790741,-2.938130378723146, 0.42666909098625183
0.40189120173454285,-2.8271131515502943, 0.4062497317790985
-0.48394104838371277,-0.3955068588256849, 0.7187497317790985
-0.5050741732120514,-0.3304548263549818, 0.7225310504436493
-0.5043553411960602,-0.3963575363159193, 0.7153156101703644
-0.5187706053256989,-0.39695835113525524, 0.7081249058246613
-0.5542422831058502,-0.11351680755615366, 0.4261377155780792
-0.5445278584957123,-0.17438411712646615, 0.43901023268699646
-0.5620115697383881,-0.023436546325684912, 0.4062497317790985
-0.5316806137561798,-0.23423099517822396, 0.4506280720233917
0.5050419867038727,-0.33055591583252086, 0.7225203216075897
0.4839399755001068,-0.3955068588256849, 0.7187497317790985
0.5043542683124542,-0.3963575363159193, 0.7153156101703644
0.3985293209552765,-2.6856107711792006, 0.7179307639598846
