262.8299865722656,1458.8076171875, 10.022542953491211
261.9217834472656,1458.8076171875, 8.772542953491211
256.7994384765625,1458.8076171875, 15.5
261.9217834472656,1458.8076171875, 8.772542953491211
262.8299865722656,1458.8076171875, 10.022542953491211
262.8299865722656,1455.8076171875, 10.022542953491211
261.9217834472656,1458.8076171875, 8.772542953491211
262.8299865722656,1455.8076171875, 10.022542953491211
261.9217834472656,1455.8076171875, 8.772542953491211
261.9217834472656,1458.8076171875, 8.772542953491211
261.9217834472656,1455.8076171875, 8.772542953491211
261.7994384765625,1458.8076171875, 8.0
261.9217834472656,1458.8076171875, 8.772542953491211
261.7994384765625,1458.8076171875, 8.0
256.7994384765625,1458.8076171875, 15.5
261.9217834472656,1455.8076171875, 8.772542953491211
262.8299865722656,1455.8076171875, 10.022542953491211
256.7994384765625,1455.8076171875, 15.5
261.9217834472656,1455.8076171875, 8.772542953491211
256.7994384765625,1455.8076171875, 15.5
261.7994384765625,1455.8076171875, 8.0
261.9217834472656,1455.8076171875, 8.772542953491211
261.7994384765625,1455.8076171875, 8.0
261.7994384765625,1458.8076171875, 8.0
262.8299865722656,1455.8076171875, 10.022542953491211
262.8299865722656,1458.8076171875, 10.022542953491211
264.2994384765625,1455.8076171875, 10.5
262.8299865722656,1455.8076171875, 10.022542953491211
264.2994384765625,1455.8076171875, 10.5
256.7994384765625,1455.8076171875, 15.5
262.8299865722656,1458.8076171875, 10.022542953491211
256.7994384765625,1458.8076171875, 15.5
264.2994384765625,1458.8076171875, 10.5
262.8299865722656,1458.8076171875, 10.022542953491211
264.2994384765625,1458.8076171875, 10.5
264.2994384765625,1455.8076171875, 10.5
264.2994384765625,1455.8076171875, 10.5
264.2994384765625,1458.8076171875, 10.5
265.7688903808594,1455.8076171875, 10.022542953491211
264.2994384765625,1455.8076171875, 10.5
265.7688903808594,1455.8076171875, 10.022542953491211
271.7994384765625,1455.8076171875, 15.5
264.2994384765625,1455.8076171875, 10.5
271.7994384765625,1455.8076171875, 15.5
256.7994384765625,1455.8076171875, 15.5
264.2994384765625,1458.8076171875, 10.5
256.7994384765625,1458.8076171875, 15.5
271.7994384765625,1458.8076171875, 15.5
264.2994384765625,1458.8076171875, 10.5
271.7994384765625,1458.8076171875, 15.5
265.7688903808594,1458.8076171875, 10.022542953491211
264.2994384765625,1458.8076171875, 10.5
265.7688903808594,1458.8076171875, 10.022542953491211
265.7688903808594,1455.8076171875, 10.022542953491211
265.7688903808594,1458.8076171875, 10.022542953491211
271.7994384765625,1458.8076171875, 15.5
266.6770935058594,1458.8076171875, 8.772542953491211
265.7688903808594,1458.8076171875, 10.022542953491211
266.6770935058594,1458.8076171875, 8.772542953491211
266.6770935058594,1455.8076171875, 8.772542953491211
265.7688903808594,1458.8076171875, 10.022542953491211
266.6770935058594,1455.8076171875, 8.772542953491211
265.7688903808594,1455.8076171875, 10.022542953491211
265.7688903808594,1455.8076171875, 10.022542953491211
266.6770935058594,1455.8076171875, 8.772542953491211
275.1989440917969,1455.8076171875, 13.355473518371582
265.7688903808594,1455.8076171875, 10.022542953491211
275.1989440917969,1455.8076171875, 13.355473518371582
271.7994384765625,1455.8076171875, 15.5
266.6770935058594,1455.8076171875, 8.772542953491211
266.6770935058594,1458.8076171875, 8.772542953491211
266.6770935058594,1455.8076171875, 7.227457523345947
266.6770935058594,1455.8076171875, 8.772542953491211
266.6770935058594,1455.8076171875, 7.227457523345947
278.89794921875,1455.8076171875, 11.78288459777832
266.6770935058594,1455.8076171875, 8.772542953491211
278.89794921875,1455.8076171875, 11.78288459777832
275.1989440917969,1455.8076171875, 13.355473518371582
275.1989440917969,1455.8076171875, 13.355473518371582
278.89794921875,1455.8076171875, 11.78288459777832
278.89794921875,1458.8076171875, 11.78288459777832
275.1989440917969,1455.8076171875, 13.355473518371582
278.89794921875,1458.8076171875, 11.78288459777832
275.1989440917969,1458.8076171875, 13.355473518371582
275.1989440917969,1455.8076171875, 13.355473518371582
275.1989440917969,1458.8076171875, 13.355473518371582
271.7994384765625,1455.8076171875, 15.5
275.1989440917969,1458.8076171875, 13.355473518371582
278.89794921875,1458.8076171875, 11.78288459777832
266.6770935058594,1458.8076171875, 8.772542953491211
275.1989440917969,1458.8076171875, 13.355473518371582
266.6770935058594,1458.8076171875, 8.772542953491211
271.7994384765625,1458.8076171875, 15.5
275.1989440917969,1458.8076171875, 13.355473518371582
271.7994384765625,1458.8076171875, 15.5
271.7994384765625,1455.8076171875, 15.5
271.7994384765625,1458.8076171875, 15.5
256.7994384765625,1458.8076171875, 15.5
271.7994384765625,1455.8076171875, 15.5
271.7994384765625,1455.8076171875, 15.5
256.7994384765625,1458.8076171875, 15.5
256.7994384765625,1455.8076171875, 15.5
256.7994384765625,1458.8076171875, 15.5
261.7994384765625,1458.8076171875, 8.0
256.7994384765625,1458.8076171875, 0.5
256.7994384765625,1458.8076171875, 15.5
256.7994384765625,1458.8076171875, 0.5
256.7994384765625,1455.8076171875, 15.5
256.7994384765625,1455.8076171875, 15.5
256.7994384765625,1458.8076171875, 0.5
256.7994384765625,1455.8076171875, 0.5
256.7994384765625,1455.8076171875, 15.5
256.7994384765625,1455.8076171875, 0.5
261.7994384765625,1455.8076171875, 8.0
261.7994384765625,1458.8076171875, 8.0
261.7994384765625,1455.8076171875, 8.0
261.9217834472656,1458.8076171875, 7.227457523345947
261.7994384765625,1458.8076171875, 8.0
261.9217834472656,1458.8076171875, 7.227457523345947
256.7994384765625,1458.8076171875, 0.5
261.7994384765625,1455.8076171875, 8.0
256.7994384765625,1455.8076171875, 0.5
261.9217834472656,1455.8076171875, 7.227457523345947
261.7994384765625,1455.8076171875, 8.0
261.9217834472656,1455.8076171875, 7.227457523345947
261.9217834472656,1458.8076171875, 7.227457523345947
261.9217834472656,1458.8076171875, 7.227457523345947
261.9217834472656,1455.8076171875, 7.227457523345947
262.8299865722656,1458.8076171875, 5.977457523345947
261.9217834472656,1458.8076171875, 7.227457523345947
262.8299865722656,1458.8076171875, 5.977457523345947
256.7994384765625,1458.8076171875, 0.5
261.9217834472656,1455.8076171875, 7.227457523345947
256.7994384765625,1455.8076171875, 0.5
262.8299865722656,1455.8076171875, 5.977457523345947
261.9217834472656,1455.8076171875, 7.227457523345947
262.8299865722656,1455.8076171875, 5.977457523345947
262.8299865722656,1458.8076171875, 5.977457523345947
262.8299865722656,1458.8076171875, 5.977457523345947
262.8299865722656,1455.8076171875, 5.977457523345947
264.2994384765625,1458.8076171875, 5.5
262.8299865722656,1458.8076171875, 5.977457523345947
264.2994384765625,1458.8076171875, 5.5
256.7994384765625,1458.8076171875, 0.5
262.8299865722656,1455.8076171875, 5.977457523345947
256.7994384765625,1455.8076171875, 0.5
264.2994384765625,1455.8076171875, 5.5
262.8299865722656,1455.8076171875, 5.977457523345947
264.2994384765625,1455.8076171875, 5.5
264.2994384765625,1458.8076171875, 5.5
256.7994384765625,1458.8076171875, 0.5
264.2994384765625,1458.8076171875, 5.5
271.7994384765625,1458.8076171875, 0.5
256.7994384765625,1458.8076171875, 0.5
271.7994384765625,1458.8076171875, 0.5
256.7994384765625,1455.8076171875, 0.5
264.2994384765625,1458.8076171875, 5.5
264.2994384765625,1455.8076171875, 5.5
265.7688903808594,1458.8076171875, 5.977457523345947
264.2994384765625,1458.8076171875, 5.5
265.7688903808594,1458.8076171875, 5.977457523345947
271.7994384765625,1458.8076171875, 0.5
256.7994384765625,1455.8076171875, 0.5
271.7994384765625,1458.8076171875, 0.5
271.7994384765625,1455.8076171875, 0.5
256.7994384765625,1455.8076171875, 0.5
271.7994384765625,1455.8076171875, 0.5
264.2994384765625,1455.8076171875, 5.5
264.2994384765625,1455.8076171875, 5.5
271.7994384765625,1455.8076171875, 0.5
265.7688903808594,1455.8076171875, 5.977457523345947
264.2994384765625,1455.8076171875, 5.5
265.7688903808594,1455.8076171875, 5.977457523345947
265.7688903808594,1458.8076171875, 5.977457523345947
265.7688903808594,1455.8076171875, 5.977457523345947
271.7994384765625,1455.8076171875, 0.5
266.6770935058594,1455.8076171875, 7.227457523345947
265.7688903808594,1455.8076171875, 5.977457523345947
266.6770935058594,1455.8076171875, 7.227457523345947
266.6770935058594,1458.8076171875, 7.227457523345947
265.7688903808594,1455.8076171875, 5.977457523345947
266.6770935058594,1458.8076171875, 7.227457523345947
265.7688903808594,1458.8076171875, 5.977457523345947
271.7994384765625,1455.8076171875, 0.5
271.7994384765625,1458.8076171875, 0.5
275.1989440917969,1455.8076171875, 2.6445260047912598
271.7994384765625,1455.8076171875, 0.5
275.1989440917969,1455.8076171875, 2.6445260047912598
266.6770935058594,1455.8076171875, 7.227457523345947
265.7688903808594,1458.8076171875, 5.977457523345947
266.6770935058594,1458.8076171875, 7.227457523345947
275.1989440917969,1458.8076171875, 2.6445260047912598
265.7688903808594,1458.8076171875, 5.977457523345947
275.1989440917969,1458.8076171875, 2.6445260047912598
271.7994384765625,1458.8076171875, 0.5
271.7994384765625,1458.8076171875, 0.5
275.1989440917969,1458.8076171875, 2.6445260047912598
275.1989440917969,1455.8076171875, 2.6445260047912598
275.1989440917969,1455.8076171875, 2.6445260047912598
275.1989440917969,1458.8076171875, 2.6445260047912598
278.89794921875,1455.8076171875, 4.217115879058838
275.1989440917969,1455.8076171875, 2.6445260047912598
278.89794921875,1455.8076171875, 4.217115879058838
266.6770935058594,1455.8076171875, 7.227457523345947
275.1989440917969,1458.8076171875, 2.6445260047912598
266.6770935058594,1458.8076171875, 7.227457523345947
278.89794921875,1458.8076171875, 4.217115879058838
275.1989440917969,1458.8076171875, 2.6445260047912598
278.89794921875,1458.8076171875, 4.217115879058838
278.89794921875,1455.8076171875, 4.217115879058838
266.6770935058594,1458.8076171875, 7.227457523345947
266.6770935058594,1455.8076171875, 7.227457523345947
266.6770935058594,1458.8076171875, 8.772542953491211
266.6770935058594,1458.8076171875, 7.227457523345947
266.6770935058594,1458.8076171875, 8.772542953491211
278.89794921875,1458.8076171875, 4.217115879058838
266.6770935058594,1455.8076171875, 7.227457523345947
278.89794921875,1455.8076171875, 4.217115879058838
278.89794921875,1455.8076171875, 11.78288459777832
266.6770935058594,1458.8076171875, 8.772542953491211
278.89794921875,1458.8076171875, 11.78288459777832
278.89794921875,1458.8076171875, 4.217115879058838
278.89794921875,1458.8076171875, 4.217115879058838
278.89794921875,1458.8076171875, 11.78288459777832
282.8009948730469,1458.8076171875, 5.177196979522705
278.89794921875,1458.8076171875, 4.217115879058838
282.8009948730469,1458.8076171875, 5.177196979522705
282.8009948730469,1455.8076171875, 5.177196979522705
278.89794921875,1458.8076171875, 4.217115879058838
282.8009948730469,1455.8076171875, 5.177196979522705
278.89794921875,1455.8076171875, 4.217115879058838
278.89794921875,1455.8076171875, 4.217115879058838
282.8009948730469,1455.8076171875, 5.177196979522705
282.8009948730469,1455.8076171875, 10.822803497314453
278.89794921875,1455.8076171875, 4.217115879058838
282.8009948730469,1455.8076171875, 10.822803497314453
278.89794921875,1455.8076171875, 11.78288459777832
278.89794921875,1458.8076171875, 11.78288459777832
278.89794921875,1455.8076171875, 11.78288459777832
282.8009948730469,1458.8076171875, 10.822803497314453
278.89794921875,1458.8076171875, 11.78288459777832
282.8009948730469,1458.8076171875, 10.822803497314453
282.8009948730469,1458.8076171875, 5.177196979522705
278.89794921875,1455.8076171875, 11.78288459777832
282.8009948730469,1455.8076171875, 10.822803497314453
282.8009948730469,1458.8076171875, 10.822803497314453
282.8009948730469,1458.8076171875, 10.822803497314453
282.8009948730469,1455.8076171875, 10.822803497314453
286.80743408203125,1458.8076171875, 10.5
282.8009948730469,1458.8076171875, 10.822803497314453
286.80743408203125,1458.8076171875, 10.5
286.80743408203125,1458.8076171875, 5.5
282.8009948730469,1458.8076171875, 10.822803497314453
286.80743408203125,1458.8076171875, 5.5
282.8009948730469,1458.8076171875, 5.177196979522705
286.80743408203125,1458.8076171875, 5.5
286.80743408203125,1458.8076171875, 10.5
286.80743408203125,1455.8076171875, 5.5
286.80743408203125,1458.8076171875, 5.5
286.80743408203125,1455.8076171875, 5.5
282.8009948730469,1458.8076171875, 5.177196979522705
282.8009948730469,1458.8076171875, 5.177196979522705
286.80743408203125,1455.8076171875, 5.5
282.8009948730469,1455.8076171875, 5.177196979522705
286.80743408203125,1455.8076171875, 5.5
286.80743408203125,1458.8076171875, 10.5
286.80743408203125,1455.8076171875, 10.5
286.80743408203125,1455.8076171875, 5.5
286.80743408203125,1455.8076171875, 10.5
282.8009948730469,1455.8076171875, 5.177196979522705
286.80743408203125,1458.8076171875, 10.5
282.8009948730469,1455.8076171875, 10.822803497314453
286.80743408203125,1455.8076171875, 10.5
286.80743408203125,1455.8076171875, 10.5
282.8009948730469,1455.8076171875, 10.822803497314453
282.8009948730469,1455.8076171875, 5.177196979522705
