682.5711669921875,576.3641681671144,682.5711669921875
680.0,576.3641681671144,680.0
700.0,576.3641681671144,700.0
682.5711669921875,576.3641681671144,682.5711669921875
700.0,576.3641681671144,700.0
683.939208984375,576.3641681671144,683.939208984375
683.939208984375,576.3641681671144,683.939208984375
700.0,576.3641681671144,700.0
683.464111328125,576.3641681671144,683.464111328125
677.4288330078125,576.3641681671144,677.4288330078125
676.060791015625,576.3641681671144,676.060791015625
660.0,576.3641681671144,660.0
677.4288330078125,576.3641681671144,677.4288330078125
660.0,576.3641681671144,660.0
680.0,576.3641681671144,680.0
680.0,576.3641681671144,680.0
660.0,576.3641681671144,660.0
700.0,576.3641681671144,700.0
676.060791015625,576.3641681671144,676.060791015625
676.535888671875,576.3641681671144,676.535888671875
679.1317749023438,576.3641681671144,679.1317749023438
676.060791015625,576.3641681671144,676.060791015625
679.1317749023438,576.3641681671144,679.1317749023438
660.0,576.3641681671144,660.0
678.6318969726562,576.3641681671144,678.6318969726562
681.3681030273438,576.3641681671144,681.3681030273438
684.698486328125,576.3641681671144,684.698486328125
678.6318969726562,576.3641681671144,678.6318969726562
684.698486328125,576.3641681671144,684.698486328125
676.535888671875,576.3641681671144,676.535888671875
681.3681030273438,576.3641681671144,681.3681030273438
683.464111328125,576.3641681671144,683.464111328125
700.0,576.3641681671144,700.0
681.3681030273438,576.3641681671144,681.3681030273438
700.0,576.3641681671144,700.0
684.698486328125,576.3641681671144,684.698486328125
683.464111328125,576.3641681671144,683.464111328125
700.0,576.3641681671144,700.0
700.0,576.3641681671144,700.0
676.535888671875,576.3641681671144,676.535888671875
684.698486328125,576.3641681671144,684.698486328125
682.5,576.3641681671144,682.5
676.535888671875,576.3641681671144,676.535888671875
682.5,576.3641681671144,682.5
680.0,576.3641681671144,680.0
676.535888671875,576.3641681671144,676.535888671875
680.0,576.3641681671144,680.0
679.1317749023438,576.3641681671144,679.1317749023438
680.0,576.3641681671144,680.0
682.5,576.3641681671144,682.5
682.5,576.3141803741456,682.5
680.0,576.3641681671144,680.0
682.5,576.3141803741456,682.5
680.0,576.3141803741456,680.0
680.0,576.3641681671144,680.0
680.0,576.3141803741456,680.0
679.1317749023438,576.3641681671144,679.1317749023438
682.5,576.3641681671144,682.5
684.698486328125,576.3641681671144,684.698486328125
684.698486328125,576.3141803741456,684.698486328125
682.5,576.3641681671144,682.5
684.698486328125,576.3141803741456,684.698486328125
682.5,576.3141803741456,682.5
682.5,576.3141803741456,682.5
684.698486328125,576.3141803741456,684.698486328125
680.0,576.3141803741456,680.0
682.5,576.3141803741456,682.5
680.0,576.3141803741456,680.0
680.0,576.3141803741456,680.0
684.698486328125,576.3141803741456,684.698486328125
684.698486328125,576.3641681671144,684.698486328125
684.698486328125,576.3141803741456,684.698486328125
684.698486328125,576.3141803741456,684.698486328125
684.698486328125,576.3141803741456,684.698486328125
680.0,576.3141803741456,680.0
680.0,576.3141803741456,680.0
680.0,576.3141803741456,680.0
679.1317749023438,576.3141803741456,679.1317749023438
680.0,576.3141803741456,680.0
679.1317749023438,576.3141803741456,679.1317749023438
679.1317749023438,576.3641681671144,679.1317749023438
684.698486328125,576.3641681671144,684.698486328125
700.0,576.3641681671144,700.0
684.698486328125,576.3641681671144,684.698486328125
684.698486328125,576.3641681671144,684.698486328125
684.698486328125,576.3641681671144,684.698486328125
684.698486328125,576.3141803741456,684.698486328125
684.698486328125,576.3141803741456,684.698486328125
684.698486328125,576.3641681671144,684.698486328125
682.5,576.3141803741456,682.5
684.698486328125,576.3141803741456,684.698486328125
682.5,576.3141803741456,682.5
680.0,576.3141803741456,680.0
679.1317749023438,576.3641681671144,679.1317749023438
679.1317749023438,576.3141803741456,679.1317749023438
676.1697998046875,576.3641681671144,676.1697998046875
679.1317749023438,576.3641681671144,679.1317749023438
676.1697998046875,576.3641681671144,676.1697998046875
660.0,576.3641681671144,660.0
679.1317749023438,576.3141803741456,679.1317749023438
680.0,576.3141803741456,680.0
676.1697998046875,576.3141803741456,676.1697998046875
679.1317749023438,576.3141803741456,679.1317749023438
676.1697998046875,576.3141803741456,676.1697998046875
676.1697998046875,576.3641681671144,676.1697998046875
676.1697998046875,576.3641681671144,676.1697998046875
676.1697998046875,576.3141803741456,676.1697998046875
675.0,576.3641681671144,675.0
676.1697998046875,576.3641681671144,676.1697998046875
675.0,576.3641681671144,675.0
660.0,576.3641681671144,660.0
676.1697998046875,576.3141803741456,676.1697998046875
680.0,576.3141803741456,680.0
675.0,576.3141803741456,675.0
676.1697998046875,576.3141803741456,676.1697998046875
675.0,576.3141803741456,675.0
675.0,576.3641681671144,675.0
675.0,576.3141803741456,675.0
680.0,576.3141803741456,680.0
676.1697998046875,576.3141803741456,676.1697998046875
675.0,576.3141803741456,675.0
676.1697998046875,576.3141803741456,676.1697998046875
676.1697998046875,576.3641681671144,676.1697998046875
675.0,576.3141803741456,675.0
676.1697998046875,576.3641681671144,676.1697998046875
675.0,576.3641681671144,675.0
675.0,576.3641681671144,675.0
676.1697998046875,576.3641681671144,676.1697998046875
660.0,576.3641681671144,660.0
675.0,576.3641681671144,675.0
660.0,576.3641681671144,660.0
660.0,576.3641681671144,660.0
680.0,576.3141803741456,680.0
682.5,576.3141803741456,682.5
679.1317749023438,576.3141803741456,679.1317749023438
680.0,576.3141803741456,680.0
679.1317749023438,576.3141803741456,679.1317749023438
676.1697998046875,576.3141803741456,676.1697998046875
676.1697998046875,576.3141803741456,676.1697998046875
679.1317749023438,576.3141803741456,679.1317749023438
679.1317749023438,576.3641681671144,679.1317749023438
676.1697998046875,576.3141803741456,676.1697998046875
679.1317749023438,576.3641681671144,679.1317749023438
676.1697998046875,576.3641681671144,676.1697998046875
679.1317749023438,576.3141803741456,679.1317749023438
682.5,576.3141803741456,682.5
682.5,576.3641681671144,682.5
679.1317749023438,576.3141803741456,679.1317749023438
682.5,576.3641681671144,682.5
679.1317749023438,576.3641681671144,679.1317749023438
682.5,576.3141803741456,682.5
684.698486328125,576.3641681671144,684.698486328125
682.5,576.3641681671144,682.5
676.1697998046875,576.3641681671144,676.1697998046875
679.1317749023438,576.3641681671144,679.1317749023438
676.060791015625,576.3641681671144,676.060791015625
676.1697998046875,576.3641681671144,676.1697998046875
676.060791015625,576.3641681671144,676.060791015625
660.0,576.3641681671144,660.0
676.060791015625,576.3641681671144,676.060791015625
679.1317749023438,576.3641681671144,679.1317749023438
677.4288330078125,576.3641681671144,677.4288330078125
676.060791015625,576.3641681671144,676.060791015625
676.535888671875,576.3641681671144,676.535888671875
660.0,576.3641681671144,660.0
676.535888671875,576.3641681671144,676.535888671875
678.6318969726562,576.3641681671144,678.6318969726562
660.0,576.3641681671144,660.0
677.4288330078125,576.3641681671144,677.4288330078125
679.1317749023438,576.3641681671144,679.1317749023438
680.0,576.3641681671144,680.0
679.1317749023438,576.3641681671144,679.1317749023438
682.5,576.3641681671144,682.5
680.0,576.3641681671144,680.0
680.0,576.3641681671144,680.0
682.5,576.3641681671144,682.5
682.5711669921875,576.3641681671144,682.5711669921875
682.5,576.3641681671144,682.5
684.698486328125,576.3641681671144,684.698486328125
682.5711669921875,576.3641681671144,682.5711669921875
682.5711669921875,576.3641681671144,682.5711669921875
684.698486328125,576.3641681671144,684.698486328125
683.939208984375,576.3641681671144,683.939208984375
684.698486328125,576.3641681671144,684.698486328125
700.0,576.3641681671144,700.0
683.939208984375,576.3641681671144,683.939208984375
683.939208984375,576.3641681671144,683.939208984375
700.0,576.3641681671144,700.0
683.464111328125,576.3641681671144,683.464111328125
683.464111328125,576.3641681671144,683.464111328125
700.0,576.3641681671144,700.0
681.3681030273438,576.3641681671144,681.3681030273438
681.3681030273438,576.3641681671144,681.3681030273438
700.0,576.3641681671144,700.0
678.6318969726562,576.3641681671144,678.6318969726562
678.6318969726562,576.3641681671144,678.6318969726562
700.0,576.3641681671144,700.0
660.0,576.3641681671144,660.0
660.0,576.3641681671144,660.0
700.0,576.3641681671144,700.0
660.0,574.3641681671144,660.0
660.0,576.3641681671144,660.0
660.0,574.3641681671144,660.0
660.0,574.3641681671144,660.0
660.0,576.3641681671144,660.0
660.0,574.3641681671144,660.0
660.0,576.3641681671144,660.0
700.0,576.3641681671144,700.0
700.0,576.3641681671144,700.0
700.0,574.3641681671144,700.0
700.0,576.3641681671144,700.0
700.0,574.3641681671144,700.0
660.0,574.3641681671144,660.0
660.0,576.3641681671144,660.0
660.0,574.3641681671144,660.0
700.0,574.3641681671144,700.0
660.0,576.3641681671144,660.0
700.0,574.3641681671144,700.0
700.0,576.3641681671144,700.0
700.0,576.3641681671144,700.0
700.0,574.3641681671144,700.0
700.0,574.3641681671144,700.0
700.0,574.3641681671144,700.0
660.0,574.3641681671144,660.0
680.0,574.3641681671144,680.0
700.0,574.3641681671144,700.0
680.0,574.3641681671144,680.0
680.694580078125,574.3641681671144,680.694580078125
700.0,574.3641681671144,700.0
680.694580078125,574.3641681671144,680.694580078125
683.0641479492188,574.3641681671144,683.0641479492188
700.0,574.3641681671144,700.0
683.0641479492188,574.3641681671144,683.0641479492188
684.0,574.3641681671144,684.0
700.0,574.3641681671144,700.0
684.0,574.3641681671144,684.0
700.0,574.3641681671144,700.0
683.0641479492188,574.3641681671144,683.0641479492188
680.694580078125,574.3641681671144,680.694580078125
680.694580078125,576.3641681671144,680.694580078125
683.0641479492188,574.3641681671144,683.0641479492188
680.694580078125,576.3641681671144,680.694580078125
683.0641479492188,576.3641681671144,683.0641479492188
683.0641479492188,574.3641681671144,683.0641479492188
683.0641479492188,576.3641681671144,683.0641479492188
684.0,574.3641681671144,684.0
683.0641479492188,576.3641681671144,683.0641479492188
684.0,576.3641681671144,684.0
684.0,574.3641681671144,684.0
680.694580078125,576.3641681671144,680.694580078125
680.694580078125,574.3641681671144,680.694580078125
680.0,576.3641681671144,680.0
680.694580078125,574.3641681671144,680.694580078125
680.0,574.3641681671144,680.0
680.0,576.3641681671144,680.0
680.0,576.3641681671144,680.0
680.0,574.3641681671144,680.0
678.0,576.3641681671144,678.0
684.0,576.3641681671144,684.0
683.0641479492188,576.3641681671144,683.0641479492188
683.0641479492188,574.3641681671144,683.0641479492188
684.0,576.3641681671144,684.0
683.0641479492188,574.3641681671144,683.0641479492188
684.0,574.3641681671144,684.0
684.0,574.3641681671144,684.0
683.0641479492188,574.3641681671144,683.0641479492188
700.0,574.3641681671144,700.0
683.0641479492188,576.3641681671144,683.0641479492188
680.694580078125,576.3641681671144,680.694580078125
680.694580078125,574.3641681671144,680.694580078125
683.0641479492188,576.3641681671144,683.0641479492188
680.694580078125,574.3641681671144,680.694580078125
683.0641479492188,574.3641681671144,683.0641479492188
683.0641479492188,574.3641681671144,683.0641479492188
680.694580078125,574.3641681671144,680.694580078125
684.0,574.3641681671144,684.0
683.0641479492188,574.3641681671144,683.0641479492188
684.0,574.3641681671144,684.0
700.0,574.3641681671144,700.0
680.694580078125,576.3641681671144,680.694580078125
678.0,576.3641681671144,678.0
678.0,574.3641681671144,678.0
680.694580078125,576.3641681671144,680.694580078125
678.0,574.3641681671144,678.0
680.694580078125,574.3641681671144,680.694580078125
678.0,576.3641681671144,678.0
676.2412109375,576.3641681671144,676.2412109375
676.2412109375,574.3641681671144,676.2412109375
678.0,576.3641681671144,678.0
676.2412109375,574.3641681671144,676.2412109375
678.0,574.3641681671144,678.0
676.2412109375,576.3641681671144,676.2412109375
676.2412109375,576.3641681671144,676.2412109375
676.2412109375,574.3641681671144,676.2412109375
676.2412109375,576.3641681671144,676.2412109375
676.2412109375,574.3641681671144,676.2412109375
676.2412109375,574.3641681671144,676.2412109375
676.2412109375,576.3641681671144,676.2412109375
678.0,576.3641681671144,678.0
678.0,574.3641681671144,678.0
676.2412109375,576.3641681671144,676.2412109375
678.0,574.3641681671144,678.0
676.2412109375,574.3641681671144,676.2412109375
678.0,576.3641681671144,678.0
680.0,574.3641681671144,680.0
678.0,574.3641681671144,678.0
680.0,574.3641681671144,680.0
660.0,574.3641681671144,660.0
678.0,574.3641681671144,678.0
678.0,574.3641681671144,678.0
660.0,574.3641681671144,660.0
676.2412109375,574.3641681671144,676.2412109375
676.2412109375,574.3641681671144,676.2412109375
660.0,574.3641681671144,660.0
676.2412109375,574.3641681671144,676.2412109375
676.2412109375,574.3641681671144,676.2412109375
660.0,574.3641681671144,660.0
676.2412109375,574.3641681671144,676.2412109375
676.2412109375,574.3641681671144,676.2412109375
676.2412109375,574.3641681671144,676.2412109375
678.0,574.3641681671144,678.0
660.0,574.3641681671144,660.0
660.0,574.3641681671144,660.0
676.2412109375,574.3641681671144,676.2412109375
678.0,574.3641681671144,678.0
676.2412109375,574.3641681671144,676.2412109375
678.0,574.3641681671144,678.0
678.0,574.3641681671144,678.0
678.0,574.3641681671144,678.0
680.0,574.3641681671144,680.0
678.0,574.3641681671144,678.0
680.0,574.3641681671144,680.0
680.694580078125,574.3641681671144,680.694580078125
678.0,574.3641681671144,678.0
676.2412109375,574.3641681671144,676.2412109375
676.2412109375,576.3641681671144,676.2412109375
678.0,574.3641681671144,678.0
676.2412109375,576.3641681671144,676.2412109375
678.0,576.3641681671144,678.0
678.0,574.3641681671144,678.0
678.0,576.3641681671144,678.0
680.0,574.3641681671144,680.0
678.0,576.3641681671144,678.0
680.0,576.3641681671144,680.0
680.0,574.3641681671144,680.0
676.2412109375,576.3641681671144,676.2412109375
676.2412109375,574.3641681671144,676.2412109375
676.2412109375,576.3641681671144,676.2412109375
680.0,576.3641681671144,680.0
680.694580078125,576.3641681671144,680.694580078125
680.694580078125,574.3641681671144,680.694580078125
680.0,576.3641681671144,680.0
680.694580078125,574.3641681671144,680.694580078125
680.0,574.3641681671144,680.0
680.0,574.3641681671144,680.0
680.694580078125,574.3641681671144,680.694580078125
680.694580078125,574.3641681671144,680.694580078125
680.694580078125,574.3641681671144,680.694580078125
680.694580078125,576.3641681671144,680.694580078125
683.0641479492188,574.3641681671144,683.0641479492188
680.694580078125,574.3641681671144,680.694580078125
683.0641479492188,574.3641681671144,683.0641479492188
680.694580078125,574.3641681671144,680.694580078125
680.694580078125,576.3641681671144,680.694580078125
683.0641479492188,576.3641681671144,683.0641479492188
683.0641479492188,574.3641681671144,683.0641479492188
680.694580078125,574.3641681671144,680.694580078125
683.0641479492188,574.3641681671144,683.0641479492188
684.0,574.3641681671144,684.0
683.0641479492188,574.3641681671144,683.0641479492188
683.0641479492188,576.3641681671144,683.0641479492188
684.0,574.3641681671144,684.0
683.0641479492188,576.3641681671144,683.0641479492188
684.0,576.3641681671144,684.0
684.0,574.3641681671144,684.0
684.0,576.3641681671144,684.0
683.0641479492188,576.3641681671144,683.0641479492188
683.0641479492188,574.3641681671144,683.0641479492188
684.0,576.3641681671144,684.0
683.0641479492188,574.3641681671144,683.0641479492188
684.0,574.3641681671144,684.0
684.0,574.3641681671144,684.0
683.0641479492188,574.3641681671144,683.0641479492188
700.0,574.3641681671144,700.0
683.0641479492188,574.3641681671144,683.0641479492188
683.0641479492188,576.3641681671144,683.0641479492188
680.694580078125,574.3641681671144,680.694580078125
683.0641479492188,574.3641681671144,683.0641479492188
680.694580078125,574.3641681671144,680.694580078125
700.0,574.3641681671144,700.0
683.0641479492188,576.3641681671144,683.0641479492188
680.694580078125,576.3641681671144,680.694580078125
680.694580078125,574.3641681671144,680.694580078125
700.0,574.3641681671144,700.0
680.694580078125,574.3641681671144,680.694580078125
660.0,574.3641681671144,660.0
680.694580078125,574.3641681671144,680.694580078125
680.694580078125,576.3641681671144,680.694580078125
678.0,574.3641681671144,678.0
680.694580078125,574.3641681671144,680.694580078125
678.0,574.3641681671144,678.0
660.0,574.3641681671144,660.0
680.694580078125,576.3641681671144,680.694580078125
678.0,576.3641681671144,678.0
678.0,574.3641681671144,678.0
678.0,574.3641681671144,678.0
678.0,576.3641681671144,678.0
676.2412109375,574.3641681671144,676.2412109375
678.0,574.3641681671144,678.0
676.2412109375,574.3641681671144,676.2412109375
660.0,574.3641681671144,660.0
678.0,576.3641681671144,678.0
676.2412109375,576.3641681671144,676.2412109375
676.2412109375,574.3641681671144,676.2412109375
676.2412109375,576.3641681671144,676.2412109375
676.2412109375,574.3641681671144,676.2412109375
676.2412109375,574.3641681671144,676.2412109375
676.2412109375,574.3641681671144,676.2412109375
676.2412109375,574.3641681671144,676.2412109375
660.0,574.3641681671144,660.0
