345.8450469970703,1813.242884516716,345.8450469970703
346.42993545532227,1814.849853515625,346.42993545532227
357.5579833984375,1814.849853515625,357.5579833984375
357.5579833984375,1814.849853515625,357.5579833984375
346.42993545532227,1814.849853515625,346.42993545532227
359.270694732666,1823.4602308273315,359.270694732666
357.5579833984375,1814.849853515625,357.5579833984375
359.270694732666,1823.4602308273315,359.270694732666
359.270694732666,1823.4602308273315,359.270694732666
357.5579833984375,1814.849853515625,357.5579833984375
359.270694732666,1823.4602308273315,359.270694732666
357.5579833984375,1814.849853515625,357.5579833984375
357.5579833984375,1814.849853515625,357.5579833984375
357.5579833984375,1814.849853515625,357.5579833984375
359.270694732666,1806.2394762039185,359.270694732666
357.5579833984375,1814.849853515625,357.5579833984375
359.270694732666,1806.2394762039185,359.270694732666
345.8450469970703,1813.242884516716,345.8450469970703
359.270694732666,1806.2394762039185,359.270694732666
357.5579833984375,1814.849853515625,357.5579833984375
359.270694732666,1806.2394762039185,359.270694732666
359.270694732666,1806.2394762039185,359.270694732666
359.270694732666,1806.2394762039185,359.270694732666
364.14808082580566,1798.9399509429932,364.14808082580566
359.270694732666,1806.2394762039185,359.270694732666
364.14808082580566,1798.9399509429932,364.14808082580566
345.8450469970703,1813.242884516716,345.8450469970703
357.5579833984375,1814.849853515625,357.5579833984375
359.270694732666,1823.4602308273315,359.270694732666
345.8450469970703,1816.456822514534,345.8450469970703
357.5579833984375,1814.849853515625,357.5579833984375
345.8450469970703,1816.456822514534,345.8450469970703
346.42993545532227,1814.849853515625,346.42993545532227
357.5579833984375,1814.849853515625,357.5579833984375
346.42993545532227,1814.849853515625,346.42993545532227
359.270694732666,1806.2394762039185,359.270694732666
359.270694732666,1823.4602308273315,359.270694732666
359.270694732666,1823.4602308273315,359.270694732666
364.14808082580566,1830.7597560882568,364.14808082580566
359.270694732666,1823.4602308273315,359.270694732666
364.14808082580566,1830.7597560882568,364.14808082580566
345.8450469970703,1816.456822514534,345.8450469970703
359.270694732666,1806.2394762039185,359.270694732666
346.42993545532227,1814.849853515625,346.42993545532227
345.8450469970703,1813.242884516716,345.8450469970703
359.270694732666,1806.2394762039185,359.270694732666
345.8450469970703,1813.242884516716,345.8450469970703
364.14808082580566,1798.9399509429932,364.14808082580566
359.270694732666,1806.2394762039185,359.270694732666
364.14808082580566,1798.9399509429932,364.14808082580566
364.14808082580566,1798.9399509429932,364.14808082580566
346.42993545532227,1814.849853515625,346.42993545532227
345.8450469970703,1816.456822514534,345.8450469970703
345.8450469970703,1816.456822514534,345.8450469970703
346.42993545532227,1814.849853515625,346.42993545532227
345.8450469970703,1816.456822514534,345.8450469970703
346.42993545532227,1814.849853515625,346.42993545532227
346.42993545532227,1814.849853515625,346.42993545532227
346.42993545532227,1814.849853515625,346.42993545532227
345.8450469970703,1813.242884516716,345.8450469970703
346.42993545532227,1814.849853515625,346.42993545532227
345.8450469970703,1813.242884516716,345.8450469970703
345.8450469970703,1813.242884516716,345.8450469970703
346.42993545532227,1814.849853515625,346.42993545532227
345.8450469970703,1816.456822514534,345.8450469970703
359.270694732666,1823.4602308273315,359.270694732666
345.8450469970703,1813.242884516716,345.8450469970703
345.8450469970703,1813.242884516716,345.8450469970703
344.3640556335449,1812.387834072113,344.3640556335449
345.8450469970703,1813.242884516716,345.8450469970703
344.3640556335449,1812.387834072113,344.3640556335449
364.14808082580566,1798.9399509429932,364.14808082580566
359.270694732666,1823.4602308273315,359.270694732666
345.8450469970703,1816.456822514534,345.8450469970703
364.14808082580566,1830.7597560882568,364.14808082580566
359.270694732666,1823.4602308273315,359.270694732666
364.14808082580566,1830.7597560882568,364.14808082580566
364.14808082580566,1830.7597560882568,364.14808082580566
345.8450469970703,1816.456822514534,345.8450469970703
345.8450469970703,1816.456822514534,345.8450469970703
344.3640556335449,1817.311872959137,344.3640556335449
345.8450469970703,1816.456822514534,345.8450469970703
344.3640556335449,1817.311872959137,344.3640556335449
364.14808082580566,1830.7597560882568,364.14808082580566
344.3640556335449,1817.311872959137,344.3640556335449
345.8450469970703,1816.456822514534,345.8450469970703
344.3640556335449,1817.311872959137,344.3640556335449
344.3640556335449,1817.311872959137,344.3640556335449
344.3640556335449,1817.311872959137,344.3640556335449
343.92993545532227,1817.349853515625,343.92993545532227
344.3640556335449,1817.311872959137,344.3640556335449
343.92993545532227,1817.349853515625,343.92993545532227
364.14808082580566,1830.7597560882568,364.14808082580566
345.8450469970703,1816.456822514534,345.8450469970703
364.14808082580566,1830.7597560882568,364.14808082580566
328.6829833984375,1846.224853515625,328.6829833984375
345.8450469970703,1816.456822514534,345.8450469970703
328.6829833984375,1846.224853515625,328.6829833984375
344.3640556335449,1817.311872959137,344.3640556335449
344.3640556335449,1817.311872959137,344.3640556335449
328.6829833984375,1846.224853515625,328.6829833984375
342.67993545532227,1817.0149171352386,342.67993545532227
344.3640556335449,1817.311872959137,344.3640556335449
342.67993545532227,1817.0149171352386,342.67993545532227
343.92993545532227,1817.349853515625,343.92993545532227
364.14808082580566,1830.7597560882568,364.14808082580566
364.14808082580566,1830.7597560882568,364.14808082580566
371.44760608673096,1835.6371421813965,371.44760608673096
364.14808082580566,1830.7597560882568,364.14808082580566
371.44760608673096,1835.6371421813965,371.44760608673096
328.6829833984375,1846.224853515625,328.6829833984375
371.44760608673096,1835.6371421813965,371.44760608673096
364.14808082580566,1830.7597560882568,364.14808082580566
371.44760608673096,1835.6371421813965,371.44760608673096
371.44760608673096,1835.6371421813965,371.44760608673096
371.44760608673096,1835.6371421813965,371.44760608673096
380.0579833984375,1837.349853515625,380.0579833984375
371.44760608673096,1835.6371421813965,371.44760608673096
380.0579833984375,1837.349853515625,380.0579833984375
328.6829833984375,1846.224853515625,328.6829833984375
364.14808082580566,1830.7597560882568,364.14808082580566
343.92993545532227,1817.349853515625,343.92993545532227
330.6829833984375,1844.224853515625,330.6829833984375
364.14808082580566,1830.7597560882568,364.14808082580566
330.6829833984375,1844.224853515625,330.6829833984375
371.44760608673096,1835.6371421813965,371.44760608673096
371.44760608673096,1835.6371421813965,371.44760608673096
330.6829833984375,1844.224853515625,330.6829833984375
380.0579833984375,1837.349853515625,380.0579833984375
371.44760608673096,1835.6371421813965,371.44760608673096
380.0579833984375,1837.349853515625,380.0579833984375
380.0579833984375,1837.349853515625,380.0579833984375
343.92993545532227,1817.349853515625,343.92993545532227
342.67993545532227,1817.0149171352386,342.67993545532227
342.67993545532227,1817.0149171352386,342.67993545532227
343.92993545532227,1817.349853515625,343.92993545532227
342.67993545532227,1817.0149171352386,342.67993545532227
330.6829833984375,1844.224853515625,330.6829833984375
342.67993545532227,1817.0149171352386,342.67993545532227
342.67993545532227,1817.0149171352386,342.67993545532227
341.58070373535156,1815.7049039006233,341.58070373535156
342.67993545532227,1817.0149171352386,342.67993545532227
341.58070373535156,1815.7049039006233,341.58070373535156
330.6829833984375,1844.224853515625,330.6829833984375
342.67993545532227,1817.0149171352386,342.67993545532227
328.6829833984375,1846.224853515625,328.6829833984375
341.58070373535156,1815.7049039006233,341.58070373535156
342.67993545532227,1817.0149171352386,342.67993545532227
341.58070373535156,1815.7049039006233,341.58070373535156
341.58070373535156,1815.7049039006233,341.58070373535156
341.58070373535156,1815.7049039006233,341.58070373535156
328.6829833984375,1846.224853515625,328.6829833984375
341.58070373535156,1813.9948031306267,341.58070373535156
341.58070373535156,1815.7049039006233,341.58070373535156
341.58070373535156,1813.9948031306267,341.58070373535156
341.58070373535156,1813.9948031306267,341.58070373535156
341.58070373535156,1815.7049039006233,341.58070373535156
341.58070373535156,1813.9948031306267,341.58070373535156
341.58070373535156,1815.7049039006233,341.58070373535156
341.58070373535156,1815.7049039006233,341.58070373535156
341.58070373535156,1813.9948031306267,341.58070373535156
330.6829833984375,1785.474853515625,330.6829833984375
341.58070373535156,1815.7049039006233,341.58070373535156
330.6829833984375,1785.474853515625,330.6829833984375
330.6829833984375,1844.224853515625,330.6829833984375
341.58070373535156,1813.9948031306267,341.58070373535156
341.58070373535156,1813.9948031306267,341.58070373535156
342.67993545532227,1812.6847898960114,342.67993545532227
341.58070373535156,1813.9948031306267,341.58070373535156
342.67993545532227,1812.6847898960114,342.67993545532227
330.6829833984375,1785.474853515625,330.6829833984375
342.67993545532227,1812.6847898960114,342.67993545532227
341.58070373535156,1813.9948031306267,341.58070373535156
342.67993545532227,1812.6847898960114,342.67993545532227
342.67993545532227,1812.6847898960114,342.67993545532227
342.67993545532227,1812.6847898960114,342.67993545532227
344.3640556335449,1812.387834072113,344.3640556335449
342.67993545532227,1812.6847898960114,342.67993545532227
344.3640556335449,1812.387834072113,344.3640556335449
330.6829833984375,1785.474853515625,330.6829833984375
341.58070373535156,1813.9948031306267,341.58070373535156
328.6829833984375,1846.224853515625,328.6829833984375
328.6829833984375,1783.474853515625,328.6829833984375
341.58070373535156,1813.9948031306267,341.58070373535156
328.6829833984375,1783.474853515625,328.6829833984375
342.67993545532227,1812.6847898960114,342.67993545532227
342.67993545532227,1812.6847898960114,342.67993545532227
328.6829833984375,1783.474853515625,328.6829833984375
344.3640556335449,1812.387834072113,344.3640556335449
342.67993545532227,1812.6847898960114,342.67993545532227
344.3640556335449,1812.387834072113,344.3640556335449
344.3640556335449,1812.387834072113,344.3640556335449
344.3640556335449,1812.387834072113,344.3640556335449
344.3640556335449,1812.387834072113,344.3640556335449
345.8450469970703,1813.242884516716,345.8450469970703
344.3640556335449,1812.387834072113,344.3640556335449
345.8450469970703,1813.242884516716,345.8450469970703
330.6829833984375,1785.474853515625,330.6829833984375
344.3640556335449,1812.387834072113,344.3640556335449
328.6829833984375,1783.474853515625,328.6829833984375
364.14808082580566,1798.9399509429932,364.14808082580566
345.8450469970703,1813.242884516716,345.8450469970703
364.14808082580566,1798.9399509429932,364.14808082580566
330.6829833984375,1785.474853515625,330.6829833984375
364.14808082580566,1798.9399509429932,364.14808082580566
364.14808082580566,1798.9399509429932,364.14808082580566
371.44760608673096,1794.0625648498535,371.44760608673096
364.14808082580566,1798.9399509429932,364.14808082580566
371.44760608673096,1794.0625648498535,371.44760608673096
330.6829833984375,1785.474853515625,330.6829833984375
364.14808082580566,1798.9399509429932,364.14808082580566
328.6829833984375,1783.474853515625,328.6829833984375
371.44760608673096,1794.0625648498535,371.44760608673096
364.14808082580566,1798.9399509429932,364.14808082580566
371.44760608673096,1794.0625648498535,371.44760608673096
371.44760608673096,1794.0625648498535,371.44760608673096
371.44760608673096,1794.0625648498535,371.44760608673096
371.44760608673096,1794.0625648498535,371.44760608673096
380.0579833984375,1792.349853515625,380.0579833984375
371.44760608673096,1794.0625648498535,371.44760608673096
380.0579833984375,1792.349853515625,380.0579833984375
330.6829833984375,1785.474853515625,330.6829833984375
371.44760608673096,1794.0625648498535,371.44760608673096
328.6829833984375,1783.474853515625,328.6829833984375
380.0579833984375,1792.349853515625,380.0579833984375
371.44760608673096,1794.0625648498535,371.44760608673096
380.0579833984375,1792.349853515625,380.0579833984375
380.0579833984375,1792.349853515625,380.0579833984375
380.0579833984375,1792.349853515625,380.0579833984375
380.0579833984375,1792.349853515625,380.0579833984375
388.66836071014404,1794.0625648498535,388.66836071014404
380.0579833984375,1792.349853515625,380.0579833984375
388.66836071014404,1794.0625648498535,388.66836071014404
429.4329833984375,1785.474853515625,429.4329833984375
380.0579833984375,1792.349853515625,380.0579833984375
429.4329833984375,1785.474853515625,429.4329833984375
330.6829833984375,1785.474853515625,330.6829833984375
388.66836071014404,1794.0625648498535,388.66836071014404
380.0579833984375,1792.349853515625,380.0579833984375
388.66836071014404,1794.0625648498535,388.66836071014404
388.66836071014404,1794.0625648498535,388.66836071014404
388.66836071014404,1794.0625648498535,388.66836071014404
395.96788597106934,1798.9399509429932,395.96788597106934
388.66836071014404,1794.0625648498535,388.66836071014404
395.96788597106934,1798.9399509429932,395.96788597106934
429.4329833984375,1785.474853515625,429.4329833984375
380.0579833984375,1792.349853515625,380.0579833984375
328.6829833984375,1783.474853515625,328.6829833984375
431.4329833984375,1783.474853515625,431.4329833984375
380.0579833984375,1792.349853515625,380.0579833984375
431.4329833984375,1783.474853515625,431.4329833984375
388.66836071014404,1794.0625648498535,388.66836071014404
388.66836071014404,1794.0625648498535,388.66836071014404
431.4329833984375,1783.474853515625,431.4329833984375
395.96788597106934,1798.9399509429932,395.96788597106934
388.66836071014404,1794.0625648498535,388.66836071014404
395.96788597106934,1798.9399509429932,395.96788597106934
395.96788597106934,1798.9399509429932,395.96788597106934
328.6829833984375,1783.474853515625,328.6829833984375
328.6829833984375,1846.224853515625,328.6829833984375
330.6829833984375,1844.224853515625,330.6829833984375
328.6829833984375,1783.474853515625,328.6829833984375
330.6829833984375,1844.224853515625,330.6829833984375
330.6829833984375,1785.474853515625,330.6829833984375
328.6829833984375,1783.474853515625,328.6829833984375
330.6829833984375,1785.474853515625,330.6829833984375
431.4329833984375,1783.474853515625,431.4329833984375
330.6829833984375,1785.474853515625,330.6829833984375
429.4329833984375,1785.474853515625,429.4329833984375
431.4329833984375,1783.474853515625,431.4329833984375
330.6829833984375,1844.224853515625,330.6829833984375
328.6829833984375,1846.224853515625,328.6829833984375
429.4329833984375,1844.224853515625,429.4329833984375
330.6829833984375,1844.224853515625,330.6829833984375
429.4329833984375,1844.224853515625,429.4329833984375
380.0579833984375,1837.349853515625,380.0579833984375
328.6829833984375,1846.224853515625,328.6829833984375
380.0579833984375,1837.349853515625,380.0579833984375
431.4329833984375,1846.224853515625,431.4329833984375
328.6829833984375,1846.224853515625,328.6829833984375
431.4329833984375,1846.224853515625,431.4329833984375
429.4329833984375,1844.224853515625,429.4329833984375
380.0579833984375,1837.349853515625,380.0579833984375
380.0579833984375,1837.349853515625,380.0579833984375
388.66836071014404,1835.6371421813965,388.66836071014404
380.0579833984375,1837.349853515625,380.0579833984375
388.66836071014404,1835.6371421813965,388.66836071014404
431.4329833984375,1846.224853515625,431.4329833984375
380.0579833984375,1837.349853515625,380.0579833984375
429.4329833984375,1844.224853515625,429.4329833984375
388.66836071014404,1835.6371421813965,388.66836071014404
380.0579833984375,1837.349853515625,380.0579833984375
388.66836071014404,1835.6371421813965,388.66836071014404
388.66836071014404,1835.6371421813965,388.66836071014404
388.66836071014404,1835.6371421813965,388.66836071014404
388.66836071014404,1835.6371421813965,388.66836071014404
395.96788597106934,1830.7597560882568,395.96788597106934
388.66836071014404,1835.6371421813965,388.66836071014404
395.96788597106934,1830.7597560882568,395.96788597106934
431.4329833984375,1846.224853515625,431.4329833984375
388.66836071014404,1835.6371421813965,388.66836071014404
429.4329833984375,1844.224853515625,429.4329833984375
395.96788597106934,1830.7597560882568,395.96788597106934
388.66836071014404,1835.6371421813965,388.66836071014404
395.96788597106934,1830.7597560882568,395.96788597106934
395.96788597106934,1830.7597560882568,395.96788597106934
395.96788597106934,1830.7597560882568,395.96788597106934
429.4329833984375,1844.224853515625,429.4329833984375
400.845272064209,1823.4602308273315,400.845272064209
395.96788597106934,1830.7597560882568,395.96788597106934
400.845272064209,1823.4602308273315,400.845272064209
400.845272064209,1823.4602308273315,400.845272064209
395.96788597106934,1830.7597560882568,395.96788597106934
400.845272064209,1823.4602308273315,400.845272064209
395.96788597106934,1830.7597560882568,395.96788597106934
400.845272064209,1823.4602308273315,400.845272064209
400.845272064209,1823.4602308273315,400.845272064209
402.5579833984375,1814.849853515625,402.5579833984375
400.845272064209,1823.4602308273315,400.845272064209
402.5579833984375,1814.849853515625,402.5579833984375
413.83679962158203,1813.9948031306267,413.83679962158203
400.845272064209,1823.4602308273315,400.845272064209
413.83679962158203,1813.9948031306267,413.83679962158203
395.96788597106934,1830.7597560882568,395.96788597106934
400.845272064209,1823.4602308273315,400.845272064209
429.4329833984375,1844.224853515625,429.4329833984375
416.18603134155273,1817.349853515625,416.18603134155273
400.845272064209,1823.4602308273315,400.845272064209
416.18603134155273,1817.349853515625,416.18603134155273
402.5579833984375,1814.849853515625,402.5579833984375
400.845272064209,1823.4602308273315,400.845272064209
402.5579833984375,1814.849853515625,402.5579833984375
402.5579833984375,1814.849853515625,402.5579833984375
402.5579833984375,1814.849853515625,402.5579833984375
402.5579833984375,1814.849853515625,402.5579833984375
400.845272064209,1806.2394762039185,400.845272064209
402.5579833984375,1814.849853515625,402.5579833984375
400.845272064209,1806.2394762039185,400.845272064209
414.93603134155273,1812.6847898960114,414.93603134155273
402.5579833984375,1814.849853515625,402.5579833984375
414.93603134155273,1812.6847898960114,414.93603134155273
413.83679962158203,1813.9948031306267,413.83679962158203
400.845272064209,1806.2394762039185,400.845272064209
402.5579833984375,1814.849853515625,402.5579833984375
400.845272064209,1806.2394762039185,400.845272064209
400.845272064209,1806.2394762039185,400.845272064209
400.845272064209,1806.2394762039185,400.845272064209
395.96788597106934,1798.9399509429932,395.96788597106934
400.845272064209,1806.2394762039185,400.845272064209
395.96788597106934,1798.9399509429932,395.96788597106934
414.93603134155273,1812.6847898960114,414.93603134155273
395.96788597106934,1798.9399509429932,395.96788597106934
431.4329833984375,1783.474853515625,431.4329833984375
414.93603134155273,1812.6847898960114,414.93603134155273
395.96788597106934,1798.9399509429932,395.96788597106934
400.845272064209,1806.2394762039185,400.845272064209
395.96788597106934,1798.9399509429932,395.96788597106934
400.845272064209,1806.2394762039185,400.845272064209
402.5579833984375,1814.849853515625,402.5579833984375
413.83679962158203,1815.7049039006233,413.83679962158203
400.845272064209,1806.2394762039185,400.845272064209
413.83679962158203,1815.7049039006233,413.83679962158203
395.96788597106934,1798.9399509429932,395.96788597106934
402.5579833984375,1814.849853515625,402.5579833984375
416.18603134155273,1817.349853515625,416.18603134155273
414.93603134155273,1817.0149171352386,414.93603134155273
402.5579833984375,1814.849853515625,402.5579833984375
414.93603134155273,1817.0149171352386,414.93603134155273
413.83679962158203,1815.7049039006233,413.83679962158203
414.93603134155273,1817.0149171352386,414.93603134155273
416.18603134155273,1817.349853515625,416.18603134155273
414.93603134155273,1817.0149171352386,414.93603134155273
414.93603134155273,1817.0149171352386,414.93603134155273
414.93603134155273,1817.0149171352386,414.93603134155273
413.83679962158203,1815.7049039006233,413.83679962158203
395.96788597106934,1798.9399509429932,395.96788597106934
413.83679962158203,1815.7049039006233,413.83679962158203
413.83679962158203,1813.9948031306267,413.83679962158203
395.96788597106934,1798.9399509429932,395.96788597106934
413.83679962158203,1813.9948031306267,413.83679962158203
429.4329833984375,1785.474853515625,429.4329833984375
413.83679962158203,1815.7049039006233,413.83679962158203
414.93603134155273,1817.0149171352386,414.93603134155273
413.83679962158203,1815.7049039006233,413.83679962158203
413.83679962158203,1815.7049039006233,413.83679962158203
413.83679962158203,1815.7049039006233,413.83679962158203
413.83679962158203,1813.9948031306267,413.83679962158203
413.83679962158203,1815.7049039006233,413.83679962158203
414.93603134155273,1817.0149171352386,414.93603134155273
395.96788597106934,1830.7597560882568,395.96788597106934
413.83679962158203,1815.7049039006233,413.83679962158203
395.96788597106934,1830.7597560882568,395.96788597106934
413.83679962158203,1813.9948031306267,413.83679962158203
413.83679962158203,1815.7049039006233,413.83679962158203
413.83679962158203,1813.9948031306267,413.83679962158203
413.83679962158203,1813.9948031306267,413.83679962158203
413.83679962158203,1813.9948031306267,413.83679962158203
413.83679962158203,1813.9948031306267,413.83679962158203
414.93603134155273,1812.6847898960114,414.93603134155273
413.83679962158203,1813.9948031306267,413.83679962158203
414.93603134155273,1812.6847898960114,414.93603134155273
429.4329833984375,1785.474853515625,429.4329833984375
413.83679962158203,1813.9948031306267,413.83679962158203
414.93603134155273,1812.6847898960114,414.93603134155273
414.93603134155273,1812.6847898960114,414.93603134155273
414.93603134155273,1812.6847898960114,414.93603134155273
414.93603134155273,1812.6847898960114,414.93603134155273
416.6201515197754,1812.387834072113,416.6201515197754
414.93603134155273,1812.6847898960114,414.93603134155273
416.6201515197754,1812.387834072113,416.6201515197754
429.4329833984375,1785.474853515625,429.4329833984375
414.93603134155273,1817.0149171352386,414.93603134155273
416.18603134155273,1817.349853515625,416.18603134155273
416.6201515197754,1817.311872959137,416.6201515197754
414.93603134155273,1817.0149171352386,414.93603134155273
416.6201515197754,1817.311872959137,416.6201515197754
395.96788597106934,1830.7597560882568,395.96788597106934
395.96788597106934,1830.7597560882568,395.96788597106934
416.6201515197754,1817.311872959137,416.6201515197754
431.4329833984375,1846.224853515625,431.4329833984375
414.93603134155273,1812.6847898960114,414.93603134155273
431.4329833984375,1783.474853515625,431.4329833984375
416.6201515197754,1812.387834072113,416.6201515197754
414.93603134155273,1812.6847898960114,414.93603134155273
416.6201515197754,1812.387834072113,416.6201515197754
416.6201515197754,1812.387834072113,416.6201515197754
416.6201515197754,1812.387834072113,416.6201515197754
416.6201515197754,1812.387834072113,416.6201515197754
418.1011428833008,1813.242884516716,418.1011428833008
416.6201515197754,1812.387834072113,416.6201515197754
418.1011428833008,1813.242884516716,418.1011428833008
429.4329833984375,1785.474853515625,429.4329833984375
416.6201515197754,1812.387834072113,416.6201515197754
431.4329833984375,1783.474853515625,431.4329833984375
418.1011428833008,1813.242884516716,418.1011428833008
416.6201515197754,1812.387834072113,416.6201515197754
418.1011428833008,1813.242884516716,418.1011428833008
418.1011428833008,1813.242884516716,418.1011428833008
418.1011428833008,1813.242884516716,418.1011428833008
418.1011428833008,1813.242884516716,418.1011428833008
418.68603134155273,1814.849853515625,418.68603134155273
418.1011428833008,1813.242884516716,418.1011428833008
418.68603134155273,1814.849853515625,418.68603134155273
429.4329833984375,1785.474853515625,429.4329833984375
418.1011428833008,1813.242884516716,418.1011428833008
431.4329833984375,1783.474853515625,431.4329833984375
418.68603134155273,1814.849853515625,418.68603134155273
418.1011428833008,1813.242884516716,418.1011428833008
418.68603134155273,1814.849853515625,418.68603134155273
418.68603134155273,1814.849853515625,418.68603134155273
416.18603134155273,1817.349853515625,416.18603134155273
429.4329833984375,1844.224853515625,429.4329833984375
416.6201515197754,1817.311872959137,416.6201515197754
416.18603134155273,1817.349853515625,416.18603134155273
416.6201515197754,1817.311872959137,416.6201515197754
416.6201515197754,1817.311872959137,416.6201515197754
416.6201515197754,1817.311872959137,416.6201515197754
416.6201515197754,1817.311872959137,416.6201515197754
418.1011428833008,1816.456822514534,418.1011428833008
416.6201515197754,1817.311872959137,416.6201515197754
418.1011428833008,1816.456822514534,418.1011428833008
431.4329833984375,1846.224853515625,431.4329833984375
416.6201515197754,1817.311872959137,416.6201515197754
429.4329833984375,1844.224853515625,429.4329833984375
418.1011428833008,1816.456822514534,418.1011428833008
416.6201515197754,1817.311872959137,416.6201515197754
418.1011428833008,1816.456822514534,418.1011428833008
418.1011428833008,1816.456822514534,418.1011428833008
418.1011428833008,1816.456822514534,418.1011428833008
418.1011428833008,1816.456822514534,418.1011428833008
418.68603134155273,1814.849853515625,418.68603134155273
418.1011428833008,1816.456822514534,418.1011428833008
418.68603134155273,1814.849853515625,418.68603134155273
431.4329833984375,1846.224853515625,431.4329833984375
418.1011428833008,1816.456822514534,418.1011428833008
429.4329833984375,1844.224853515625,429.4329833984375
418.68603134155273,1814.849853515625,418.68603134155273
418.1011428833008,1816.456822514534,418.1011428833008
418.68603134155273,1814.849853515625,418.68603134155273
418.68603134155273,1814.849853515625,418.68603134155273
418.68603134155273,1814.849853515625,418.68603134155273
431.4329833984375,1783.474853515625,431.4329833984375
431.4329833984375,1846.224853515625,431.4329833984375
418.68603134155273,1814.849853515625,418.68603134155273
429.4329833984375,1844.224853515625,429.4329833984375
429.4329833984375,1785.474853515625,429.4329833984375
429.4329833984375,1844.224853515625,429.4329833984375
431.4329833984375,1846.224853515625,431.4329833984375
429.4329833984375,1785.474853515625,429.4329833984375
431.4329833984375,1846.224853515625,431.4329833984375
431.4329833984375,1783.474853515625,431.4329833984375
429.4329833984375,1785.474853515625,429.4329833984375
