248.75636672973621,1316.4655761718745,248.75636672973621
248.75636672973616,1286.4655761718745,248.75636672973616
233.75636672973621,1316.4655761718745,233.75636672973621
248.75636672973621,1316.4655761718745,248.75636672973621
233.75636672973621,1316.4655761718745,233.75636672973621
248.75636672973621,1316.4655761718745,248.75636672973621
248.75636672973621,1316.4655761718745,248.75636672973621
248.75636672973621,1316.4655761718745,248.75636672973621
248.75636672973616,1286.4655761718745,248.75636672973616
248.75636672973621,1316.4655761718745,248.75636672973621
248.75636672973616,1286.4655761718745,248.75636672973616
248.75636672973616,1286.4655761718745,248.75636672973616
248.75636672973616,1286.4655761718745,248.75636672973616
248.75636672973621,1316.4655761718745,248.75636672973621
233.75636672973616,1286.4655761718745,233.75636672973616
248.75636672973616,1286.4655761718745,248.75636672973616
233.75636672973616,1286.4655761718745,233.75636672973616
248.75636672973616,1286.4655761718745,248.75636672973616
248.75636672973621,1316.4655761718745,248.75636672973621
233.75636672973621,1316.4655761718745,233.75636672973621
233.75636672973621,1316.4655761718745,233.75636672973621
248.75636672973621,1316.4655761718745,248.75636672973621
233.75636672973621,1316.4655761718745,233.75636672973621
233.75636672973616,1286.4655761718745,233.75636672973616
233.75636672973621,1316.4655761718745,233.75636672973621
233.75636672973621,1316.4655761718745,233.75636672973621
233.75636672973616,1286.4655761718745,233.75636672973616
233.75636672973621,1316.4655761718745,233.75636672973621
233.75636672973616,1286.4655761718745,233.75636672973616
233.75636672973616,1286.4655761718745,233.75636672973616
233.75636672973616,1286.4655761718745,233.75636672973616
233.75636672973616,1286.4655761718745,233.75636672973616
248.75636672973616,1286.4655761718745,248.75636672973616
233.75636672973616,1286.4655761718745,233.75636672973616
233.75636672973621,1316.4655761718745,233.75636672973621
248.75636672973616,1286.4655761718745,248.75636672973616
