370.35577860474586,1299.734084367752,370.35577860474586
368.4514716863632,1298.767023563385,368.4514716863632
370.4322518110275,1299.8104211091995,370.4322518110275
370.35577860474586,1299.734084367752,370.35577860474586
370.4322518110275,1299.8104211091995,370.4322518110275
370.43412044644356,1297.2708740234375,370.43412044644356
370.35577860474586,1299.734084367752,370.35577860474586
370.43412044644356,1297.2708740234375,370.43412044644356
369.78290206193924,1299.408448457718,369.78290206193924
370.35577860474586,1299.734084367752,370.35577860474586
369.78290206193924,1299.408448457718,369.78290206193924
368.4514716863632,1298.767023563385,368.4514716863632
369.78290206193924,1299.408448457718,369.78290206193924
370.43412044644356,1297.2708740234375,370.43412044644356
369.64197769761086,1299.370771408081,369.64197769761086
369.78290206193924,1299.408448457718,369.78290206193924
369.64197769761086,1299.370771408081,369.64197769761086
367.4026758670807,1298.2017426490784,367.4026758670807
369.78290206193924,1299.408448457718,369.78290206193924
367.4026758670807,1298.2017426490784,367.4026758670807
368.4514716863632,1298.767023563385,368.4514716863632
369.64197769761086,1299.370771408081,369.64197769761086
370.43412044644356,1297.2708740234375,370.43412044644356
369.2629101872444,1299.2694253921509,369.2629101872444
369.64197769761086,1299.370771408081,369.64197769761086
369.2629101872444,1299.2694253921509,369.2629101872444
367.4026758670807,1298.2017426490784,367.4026758670807
369.2629101872444,1299.2694253921509,369.2629101872444
370.43412044644356,1297.2708740234375,370.43412044644356
368.85752868652344,1299.2790286540985,368.85752868652344
369.2629101872444,1299.2694253921509,369.2629101872444
368.85752868652344,1299.2790286540985,368.85752868652344
366.2360486984253,1298.0847289562225,366.2360486984253
369.2629101872444,1299.2694253921509,369.2629101872444
366.2360486984253,1298.0847289562225,366.2360486984253
367.4026758670807,1298.2017426490784,367.4026758670807
368.85752868652344,1299.2790286540985,368.85752868652344
370.43412044644356,1297.2708740234375,370.43412044644356
368.75893199443817,1299.281364440918,368.75893199443817
368.85752868652344,1299.2790286540985,368.85752868652344
368.75893199443817,1299.281364440918,368.75893199443817
365.10914945602417,1298.431785583496,365.10914945602417
368.85752868652344,1299.2790286540985,368.85752868652344
365.10914945602417,1298.431785583496,365.10914945602417
366.2360486984253,1298.0847289562225,366.2360486984253
368.75893199443817,1299.281364440918,368.75893199443817
370.43412044644356,1297.2708740234375,370.43412044644356
368.7505747079849,1299.2844078540802,368.7505747079849
368.75893199443817,1299.281364440918,368.75893199443817
368.7505747079849,1299.2844078540802,368.7505747079849
365.10914945602417,1298.431785583496,365.10914945602417
368.7505747079849,1299.2844078540802,368.7505747079849
370.43412044644356,1297.2708740234375,370.43412044644356
368.75,1297.2708740234375,368.75
368.7505747079849,1299.2844078540802,368.7505747079849
368.75,1297.2708740234375,368.75
368.35701274871826,1299.4277267456055,368.35701274871826
368.7505747079849,1299.2844078540802,368.7505747079849
368.35701274871826,1299.4277267456055,368.35701274871826
365.10914945602417,1298.431785583496,365.10914945602417
368.75,1297.2708740234375,368.75
367.6507685184479,1297.2708740234375,367.6507685184479
368.35701274871826,1299.4277267456055,368.35701274871826
370.43412044644356,1297.2708740234375,370.43412044644356
370.4322518110275,1299.8104211091995,370.4322518110275
371.9151110649109,1297.2708740234375,371.9151110649109
370.43412044644356,1297.2708740234375,370.43412044644356
371.9151110649109,1297.2708740234375,371.9151110649109
370.43412044644356,1305.7708740234375,370.43412044644356
370.43412044644356,1297.2708740234375,370.43412044644356
370.43412044644356,1305.7708740234375,370.43412044644356
370.0,1297.2708740234375,370.0
370.0,1297.2708740234375,370.0
370.43412044644356,1305.7708740234375,370.43412044644356
370.0,1305.7708740234375,370.0
370.0,1297.2708740234375,370.0
370.0,1305.7708740234375,370.0
368.75,1297.2708740234375,368.75
370.0,1305.7708740234375,370.0
368.75,1305.7708740234375,368.75
368.75,1297.2708740234375,368.75
368.75,1305.7708740234375,368.75
367.6507685184479,1305.7708740234375,367.6507685184479
368.75,1297.2708740234375,368.75
370.43412044644356,1305.7708740234375,370.43412044644356
371.9151110649109,1297.2708740234375,371.9151110649109
371.9151110649109,1305.7708740234375,371.9151110649109
368.75,1297.2708740234375,368.75
367.6507685184479,1305.7708740234375,367.6507685184479
367.6507685184479,1297.2708740234375,367.6507685184479
371.9151110649109,1297.2708740234375,371.9151110649109
372.5,1297.2708740234375,372.5
371.9151110649109,1305.7708740234375,371.9151110649109
371.9151110649109,1305.7708740234375,371.9151110649109
372.5,1297.2708740234375,372.5
372.5,1305.7708740234375,372.5
372.5,1297.2708740234375,372.5
371.9151110649109,1297.2708740234375,371.9151110649109
372.5,1305.7708740234375,372.5
372.5,1305.7708740234375,372.5
371.9151110649109,1297.2708740234375,371.9151110649109
371.9151110649109,1305.7708740234375,371.9151110649109
368.35701274871826,1299.4277267456055,368.35701274871826
367.6507685184479,1297.2708740234375,367.6507685184479
368.22192347049713,1299.5488430261612,368.22192347049713
368.35701274871826,1299.4277267456055,368.35701274871826
368.22192347049713,1299.5488430261612,368.22192347049713
365.10914945602417,1298.431785583496,365.10914945602417
368.22192347049713,1299.5488430261612,368.22192347049713
367.6507685184479,1297.2708740234375,367.6507685184479
367.9604682922363,1299.783254623413,367.9604682922363
368.22192347049713,1299.5488430261612,368.22192347049713
367.9604682922363,1299.783254623413,367.9604682922363
364.1741724014282,1299.1960406303406,364.1741724014282
368.22192347049713,1299.5488430261612,368.22192347049713
364.1741724014282,1299.1960406303406,364.1741724014282
365.10914945602417,1298.431785583496,365.10914945602417
367.9604682922363,1299.783254623413,367.9604682922363
367.6507685184479,1297.2708740234375,367.6507685184479
367.8203635215759,1300.0926110744476,367.8203635215759
367.9604682922363,1299.783254623413,367.9604682922363
367.8203635215759,1300.0926110744476,367.8203635215759
364.1741724014282,1299.1960406303406,364.1741724014282
367.8203635215759,1300.0926110744476,367.8203635215759
367.6507685184479,1297.2708740234375,367.6507685184479
367.67258620262146,1300.4189085960388,367.67258620262146
367.8203635215759,1300.0926110744476,367.8203635215759
367.67258620262146,1300.4189085960388,367.67258620262146
364.1741724014282,1299.1960406303406,364.1741724014282
367.67258620262146,1300.4189085960388,367.67258620262146
367.6507685184479,1297.2708740234375,367.6507685184479
367.6537528038025,1300.540255844593,367.6537528038025
367.67258620262146,1300.4189085960388,367.67258620262146
367.6537528038025,1300.540255844593,367.6537528038025
363.557391166687,1300.2742774486542,363.557391166687
367.67258620262146,1300.4189085960388,367.67258620262146
363.557391166687,1300.2742774486542,363.557391166687
364.1741724014282,1299.1960406303406,364.1741724014282
367.6537528038025,1300.540255844593,367.6537528038025
367.6507685184479,1297.2708740234375,367.6507685184479
367.6171715259552,1300.7759582996368,367.6171715259552
367.6537528038025,1300.540255844593,367.6537528038025
367.6171715259552,1300.7759582996368,367.6171715259552
363.557391166687,1300.2742774486542,363.557391166687
367.6507685184479,1297.2708740234375,367.6507685184479
367.6507685184479,1297.2708740234375,367.6507685184479
367.6171715259552,1300.7759582996368,367.6171715259552
367.6171715259552,1300.7759582996368,367.6171715259552
367.6507685184479,1297.2708740234375,367.6507685184479
367.5759344100952,1301.0416586697102,367.5759344100952
367.6171715259552,1300.7759582996368,367.6171715259552
367.5759344100952,1301.0416586697102,367.5759344100952
363.557391166687,1300.2742774486542,363.557391166687
367.6507685184479,1297.2708740234375,367.6507685184479
367.6507685184479,1305.7708740234375,367.6507685184479
367.55865263938904,1301.5208740234375,367.55865263938904
367.6507685184479,1297.2708740234375,367.6507685184479
367.55865263938904,1301.5208740234375,367.55865263938904
367.5759344100952,1301.0416586697102,367.5759344100952
367.5759344100952,1301.0416586697102,367.5759344100952
367.55865263938904,1301.5208740234375,367.55865263938904
363.3421058654785,1301.5208740234375,363.3421058654785
367.5759344100952,1301.0416586697102,367.5759344100952
363.3421058654785,1301.5208740234375,363.3421058654785
363.557391166687,1300.2742774486542,363.557391166687
367.55865263938904,1301.5208740234375,367.55865263938904
367.6507685184479,1305.7708740234375,367.6507685184479
367.58607006073,1302.11533755064,367.58607006073
367.55865263938904,1301.5208740234375,367.55865263938904
367.58607006073,1302.11533755064,367.58607006073
363.3421058654785,1301.5208740234375,363.3421058654785
367.58607006073,1302.11533755064,367.58607006073
367.6507685184479,1305.7708740234375,367.6507685184479
367.61602091789246,1302.2655067443848,367.61602091789246
367.58607006073,1302.11533755064,367.58607006073
367.61602091789246,1302.2655067443848,367.61602091789246
363.557391166687,1302.7674705982208,363.557391166687
367.58607006073,1302.11533755064,367.58607006073
363.557391166687,1302.7674705982208,363.557391166687
363.3421058654785,1301.5208740234375,363.3421058654785
367.61602091789246,1302.2655067443848,367.61602091789246
367.6507685184479,1305.7708740234375,367.6507685184479
367.658038854599,1302.4761793613434,367.658038854599
367.61602091789246,1302.2655067443848,367.61602091789246
367.658038854599,1302.4761793613434,367.658038854599
363.557391166687,1302.7674705982208,363.557391166687
367.6507685184479,1305.7708740234375,367.6507685184479
367.6507685184479,1305.7708740234375,367.6507685184479
367.658038854599,1302.4761793613434,367.658038854599
367.658038854599,1302.4761793613434,367.658038854599
367.6507685184479,1305.7708740234375,367.6507685184479
367.7183198928833,1302.7784187793732,367.7183198928833
367.658038854599,1302.4761793613434,367.658038854599
367.7183198928833,1302.7784187793732,367.7183198928833
363.557391166687,1302.7674705982208,363.557391166687
367.7183198928833,1302.7784187793732,367.7183198928833
367.6507685184479,1305.7708740234375,367.6507685184479
367.8127372264862,1302.9535956382751,367.8127372264862
367.7183198928833,1302.7784187793732,367.7183198928833
367.8127372264862,1302.9535956382751,367.8127372264862
364.1741724014282,1303.8457074165344,364.1741724014282
367.7183198928833,1302.7784187793732,367.7183198928833
364.1741724014282,1303.8457074165344,364.1741724014282
363.557391166687,1302.7674705982208,363.557391166687
367.8127372264862,1302.9535956382751,367.8127372264862
367.6507685184479,1305.7708740234375,367.6507685184479
368.01324343681335,1303.3256038427353,368.01324343681335
367.8127372264862,1302.9535956382751,367.8127372264862
368.01324343681335,1303.3256038427353,368.01324343681335
364.1741724014282,1303.8457074165344,364.1741724014282
368.01324343681335,1303.3256038427353,368.01324343681335
367.6507685184479,1305.7708740234375,367.6507685184479
368.22162544727325,1303.492219567299,368.22162544727325
368.01324343681335,1303.3256038427353,368.01324343681335
368.22162544727325,1303.492219567299,368.22162544727325
365.10914945602417,1304.609962463379,365.10914945602417
368.01324343681335,1303.3256038427353,368.01324343681335
365.10914945602417,1304.609962463379,365.10914945602417
364.1741724014282,1303.8457074165344,364.1741724014282
368.22162544727325,1303.492219567299,368.22162544727325
367.6507685184479,1305.7708740234375,367.6507685184479
368.40886867046356,1303.641933441162,368.40886867046356
368.22162544727325,1303.492219567299,368.22162544727325
368.40886867046356,1303.641933441162,368.40886867046356
365.10914945602417,1304.609962463379,365.10914945602417
368.40886867046356,1303.641933441162,368.40886867046356
367.6507685184479,1305.7708740234375,367.6507685184479
368.7552069425583,1303.746197938919,368.7552069425583
368.40886867046356,1303.641933441162,368.40886867046356
368.7552069425583,1303.746197938919,368.7552069425583
365.10914945602417,1304.609962463379,365.10914945602417
367.6507685184479,1305.7708740234375,367.6507685184479
368.75,1305.7708740234375,368.75
368.7552069425583,1303.746197938919,368.7552069425583
368.7552069425583,1303.746197938919,368.7552069425583
368.75,1305.7708740234375,368.75
368.84993278980255,1303.7747149467468,368.84993278980255
368.7552069425583,1303.746197938919,368.7552069425583
368.84993278980255,1303.7747149467468,368.84993278980255
366.2360486984253,1304.9570190906525,366.2360486984253
368.7552069425583,1303.746197938919,368.7552069425583
366.2360486984253,1304.9570190906525,366.2360486984253
365.10914945602417,1304.609962463379,365.10914945602417
368.75,1305.7708740234375,368.75
370.43412044644356,1305.7708740234375,370.43412044644356
369.3596695661545,1303.757398366928,369.3596695661545
368.75,1305.7708740234375,368.75
369.3596695661545,1303.757398366928,369.3596695661545
368.84993278980255,1303.7747149467468,368.84993278980255
368.84993278980255,1303.7747149467468,368.84993278980255
369.3596695661545,1303.757398366928,369.3596695661545
367.4026758670807,1304.8400053977966,367.4026758670807
368.84993278980255,1303.7747149467468,368.84993278980255
367.4026758670807,1304.8400053977966,367.4026758670807
366.2360486984253,1304.9570190906525,366.2360486984253
369.3596695661545,1303.757398366928,369.3596695661545
370.43412044644356,1305.7708740234375,370.43412044644356
369.64138528704643,1303.6701159477234,369.64138528704643
369.3596695661545,1303.757398366928,369.3596695661545
369.64138528704643,1303.6701159477234,369.64138528704643
367.4026758670807,1304.8400053977966,367.4026758670807
369.64138528704643,1303.6701159477234,369.64138528704643
370.43412044644356,1305.7708740234375,370.43412044644356
369.8455241173506,1303.606868505478,369.8455241173506
369.64138528704643,1303.6701159477234,369.64138528704643
369.8455241173506,1303.606868505478,369.8455241173506
368.4514716863632,1304.27472448349,368.4514716863632
369.64138528704643,1303.6701159477234,369.64138528704643
368.4514716863632,1304.27472448349,368.4514716863632
367.4026758670807,1304.8400053977966,367.4026758670807
369.8455241173506,1303.606868505478,369.8455241173506
370.43412044644356,1305.7708740234375,370.43412044644356
370.4340924024582,1303.2461664676666,370.4340924024582
369.8455241173506,1303.606868505478,369.8455241173506
370.4340924024582,1303.2461664676666,370.4340924024582
368.4514716863632,1304.27472448349,368.4514716863632
370.4340924024582,1303.2461664676666,370.4340924024582
370.43412044644356,1305.7708740234375,370.43412044644356
370.4375796318054,1303.2440294027328,370.4375796318054
370.4340924024582,1303.2461664676666,370.4340924024582
370.4375796318054,1303.2440294027328,370.4375796318054
368.4514716863632,1304.27472448349,368.4514716863632
370.43412044644356,1305.7708740234375,370.43412044644356
371.9151110649109,1305.7708740234375,371.9151110649109
370.4375796318054,1303.2440294027328,370.4375796318054
370.4375796318054,1303.2440294027328,370.4375796318054
371.9151110649109,1305.7708740234375,371.9151110649109
370.9884717464447,1302.6294412612915,370.9884717464447
370.4375796318054,1303.2440294027328,370.4375796318054
370.9884717464447,1302.6294412612915,370.9884717464447
368.4514716863632,1304.27472448349,368.4514716863632
367.4026758670807,1304.8400053977966,367.4026758670807
368.4514716863632,1304.27472448349,368.4514716863632
366.96271419525146,1304.9376347064972,366.96271419525146
367.4026758670807,1304.8400053977966,367.4026758670807
366.96271419525146,1304.9376347064972,366.96271419525146
365.6614508628845,1305.6389908790588,365.6614508628845
367.4026758670807,1304.8400053977966,367.4026758670807
365.6614508628845,1305.6389908790588,365.6614508628845
366.2360486984253,1304.9570190906525,366.2360486984253
366.2360486984253,1304.9570190906525,366.2360486984253
365.6614508628845,1305.6389908790588,365.6614508628845
364.2139916419983,1305.7841720581055,364.2139916419983
366.2360486984253,1304.9570190906525,366.2360486984253
364.2139916419983,1305.7841720581055,364.2139916419983
365.10914945602417,1304.609962463379,365.10914945602417
365.10914945602417,1304.609962463379,365.10914945602417
364.2139916419983,1305.7841720581055,364.2139916419983
362.81582403182983,1305.353571653366,362.81582403182983
365.10914945602417,1304.609962463379,365.10914945602417
362.81582403182983,1305.353571653366,362.81582403182983
364.1741724014282,1303.8457074165344,364.1741724014282
364.1741724014282,1303.8457074165344,364.1741724014282
362.81582403182983,1305.353571653366,362.81582403182983
361.6557779312134,1304.4053440093994,361.6557779312134
364.1741724014282,1303.8457074165344,364.1741724014282
361.6557779312134,1304.4053440093994,361.6557779312134
363.557391166687,1302.7674705982208,363.557391166687
363.557391166687,1302.7674705982208,363.557391166687
361.6557779312134,1304.4053440093994,361.6557779312134
360.8905248641968,1303.067552804947,360.8905248641968
363.557391166687,1302.7674705982208,363.557391166687
360.8905248641968,1303.067552804947,360.8905248641968
363.3421058654785,1301.5208740234375,363.3421058654785
363.3421058654785,1301.5208740234375,363.3421058654785
360.8905248641968,1303.067552804947,360.8905248641968
360.62341499328613,1301.5208740234375,360.62341499328613
363.3421058654785,1301.5208740234375,363.3421058654785
360.62341499328613,1301.5208740234375,360.62341499328613
363.557391166687,1300.2742774486542,363.557391166687
363.557391166687,1300.2742774486542,363.557391166687
360.62341499328613,1301.5208740234375,360.62341499328613
360.8905248641968,1299.974195241928,360.8905248641968
363.557391166687,1300.2742774486542,363.557391166687
360.8905248641968,1299.974195241928,360.8905248641968
364.1741724014282,1299.1960406303406,364.1741724014282
364.1741724014282,1299.1960406303406,364.1741724014282
360.8905248641968,1299.974195241928,360.8905248641968
361.6557779312134,1298.6364040374756,361.6557779312134
364.1741724014282,1299.1960406303406,364.1741724014282
361.6557779312134,1298.6364040374756,361.6557779312134
365.10914945602417,1298.431785583496,365.10914945602417
365.10914945602417,1298.431785583496,365.10914945602417
361.6557779312134,1298.6364040374756,361.6557779312134
362.81582403182983,1297.688176393509,362.81582403182983
365.10914945602417,1298.431785583496,365.10914945602417
362.81582403182983,1297.688176393509,362.81582403182983
366.2360486984253,1298.0847289562225,366.2360486984253
366.2360486984253,1298.0847289562225,366.2360486984253
362.81582403182983,1297.688176393509,362.81582403182983
364.2139916419983,1297.2575759887695,364.2139916419983
366.2360486984253,1298.0847289562225,366.2360486984253
364.2139916419983,1297.2575759887695,364.2139916419983
367.4026758670807,1298.2017426490784,367.4026758670807
367.4026758670807,1298.2017426490784,367.4026758670807
364.2139916419983,1297.2575759887695,364.2139916419983
365.6614508628845,1297.4027571678162,365.6614508628845
367.4026758670807,1298.2017426490784,367.4026758670807
365.6614508628845,1297.4027571678162,365.6614508628845
368.4514716863632,1298.767023563385,368.4514716863632
364.2139916419983,1297.2575759887695,364.2139916419983
362.81582403182983,1297.688176393509,362.81582403182983
361.3433713912964,1297.3125314712524,361.3433713912964
364.2139916419983,1297.2575759887695,364.2139916419983
361.3433713912964,1297.3125314712524,361.3433713912964
362.87857389450073,1296.8397278785706,362.87857389450073
364.2139916419983,1297.2575759887695,364.2139916419983
362.87857389450073,1296.8397278785706,362.87857389450073
365.6614508628845,1297.4027571678162,365.6614508628845
362.81582403182983,1297.688176393509,362.81582403182983
361.6557779312134,1298.6364040374756,361.6557779312134
360.06962871551514,1298.3536956310272,360.06962871551514
362.81582403182983,1297.688176393509,362.81582403182983
360.06962871551514,1298.3536956310272,360.06962871551514
361.3433713912964,1297.3125314712524,361.3433713912964
361.6557779312134,1298.6364040374756,361.6557779312134
360.8905248641968,1299.974195241928,360.8905248641968
359.22937202453613,1299.822604417801,359.22937202453613
361.6557779312134,1298.6364040374756,361.6557779312134
359.22937202453613,1299.822604417801,359.22937202453613
360.06962871551514,1298.3536956310272,360.06962871551514
360.8905248641968,1299.974195241928,360.8905248641968
360.62341499328613,1301.5208740234375,360.62341499328613
358.9360828399658,1301.5208740234375,358.9360828399658
360.8905248641968,1299.974195241928,360.8905248641968
358.9360828399658,1301.5208740234375,358.9360828399658
359.22937202453613,1299.822604417801,359.22937202453613
360.62341499328613,1301.5208740234375,360.62341499328613
360.8905248641968,1303.067552804947,360.8905248641968
359.22937202453613,1303.219143629074,359.22937202453613
360.62341499328613,1301.5208740234375,360.62341499328613
359.22937202453613,1303.219143629074,359.22937202453613
358.9360828399658,1301.5208740234375,358.9360828399658
360.8905248641968,1303.067552804947,360.8905248641968
361.6557779312134,1304.4053440093994,361.6557779312134
360.06962871551514,1304.6880524158478,360.06962871551514
360.8905248641968,1303.067552804947,360.8905248641968
360.06962871551514,1304.6880524158478,360.06962871551514
359.22937202453613,1303.219143629074,359.22937202453613
361.6557779312134,1304.4053440093994,361.6557779312134
362.81582403182983,1305.353571653366,362.81582403182983
361.3433713912964,1305.7292165756226,361.3433713912964
361.6557779312134,1304.4053440093994,361.6557779312134
361.3433713912964,1305.7292165756226,361.3433713912964
360.06962871551514,1304.6880524158478,360.06962871551514
362.81582403182983,1305.353571653366,362.81582403182983
364.2139916419983,1305.7841720581055,364.2139916419983
362.87857389450073,1306.2020201683044,362.87857389450073
362.81582403182983,1305.353571653366,362.81582403182983
362.87857389450073,1306.2020201683044,362.87857389450073
361.3433713912964,1305.7292165756226,361.3433713912964
364.2139916419983,1305.7841720581055,364.2139916419983
365.6614508628845,1305.6389908790588,365.6614508628845
364.46789932250977,1306.0426096916199,364.46789932250977
364.2139916419983,1305.7841720581055,364.2139916419983
364.46789932250977,1306.0426096916199,364.46789932250977
362.87857389450073,1306.2020201683044,362.87857389450073
365.6614508628845,1305.6389908790588,365.6614508628845
366.96271419525146,1304.9376347064972,366.96271419525146
365.89670038223267,1305.2725131511688,365.89670038223267
365.6614508628845,1305.6389908790588,365.6614508628845
365.89670038223267,1305.2725131511688,365.89670038223267
364.46789932250977,1306.0426096916199,364.46789932250977
364.46789932250977,1306.0426096916199,364.46789932250977
365.89670038223267,1305.2725131511688,365.89670038223267
365.0166234970093,1305.2870728969574,365.0166234970093
364.46789932250977,1306.0426096916199,364.46789932250977
365.0166234970093,1305.2870728969574,365.0166234970093
363.5822777748108,1306.060157775879,363.5822777748108
364.46789932250977,1306.0426096916199,364.46789932250977
363.5822777748108,1306.060157775879,363.5822777748108
362.87857389450073,1306.2020201683044,362.87857389450073
362.87857389450073,1306.2020201683044,362.87857389450073
363.5822777748108,1306.060157775879,363.5822777748108
361.98678398132324,1306.2201871871948,361.98678398132324
362.87857389450073,1306.2020201683044,362.87857389450073
361.98678398132324,1306.2201871871948,361.98678398132324
361.3433713912964,1305.7292165756226,361.3433713912964
361.3433713912964,1305.7292165756226,361.3433713912964
361.98678398132324,1306.2201871871948,361.98678398132324
360.44562339782715,1305.745548248291,360.44562339782715
361.3433713912964,1305.7292165756226,361.3433713912964
360.44562339782715,1305.745548248291,360.44562339782715
360.06962871551514,1304.6880524158478,360.06962871551514
360.06962871551514,1304.6880524158478,360.06962871551514
360.44562339782715,1305.745548248291,360.44562339782715
359.16693782806396,1304.7003438472748,359.16693782806396
360.06962871551514,1304.6880524158478,360.06962871551514
359.16693782806396,1304.7003438472748,359.16693782806396
359.22937202453613,1303.219143629074,359.22937202453613
359.22937202453613,1303.219143629074,359.22937202453613
359.16693782806396,1304.7003438472748,359.16693782806396
358.32342052459717,1303.2257343530655,358.32342052459717
359.22937202453613,1303.219143629074,359.22937202453613
358.32342052459717,1303.2257343530655,358.32342052459717
358.9360828399658,1301.5208740234375,358.9360828399658
358.9360828399658,1301.5208740234375,358.9360828399658
358.32342052459717,1303.2257343530655,358.32342052459717
358.0289936065674,1301.5208740234375,358.0289936065674
358.9360828399658,1301.5208740234375,358.9360828399658
358.0289936065674,1301.5208740234375,358.0289936065674
359.22937202453613,1299.822604417801,359.22937202453613
359.22937202453613,1299.822604417801,359.22937202453613
358.0289936065674,1301.5208740234375,358.0289936065674
358.32342052459717,1299.8160136938095,358.32342052459717
359.22937202453613,1299.822604417801,359.22937202453613
358.32342052459717,1299.8160136938095,358.32342052459717
360.06962871551514,1298.3536956310272,360.06962871551514
360.06962871551514,1298.3536956310272,360.06962871551514
358.32342052459717,1299.8160136938095,358.32342052459717
359.16693782806396,1298.3414041996002,359.16693782806396
360.06962871551514,1298.3536956310272,360.06962871551514
359.16693782806396,1298.3414041996002,359.16693782806396
361.3433713912964,1297.3125314712524,361.3433713912964
361.3433713912964,1297.3125314712524,361.3433713912964
359.16693782806396,1298.3414041996002,359.16693782806396
360.44562339782715,1297.296199798584,360.44562339782715
361.3433713912964,1297.3125314712524,361.3433713912964
360.44562339782715,1297.296199798584,360.44562339782715
362.87857389450073,1296.8397278785706,362.87857389450073
359.16693782806396,1298.3414041996002,359.16693782806396
358.32342052459717,1299.8160136938095,358.32342052459717
357.84913635253906,1299.9425081014633,357.84913635253906
359.16693782806396,1298.3414041996002,359.16693782806396
357.84913635253906,1299.9425081014633,357.84913635253906
358.6300678253174,1298.5773091316223,358.6300678253174
359.16693782806396,1298.3414041996002,359.16693782806396
358.6300678253174,1298.5773091316223,358.6300678253174
360.44562339782715,1297.296199798584,360.44562339782715
358.32342052459717,1299.8160136938095,358.32342052459717
358.0289936065674,1301.5208740234375,358.0289936065674
357.5765542984009,1301.5208740234375,357.5765542984009
358.32342052459717,1299.8160136938095,358.32342052459717
357.5765542984009,1301.5208740234375,357.5765542984009
357.84913635253906,1299.9425081014633,357.84913635253906
358.0289936065674,1301.5208740234375,358.0289936065674
358.32342052459717,1303.2257343530655,358.32342052459717
357.84913635253906,1303.0992399454117,357.84913635253906
358.0289936065674,1301.5208740234375,358.0289936065674
357.84913635253906,1303.0992399454117,357.84913635253906
357.5765542984009,1301.5208740234375,357.5765542984009
358.32342052459717,1303.2257343530655,358.32342052459717
359.16693782806396,1304.7003438472748,359.16693782806396
358.6300678253174,1304.4644389152527,358.6300678253174
358.32342052459717,1303.2257343530655,358.32342052459717
358.6300678253174,1304.4644389152527,358.6300678253174
357.84913635253906,1303.0992399454117,357.84913635253906
359.16693782806396,1304.7003438472748,359.16693782806396
360.44562339782715,1305.745548248291,360.44562339782715
359.81387996673584,1305.4320931434631,359.81387996673584
359.16693782806396,1304.7003438472748,359.16693782806396
359.81387996673584,1305.4320931434631,359.81387996673584
358.6300678253174,1304.4644389152527,358.6300678253174
360.44562339782715,1305.745548248291,360.44562339782715
361.98678398132324,1306.2201871871948,361.98678398132324
361.2406921386719,1305.8715152740479,361.2406921386719
360.44562339782715,1305.745548248291,360.44562339782715
361.2406921386719,1305.8715152740479,361.2406921386719
359.81387996673584,1305.4320931434631,359.81387996673584
361.98678398132324,1306.2201871871948,361.98678398132324
363.5822777748108,1306.060157775879,363.5822777748108
362.7178053855896,1305.7233595848083,362.7178053855896
361.98678398132324,1306.2201871871948,361.98678398132324
362.7178053855896,1305.7233595848083,362.7178053855896
361.2406921386719,1305.8715152740479,361.2406921386719
363.5822777748108,1306.060157775879,363.5822777748108
365.0166234970093,1305.2870728969574,365.0166234970093
364.0457282066345,1305.00763463974,364.0457282066345
363.5822777748108,1306.060157775879,363.5822777748108
364.0457282066345,1305.00763463974,364.0457282066345
362.7178053855896,1305.7233595848083,362.7178053855896
362.7178053855896,1305.7233595848083,362.7178053855896
364.0457282066345,1305.00763463974,364.0457282066345
363.35105562210083,1304.6304516792297,363.35105562210083
362.7178053855896,1305.7233595848083,362.7178053855896
363.35105562210083,1304.6304516792297,363.35105562210083
362.1667823791504,1305.2687525749207,362.1667823791504
362.7178053855896,1305.7233595848083,362.7178053855896
362.1667823791504,1305.2687525749207,362.1667823791504
361.2406921386719,1305.8715152740479,361.2406921386719
361.2406921386719,1305.8715152740479,361.2406921386719
362.1667823791504,1305.2687525749207,362.1667823791504
360.8494567871094,1305.4008815288544,360.8494567871094
361.2406921386719,1305.8715152740479,361.2406921386719
360.8494567871094,1305.4008815288544,360.8494567871094
359.81387996673584,1305.4320931434631,359.81387996673584
359.81387996673584,1305.4320931434631,359.81387996673584
360.8494567871094,1305.4008815288544,360.8494567871094
359.5769901275635,1305.008994102478,359.5769901275635
359.81387996673584,1305.4320931434631,359.81387996673584
359.5769901275635,1305.008994102478,359.5769901275635
358.6300678253174,1304.4644389152527,358.6300678253174
358.6300678253174,1304.4644389152527,358.6300678253174
359.5769901275635,1305.008994102478,359.5769901275635
358.52123832702637,1304.1460165977478,358.52123832702637
358.6300678253174,1304.4644389152527,358.6300678253174
358.52123832702637,1304.1460165977478,358.52123832702637
357.84913635253906,1303.0992399454117,357.84913635253906
357.84913635253906,1303.0992399454117,357.84913635253906
358.52123832702637,1304.1460165977478,358.52123832702637
357.82478427886963,1302.9284991025925,357.82478427886963
357.84913635253906,1303.0992399454117,357.84913635253906
357.82478427886963,1302.9284991025925,357.82478427886963
357.5765542984009,1301.5208740234375,357.5765542984009
357.5765542984009,1301.5208740234375,357.5765542984009
357.82478427886963,1302.9284991025925,357.82478427886963
357.5816898345947,1301.5208740234375,357.5816898345947
357.5765542984009,1301.5208740234375,357.5765542984009
357.5816898345947,1301.5208740234375,357.5816898345947
357.84913635253906,1299.9425081014633,357.84913635253906
357.84913635253906,1299.9425081014633,357.84913635253906
357.5816898345947,1301.5208740234375,357.5816898345947
357.82478427886963,1300.1132489442825,357.82478427886963
357.84913635253906,1299.9425081014633,357.84913635253906
357.82478427886963,1300.1132489442825,357.82478427886963
358.6300678253174,1298.5773091316223,358.6300678253174
357.5816898345947,1301.5208740234375,357.5816898345947
357.82478427886963,1302.9284991025925,357.82478427886963
358.1011199951172,1302.6861382722855,358.1011199951172
357.5816898345947,1301.5208740234375,357.5816898345947
358.1011199951172,1302.6861382722855,358.1011199951172
357.8998804092407,1301.5208740234375,357.8998804092407
357.5816898345947,1301.5208740234375,357.5816898345947
357.8998804092407,1301.5208740234375,357.8998804092407
357.82478427886963,1300.1132489442825,357.82478427886963
357.82478427886963,1302.9284991025925,357.82478427886963
358.52123832702637,1304.1460165977478,358.52123832702637
358.6776599884033,1303.69402718544,358.6776599884033
357.82478427886963,1302.9284991025925,357.82478427886963
358.6776599884033,1303.69402718544,358.6776599884033
358.1011199951172,1302.6861382722855,358.1011199951172
358.52123832702637,1304.1460165977478,358.52123832702637
359.5769901275635,1305.008994102478,359.5769901275635
359.5516357421875,1304.4084196090698,359.5516357421875
358.52123832702637,1304.1460165977478,358.52123832702637
359.5516357421875,1304.4084196090698,359.5516357421875
358.6776599884033,1303.69402718544,358.6776599884033
359.5769901275635,1305.008994102478,359.5769901275635
360.8494567871094,1305.4008815288544,360.8494567871094
360.60501194000244,1304.732833147049,360.60501194000244
359.5769901275635,1305.008994102478,359.5769901275635
360.60501194000244,1304.732833147049,360.60501194000244
359.5516357421875,1304.4084196090698,359.5516357421875
360.8494567871094,1305.4008815288544,360.8494567871094
362.1667823791504,1305.2687525749207,362.1667823791504
361.69552516937256,1304.623453617096,361.69552516937256
360.8494567871094,1305.4008815288544,360.8494567871094
361.69552516937256,1304.623453617096,361.69552516937256
360.60501194000244,1304.732833147049,360.60501194000244
362.1667823791504,1305.2687525749207,362.1667823791504
363.35105562210083,1304.6304516792297,363.35105562210083
362.67589378356934,1304.0950536727905,362.67589378356934
362.1667823791504,1305.2687525749207,362.1667823791504
362.67589378356934,1304.0950536727905,362.67589378356934
361.69552516937256,1304.623453617096,361.69552516937256
361.69552516937256,1304.623453617096,361.69552516937256
362.67589378356934,1304.0950536727905,362.67589378356934
362.3107933998108,1303.7321252822876,362.3107933998108
361.69552516937256,1304.623453617096,361.69552516937256
362.3107933998108,1303.7321252822876,362.3107933998108
361.4686450958252,1304.186027288437,361.4686450958252
361.69552516937256,1304.623453617096,361.69552516937256
361.4686450958252,1304.186027288437,361.4686450958252
360.60501194000244,1304.732833147049,360.60501194000244
360.60501194000244,1304.732833147049,360.60501194000244
361.4686450958252,1304.186027288437,361.4686450958252
360.53188133239746,1304.2799854278564,360.53188133239746
360.60501194000244,1304.732833147049,360.60501194000244
360.53188133239746,1304.2799854278564,360.53188133239746
359.5516357421875,1304.4084196090698,359.5516357421875
359.5516357421875,1304.4084196090698,359.5516357421875
360.53188133239746,1304.2799854278564,360.53188133239746
359.62701892852783,1304.0013103485107,359.62701892852783
359.5516357421875,1304.4084196090698,359.5516357421875
359.62701892852783,1304.0013103485107,359.62701892852783
358.6776599884033,1303.69402718544,358.6776599884033
358.6776599884033,1303.69402718544,358.6776599884033
359.62701892852783,1304.0013103485107,359.62701892852783
358.8762626647949,1303.3876386880875,358.8762626647949
358.6776599884033,1303.69402718544,358.6776599884033
358.8762626647949,1303.3876386880875,358.8762626647949
358.1011199951172,1302.6861382722855,358.1011199951172
358.1011199951172,1302.6861382722855,358.1011199951172
358.8762626647949,1303.3876386880875,358.8762626647949
358.38100814819336,1302.521849989891,358.38100814819336
358.1011199951172,1302.6861382722855,358.1011199951172
358.38100814819336,1302.521849989891,358.38100814819336
357.8998804092407,1301.5208740234375,357.8998804092407
358.8762626647949,1303.3876386880875,358.8762626647949
359.62701892852783,1304.0013103485107,359.62701892852783
360.04751205444336,1302.6706192493439,360.04751205444336
358.8762626647949,1303.3876386880875,358.8762626647949
360.04751205444336,1302.6706192493439,360.04751205444336
359.69951725006104,1302.3861668109894,359.69951725006104
358.8762626647949,1303.3876386880875,358.8762626647949
359.69951725006104,1302.3861668109894,359.69951725006104
358.38100814819336,1302.521849989891,358.38100814819336
359.62701892852783,1304.0013103485107,359.62701892852783
360.53188133239746,1304.2799854278564,360.53188133239746
360.46693897247314,1302.7997921705246,360.46693897247314
359.62701892852783,1304.0013103485107,359.62701892852783
360.46693897247314,1302.7997921705246,360.46693897247314
360.04751205444336,1302.6706192493439,360.04751205444336
360.04751205444336,1302.6706192493439,360.04751205444336
360.46693897247314,1302.7997921705246,360.46693897247314
360.43151092529297,1301.5208740234375,360.43151092529297
360.04751205444336,1302.6706192493439,360.04751205444336
360.43151092529297,1301.5208740234375,360.43151092529297
359.69951725006104,1302.3861668109894,359.69951725006104
360.46693897247314,1302.7997921705246,360.46693897247314
360.53188133239746,1304.2799854278564,360.53188133239746
360.9011526107788,1302.7562401294708,360.9011526107788
360.46693897247314,1302.7997921705246,360.46693897247314
360.9011526107788,1302.7562401294708,360.9011526107788
360.43151092529297,1301.5208740234375,360.43151092529297
360.53188133239746,1304.2799854278564,360.53188133239746
361.4686450958252,1304.186027288437,361.4686450958252
360.9011526107788,1302.7562401294708,360.9011526107788
360.9011526107788,1302.7562401294708,360.9011526107788
361.4686450958252,1304.186027288437,361.4686450958252
361.2915096282959,1302.5458450317383,361.2915096282959
360.9011526107788,1302.7562401294708,360.9011526107788
361.2915096282959,1302.5458450317383,361.2915096282959
360.43151092529297,1301.5208740234375,360.43151092529297
361.4686450958252,1304.186027288437,361.4686450958252
362.3107933998108,1303.7321252822876,362.3107933998108
361.2915096282959,1302.5458450317383,361.2915096282959
361.2915096282959,1302.5458450317383,361.2915096282959
362.3107933998108,1303.7321252822876,362.3107933998108
361.5852909088135,1302.1970220208168,361.5852909088135
361.2915096282959,1302.5458450317383,361.2915096282959
361.5852909088135,1302.1970220208168,361.5852909088135
360.43151092529297,1301.5208740234375,360.43151092529297
359.69951725006104,1302.3861668109894,359.69951725006104
360.43151092529297,1301.5208740234375,360.43151092529297
359.4699544906616,1301.9848517775536,359.4699544906616
359.69951725006104,1302.3861668109894,359.69951725006104
359.4699544906616,1301.9848517775536,359.4699544906616
358.38100814819336,1302.521849989891,358.38100814819336
358.38100814819336,1302.521849989891,358.38100814819336
359.4699544906616,1301.9848517775536,359.4699544906616
358.20814037323,1301.5208740234375,358.20814037323
358.38100814819336,1302.521849989891,358.38100814819336
358.20814037323,1301.5208740234375,358.20814037323
357.8998804092407,1301.5208740234375,357.8998804092407
359.4699544906616,1301.9848517775536,359.4699544906616
360.43151092529297,1301.5208740234375,360.43151092529297
359.38982582092285,1301.5208740234375,359.38982582092285
359.4699544906616,1301.9848517775536,359.4699544906616
359.38982582092285,1301.5208740234375,359.38982582092285
358.20814037323,1301.5208740234375,358.20814037323
362.3107933998108,1303.7321252822876,362.3107933998108
362.67589378356934,1304.0950536727905,362.67589378356934
362.9445905685425,1302.9795815944672,362.9445905685425
362.3107933998108,1303.7321252822876,362.3107933998108
362.9445905685425,1302.9795815944672,362.9445905685425
361.5852909088135,1302.1970220208168,361.5852909088135
361.5852909088135,1302.1970220208168,361.5852909088135
362.9445905685425,1302.9795815944672,362.9445905685425
361.74281883239746,1301.7568813860416,361.74281883239746
361.5852909088135,1302.1970220208168,361.5852909088135
361.74281883239746,1301.7568813860416,361.74281883239746
360.43151092529297,1301.5208740234375,360.43151092529297
362.67589378356934,1304.0950536727905,362.67589378356934
363.35105562210083,1304.6304516792297,363.35105562210083
363.4137144088745,1303.2189964056015,363.4137144088745
362.67589378356934,1304.0950536727905,362.67589378356934
363.4137144088745,1303.2189964056015,363.4137144088745
362.9445905685425,1302.9795815944672,362.9445905685425
362.9445905685425,1302.9795815944672,362.9445905685425
363.4137144088745,1303.2189964056015,363.4137144088745
363.28443813323975,1302.0300313830376,363.28443813323975
362.9445905685425,1302.9795815944672,362.9445905685425
363.28443813323975,1302.0300313830376,363.28443813323975
361.74281883239746,1301.7568813860416,361.74281883239746
361.74281883239746,1301.7568813860416,361.74281883239746
363.28443813323975,1302.0300313830376,363.28443813323975
361.74281883239746,1301.2848666608334,361.74281883239746
361.74281883239746,1301.7568813860416,361.74281883239746
361.74281883239746,1301.2848666608334,361.74281883239746
360.43151092529297,1301.5208740234375,360.43151092529297
357.8998804092407,1301.5208740234375,357.8998804092407
358.20814037323,1301.5208740234375,358.20814037323
358.1011199951172,1300.3556097745895,358.1011199951172
357.8998804092407,1301.5208740234375,357.8998804092407
358.1011199951172,1300.3556097745895,358.1011199951172
357.82478427886963,1300.1132489442825,357.82478427886963
358.20814037323,1301.5208740234375,358.20814037323
359.38982582092285,1301.5208740234375,359.38982582092285
358.38100814819336,1300.519898056984,358.38100814819336
358.20814037323,1301.5208740234375,358.20814037323
358.38100814819336,1300.519898056984,358.38100814819336
358.1011199951172,1300.3556097745895,358.1011199951172
359.38982582092285,1301.5208740234375,359.38982582092285
360.43151092529297,1301.5208740234375,360.43151092529297
359.4699544906616,1301.0568962693214,359.4699544906616
359.38982582092285,1301.5208740234375,359.38982582092285
359.4699544906616,1301.0568962693214,359.4699544906616
358.38100814819336,1300.519898056984,358.38100814819336
357.82478427886963,1300.1132489442825,357.82478427886963
358.1011199951172,1300.3556097745895,358.1011199951172
358.52123832702637,1298.8957314491272,358.52123832702637
357.82478427886963,1300.1132489442825,357.82478427886963
358.52123832702637,1298.8957314491272,358.52123832702637
358.6300678253174,1298.5773091316223,358.6300678253174
358.1011199951172,1300.3556097745895,358.1011199951172
358.38100814819336,1300.519898056984,358.38100814819336
358.6776599884033,1299.347720861435,358.6776599884033
358.1011199951172,1300.3556097745895,358.1011199951172
358.6776599884033,1299.347720861435,358.6776599884033
358.52123832702637,1298.8957314491272,358.52123832702637
358.38100814819336,1300.519898056984,358.38100814819336
359.4699544906616,1301.0568962693214,359.4699544906616
358.8762626647949,1299.6541093587875,358.8762626647949
358.38100814819336,1300.519898056984,358.38100814819336
358.8762626647949,1299.6541093587875,358.8762626647949
358.6776599884033,1299.347720861435,358.6776599884033
359.4699544906616,1301.0568962693214,359.4699544906616
360.43151092529297,1301.5208740234375,360.43151092529297
359.69951725006104,1300.6555812358856,359.69951725006104
359.4699544906616,1301.0568962693214,359.4699544906616
359.69951725006104,1300.6555812358856,359.69951725006104
358.8762626647949,1299.6541093587875,358.8762626647949
363.35105562210083,1304.6304516792297,363.35105562210083
364.0457282066345,1305.00763463974,364.0457282066345
364.2423343658447,1303.5721852779388,364.2423343658447
363.35105562210083,1304.6304516792297,363.35105562210083
364.2423343658447,1303.5721852779388,364.2423343658447
363.4137144088745,1303.2189964056015,363.4137144088745
363.4137144088745,1303.2189964056015,363.4137144088745
364.2423343658447,1303.5721852779388,364.2423343658447
363.80934047698975,1302.1135984063148,363.80934047698975
363.4137144088745,1303.2189964056015,363.4137144088745
363.80934047698975,1302.1135984063148,363.80934047698975
363.28443813323975,1302.0300313830376,363.28443813323975
363.28443813323975,1302.0300313830376,363.28443813323975
363.80934047698975,1302.1135984063148,363.80934047698975
363.28443813323975,1301.0117166638374,363.28443813323975
363.28443813323975,1302.0300313830376,363.28443813323975
363.28443813323975,1301.0117166638374,363.28443813323975
361.74281883239746,1301.2848666608334,361.74281883239746
361.74281883239746,1301.2848666608334,361.74281883239746
363.28443813323975,1301.0117166638374,363.28443813323975
361.5852909088135,1300.8447260260582,361.5852909088135
361.74281883239746,1301.2848666608334,361.74281883239746
361.5852909088135,1300.8447260260582,361.5852909088135
360.43151092529297,1301.5208740234375,360.43151092529297
364.0457282066345,1305.00763463974,364.0457282066345
365.0166234970093,1305.2870728969574,365.0166234970093
365.04511642456055,1303.8210034370422,365.04511642456055
364.0457282066345,1305.00763463974,364.0457282066345
365.04511642456055,1303.8210034370422,365.04511642456055
364.2423343658447,1303.5721852779388,364.2423343658447
364.2423343658447,1303.5721852779388,364.2423343658447
365.04511642456055,1303.8210034370422,365.04511642456055
364.7202458381653,1302.2368778586388,364.7202458381653
364.2423343658447,1303.5721852779388,364.2423343658447
364.7202458381653,1302.2368778586388,364.7202458381653
363.80934047698975,1302.1135984063148,363.80934047698975
363.80934047698975,1302.1135984063148,363.80934047698975
364.7202458381653,1302.2368778586388,364.7202458381653
363.80934047698975,1300.9281496405602,363.80934047698975
363.80934047698975,1302.1135984063148,363.80934047698975
363.80934047698975,1300.9281496405602,363.80934047698975
363.28443813323975,1301.0117166638374,363.28443813323975
363.28443813323975,1301.0117166638374,363.28443813323975
363.80934047698975,1300.9281496405602,363.80934047698975
362.9445905685425,1300.0621664524078,362.9445905685425
363.28443813323975,1301.0117166638374,363.28443813323975
362.9445905685425,1300.0621664524078,362.9445905685425
361.5852909088135,1300.8447260260582,361.5852909088135
361.5852909088135,1300.8447260260582,361.5852909088135
362.9445905685425,1300.0621664524078,362.9445905685425
361.2915096282959,1300.4959030151367,361.2915096282959
361.5852909088135,1300.8447260260582,361.5852909088135
361.2915096282959,1300.4959030151367,361.2915096282959
360.43151092529297,1301.5208740234375,360.43151092529297
358.6300678253174,1298.5773091316223,358.6300678253174
358.52123832702637,1298.8957314491272,358.52123832702637
359.81387996673584,1297.6096549034119,359.81387996673584
358.6300678253174,1298.5773091316223,358.6300678253174
359.81387996673584,1297.6096549034119,359.81387996673584
360.44562339782715,1297.296199798584,360.44562339782715
358.52123832702637,1298.8957314491272,358.52123832702637
358.6776599884033,1299.347720861435,358.6776599884033
359.5769901275635,1298.032753944397,359.5769901275635
358.52123832702637,1298.8957314491272,358.52123832702637
359.5769901275635,1298.032753944397,359.5769901275635
359.81387996673584,1297.6096549034119,359.81387996673584
358.6776599884033,1299.347720861435,358.6776599884033
358.8762626647949,1299.6541093587875,358.8762626647949
359.5516357421875,1298.6333284378052,359.5516357421875
358.6776599884033,1299.347720861435,358.6776599884033
359.5516357421875,1298.6333284378052,359.5516357421875
359.5769901275635,1298.032753944397,359.5769901275635
358.8762626647949,1299.6541093587875,358.8762626647949
359.69951725006104,1300.6555812358856,359.69951725006104
359.62701892852783,1299.0404376983643,359.62701892852783
358.8762626647949,1299.6541093587875,358.8762626647949
359.62701892852783,1299.0404376983643,359.62701892852783
359.5516357421875,1298.6333284378052,359.5516357421875
359.69951725006104,1300.6555812358856,359.69951725006104
360.43151092529297,1301.5208740234375,360.43151092529297
360.04751205444336,1300.3711287975311,360.04751205444336
359.69951725006104,1300.6555812358856,359.69951725006104
360.04751205444336,1300.3711287975311,360.04751205444336
359.62701892852783,1299.0404376983643,359.62701892852783
360.44562339782715,1297.296199798584,360.44562339782715
359.81387996673584,1297.6096549034119,359.81387996673584
361.98678398132324,1296.8215608596802,361.98678398132324
360.44562339782715,1297.296199798584,360.44562339782715
361.98678398132324,1296.8215608596802,361.98678398132324
362.87857389450073,1296.8397278785706,362.87857389450073
359.81387996673584,1297.6096549034119,359.81387996673584
359.5769901275635,1298.032753944397,359.5769901275635
361.2406921386719,1297.1702327728271,361.2406921386719
359.81387996673584,1297.6096549034119,359.81387996673584
361.2406921386719,1297.1702327728271,361.2406921386719
361.98678398132324,1296.8215608596802,361.98678398132324
359.5769901275635,1298.032753944397,359.5769901275635
359.5516357421875,1298.6333284378052,359.5516357421875
360.8494567871094,1297.6408665180206,360.8494567871094
359.5769901275635,1298.032753944397,359.5769901275635
360.8494567871094,1297.6408665180206,360.8494567871094
361.2406921386719,1297.1702327728271,361.2406921386719
359.5516357421875,1298.6333284378052,359.5516357421875
359.62701892852783,1299.0404376983643,359.62701892852783
360.60501194000244,1298.308914899826,360.60501194000244
359.5516357421875,1298.6333284378052,359.5516357421875
360.60501194000244,1298.308914899826,360.60501194000244
360.8494567871094,1297.6408665180206,360.8494567871094
359.62701892852783,1299.0404376983643,359.62701892852783
360.04751205444336,1300.3711287975311,360.04751205444336
360.53188133239746,1298.7617626190186,360.53188133239746
359.62701892852783,1299.0404376983643,359.62701892852783
360.53188133239746,1298.7617626190186,360.53188133239746
360.60501194000244,1298.308914899826,360.60501194000244
360.04751205444336,1300.3711287975311,360.04751205444336
360.43151092529297,1301.5208740234375,360.43151092529297
360.46693897247314,1300.2419558763504,360.46693897247314
360.04751205444336,1300.3711287975311,360.04751205444336
360.46693897247314,1300.2419558763504,360.46693897247314
360.53188133239746,1298.7617626190186,360.53188133239746
360.43151092529297,1301.5208740234375,360.43151092529297
361.2915096282959,1300.4959030151367,361.2915096282959
360.9011526107788,1300.2855079174042,360.9011526107788
360.43151092529297,1301.5208740234375,360.43151092529297
360.9011526107788,1300.2855079174042,360.9011526107788
360.46693897247314,1300.2419558763504,360.46693897247314
360.46693897247314,1300.2419558763504,360.46693897247314
360.9011526107788,1300.2855079174042,360.9011526107788
361.4686450958252,1298.855720758438,361.4686450958252
360.46693897247314,1300.2419558763504,360.46693897247314
361.4686450958252,1298.855720758438,361.4686450958252
360.53188133239746,1298.7617626190186,360.53188133239746
360.9011526107788,1300.2855079174042,360.9011526107788
361.2915096282959,1300.4959030151367,361.2915096282959
362.3107933998108,1299.3096227645874,362.3107933998108
360.9011526107788,1300.2855079174042,360.9011526107788
362.3107933998108,1299.3096227645874,362.3107933998108
361.4686450958252,1298.855720758438,361.4686450958252
361.2915096282959,1300.4959030151367,361.2915096282959
362.9445905685425,1300.0621664524078,362.9445905685425
362.3107933998108,1299.3096227645874,362.3107933998108
360.53188133239746,1298.7617626190186,360.53188133239746
361.4686450958252,1298.855720758438,361.4686450958252
361.69552516937256,1298.418294429779,361.69552516937256
360.53188133239746,1298.7617626190186,360.53188133239746
361.69552516937256,1298.418294429779,361.69552516937256
360.60501194000244,1298.308914899826,360.60501194000244
361.4686450958252,1298.855720758438,361.4686450958252
362.3107933998108,1299.3096227645874,362.3107933998108
362.67589378356934,1298.9466943740845,362.67589378356934
361.4686450958252,1298.855720758438,361.4686450958252
362.67589378356934,1298.9466943740845,362.67589378356934
361.69552516937256,1298.418294429779,361.69552516937256
362.3107933998108,1299.3096227645874,362.3107933998108
362.9445905685425,1300.0621664524078,362.9445905685425
363.4137144088745,1299.8227516412735,363.4137144088745
362.3107933998108,1299.3096227645874,362.3107933998108
363.4137144088745,1299.8227516412735,363.4137144088745
362.67589378356934,1298.9466943740845,362.67589378356934
362.9445905685425,1300.0621664524078,362.9445905685425
363.80934047698975,1300.9281496405602,363.80934047698975
363.4137144088745,1299.8227516412735,363.4137144088745
360.60501194000244,1298.308914899826,360.60501194000244
361.69552516937256,1298.418294429779,361.69552516937256
362.1667823791504,1297.7729954719543,362.1667823791504
360.60501194000244,1298.308914899826,360.60501194000244
362.1667823791504,1297.7729954719543,362.1667823791504
360.8494567871094,1297.6408665180206,360.8494567871094
361.69552516937256,1298.418294429779,361.69552516937256
362.67589378356934,1298.9466943740845,362.67589378356934
363.35105562210083,1298.4112963676453,363.35105562210083
361.69552516937256,1298.418294429779,361.69552516937256
363.35105562210083,1298.4112963676453,363.35105562210083
362.1667823791504,1297.7729954719543,362.1667823791504
362.67589378356934,1298.9466943740845,362.67589378356934
363.4137144088745,1299.8227516412735,363.4137144088745
364.2423343658447,1299.4695627689362,364.2423343658447
362.67589378356934,1298.9466943740845,362.67589378356934
364.2423343658447,1299.4695627689362,364.2423343658447
363.35105562210083,1298.4112963676453,363.35105562210083
363.4137144088745,1299.8227516412735,363.4137144088745
363.80934047698975,1300.9281496405602,363.80934047698975
364.7202458381653,1300.8048701882362,364.7202458381653
363.4137144088745,1299.8227516412735,363.4137144088745
364.7202458381653,1300.8048701882362,364.7202458381653
364.2423343658447,1299.4695627689362,364.2423343658447
363.80934047698975,1300.9281496405602,363.80934047698975
364.7202458381653,1302.2368778586388,364.7202458381653
364.7202458381653,1300.8048701882362,364.7202458381653
360.8494567871094,1297.6408665180206,360.8494567871094
362.1667823791504,1297.7729954719543,362.1667823791504
362.7178053855896,1297.3183884620667,362.7178053855896
360.8494567871094,1297.6408665180206,360.8494567871094
362.7178053855896,1297.3183884620667,362.7178053855896
361.2406921386719,1297.1702327728271,361.2406921386719
362.1667823791504,1297.7729954719543,362.1667823791504
363.35105562210083,1298.4112963676453,363.35105562210083
364.0457282066345,1298.034113407135,364.0457282066345
362.1667823791504,1297.7729954719543,362.1667823791504
364.0457282066345,1298.034113407135,364.0457282066345
362.7178053855896,1297.3183884620667,362.7178053855896
363.35105562210083,1298.4112963676453,363.35105562210083
364.2423343658447,1299.4695627689362,364.2423343658447
365.04511642456055,1299.2207446098328,365.04511642456055
363.35105562210083,1298.4112963676453,363.35105562210083
365.04511642456055,1299.2207446098328,365.04511642456055
364.0457282066345,1298.034113407135,364.0457282066345
364.2423343658447,1299.4695627689362,364.2423343658447
364.7202458381653,1300.8048701882362,364.7202458381653
365.580997467041,1300.718020915985,365.580997467041
364.2423343658447,1299.4695627689362,364.2423343658447
365.580997467041,1300.718020915985,365.580997467041
365.04511642456055,1299.2207446098328,365.04511642456055
364.7202458381653,1300.8048701882362,364.7202458381653
364.7202458381653,1302.2368778586388,364.7202458381653
365.580997467041,1302.32372713089,365.580997467041
364.7202458381653,1300.8048701882362,364.7202458381653
365.580997467041,1302.32372713089,365.580997467041
365.580997467041,1300.718020915985,365.580997467041
364.7202458381653,1302.2368778586388,364.7202458381653
365.04511642456055,1303.8210034370422,365.04511642456055
365.580997467041,1302.32372713089,365.580997467041
361.2406921386719,1297.1702327728271,361.2406921386719
362.7178053855896,1297.3183884620667,362.7178053855896
363.5822777748108,1296.981590270996,363.5822777748108
361.2406921386719,1297.1702327728271,361.2406921386719
363.5822777748108,1296.981590270996,363.5822777748108
361.98678398132324,1296.8215608596802,361.98678398132324
362.7178053855896,1297.3183884620667,362.7178053855896
364.0457282066345,1298.034113407135,364.0457282066345
365.0166234970093,1297.7546751499176,365.0166234970093
362.7178053855896,1297.3183884620667,362.7178053855896
365.0166234970093,1297.7546751499176,365.0166234970093
363.5822777748108,1296.981590270996,363.5822777748108
364.0457282066345,1298.034113407135,364.0457282066345
365.04511642456055,1299.2207446098328,365.04511642456055
366.09610533714294,1299.0364060401917,366.09610533714294
364.0457282066345,1298.034113407135,364.0457282066345
366.09610533714294,1299.0364060401917,366.09610533714294
365.0166234970093,1297.7546751499176,365.0166234970093
365.04511642456055,1299.2207446098328,365.04511642456055
365.580997467041,1300.718020915985,365.580997467041
366.67493319511414,1300.6536781787872,366.67493319511414
365.04511642456055,1299.2207446098328,365.04511642456055
366.67493319511414,1300.6536781787872,366.67493319511414
366.09610533714294,1299.0364060401917,366.09610533714294
365.580997467041,1300.718020915985,365.580997467041
365.580997467041,1302.32372713089,365.580997467041
366.67493319511414,1302.3880698680878,366.67493319511414
365.580997467041,1300.718020915985,365.580997467041
366.67493319511414,1302.3880698680878,366.67493319511414
366.67493319511414,1300.6536781787872,366.67493319511414
365.580997467041,1302.32372713089,365.580997467041
365.04511642456055,1303.8210034370422,365.04511642456055
366.09610533714294,1304.0053420066833,366.09610533714294
365.580997467041,1302.32372713089,365.580997467041
366.09610533714294,1304.0053420066833,366.09610533714294
366.67493319511414,1302.3880698680878,366.67493319511414
365.04511642456055,1303.8210034370422,365.04511642456055
365.0166234970093,1305.2870728969574,365.0166234970093
366.09610533714294,1304.0053420066833,366.09610533714294
365.0166234970093,1305.2870728969574,365.0166234970093
365.89670038223267,1305.2725131511688,365.89670038223267
366.09610533714294,1304.0053420066833,366.09610533714294
366.09610533714294,1304.0053420066833,366.09610533714294
365.89670038223267,1305.2725131511688,365.89670038223267
366.97200894355774,1303.9957373142242,366.97200894355774
366.09610533714294,1304.0053420066833,366.09610533714294
366.97200894355774,1303.9957373142242,366.97200894355774
366.67493319511414,1302.3880698680878,366.67493319511414
365.89670038223267,1305.2725131511688,365.89670038223267
366.96271419525146,1304.9376347064972,366.96271419525146
366.97200894355774,1303.9957373142242,366.97200894355774
366.67493319511414,1302.3880698680878,366.67493319511414
366.97200894355774,1303.9957373142242,366.97200894355774
367.54859924316406,1302.3847174048424,367.54859924316406
366.67493319511414,1302.3880698680878,366.67493319511414
367.54859924316406,1302.3847174048424,367.54859924316406
366.67493319511414,1300.6536781787872,366.67493319511414
366.97200894355774,1303.9957373142242,366.97200894355774
366.96271419525146,1304.9376347064972,366.96271419525146
367.94203877449036,1303.7748262882233,367.94203877449036
366.97200894355774,1303.9957373142242,366.97200894355774
367.94203877449036,1303.7748262882233,367.94203877449036
367.54859924316406,1302.3847174048424,367.54859924316406
366.96271419525146,1304.9376347064972,366.96271419525146
368.4514716863632,1304.27472448349,368.4514716863632
367.94203877449036,1303.7748262882233,367.94203877449036
366.67493319511414,1300.6536781787872,366.67493319511414
367.54859924316406,1302.3847174048424,367.54859924316406
367.54859924316406,1300.6570306420326,367.54859924316406
366.67493319511414,1300.6536781787872,366.67493319511414
367.54859924316406,1300.6570306420326,367.54859924316406
366.09610533714294,1299.0364060401917,366.09610533714294
367.54859924316406,1302.3847174048424,367.54859924316406
367.94203877449036,1303.7748262882233,367.94203877449036
368.46716141700745,1302.3076090812683,368.46716141700745
367.54859924316406,1302.3847174048424,367.54859924316406
368.46716141700745,1302.3076090812683,368.46716141700745
367.54859924316406,1300.6570306420326,367.54859924316406
367.94203877449036,1303.7748262882233,367.94203877449036
368.4514716863632,1304.27472448349,368.4514716863632
369.24079048633575,1303.3375208377838,369.24079048633575
367.94203877449036,1303.7748262882233,367.94203877449036
369.24079048633575,1303.3375208377838,369.24079048633575
368.46716141700745,1302.3076090812683,368.46716141700745
368.4514716863632,1304.27472448349,368.4514716863632
370.9884717464447,1302.6294412612915,370.9884717464447
369.24079048633575,1303.3375208377838,369.24079048633575
369.24079048633575,1303.3375208377838,369.24079048633575
370.9884717464447,1302.6294412612915,370.9884717464447
369.66403034329414,1302.1549689769745,369.66403034329414
369.24079048633575,1303.3375208377838,369.24079048633575
369.66403034329414,1302.1549689769745,369.66403034329414
368.46716141700745,1302.3076090812683,368.46716141700745
368.46716141700745,1302.3076090812683,368.46716141700745
369.66403034329414,1302.1549689769745,369.66403034329414
368.46716141700745,1300.7341389656067,368.46716141700745
368.46716141700745,1302.3076090812683,368.46716141700745
368.46716141700745,1300.7341389656067,368.46716141700745
367.54859924316406,1300.6570306420326,367.54859924316406
367.54859924316406,1300.6570306420326,367.54859924316406
368.46716141700745,1300.7341389656067,368.46716141700745
366.97200894355774,1299.0460107326508,366.97200894355774
367.54859924316406,1300.6570306420326,367.54859924316406
366.97200894355774,1299.0460107326508,366.97200894355774
366.09610533714294,1299.0364060401917,366.09610533714294
366.09610533714294,1299.0364060401917,366.09610533714294
366.97200894355774,1299.0460107326508,366.97200894355774
365.0166234970093,1297.7546751499176,365.0166234970093
365.0166234970093,1297.7546751499176,365.0166234970093
366.97200894355774,1299.0460107326508,366.97200894355774
365.89670038223267,1297.7692348957062,365.89670038223267
365.0166234970093,1297.7546751499176,365.0166234970093
365.89670038223267,1297.7692348957062,365.89670038223267
363.5822777748108,1296.981590270996,363.5822777748108
366.97200894355774,1299.0460107326508,366.97200894355774
368.46716141700745,1300.7341389656067,368.46716141700745
367.94203877449036,1299.2669217586517,367.94203877449036
366.97200894355774,1299.0460107326508,366.97200894355774
367.94203877449036,1299.2669217586517,367.94203877449036
365.89670038223267,1297.7692348957062,365.89670038223267
368.46716141700745,1300.7341389656067,368.46716141700745
369.66403034329414,1302.1549689769745,369.66403034329414
369.66403034329414,1300.8867790699005,369.66403034329414
368.46716141700745,1300.7341389656067,368.46716141700745
369.66403034329414,1300.8867790699005,369.66403034329414
367.94203877449036,1299.2669217586517,367.94203877449036
363.5822777748108,1296.981590270996,363.5822777748108
365.89670038223267,1297.7692348957062,365.89670038223267
364.46789932250977,1296.9991383552551,364.46789932250977
363.5822777748108,1296.981590270996,363.5822777748108
364.46789932250977,1296.9991383552551,364.46789932250977
361.98678398132324,1296.8215608596802,361.98678398132324
361.98678398132324,1296.8215608596802,361.98678398132324
364.46789932250977,1296.9991383552551,364.46789932250977
362.87857389450073,1296.8397278785706,362.87857389450073
362.87857389450073,1296.8397278785706,362.87857389450073
364.46789932250977,1296.9991383552551,364.46789932250977
365.6614508628845,1297.4027571678162,365.6614508628845
364.46789932250977,1296.9991383552551,364.46789932250977
365.89670038223267,1297.7692348957062,365.89670038223267
366.96271419525146,1298.1041133403778,366.96271419525146
364.46789932250977,1296.9991383552551,364.46789932250977
366.96271419525146,1298.1041133403778,366.96271419525146
365.6614508628845,1297.4027571678162,365.6614508628845
365.89670038223267,1297.7692348957062,365.89670038223267
367.94203877449036,1299.2669217586517,367.94203877449036
366.96271419525146,1298.1041133403778,366.96271419525146
365.6614508628845,1297.4027571678162,365.6614508628845
366.96271419525146,1298.1041133403778,366.96271419525146
368.4514716863632,1298.767023563385,368.4514716863632
366.96271419525146,1298.1041133403778,366.96271419525146
367.94203877449036,1299.2669217586517,367.94203877449036
369.24079048633575,1299.7042272090912,369.24079048633575
366.96271419525146,1298.1041133403778,366.96271419525146
369.24079048633575,1299.7042272090912,369.24079048633575
368.4514716863632,1298.767023563385,368.4514716863632
367.94203877449036,1299.2669217586517,367.94203877449036
369.66403034329414,1300.8867790699005,369.66403034329414
369.24079048633575,1299.7042272090912,369.24079048633575
368.4514716863632,1298.767023563385,368.4514716863632
369.24079048633575,1299.7042272090912,369.24079048633575
370.4322518110275,1299.8104211091995,370.4322518110275
370.9884717464447,1302.6294412612915,370.9884717464447
371.9151110649109,1305.7708740234375,371.9151110649109
371.0141273736954,1302.6008192300797,371.0141273736954
370.9884717464447,1302.6294412612915,370.9884717464447
371.0141273736954,1302.6008192300797,371.0141273736954
369.66403034329414,1302.1549689769745,369.66403034329414
371.0141273736954,1302.6008192300797,371.0141273736954
371.9151110649109,1305.7708740234375,371.9151110649109
371.2854849100113,1301.9847040772438,371.2854849100113
371.0141273736954,1302.6008192300797,371.0141273736954
371.2854849100113,1301.9847040772438,371.2854849100113
369.66403034329414,1302.1549689769745,369.66403034329414
371.2854849100113,1301.9847040772438,371.2854849100113
371.9151110649109,1305.7708740234375,371.9151110649109
371.2950921058655,1301.8985472023487,371.2950921058655
371.2854849100113,1301.9847040772438,371.2854849100113
371.2950921058655,1301.8985472023487,371.2950921058655
369.66403034329414,1302.1549689769745,369.66403034329414
371.2950921058655,1301.8985472023487,371.2950921058655
371.9151110649109,1305.7708740234375,371.9151110649109
371.3442554473877,1301.457653068006,371.3442554473877
371.2950921058655,1301.8985472023487,371.2950921058655
371.3442554473877,1301.457653068006,371.3442554473877
369.66403034329414,1302.1549689769745,369.66403034329414
369.66403034329414,1302.1549689769745,369.66403034329414
371.3442554473877,1301.457653068006,371.3442554473877
369.66403034329414,1300.8867790699005,369.66403034329414
371.9151110649109,1305.7708740234375,371.9151110649109
371.9151110649109,1297.2708740234375,371.9151110649109
371.3442554473877,1301.457653068006,371.3442554473877
371.3442554473877,1301.457653068006,371.3442554473877
371.9151110649109,1297.2708740234375,371.9151110649109
371.2877057790756,1301.1442115306854,371.2877057790756
371.3442554473877,1301.457653068006,371.3442554473877
371.2877057790756,1301.1442115306854,371.2877057790756
369.66403034329414,1300.8867790699005,369.66403034329414
371.2877057790756,1301.1442115306854,371.2877057790756
371.9151110649109,1297.2708740234375,371.9151110649109
371.2503672838211,1300.9372525811195,371.2503672838211
371.2877057790756,1301.1442115306854,371.2877057790756
371.2503672838211,1300.9372525811195,371.2503672838211
369.66403034329414,1300.8867790699005,369.66403034329414
369.66403034329414,1300.8867790699005,369.66403034329414
371.2503672838211,1300.9372525811195,371.2503672838211
369.24079048633575,1299.7042272090912,369.24079048633575
371.2503672838211,1300.9372525811195,371.2503672838211
371.9151110649109,1297.2708740234375,371.9151110649109
370.9746615290642,1300.4145842790604,370.9746615290642
371.2503672838211,1300.9372525811195,371.2503672838211
370.9746615290642,1300.4145842790604,370.9746615290642
369.24079048633575,1299.7042272090912,369.24079048633575
370.9746615290642,1300.4145842790604,370.9746615290642
371.9151110649109,1297.2708740234375,371.9151110649109
370.9047800898552,1300.282106757164,370.9047800898552
370.9746615290642,1300.4145842790604,370.9746615290642
370.9047800898552,1300.282106757164,370.9047800898552
369.24079048633575,1299.7042272090912,369.24079048633575
369.24079048633575,1299.7042272090912,369.24079048633575
370.9047800898552,1300.282106757164,370.9047800898552
370.4322518110275,1299.8104211091995,370.4322518110275
370.9047800898552,1300.282106757164,370.9047800898552
371.9151110649109,1297.2708740234375,371.9151110649109
370.4322518110275,1299.8104211091995,370.4322518110275
368.49341344833374,1305.7708740234375,368.49341344833374
369.3158425092697,1305.7708740234375,369.3158425092697
370.0,1305.7708740234375,370.0
369.3158425092697,1305.7708740234375,369.3158425092697
370.0,1305.7708740234375,370.0
370.0,1305.7708740234375,370.0
370.0,1305.7708740234375,370.0
370.23067089915276,1305.7708740234375,370.23067089915276
370.0,1305.7708740234375,370.0
370.23067089915276,1305.7708740234375,370.23067089915276
371.114345908165,1305.7708740234375,371.114345908165
370.0,1305.7708740234375,370.0
371.114345908165,1305.7708740234375,371.114345908165
371.84752225875854,1305.7708740234375,371.84752225875854
370.0,1305.7708740234375,370.0
371.84752225875854,1305.7708740234375,371.84752225875854
372.33118057250977,1305.7708740234375,372.33118057250977
370.0,1305.7708740234375,370.0
372.33118057250977,1305.7708740234375,372.33118057250977
372.5,1305.7708740234375,372.5
370.0,1305.7708740234375,370.0
372.5,1305.7708740234375,372.5
372.33118057250977,1305.7708740234375,372.33118057250977
370.0,1305.7708740234375,370.0
372.33118057250977,1305.7708740234375,372.33118057250977
371.84752225875854,1305.7708740234375,371.84752225875854
370.0,1305.7708740234375,370.0
371.84752225875854,1305.7708740234375,371.84752225875854
371.114345908165,1305.7708740234375,371.114345908165
370.0,1305.7708740234375,370.0
371.114345908165,1305.7708740234375,371.114345908165
370.23067089915276,1305.7708740234375,370.23067089915276
370.0,1305.7708740234375,370.0
370.23067089915276,1305.7708740234375,370.23067089915276
369.3158425092697,1305.7708740234375,369.3158425092697
370.0,1305.7708740234375,370.0
369.3158425092697,1305.7708740234375,369.3158425092697
368.49341344833374,1305.7708740234375,368.49341344833374
370.0,1305.7708740234375,370.0
368.49341344833374,1305.7708740234375,368.49341344833374
367.8744571208954,1305.7708740234375,367.8744571208954
370.0,1305.7708740234375,370.0
367.8744571208954,1305.7708740234375,367.8744571208954
367.5425672531128,1305.7708740234375,367.5425672531128
370.0,1305.7708740234375,370.0
367.5425672531128,1305.7708740234375,367.5425672531128
367.5425672531128,1305.7708740234375,367.5425672531128
370.0,1305.7708740234375,370.0
367.5425672531128,1305.7708740234375,367.5425672531128
367.8744571208954,1305.7708740234375,367.8744571208954
370.0,1305.7708740234375,370.0
367.8744571208954,1305.7708740234375,367.8744571208954
368.49341344833374,1305.7708740234375,368.49341344833374
370.0,1305.7708740234375,370.0
367.5425672531128,1297.2708740234375,367.5425672531128
370.0,1297.2708740234375,370.0
367.8744571208954,1297.2708740234375,367.8744571208954
367.8744571208954,1297.2708740234375,367.8744571208954
370.0,1297.2708740234375,370.0
368.49341344833374,1297.2708740234375,368.49341344833374
368.49341344833374,1297.2708740234375,368.49341344833374
370.0,1297.2708740234375,370.0
369.3158425092697,1297.2708740234375,369.3158425092697
369.3158425092697,1297.2708740234375,369.3158425092697
370.0,1297.2708740234375,370.0
370.0,1297.2708740234375,370.0
370.0,1297.2708740234375,370.0
370.0,1297.2708740234375,370.0
370.23067089915276,1297.2708740234375,370.23067089915276
370.23067089915276,1297.2708740234375,370.23067089915276
370.0,1297.2708740234375,370.0
371.114345908165,1297.2708740234375,371.114345908165
371.114345908165,1297.2708740234375,371.114345908165
370.0,1297.2708740234375,370.0
371.84752225875854,1297.2708740234375,371.84752225875854
371.84752225875854,1297.2708740234375,371.84752225875854
370.0,1297.2708740234375,370.0
372.33118057250977,1297.2708740234375,372.33118057250977
372.33118057250977,1297.2708740234375,372.33118057250977
370.0,1297.2708740234375,370.0
372.5,1297.2708740234375,372.5
372.5,1297.2708740234375,372.5
370.0,1297.2708740234375,370.0
372.33118057250977,1297.2708740234375,372.33118057250977
372.33118057250977,1297.2708740234375,372.33118057250977
370.0,1297.2708740234375,370.0
371.84752225875854,1297.2708740234375,371.84752225875854
371.84752225875854,1297.2708740234375,371.84752225875854
370.0,1297.2708740234375,370.0
371.114345908165,1297.2708740234375,371.114345908165
371.114345908165,1297.2708740234375,371.114345908165
370.0,1297.2708740234375,370.0
370.23067089915276,1297.2708740234375,370.23067089915276
370.23067089915276,1297.2708740234375,370.23067089915276
370.0,1297.2708740234375,370.0
369.3158425092697,1297.2708740234375,369.3158425092697
369.3158425092697,1297.2708740234375,369.3158425092697
370.0,1297.2708740234375,370.0
368.49341344833374,1297.2708740234375,368.49341344833374
368.49341344833374,1297.2708740234375,368.49341344833374
370.0,1297.2708740234375,370.0
367.8744571208954,1297.2708740234375,367.8744571208954
367.8744571208954,1297.2708740234375,367.8744571208954
370.0,1297.2708740234375,370.0
367.5425672531128,1297.2708740234375,367.5425672531128
367.5425672531128,1297.2708740234375,367.5425672531128
370.0,1297.2708740234375,370.0
367.5425672531128,1297.2708740234375,367.5425672531128
