0.325236797332765,-0.9487738609313965, 0.03224993869662282
-1.4305114732914879E-6,-1.0000004768371582, 0.03224993869662282
0.6006455421447767,-0.8008284568786621, 0.03224993869662282
0.9965643882751478,-4.76837158203125E-7, 0.24018205329775807
0.9999985694885267,-4.76837158203125E-7, 0.21974981948733327
0.9836049079895033,0.1803269386291504, 0.21974981948733327
0.9199051856994642,0.38329362869262695, 0.24018205329775807
0.9802269935607923,0.17970800399780273, 0.24018205329775807
0.9836049079895033,0.1803269386291504, 0.21974981948733327
-0.8007588386535631,-0.6007380485534668, 0.03224993869662282
-0.9260277748107897,-0.38568830490112305, 0.03224993869662282
0.8008475303649916,-0.6006197929382324, 0.03224993869662282
0.9259686470031752,-0.38582563400268555, 0.03224993869662282
-4.7683715688523777E-7,0.9374985694885254, 0.2822498194873333
-0.30495977401733265,0.8894572257995605, 0.2822498194873333
0.3049092292785658,0.8894734382629395, 0.2822498194873333
-0.5631546974182116,0.7507376670837402, 0.2822498194873333
0.5631051063537611,0.7507748603820801, 0.2822498194873333
-0.5528426170349108,0.4266390800476074, 0.2822498194873333
0.5631051063537611,0.7507748603820801, 0.2822498194873333
-0.5435490608215319,0.40207529067993164, 0.2822498194873333
0.5558171272277845,0.4319777488708496, 0.2822498194873333
-0.5435490608215319,0.40207529067993164, 0.2822498194873333
0.5454297065734877,0.40865468978881836, 0.2822498194873333
-0.5435490608215319,0.40207529067993164, 0.2822498194873333
0.539958477020265,0.3782687187194824, 0.2822498194873333
-0.5399603843688952,0.3782658576965332, 0.2822498194873333
0.5411581993103041,0.35780954360961914, 0.2822498194873333
-0.5399603843688952,0.3782658576965332, 0.2822498194873333
0.5490708351135267,0.3315129280090332, 0.2822498194873333
-0.5427203178405748,0.3500542640686035, 0.2822498194873333
0.5605902671813978,0.3112149238586426, 0.2822498194873333
-0.5498175621032702,0.3298773765563965, 0.2822498194873333
0.5605902671813978,0.3112149238586426, 0.2822498194873333
-0.5616354942321764,0.3097529411315918, 0.2822498194873333
-0.02775526046752798,0.28053998947143555, 0.2822498194873333
-0.5804533958435045,0.2897515296936035, 0.2822498194873333
-0.02775526046752798,0.28053998947143555, 0.2822498194873333
-0.5975718498229967,0.27848291397094727, 0.2822498194873333
-0.0819115638732897,0.2703843116760254, 0.2822498194873333
-0.5975718498229967,0.27848291397094727, 0.2822498194873333
-0.14840173721313346,0.2402052879333496, 0.2822498194873333
-0.5975718498229967,0.27848291397094727, 0.2822498194873333
-0.19689416885375846,0.20153284072875977, 0.2822498194873333
-0.5975718498229967,0.27848291397094727, 0.2822498194873333
-0.23972368240356315,0.14916086196899414, 0.2822498194873333
-0.5975718498229967,0.27848291397094727, 0.2822498194873333
-0.2737154960632311,0.06950616836547852, 0.2822498194873333
-0.6266226768493639,0.26802873611450195, 0.2822498194873333
-0.9235339164733873,0.16937494277954102, 0.2822498194873333
-0.6520142555236803,0.2653622627258301, 0.2822498194873333
-0.9235339164733873,0.16937494277954102, 0.2822498194873333
-0.6792731285095202,0.2694859504699707, 0.2822498194873333
-0.9235339164733873,0.16937494277954102, 0.2822498194873333
-0.7042069435119616,0.28027772903442383, 0.2822498194873333
-0.8681511878967272,0.36158132553100586, 0.2822498194873333
-0.7260203361511217,0.2964749336242676, 0.2822498194873333
-0.8681511878967272,0.36158132553100586, 0.2822498194873333
-0.7461962699890123,0.32335805892944336, 0.2822498194873333
-0.8681511878967272,0.36158132553100586, 0.2822498194873333
-0.7554841041564928,0.34789609909057617, 0.2822498194873333
-0.8681511878967272,0.36158132553100586, 0.2822498194873333
-0.7590794563293444,0.37172842025756836, 0.2822498194873333
-0.8681511878967272,0.36158132553100586, 0.2822498194873333
-0.7563223838806139,0.3999295234680176, 0.2822498194873333
-0.8681511878967272,0.36158132553100586, 0.2822498194873333
-0.749221324920653,0.4201216697692871, 0.2822498194873333
-0.7507109642028795,0.5631899833679199, 0.2822498194873333
-0.7373986244201647,0.44025182723999023, 0.2822498194873333
-0.7507109642028795,0.5631899833679199, 0.2822498194873333
-0.7185902595520006,0.46024370193481445, 0.2822498194873333
-0.7507109642028795,0.5631899833679199, 0.2822498194873333
-0.701470851898192,0.4715132713317871, 0.2822498194873333
-0.7507109642028795,0.5631899833679199, 0.2822498194873333
-0.6723809242248522,0.4819769859313965, 0.2822498194873333
-0.7507109642028795,0.5631899833679199, 0.2822498194873333
-0.6470589637756334,0.4846367835998535, 0.2822498194873333
-0.7507109642028795,0.5631899833679199, 0.2822498194873333
-0.6197600364685045,0.48051023483276367, 0.2822498194873333
-0.7507109642028795,0.5631899833679199, 0.2822498194873333
-0.5948319435119616,0.46972036361694336, 0.2822498194873333
-0.5631546974182116,0.7507376670837402, 0.2822498194873333
-0.5730242729186998,0.45352792739868164, 0.2822498194873333
-0.5528426170349108,0.4266390800476074, 0.2822498194873333
-4.7683715688523777E-7,0.9999985694885254, 0.03224993869662282
0.325236797332765,0.9487719535827637, 0.03224993869662282
-0.3251128196716295,0.9488139152526855, 0.03224993869662282
0.6007208824157728,0.8007693290710449, 0.03224993869662282
-0.6004796028137194,0.8009552955627441, 0.03224993869662282
0.03230810165405405,0.28010034561157227, 0.03224993869662282
-0.6004796028137194,0.8009552955627441, 0.03224993869662282
-0.02779817581176626,0.2805361747741699, 0.03224993869662282
-0.5432658195495592,0.40198755264282227, 0.03224993869662282
-0.02779817581176626,0.2805361747741699, 0.03224993869662282
-0.5401444435119616,0.3749985694885254, 0.03224993869662282
-0.02779817581176626,0.2805361747741699, 0.03224993869662282
-0.5432658195495592,0.3480095863342285, 0.03224993869662282
-0.0819115638732897,0.2703843116760254, 0.03224993869662282
-0.5432658195495592,0.3480095863342285, 0.03224993869662282
-0.14840173721313346,0.2402052879333496, 0.03224993869662282
-0.5432658195495592,0.3480095863342285, 0.03224993869662282
-0.19692277908325065,0.2015089988708496, 0.03224993869662282
-0.5432658195495592,0.3480095863342285, 0.03224993869662282
-0.23972368240356315,0.14916086196899414, 0.03224993869662282
-0.5564560890197741,0.31710004806518555, 0.03224993869662282
-0.23972368240356315,0.14916086196899414, 0.03224993869662282
-0.5838179588317858,0.2874131202697754, 0.03224993869662282
-0.2737154960632311,0.06950616836547852, 0.03224993869662282
-0.6102261543273912,0.27256155014038086, 0.03224993869662282
-0.9851078987121569,0.18063116073608398, 0.03224993869662282
-0.6360507011413561,0.26636457443237305, 0.03224993869662282
-0.9851078987121569,0.18063116073608398, 0.03224993869662282
-0.6576209068298327,0.2658867835998535, 0.03224993869662282
-0.9851078987121569,0.18063116073608398, 0.03224993869662282
-0.6888051033020006,0.27255868911743164, 0.03224993869662282
-0.9260277748107897,0.38568639755249023, 0.03224993869662282
-0.7152152061462389,0.28740835189819336, 0.03224993869662282
-0.9260277748107897,0.38568639755249023, 0.03224993869662282
-0.7425799369811998,0.3170943260192871, 0.03224993869662282
-0.9260277748107897,0.38568639755249023, 0.03224993869662282
-0.7557749748229967,0.34801626205444336, 0.03224993869662282
-0.9260277748107897,0.38568639755249023, 0.03224993869662282
-0.7588944435119616,0.3749985694885254, 0.03224993869662282
-0.9260277748107897,0.38568639755249023, 0.03224993869662282
-0.7557749748229967,0.40198183059692383, 0.03224993869662282
-0.8007588386535631,0.600736141204834, 0.03224993869662282
-0.7425799369811998,0.4329037666320801, 0.03224993869662282
-0.8007588386535631,0.600736141204834, 0.03224993869662282
-0.7152237892150866,0.462583065032959, 0.03224993869662282
-0.8007588386535631,0.600736141204834, 0.03224993869662282
-0.6888089179992662,0.47743749618530273, 0.03224993869662282
-0.8007588386535631,0.600736141204834, 0.03224993869662282
-0.6629700660705553,0.48363542556762695, 0.03224993869662282
-0.8007588386535631,0.600736141204834, 0.03224993869662282
-0.6414418220520006,0.4841122627258301, 0.03224993869662282
-0.8007588386535631,0.600736141204834, 0.03224993869662282
-0.6102452278137194,0.47744321823120117, 0.03224993869662282
-0.6004796028137194,0.8009552955627441, 0.03224993869662282
-0.5838427543640123,0.4626030921936035, 0.03224993869662282
-0.6004796028137194,0.8009552955627441, 0.03224993869662282
-0.5564589500427233,0.43290281295776367, 0.03224993869662282
-0.5432658195495592,0.40198755264282227, 0.03224993869662282
-0.3252902030944811,-0.9487566947937012, 0.03224993869662282
-0.6006989479064928,-0.8007893562316895, 0.03224993869662282
-1.4305114732914879E-6,-1.0000004768371582, 0.03224993869662282
-0.09619283676147329,-0.8026652336120605, 0.03224993869662282
-1.4305114732914879E-6,-1.0000004768371582, 0.03224993869662282
-0.08120203018188345,-0.8233036994934082, 0.03224993869662282
-1.4305114732914879E-6,-1.0000004768371582, 0.03224993869662282
-0.057610034942625635,-0.8432488441467285, 0.03224993869662282
-1.4305114732914879E-6,-1.0000004768371582, 0.03224993869662282
-0.03928613662719595,-0.852440357208252, 0.03224993869662282
-1.4305114732914879E-6,-1.0000004768371582, 0.03224993869662282
-0.012571811676024072,-0.8587327003479004, 0.03224993869662282
-1.4305114732914879E-6,-1.0000004768371582, 0.03224993869662282
0.010778903961182959,-0.8589053153991699, 0.03224993869662282
-1.4305114732914879E-6,-1.0000004768371582, 0.03224993869662282
0.031809329986573584,-0.8549599647521973, 0.03224993869662282
-1.4305114732914879E-6,-1.0000004768371582, 0.03224993869662282
0.05761098861694468,-0.8432469367980957, 0.03224993869662282
-1.4305114732914879E-6,-1.0000004768371582, 0.03224993869662282
0.07643270492553843,-0.8282361030578613, 0.03224993869662282
-1.4305114732914879E-6,-1.0000004768371582, 0.03224993869662282
0.09306287765503062,-0.807898998260498, 0.03224993869662282
0.6006455421447767,-0.8008284568786621, 0.03224993869662282
0.10625314712524546,-0.7769894599914551, 0.03224993869662282
0.6006455421447767,-0.8008284568786621, 0.03224993869662282
0.10937356948852671,-0.7500004768371582, 0.03224993869662282
0.6006455421447767,-0.8008284568786621, 0.03224993869662282
0.10625314712524546,-0.7230114936828613, 0.03224993869662282
0.6006455421447767,-0.8008284568786621, 0.03224993869662282
0.09619474411010874,-0.6973423957824707, 0.03224993869662282
0.6006455421447767,-0.8008284568786621, 0.03224993869662282
0.0811896324157728,-0.6766858100891113, 0.03224993869662282
0.6006455421447767,-0.8008284568786621, 0.03224993869662282
0.05761003494262827,-0.6567540168762207, 0.03224993869662282
0.6006455421447767,-0.8008284568786621, 0.03224993869662282
0.0392737388610853,-0.6475567817687988, 0.03224993869662282
0.8008475303649916,-0.6006197929382324, 0.03224993869662282
0.012541294097901709,-0.6412653923034668, 0.03224993869662282
-0.8007588386535631,-0.6007380485534668, 0.03224993869662282
-0.010791301727293603,-0.6410965919494629, 0.03224993869662282
-0.8007588386535631,-0.6007380485534668, 0.03224993869662282
-0.03179883956909048,-0.6450371742248535, 0.03224993869662282
-0.6006989479064928,-0.8007893562316895, 0.03224993869662282
-0.057610034942625635,-0.6567530632019043, 0.03224993869662282
-0.6006989479064928,-0.8007893562316895, 0.03224993869662282
-0.07644605636596548,-0.6717743873596191, 0.03224993869662282
-0.6006989479064928,-0.8007893562316895, 0.03224993869662282
-0.09306097030639517,-0.6920962333679199, 0.03224993869662282
-0.6006989479064928,-0.8007893562316895, 0.03224993869662282
-0.10625600814819204,-0.7230181694030762, 0.03224993869662282
-0.6006989479064928,-0.8007893562316895, 0.03224993869662282
-0.10937547683715688,-0.7500004768371582, 0.03224993869662282
-0.6006989479064928,-0.8007893562316895, 0.03224993869662282
-0.10625600814819204,-0.7769837379455566, 0.03224993869662282
-0.09619283676147329,-0.8026652336120605, 0.03224993869662282
-0.02775526046752798,0.28053998947143555, 0.2822498194873333
0.0323615074157728,0.28009462356567383, 0.2822498194873333
0.5605902671813978,0.3112149238586426, 0.2822498194873333
0.10121965408325327,0.26387643814086914, 0.2822498194873333
0.5605902671813978,0.3112149238586426, 0.2822498194873333
0.1484055519104017,0.24020147323608398, 0.2822498194873333
0.5605902671813978,0.3112149238586426, 0.2822498194873333
0.20914602279663216,0.1888575553894043, 0.2822498194873333
0.5605902671813978,0.3112149238586426, 0.2822498194873333
0.24779939651489388,0.13564634323120117, 0.2822498194873333
0.5745158195495619,0.2949795722961426, 0.2822498194873333
0.24779939651489388,0.13564634323120117, 0.2822498194873333
0.5975670814514173,0.27848386764526367, 0.2822498194873333
0.2737088203430189,0.06952333450317383, 0.2822498194873333
0.6199774742126478,0.2696871757507324, 0.2822498194873333
0.9235444068908705,0.16929864883422852, 0.2822498194873333
0.6459012031555189,0.2654538154602051, 0.2822498194873333
0.9235444068908705,0.16929864883422852, 0.2822498194873333
0.6792778968811048,0.2694878578186035, 0.2822498194873333
0.9235444068908705,0.16929864883422852, 0.2822498194873333
0.7042050361633314,0.28027772903442383, 0.2822498194873333
0.8680958747863783,0.3617091178894043, 0.2822498194873333
0.7260136604309095,0.29647016525268555, 0.2822498194873333
0.8680958747863783,0.3617091178894043, 0.2822498194873333
0.74323606491089,0.31804895401000977, 0.2822498194873333
0.8680958747863783,0.3617091178894043, 0.2822498194873333
0.7535939216613783,0.3413081169128418, 0.2822498194873333
0.8680958747863783,0.3617091178894043, 0.2822498194873333
0.7590775489807142,0.371732234954834, 0.2822498194873333
0.8680958747863783,0.3617091178894043, 0.2822498194873333
0.7578768730163588,0.3921933174133301, 0.2822498194873333
0.8680958747863783,0.3617091178894043, 0.2822498194873333
0.7499680519104017,0.41847753524780273, 0.2822498194873333
0.8680958747863783,0.3617091178894043, 0.2822498194873333
0.7384457588195814,0.4387822151184082, 0.2822498194873333
0.7507948875427259,0.5630793571472168, 0.2822498194873333
0.7245097160339369,0.45502710342407227, 0.2822498194873333
0.7507948875427259,0.5630793571472168, 0.2822498194873333
0.7014651298522963,0.4715151786804199, 0.2822498194873333
0.7507948875427259,0.5630793571472168, 0.2822498194873333
0.6790280342102064,0.480318546295166, 0.2822498194873333
0.7507948875427259,0.5630793571472168, 0.2822498194873333
0.6531338691711439,0.4845433235168457, 0.2822498194873333
0.7507948875427259,0.5630793571472168, 0.2822498194873333
0.6197638511657728,0.4805121421813965, 0.2822498194873333
0.7507948875427259,0.5630793571472168, 0.2822498194873333
0.5948300361633314,0.46972036361694336, 0.2822498194873333
0.5631051063537611,0.7507748603820801, 0.2822498194873333
0.5730175971984877,0.4535231590270996, 0.2822498194873333
0.5558171272277845,0.4319777488708496, 0.2822498194873333
-0.9235339164733873,0.16937494277954102, 0.2822498194873333
-0.9375004768371569,-4.76837158203125E-7, 0.2822498194873333
-0.2737154960632311,0.06950616836547852, 0.2822498194873333
-0.9375004768371569,-4.76837158203125E-7, 0.2822498194873333
-0.28175115585327015,-4.76837158203125E-7, 0.2822498194873333
-0.9235386848449694,-0.1693434715270996, 0.2822498194873333
-0.2737145423889147,-0.06950902938842773, 0.2822498194873333
-0.9235386848449694,-0.1693434715270996, 0.2822498194873333
-0.2477583885192858,-0.13572454452514648, 0.2822498194873333
-0.8681511878967272,-0.36158323287963867, 0.2822498194873333
-0.20921182632446159,-0.18878889083862305, 0.2822498194873333
-0.8681511878967272,-0.36158323287963867, 0.2822498194873333
-0.14840078353881705,-0.24020814895629883, 0.2822498194873333
-0.8681511878967272,-0.36158323287963867, 0.2822498194873333
-0.10120916366577017,-0.263883113861084, 0.2822498194873333
-0.8681511878967272,-0.36158323287963867, 0.2822498194873333
-0.032384395599363916,-0.28009462356567383, 0.2822498194873333
-0.8681511878967272,-0.36158323287963867, 0.2822498194873333
0.02775144577026499,-0.28054189682006836, 0.2822498194873333
0.8680729866027845,-0.36176633834838867, 0.2822498194873333
0.08194398880005015,-0.27037668228149414, 0.2822498194873333
0.8680729866027845,-0.36176633834838867, 0.2822498194873333
0.1484065055847181,-0.2402033805847168, 0.2822498194873333
0.8680729866027845,-0.36176633834838867, 0.2822498194873333
0.196945667266847,-0.20148706436157227, 0.2822498194873333
0.8680729866027845,-0.36176633834838867, 0.2822498194873333
0.23972272872924935,-0.14916086196899414, 0.2822498194873333
0.8680729866027845,-0.36176633834838867, 0.2822498194873333
0.2737088203430189,-0.06952524185180664, 0.2822498194873333
0.9235787391662611,-0.1690993309020996, 0.2822498194873333
0.28174924850464,-4.76837158203125E-7, 0.2822498194873333
0.9374985694885267,-4.76837158203125E-7, 0.2822498194873333
0.2737088203430189,0.06952333450317383, 0.2822498194873333
0.9235444068908705,0.16929864883422852, 0.2822498194873333
-0.9851078987121569,0.18063116073608398, 0.03224993869662282
-0.2737154960632311,0.06950616836547852, 0.03224993869662282
-1.0000004768371569,-4.76837158203125E-7, 0.03224993869662282
-0.28175115585327015,-4.76837158203125E-7, 0.03224993869662282
-0.9851021766662584,-0.18066835403442383, 0.03224993869662282
-0.2737145423889147,-0.06950902938842773, 0.03224993869662282
-0.9851021766662584,-0.18066835403442383, 0.03224993869662282
-0.24779081344604362,-0.1356663703918457, 0.03224993869662282
-0.9851021766662584,-0.18066835403442383, 0.03224993869662282
-0.20917463302612174,-0.18883085250854492, 0.03224993869662282
-0.9260277748107897,-0.38568830490112305, 0.03224993869662282
-0.14840078353881705,-0.24020814895629883, 0.03224993869662282
-0.9260277748107897,-0.38568830490112305, 0.03224993869662282
-0.1011996269226061,-0.2638869285583496, 0.03224993869662282
-0.9260277748107897,-0.38568830490112305, 0.03224993869662282
-0.032384395599363916,-0.28009462356567383, 0.03224993869662282
0.9259686470031752,-0.38582563400268555, 0.03224993869662282
0.027767658233643897,-0.28053998947143555, 0.03224993869662282
0.9259686470031752,-0.38582563400268555, 0.03224993869662282
0.08194398880005015,-0.27037668228149414, 0.03224993869662282
0.9259686470031752,-0.38582563400268555, 0.03224993869662282
0.1484065055847181,-0.2402033805847168, 0.03224993869662282
0.9259686470031752,-0.38582563400268555, 0.03224993869662282
0.19689607620239388,-0.20153570175170898, 0.03224993869662282
0.9259686470031752,-0.38582563400268555, 0.03224993869662282
0.239731311798097,-0.14914751052856445, 0.03224993869662282
0.9851145744323744,-0.1805872917175293, 0.03224993869662282
0.2737088203430189,-0.06952524185180664, 0.03224993869662282
0.9851145744323744,-0.1805872917175293, 0.03224993869662282
0.28174924850464,-4.76837158203125E-7, 0.03224993869662282
0.9999985694885267,-4.76837158203125E-7, 0.03224993869662282
0.2737088203430189,0.06952333450317383, 0.03224993869662282
0.9851508140563978,0.18037080764770508, 0.03224993869662282
0.6102318763732923,0.27255868911743164, 0.03224993869662282
0.9851508140563978,0.18037080764770508, 0.03224993869662282
0.6414170265197767,0.2658867835998535, 0.03224993869662282
0.9851508140563978,0.18037080764770508, 0.03224993869662282
0.6629862785339369,0.26636457443237305, 0.03224993869662282
0.9851508140563978,0.18037080764770508, 0.03224993869662282
0.6888117790222181,0.27256155014038086, 0.03224993869662282
0.9259438514709486,0.3858819007873535, 0.03224993869662282
0.7152190208435072,0.2874131202697754, 0.03224993869662282
0.9259438514709486,0.3858819007873535, 0.03224993869662282
0.7425818443298353,0.31710004806518555, 0.03224993869662282
0.9259438514709486,0.3858819007873535, 0.03224993869662282
0.7557711601257338,0.3480095863342285, 0.03224993869662282
0.9259438514709486,0.3858819007873535, 0.03224993869662282
0.7588925361633314,0.3749985694885254, 0.03224993869662282
0.9259438514709486,0.3858819007873535, 0.03224993869662282
0.7557721138000502,0.40198755264282227, 0.03224993869662282
0.8008475303649916,0.6006178855895996, 0.03224993869662282
0.7425780296325697,0.43290281295776367, 0.03224993869662282
0.8008475303649916,0.6006178855895996, 0.03224993869662282
0.715195178985597,0.4626030921936035, 0.03224993869662282
0.8008475303649916,0.6006178855895996, 0.03224993869662282
0.68879270553589,0.47744321823120117, 0.03224993869662282
0.8008475303649916,0.6006178855895996, 0.03224993869662282
0.6575951576232923,0.4841122627258301, 0.03224993869662282
0.8008475303649916,0.6006178855895996, 0.03224993869662282
0.6360678672790541,0.48363542556762695, 0.03224993869662282
0.8008475303649916,0.6006178855895996, 0.03224993869662282
0.6102290153503431,0.47743749618530273, 0.03224993869662282
0.8008475303649916,0.6006178855895996, 0.03224993869662282
0.5838141441345228,0.462583065032959, 0.03224993869662282
0.6007208824157728,0.8007693290710449, 0.03224993869662282
0.5564579963684095,0.4329037666320801, 0.03224993869662282
0.6007208824157728,0.8007693290710449, 0.03224993869662282
0.5432620048522963,0.40198183059692383, 0.03224993869662282
0.03230810165405405,0.28010034561157227, 0.03224993869662282
0.5432620048522963,0.40198183059692383, 0.03224993869662282
0.10117006301880015,0.26389551162719727, 0.03224993869662282
0.5432620048522963,0.40198183059692383, 0.03224993869662282
0.1484055519104017,0.24020147323608398, 0.03224993869662282
0.5432620048522963,0.40198183059692383, 0.03224993869662282
0.20914602279663216,0.1888575553894043, 0.03224993869662282
0.5432620048522963,0.40198183059692383, 0.03224993869662282
0.24779939651489388,0.13564634323120117, 0.03224993869662282
0.5401425361633314,0.3749985694885254, 0.03224993869662282
0.24779939651489388,0.13564634323120117, 0.03224993869662282
0.5432620048522963,0.34801626205444336, 0.03224993869662282
0.24779939651489388,0.13564634323120117, 0.03224993869662282
0.5564579963684095,0.3170943260192871, 0.03224993869662282
0.2737088203430189,0.06952333450317383, 0.03224993869662282
0.5838217735290541,0.28740835189819336, 0.03224993869662282
0.6102318763732923,0.27255868911743164, 0.03224993869662282
-0.8681511878967272,-0.36158323287963867, 0.2822498194873333
-0.7507109642028795,-0.5631918907165527, 0.2822498194873333
0.8680729866027845,-0.36176633834838867, 0.2822498194873333
-0.7507109642028795,-0.5631918907165527, 0.2822498194873333
0.7507948875427259,-0.5630812644958496, 0.2822498194873333
-0.010775089263914697,-0.6410946846008301, 0.2822498194873333
0.7507948875427259,-0.5630812644958496, 0.2822498194873333
0.012562274932862647,-0.641268253326416, 0.2822498194873333
0.5631756782531752,-0.7507224082946777, 0.2822498194873333
0.03929281234741343,-0.6475634574890137, 0.2822498194873333
0.5631756782531752,-0.7507224082946777, 0.2822498194873333
0.05761003494262827,-0.6567540168762207, 0.2822498194873333
0.5631756782531752,-0.7507224082946777, 0.2822498194873333
0.0811896324157728,-0.6766858100891113, 0.2822498194873333
0.5631756782531752,-0.7507224082946777, 0.2822498194873333
0.09619474411010874,-0.6973423957824707, 0.2822498194873333
0.5631756782531752,-0.7507224082946777, 0.2822498194873333
0.10625314712524546,-0.7230114936828613, 0.2822498194873333
0.5631756782531752,-0.7507224082946777, 0.2822498194873333
0.10937356948852671,-0.7500004768371582, 0.2822498194873333
0.3049092292785658,-0.8894753456115723, 0.2822498194873333
0.10625314712524546,-0.7769894599914551, 0.2822498194873333
0.3049092292785658,-0.8894753456115723, 0.2822498194873333
0.09305906295776499,-0.8079047203063965, 0.2822498194873333
-1.4305114732914879E-6,-0.9375004768371582, 0.2822498194873333
0.07645368576049937,-0.8282170295715332, 0.2822498194873333
-1.4305114732914879E-6,-0.9375004768371582, 0.2822498194873333
0.05761098861694468,-0.8432469367980957, 0.2822498194873333
-1.4305114732914879E-6,-0.9375004768371582, 0.2822498194873333
0.031809329986573584,-0.8549599647521973, 0.2822498194873333
-1.4305114732914879E-6,-0.9375004768371582, 0.2822498194873333
0.010772228240968115,-0.8589062690734863, 0.2822498194873333
-1.4305114732914879E-6,-0.9375004768371582, 0.2822498194873333
-0.012571811676024072,-0.8587327003479004, 0.2822498194873333
-1.4305114732914879E-6,-0.9375004768371582, 0.2822498194873333
-0.03928995132446157,-0.8524394035339355, 0.2822498194873333
-1.4305114732914879E-6,-0.9375004768371582, 0.2822498194873333
-0.057610034942625635,-0.8432488441467285, 0.2822498194873333
-1.4305114732914879E-6,-0.9375004768371582, 0.2822498194873333
-0.08121633529662954,-0.8232884407043457, 0.2822498194873333
-1.4305114732914879E-6,-0.9375004768371582, 0.2822498194873333
-0.09618043899536001,-0.8026881217956543, 0.2822498194873333
-0.30479288101196156,-0.8895153999328613, 0.2822498194873333
-0.10625600814819204,-0.7769837379455566, 0.2822498194873333
-0.30479288101196156,-0.8895153999328613, 0.2822498194873333
-0.10937547683715688,-0.7500004768371582, 0.2822498194873333
-0.5629496574401842,-0.7508978843688965, 0.2822498194873333
-0.10625600814819204,-0.7230181694030762, 0.2822498194873333
-0.5629496574401842,-0.7508978843688965, 0.2822498194873333
-0.09306097030639517,-0.6920962333679199, 0.2822498194873333
-0.5629496574401842,-0.7508978843688965, 0.2822498194873333
-0.07643270492553579,-0.6717619895935059, 0.2822498194873333
-0.5629496574401842,-0.7508978843688965, 0.2822498194873333
-0.057610034942625635,-0.6567530632019043, 0.2822498194873333
-0.5629496574401842,-0.7508978843688965, 0.2822498194873333
-0.03179883956909048,-0.6450371742248535, 0.2822498194873333
-0.7507109642028795,-0.5631918907165527, 0.2822498194873333
-0.010775089263914697,-0.6410946846008301, 0.2822498194873333
-0.03235769271850454,-0.27988672256469727, 0.03224993869662282
0.02775907516479624,-0.2803797721862793, 0.2822498194873333
0.02775907516479624,-0.2803797721862793, 0.03224993869662282
0.08168840408325327,-0.26964902877807617, 0.2822498194873333
0.08168840408325327,-0.26964902877807617, 0.03224993869662282
0.08168840408325327,-0.26964902877807617, 0.2822498194873333
0.14806699752807748,-0.23970651626586914, 0.03224993869662282
0.14806699752807748,-0.23970651626586914, 0.2822498194873333
0.14806699752807748,-0.23970651626586914, 0.03224993869662282
0.19689226150512826,-0.20153474807739258, 0.2822498194873333
0.19689607620239388,-0.20153570175170898, 0.03224993869662282
0.23922109603881966,-0.1488499641418457, 0.2822498194873333
0.23922109603881966,-0.1488499641418457, 0.03224993869662282
0.23922109603881966,-0.1488499641418457, 0.2822498194873333
0.2730793952941908,-0.06935453414916992, 0.03224993869662282
0.2730793952941908,-0.06935453414916992, 0.2822498194873333
0.2730793952941908,-0.06935453414916992, 0.03224993869662282
0.28174924850464,-4.76837158203125E-7, 0.2822498194873333
0.28174924850464,-4.76837158203125E-7, 0.03224993869662282
0.2730793952941908,0.06935358047485352, 0.2822498194873333
0.2730793952941908,0.06935358047485352, 0.03224993869662282
0.2730793952941908,0.06935358047485352, 0.2822498194873333
0.24713754653930795,0.13529634475708008, 0.03224993869662282
0.24713754653930795,0.13529634475708008, 0.2822498194873333
0.24713754653930795,0.13529634475708008, 0.03224993869662282
0.20913267135620248,0.18880128860473633, 0.2822498194873333
0.20913267135620248,0.18880128860473633, 0.03224993869662282
0.20913267135620248,0.18880128860473633, 0.2822498194873333
0.14806604385376107,0.23970556259155273, 0.03224993869662282
0.14806604385376107,0.23970556259155273, 0.2822498194873333
0.10088968276977671,0.26306581497192383, 0.03224993869662282
0.10088968276977671,0.26306581497192383, 0.2822498194873333
0.10088968276977671,0.26306581497192383, 0.03224993869662282
0.032355785369874365,0.27988481521606445, 0.2822498194873333
0.032355785369874365,0.27988481521606445, 0.03224993869662282
-0.027760982513426416,0.2803778648376465, 0.2822498194873333
-0.027760982513426416,0.2803778648376465, 0.03224993869662282
-0.027760982513426416,0.2803778648376465, 0.2822498194873333
-0.08169031143188345,0.26964712142944336, 0.03224993869662282
-0.08169031143188345,0.26964712142944336, 0.2822498194873333
-0.14806890487670768,0.23970460891723633, 0.03224993869662282
-0.14806890487670768,0.23970460891723633, 0.2822498194873333
-0.14806890487670768,0.23970460891723633, 0.03224993869662282
-0.19689416885375846,0.20153284072875977, 0.2822498194873333
-0.19689416885375846,0.20153284072875977, 0.03224993869662282
-0.19689416885375846,0.20153284072875977, 0.2822498194873333
-0.23922300338744987,0.1488480567932129, 0.03224993869662282
-0.23922300338744987,0.1488480567932129, 0.2822498194873333
-0.23922300338744987,0.1488480567932129, 0.03224993869662282
-0.27308130264282093,0.06935262680053711, 0.2822498194873333
-0.27308130264282093,0.06935262680053711, 0.03224993869662282
-0.28175115585327015,-4.76837158203125E-7, 0.2822498194873333
-0.28175115585327015,-4.76837158203125E-7, 0.03224993869662282
-0.27308130264282093,-0.06935548782348633, 0.2822498194873333
-0.27308130264282093,-0.06935548782348633, 0.03224993869662282
-0.27308130264282093,-0.06935548782348633, 0.2822498194873333
-0.24713945388793815,-0.1352982521057129, 0.03224993869662282
-0.24713945388793815,-0.1352982521057129, 0.2822498194873333
-0.24713945388793815,-0.1352982521057129, 0.03224993869662282
-0.20913457870483268,-0.18880319595336914, 0.2822498194873333
-0.20913457870483268,-0.18880319595336914, 0.03224993869662282
-0.14806795120239127,-0.23970746994018555, 0.2822498194873333
-0.14806795120239127,-0.23970746994018555, 0.03224993869662282
-0.14806795120239127,-0.23970746994018555, 0.2822498194873333
-0.10089159011840688,-0.26306772232055664, 0.03224993869662282
-0.10089159011840688,-0.26306772232055664, 0.2822498194873333
-0.10089159011840688,-0.26306772232055664, 0.03224993869662282
-0.03235769271850454,-0.27988672256469727, 0.2822498194873333
-0.03235769271850454,-0.27988672256469727, 0.03224993869662282
0.02775907516479624,-0.2803797721862793, 0.2822498194873333
0.9836049079895033,0.1803269386291504, 0.21974981948733327
0.9802269935607923,0.17970800399780273, 0.24018205329775807
0.9965643882751478,-4.76837158203125E-7, 0.24018205329775807
0.9893736839294447,-4.76837158203125E-7, 0.2546098344027996
0.9731545448303236,-0.17841291427612305, 0.2546098344027996
0.9669127464294447,-0.17726850509643555, 0.262567650526762
0.9132676124572767,-0.38052988052368164, 0.2546098344027996
0.9074101448059095,-0.37808847427368164, 0.262567650526762
0.7914986610412611,-0.593625545501709, 0.2546098344027996
0.7864222526550306,-0.5898184776306152, 0.262567650526762
0.5936236381530775,-0.7915005683898926, 0.2546098344027996
0.5898165702819838,-0.7864241600036621, 0.262567650526762
0.32087755203247204,-0.9358954429626465, 0.2546098344027996
0.31881952285766735,-0.9298930168151855, 0.262567650526762
-4.7683715688523777E-7,-0.9893755912780762, 0.2546098344027996
-4.7683715688523777E-7,-0.983029842376709, 0.262567650526762
-0.3208794593811022,-0.9358954429626465, 0.2546098344027996
-0.3188214302062975,-0.9298930168151855, 0.262567650526762
-0.5936255455017077,-0.7915005683898926, 0.2546098344027996
-0.5898184776306139,-0.7864241600036621, 0.262567650526762
-0.7915005683898912,-0.593625545501709, 0.2546098344027996
-0.7864241600036608,-0.5898184776306152, 0.262567650526762
-0.9132695198059069,-0.38052988052368164, 0.2546098344027996
-0.9074120521545397,-0.37808847427368164, 0.262567650526762
-0.9731564521789537,-0.17841291427612305, 0.2546098344027996
-0.9669146537780748,-0.17726850509643555, 0.262567650526762
-0.9893755912780748,-4.76837158203125E-7, 0.2546098344027996
-0.9830298423767077,-4.76837158203125E-7, 0.262567650526762
-0.9731564521789537,0.17841100692749023, 0.2546098344027996
-0.9669146537780748,0.17726659774780273, 0.262567650526762
-0.9132695198059069,0.38052797317504883, 0.2546098344027996
-0.9074120521545397,0.37808656692504883, 0.262567650526762
-0.7915005683898912,0.5936236381530762, 0.2546098344027996
-0.7864241600036608,0.5898165702819824, 0.262567650526762
-0.5936255455017077,0.7914986610412598, 0.2546098344027996
-0.5898184776306139,0.7864222526550293, 0.262567650526762
-0.3208794593811022,0.9358935356140137, 0.2546098344027996
-0.3188214302062975,0.9298911094665527, 0.262567650526762
-4.7683715688523777E-7,0.9893736839294434, 0.2546098344027996
-4.7683715688523777E-7,0.9830279350280762, 0.262567650526762
0.32087755203247204,0.9358935356140137, 0.2546098344027996
0.31881952285766735,0.9298911094665527, 0.262567650526762
0.5936236381530775,0.7914986610412598, 0.2546098344027996
0.5898165702819838,0.7864222526550293, 0.262567650526762
0.7914986610412611,0.5936236381530762, 0.2546098344027996
0.7864222526550306,0.5898165702819824, 0.262567650526762
0.9132676124572767,0.38052797317504883, 0.2546098344027996
0.9074101448059095,0.37808656692504883, 0.262567650526762
0.9731545448303236,0.17841100692749023, 0.2546098344027996
0.9669127464294447,0.17726659774780273, 0.262567650526762
0.9830279350280775,-4.76837158203125E-7, 0.262567650526762
0.9713015556335463,-4.76837158203125E-7, 0.27232004329562187
0.9553780555725111,-0.1751542091369629, 0.27232004329562187
0.9422268867492689,-0.17274236679077148, 0.27881575748324394
0.8965859413146986,-0.3735785484313965, 0.27232004329562187
0.8842434883117689,-0.368436336517334, 0.27881575748324394
0.7770409584045423,-0.5827822685241699, 0.27232004329562187
0.7663445472717298,-0.5747599601745605, 0.27881575748324394
0.5827803611755384,-0.7770428657531738, 0.27232004329562187
0.5747580528259291,-0.7663464546203613, 0.27881575748324394
0.3150162696838392,-0.918799877166748, 0.27232004329562187
0.31067991256714,-0.9061522483825684, 0.27881575748324394
-4.7683715688523777E-7,-0.9713034629821777, 0.27232004329562187
-4.7683715688523777E-7,-0.9579329490661621, 0.27881575748324394
-0.31501817703246937,-0.918799877166748, 0.27232004329562187
-0.31068181991577015,-0.9061522483825684, 0.27881575748324394
-0.5827822685241686,-0.7770428657531738, 0.27232004329562187
-0.5747599601745592,-0.7663464546203613, 0.27881575748324394
-0.7770428657531725,-0.5827822685241699, 0.27232004329562187
-0.76634645462036,-0.5747599601745605, 0.27881575748324394
-0.8965878486633287,-0.3735785484313965, 0.27232004329562187
-0.8842453956603991,-0.368436336517334, 0.27881575748324394
-0.9553799629211412,-0.1751542091369629, 0.27232004329562187
-0.9422287940978991,-0.17274236679077148, 0.27881575748324394
-0.9713034629821764,-4.76837158203125E-7, 0.27232004329562187
-0.9579329490661608,-4.76837158203125E-7, 0.27881575748324394
-0.9553799629211412,0.17515230178833008, 0.27232004329562187
-0.9422287940978991,0.17274045944213867, 0.27881575748324394
-0.8965878486633287,0.37357664108276367, 0.27232004329562187
-0.8842453956603991,0.36843442916870117, 0.27881575748324394
-0.7770428657531725,0.5827803611755371, 0.27232004329562187
-0.76634645462036,0.5747580528259277, 0.27881575748324394
-0.5827822685241686,0.777040958404541, 0.27232004329562187
-0.5747599601745592,0.7663445472717285, 0.27881575748324394
-0.31501817703246937,0.9187979698181152, 0.27232004329562187
-0.31068181991577015,0.9061503410339355, 0.27881575748324394
-4.7683715688523777E-7,0.9713015556335449, 0.27232004329562187
-4.7683715688523777E-7,0.9579310417175293, 0.27881575748324394
0.3150162696838392,0.9187979698181152, 0.27232004329562187
0.31067991256714,0.9061503410339355, 0.27881575748324394
0.5827803611755384,0.777040958404541, 0.27232004329562187
0.5747580528259291,0.7663445472717285, 0.27881575748324394
0.7770409584045423,0.5827803611755371, 0.27232004329562187
0.7663445472717298,0.5747580528259277, 0.27881575748324394
0.8965859413146986,0.37357664108276367, 0.27232004329562187
0.8842434883117689,0.36843442916870117, 0.27881575748324394
0.9553780555725111,0.17515230178833008, 0.27232004329562187
0.9422268867492689,0.17274045944213867, 0.27881575748324394
0.9579310417175306,-4.76837158203125E-7, 0.27881575748324394
0.9422268867492689,0.17274045944213867, 0.27881575748324394
0.92213010787964,0.16905641555786133, 0.2822498194873333
0.8842434883117689,0.36843442916870117, 0.27881575748324394
0.8653836250305189,0.36057615280151367, 0.2822498194873333
0.7663445472717298,0.5747580528259277, 0.27881575748324394
0.7499985694885267,0.5624985694885254, 0.2822498194873333
0.7663445472717298,0.5747580528259277, 0.27881575748324394
0.5624985694885267,0.7499985694885254, 0.2822498194873333
0.5747580528259291,0.7663445472717285, 0.27881575748324394
0.304052829742433,0.8868231773376465, 0.2822498194873333
0.31067991256714,0.9061503410339355, 0.27881575748324394
-4.7683715688523777E-7,0.9374985694885254, 0.2822498194873333
-4.7683715688523777E-7,0.9579310417175293, 0.27881575748324394
-0.3040547370910631,0.8868231773376465, 0.2822498194873333
-0.31068181991577015,0.9061503410339355, 0.27881575748324394
-0.5625004768371569,0.7499985694885254, 0.2822498194873333
-0.5747599601745592,0.7663445472717285, 0.27881575748324394
-0.7500004768371569,0.5624985694885254, 0.2822498194873333
-0.76634645462036,0.5747580528259277, 0.27881575748324394
-0.8653855323791491,0.36057615280151367, 0.2822498194873333
-0.8842453956603991,0.36843442916870117, 0.27881575748324394
-0.9221320152282702,0.16905641555786133, 0.2822498194873333
-0.9422287940978991,0.17274045944213867, 0.27881575748324394
-0.9375004768371569,-4.76837158203125E-7, 0.2822498194873333
-0.9579329490661608,-4.76837158203125E-7, 0.27881575748324394
-0.9221320152282702,-0.16905832290649414, 0.2822498194873333
-0.9422287940978991,-0.17274236679077148, 0.27881575748324394
-0.8653855323791491,-0.3605780601501465, 0.2822498194873333
-0.8842453956603991,-0.368436336517334, 0.27881575748324394
-0.7500004768371569,-0.5625004768371582, 0.2822498194873333
-0.76634645462036,-0.5747599601745605, 0.27881575748324394
-0.5625004768371569,-0.7500004768371582, 0.2822498194873333
-0.5747599601745592,-0.7663464546203613, 0.27881575748324394
-0.3040547370910631,-0.8868250846862793, 0.2822498194873333
-0.31068181991577015,-0.9061522483825684, 0.27881575748324394
-1.4305114732914879E-6,-0.9375004768371582, 0.2822498194873333
-4.7683715688523777E-7,-0.9579329490661621, 0.27881575748324394
0.304052829742433,-0.8868250846862793, 0.2822498194873333
0.31067991256714,-0.9061522483825684, 0.27881575748324394
0.5624985694885267,-0.7500004768371582, 0.2822498194873333
0.5747580528259291,-0.7663464546203613, 0.27881575748324394
0.7499985694885267,-0.5625004768371582, 0.2822498194873333
0.7663445472717298,-0.5747599601745605, 0.27881575748324394
0.8653836250305189,-0.3605780601501465, 0.2822498194873333
0.8842434883117689,-0.368436336517334, 0.27881575748324394
0.92213010787964,-0.16905832290649414, 0.2822498194873333
0.9422268867492689,-0.17274236679077148, 0.27881575748324394
0.9579310417175306,-4.76837158203125E-7, 0.27881575748324394
0.9713015556335463,-4.76837158203125E-7, 0.27232004329562187
0.9553780555725111,0.17515230178833008, 0.27232004329562187
0.9669127464294447,0.17726659774780273, 0.262567650526762
0.8965859413146986,0.37357664108276367, 0.27232004329562187
0.9074101448059095,0.37808656692504883, 0.262567650526762
0.7770409584045423,0.5827803611755371, 0.27232004329562187
0.7864222526550306,0.5898165702819824, 0.262567650526762
0.5827803611755384,0.777040958404541, 0.27232004329562187
0.5898165702819838,0.7864222526550293, 0.262567650526762
0.3150162696838392,0.9187979698181152, 0.27232004329562187
0.31881952285766735,0.9298911094665527, 0.262567650526762
-4.7683715688523777E-7,0.9713015556335449, 0.27232004329562187
-4.7683715688523777E-7,0.9830279350280762, 0.262567650526762
-0.31501817703246937,0.9187979698181152, 0.27232004329562187
-0.3188214302062975,0.9298911094665527, 0.262567650526762
-0.5827822685241686,0.777040958404541, 0.27232004329562187
-0.5898184776306139,0.7864222526550293, 0.262567650526762
-0.7770428657531725,0.5827803611755371, 0.27232004329562187
-0.7864241600036608,0.5898165702819824, 0.262567650526762
-0.8965878486633287,0.37357664108276367, 0.27232004329562187
-0.9074120521545397,0.37808656692504883, 0.262567650526762
-0.9553799629211412,0.17515230178833008, 0.27232004329562187
-0.9669146537780748,0.17726659774780273, 0.262567650526762
-0.9713034629821764,-4.76837158203125E-7, 0.27232004329562187
-0.9830298423767077,-4.76837158203125E-7, 0.262567650526762
-0.9553799629211412,-0.1751542091369629, 0.27232004329562187
-0.9669146537780748,-0.17726850509643555, 0.262567650526762
-0.8965878486633287,-0.3735785484313965, 0.27232004329562187
-0.9074120521545397,-0.37808847427368164, 0.262567650526762
-0.7770428657531725,-0.5827822685241699, 0.27232004329562187
-0.7864241600036608,-0.5898184776306152, 0.262567650526762
-0.5827822685241686,-0.7770428657531738, 0.27232004329562187
-0.5898184776306139,-0.7864241600036621, 0.262567650526762
-0.31501817703246937,-0.918799877166748, 0.27232004329562187
-0.3188214302062975,-0.9298930168151855, 0.262567650526762
-4.7683715688523777E-7,-0.9713034629821777, 0.27232004329562187
-4.7683715688523777E-7,-0.983029842376709, 0.262567650526762
0.3150162696838392,-0.918799877166748, 0.27232004329562187
0.31881952285766735,-0.9298930168151855, 0.262567650526762
0.5827803611755384,-0.7770428657531738, 0.27232004329562187
0.5898165702819838,-0.7864241600036621, 0.262567650526762
0.7770409584045423,-0.5827822685241699, 0.27232004329562187
0.7864222526550306,-0.5898184776306152, 0.262567650526762
0.8965859413146986,-0.3735785484313965, 0.27232004329562187
0.9074101448059095,-0.37808847427368164, 0.262567650526762
0.9553780555725111,-0.1751542091369629, 0.27232004329562187
0.9669127464294447,-0.17726850509643555, 0.262567650526762
0.9830279350280775,-4.76837158203125E-7, 0.262567650526762
0.9893736839294447,-4.76837158203125E-7, 0.2546098344027996
0.9731545448303236,0.17841100692749023, 0.2546098344027996
0.9802269935607923,0.17970800399780273, 0.24018205329775807
0.9132676124572767,0.38052797317504883, 0.2546098344027996
0.9199051856994642,0.38329362869262695, 0.24018205329775807
0.7914986610412611,0.5936236381530762, 0.2546098344027996
0.7972512245178236,0.597938060760498, 0.24018205329775807
0.5936236381530775,0.7914986610412598, 0.2546098344027996
0.5979380607604994,0.7972512245178223, 0.24018205329775807
0.32087755203247204,0.9358935356140137, 0.2546098344027996
0.3232092857360853,0.9426960945129395, 0.24018205329775807
-4.7683715688523777E-7,0.9893736839294434, 0.2546098344027996
-4.7683715688523777E-7,0.9965643882751465, 0.24018205329775807
-0.3208794593811022,0.9358935356140137, 0.2546098344027996
-0.32321119308471546,0.9426960945129395, 0.24018205329775807
-0.5936255455017077,0.7914986610412598, 0.2546098344027996
-0.5979399681091295,0.7972512245178223, 0.24018205329775807
-0.7915005683898912,0.5936236381530762, 0.2546098344027996
-0.7972531318664537,0.597938060760498, 0.24018205329775807
-0.9132695198059069,0.38052797317504883, 0.2546098344027996
-0.9199070930480944,0.38329362869262695, 0.24018205329775807
-0.9731564521789537,0.17841100692749023, 0.2546098344027996
-0.9802289009094225,0.17970800399780273, 0.24018205329775807
-0.9893755912780748,-4.76837158203125E-7, 0.2546098344027996
-0.996566295623778,-4.76837158203125E-7, 0.24018205329775807
-0.9731564521789537,-0.17841291427612305, 0.2546098344027996
-0.9802289009094225,-0.17970991134643555, 0.24018205329775807
-0.9132695198059069,-0.38052988052368164, 0.2546098344027996
-0.9199070930480944,-0.38329553604125977, 0.24018205329775807
-0.7915005683898912,-0.593625545501709, 0.2546098344027996
-0.7972531318664537,-0.5979399681091309, 0.24018205329775807
-0.5936255455017077,-0.7915005683898926, 0.2546098344027996
-0.5979399681091295,-0.7972531318664551, 0.24018205329775807
-0.3208794593811022,-0.9358954429626465, 0.2546098344027996
-0.32321119308471546,-0.9426980018615723, 0.24018205329775807
-4.7683715688523777E-7,-0.9893755912780762, 0.2546098344027996
-4.7683715688523777E-7,-0.9965662956237793, 0.24018205329775807
0.32087755203247204,-0.9358954429626465, 0.2546098344027996
0.3232092857360853,-0.9426980018615723, 0.24018205329775807
0.5936236381530775,-0.7915005683898926, 0.2546098344027996
0.5979380607604994,-0.7972531318664551, 0.24018205329775807
0.7914986610412611,-0.593625545501709, 0.2546098344027996
0.7972512245178236,-0.5979399681091309, 0.24018205329775807
0.9132676124572767,-0.38052988052368164, 0.2546098344027996
0.9199051856994642,-0.38329553604125977, 0.24018205329775807
0.9731545448303236,-0.17841291427612305, 0.2546098344027996
0.9802269935607923,-0.17970991134643555, 0.24018205329775807
0.9965643882751478,-4.76837158203125E-7, 0.24018205329775807
0.9836049079895033,-0.1803288459777832, 0.21974981948733327
0.9999985694885267,-4.76837158203125E-7, 0.21974981948733327
0.9836049079895033,-0.1803288459777832, 0.03224993869662282
0.9999985694885267,-4.76837158203125E-7, 0.21974981948733327
0.9999985694885267,-4.76837158203125E-7, 0.03224993869662282
0.9999985694885267,-4.76837158203125E-7, 0.21974981948733327
0.9836049079895033,0.1803269386291504, 0.03224993869662282
0.9836049079895033,0.1803269386291504, 0.21974981948733327
0.9230751991271986,0.3846144676208496, 0.21974981948733327
0.9199051856994642,0.38329362869262695, 0.24018205329775807
0.9230751991271986,0.3846144676208496, 0.21974981948733327
0.7972512245178236,0.597938060760498, 0.24018205329775807
0.79999876022339,0.599998950958252, 0.21974981948733327
0.5999989509582533,0.7999987602233887, 0.21974981948733327
0.79999876022339,0.599998950958252, 0.03224993869662282
0.5999989509582533,0.7999987602233887, 0.21974981948733327
0.5999989509582533,0.7999987602233887, 0.03224993869662282
0.5999989509582533,0.7999987602233887, 0.21974981948733327
0.3243231773376478,0.9459443092346191, 0.03224993869662282
0.3243231773376478,0.9459443092346191, 0.21974981948733327
-4.7683715688523777E-7,0.9999985694885254, 0.21974981948733327
0.3232092857360853,0.9426960945129395, 0.24018205329775807
-4.7683715688523777E-7,0.9999985694885254, 0.21974981948733327
-4.7683715688523777E-7,0.9965643882751465, 0.24018205329775807
-4.7683715688523777E-7,0.9999985694885254, 0.21974981948733327
-0.32321119308471546,0.9426960945129395, 0.24018205329775807
-0.32432508468627796,0.9459443092346191, 0.21974981948733327
-0.6000008583068834,0.7999987602233887, 0.21974981948733327
-0.32432508468627796,0.9459443092346191, 0.03224993869662282
-0.6000008583068834,0.7999987602233887, 0.21974981948733327
-0.6000008583068834,0.7999987602233887, 0.03224993869662282
-0.8000006675720202,0.599998950958252, 0.21974981948733327
-0.8000006675720202,0.599998950958252, 0.03224993869662282
-0.9230771064758287,0.3846144676208496, 0.21974981948733327
-0.9230771064758287,0.3846144676208496, 0.03224993869662282
-0.9836068153381334,0.1803269386291504, 0.21974981948733327
-0.9836068153381334,0.1803269386291504, 0.03224993869662282
-1.0000004768371569,-4.76837158203125E-7, 0.21974981948733327
-1.0000004768371569,-4.76837158203125E-7, 0.03224993869662282
-0.9836068153381334,-0.1803288459777832, 0.21974981948733327
-0.9836068153381334,-0.1803288459777832, 0.03224993869662282
-0.9230771064758287,-0.3846163749694824, 0.21974981948733327
-0.9230771064758287,-0.3846163749694824, 0.03224993869662282
-0.9230771064758287,-0.3846163749694824, 0.21974981948733327
-0.8000006675720202,-0.6000008583068848, 0.03224993869662282
-0.8000006675720202,-0.6000008583068848, 0.21974981948733327
-0.6000008583068834,-0.8000006675720215, 0.21974981948733327
-0.5979399681091295,-0.7972531318664551, 0.24018205329775807
-0.6000008583068834,-0.8000006675720215, 0.21974981948733327
-0.32321119308471546,-0.9426980018615723, 0.24018205329775807
-0.32432508468627796,-0.945946216583252, 0.21974981948733327
-4.7683715688523777E-7,-0.9965662956237793, 0.24018205329775807
-4.7683715688523777E-7,-1.0000004768371582, 0.21974981948733327
0.3232092857360853,-0.9426980018615723, 0.24018205329775807
0.3243231773376478,-0.945946216583252, 0.21974981948733327
0.5979380607604994,-0.7972531318664551, 0.24018205329775807
0.5999989509582533,-0.8000006675720215, 0.21974981948733327
0.7972512245178236,-0.5979399681091309, 0.24018205329775807
0.79999876022339,-0.6000008583068848, 0.21974981948733327
0.9199051856994642,-0.38329553604125977, 0.24018205329775807
0.9230751991271986,-0.3846163749694824, 0.21974981948733327
0.9802269935607923,-0.17970991134643555, 0.24018205329775807
0.9230751991271986,-0.3846163749694824, 0.21974981948733327
0.9836049079895033,-0.1803288459777832, 0.21974981948733327
0.9230751991271986,-0.3846163749694824, 0.03224993869662282
0.9836049079895033,-0.1803288459777832, 0.03224993869662282
0.9836049079895033,0.1803269386291504, 0.03224993869662282
0.9230751991271986,0.3846144676208496, 0.03224993869662282
0.9230751991271986,0.3846144676208496, 0.21974981948733327
0.9230751991271986,0.3846144676208496, 0.03224993869662282
0.79999876022339,0.599998950958252, 0.21974981948733327
0.79999876022339,0.599998950958252, 0.03224993869662282
-0.5979399681091295,-0.7972531318664551, 0.24018205329775807
-0.7972531318664537,-0.5979399681091309, 0.24018205329775807
-0.8000006675720202,-0.6000008583068848, 0.21974981948733327
-0.7972531318664537,-0.5979399681091309, 0.24018205329775807
-0.9230771064758287,-0.3846163749694824, 0.21974981948733327
-0.9199070930480944,-0.38329553604125977, 0.24018205329775807
-0.9836068153381334,-0.1803288459777832, 0.21974981948733327
-0.9802289009094225,-0.17970991134643555, 0.24018205329775807
-1.0000004768371569,-4.76837158203125E-7, 0.21974981948733327
-0.996566295623778,-4.76837158203125E-7, 0.24018205329775807
-1.0000004768371569,-4.76837158203125E-7, 0.21974981948733327
-0.9802289009094225,0.17970800399780273, 0.24018205329775807
-0.9836068153381334,0.1803269386291504, 0.21974981948733327
-0.9199070930480944,0.38329362869262695, 0.24018205329775807
-0.9230771064758287,0.3846144676208496, 0.21974981948733327
-0.9199070930480944,0.38329362869262695, 0.24018205329775807
-0.8000006675720202,0.599998950958252, 0.21974981948733327
-0.7972531318664537,0.597938060760498, 0.24018205329775807
-0.8000006675720202,0.599998950958252, 0.21974981948733327
-0.5979399681091295,0.7972512245178223, 0.24018205329775807
-0.6000008583068834,0.7999987602233887, 0.21974981948733327
-0.32321119308471546,0.9426960945129395, 0.24018205329775807
0.3243231773376478,0.9459443092346191, 0.03224993869662282
-4.7683715688523777E-7,0.9999985694885254, 0.03224993869662282
-4.7683715688523777E-7,0.9999985694885254, 0.21974981948733327
-4.7683715688523777E-7,0.9999985694885254, 0.03224993869662282
-0.32432508468627796,0.9459443092346191, 0.21974981948733327
-0.32432508468627796,0.9459443092346191, 0.03224993869662282
-0.8000006675720202,-0.6000008583068848, 0.03224993869662282
-0.6000008583068834,-0.8000006675720215, 0.03224993869662282
-0.6000008583068834,-0.8000006675720215, 0.21974981948733327
-0.6000008583068834,-0.8000006675720215, 0.03224993869662282
-0.32432508468627796,-0.945946216583252, 0.21974981948733327
-0.32432508468627796,-0.945946216583252, 0.03224993869662282
-4.7683715688523777E-7,-1.0000004768371582, 0.21974981948733327
-1.4305114732914879E-6,-1.0000004768371582, 0.03224993869662282
-4.7683715688523777E-7,-1.0000004768371582, 0.21974981948733327
0.3243231773376478,-0.945946216583252, 0.03224993869662282
0.3243231773376478,-0.945946216583252, 0.21974981948733327
0.3243231773376478,-0.945946216583252, 0.03224993869662282
0.5999989509582533,-0.8000006675720215, 0.21974981948733327
0.5999989509582533,-0.8000006675720215, 0.03224993869662282
0.79999876022339,-0.6000008583068848, 0.21974981948733327
0.79999876022339,-0.6000008583068848, 0.03224993869662282
0.9230751991271986,-0.3846163749694824, 0.21974981948733327
0.9230751991271986,-0.3846163749694824, 0.03224993869662282
0.7972512245178236,0.597938060760498, 0.24018205329775807
0.5999989509582533,0.7999987602233887, 0.21974981948733327
0.5979380607604994,0.7972512245178223, 0.24018205329775807
0.3243231773376478,0.9459443092346191, 0.21974981948733327
0.3232092857360853,0.9426960945129395, 0.24018205329775807
-0.7013573646545397,0.47130918502807617, 0.03224993869662282
-0.7013669013977037,0.47130441665649414, 0.2822498194873333
-0.7183642387390123,0.4599881172180176, 0.03224993869662282
-0.718377590179442,0.4599785804748535, 0.2822498194873333
-0.7373356819152819,0.4401993751525879, 0.03224993869662282
-0.7373337745666491,0.4402022361755371, 0.2822498194873333
-0.7491631507873522,0.42009973526000977, 0.03224993869662282
-0.7491688728332506,0.4200873374938965, 0.2822498194873333
-0.7491631507873522,0.42009973526000977, 0.03224993869662282
-0.7560286521911608,0.399874210357666, 0.2822498194873333
-0.75603151321411,0.3998589515686035, 0.03224993869662282
-0.7560286521911608,0.399874210357666, 0.2822498194873333
-0.7588944435119616,0.3749985694885254, 0.03224993869662282
-0.7588458061218248,0.3717465400695801, 0.2822498194873333
-0.7588458061218248,0.3717465400695801, 0.03224993869662282
-0.7554898262023912,0.34792280197143555, 0.2822498194873333
-0.7554898262023912,0.34792184829711914, 0.03224993869662282
-0.7459940910339342,0.32346582412719727, 0.2822498194873333
-0.7459921836853014,0.32346391677856445, 0.03224993869662282
-0.7258400917053209,0.29665327072143555, 0.2822498194873333
-0.7258400917053209,0.29665327072143555, 0.03224993869662282
-0.7042069435119616,0.28027772903442383, 0.2822498194873333
-0.7042059898376452,0.2802767753601074, 0.03224993869662282
-0.6792082786560045,0.2697300910949707, 0.2822498194873333
-0.6792044639587389,0.2697291374206543, 0.03224993869662282
-0.6520037651061998,0.2656521797180176, 0.2822498194873333
-0.6520028114318834,0.2656521797180176, 0.03224993869662282
-0.6266388893127428,0.26804399490356445, 0.2822498194873333
-0.6266331672668444,0.26804494857788086, 0.03224993869662282
-0.5976729393005358,0.27869367599487305, 0.2822498194873333
-0.5976738929748522,0.27869272232055664, 0.03224993869662282
-0.5976729393005358,0.27869367599487305, 0.2822498194873333
-0.5806794166564928,0.2900052070617676, 0.03224993869662282
-0.5806622505187975,0.29001951217651367, 0.2822498194873333
-0.5806794166564928,0.2900052070617676, 0.03224993869662282
-0.5617051124572741,0.30979490280151367, 0.2822498194873333
-0.561690807342528,0.3098149299621582, 0.03224993869662282
-0.5498709678649889,0.3299098014831543, 0.2822498194873333
-0.5498776435852037,0.3298945426940918, 0.03224993869662282
-0.5498709678649889,0.3299098014831543, 0.2822498194873333
-0.5430178642272936,0.3500962257385254, 0.03224993869662282
-0.5430111885070787,0.35012388229370117, 0.2822498194873333
-0.5401921272277819,0.37822389602661133, 0.03224993869662282
-0.5401930809020983,0.3782515525817871, 0.2822498194873333
-0.5435452461242662,0.40205812454223633, 0.03224993869662282
-0.5435490608215319,0.40207529067993164, 0.2822498194873333
-0.5530514717102037,0.4265427589416504, 0.03224993869662282
-0.5530457496643053,0.4265313148498535, 0.2822498194873333
-0.5530514717102037,0.4265427589416504, 0.03224993869662282
-0.5731987953186022,0.45334386825561523, 0.2822498194873333
-0.5731987953186022,0.45334482192993164, 0.03224993869662282
-0.5948319435119616,0.46972036361694336, 0.2822498194873333
-0.5948319435119616,0.46972036361694336, 0.03224993869662282
-0.5948319435119616,0.46972036361694336, 0.2822498194873333
-0.6198287010192858,0.4802670478820801, 0.03224993869662282
-0.619831562042235,0.4802670478820801, 0.2822498194873333
-0.6470332145690905,0.4843459129333496, 0.03224993869662282
-0.6470360755920397,0.4843459129333496, 0.2822498194873333
-0.6723961830139147,0.48195505142211914, 0.03224993869662282
-0.6723999977111803,0.48195409774780273, 0.2822498194873333
-0.7013573646545397,0.47130918502807617, 0.03224993869662282
-0.7013669013977037,0.47130441665649414, 0.2822498194873333
-0.10937547683715688,-0.7500004768371582, 0.2822498194873333
-0.10601091384887563,-0.7230772972106934, 0.03224993869662282
-0.10601091384887563,-0.7230772972106934, 0.2822498194873333
-0.09286642074584829,-0.6922173500061035, 0.03224993869662282
-0.09286642074584829,-0.6922173500061035, 0.2822498194873333
-0.09286642074584829,-0.6922173500061035, 0.03224993869662282
-0.07643270492553579,-0.6717619895935059, 0.2822498194873333
-0.07644605636596548,-0.6717743873596191, 0.03224993869662282
-0.07643270492553579,-0.6717619895935059, 0.2822498194873333
-0.05748128890991079,-0.6569476127624512, 0.03224993869662282
-0.05748128890991079,-0.6569476127624512, 0.2822498194873333
-0.05748128890991079,-0.6569476127624512, 0.03224993869662282
-0.031713008880613916,-0.6453232765197754, 0.2822498194873333
-0.031713008880613916,-0.6453232765197754, 0.03224993869662282
-0.01077699661254751,-0.6411576271057129, 0.2822498194873333
-0.01077699661254751,-0.6411576271057129, 0.03224993869662282
-0.01077699661254751,-0.6411576271057129, 0.2822498194873333
0.012560367584229834,-0.6413493156433105, 0.03224993869662282
0.012560367584229834,-0.6413493156433105, 0.2822498194873333
0.03916501998901499,-0.6478781700134277, 0.03224993869662282
0.03916501998901499,-0.6478781700134277, 0.2822498194873333
0.03916501998901499,-0.6478781700134277, 0.03224993869662282
0.05747842788696421,-0.6569466590881348, 0.2822498194873333
0.05747842788696421,-0.6569466590881348, 0.03224993869662282
0.08118486404419077,-0.6767077445983887, 0.2822498194873333
0.08118486404419077,-0.6767077445983887, 0.03224993869662282
0.08118486404419077,-0.6767077445983887, 0.2822498194873333
0.09593820571899546,-0.6974787712097168, 0.03224993869662282
0.09593820571899546,-0.6974787712097168, 0.2822498194873333
0.09593820571899546,-0.6974787712097168, 0.03224993869662282
0.10600900650024546,-0.7230772972106934, 0.2822498194873333
0.10600900650024546,-0.7230772972106934, 0.03224993869662282
0.10600900650024546,-0.7230772972106934, 0.2822498194873333
0.10937356948852671,-0.7500004768371582, 0.03224993869662282
0.10937356948852671,-0.7500004768371582, 0.2822498194873333
0.10600900650024546,-0.776923656463623, 0.03224993869662282
0.10600900650024546,-0.776923656463623, 0.2822498194873333
0.10600900650024546,-0.776923656463623, 0.03224993869662282
0.09286451339721812,-0.8077836036682129, 0.2822498194873333
0.09286451339721812,-0.8077836036682129, 0.03224993869662282
0.09286451339721812,-0.8077836036682129, 0.2822498194873333
0.07643270492553843,-0.8282361030578613, 0.03224993869662282
0.07643270492553843,-0.8282361030578613, 0.2822498194873333
0.057479381561280615,-0.8430542945861816, 0.03224993869662282
0.057479381561280615,-0.8430542945861816, 0.2822498194873333
0.057479381561280615,-0.8430542945861816, 0.03224993869662282
0.03171110153198374,-0.854677677154541, 0.2822498194873333
0.03171110153198374,-0.854677677154541, 0.03224993869662282
0.03171110153198374,-0.854677677154541, 0.2822498194873333
0.010775089263917334,-0.8588433265686035, 0.03224993869662282
0.010775089263917334,-0.8588433265686035, 0.2822498194873333
-0.01256227493286001,-0.8586516380310059, 0.03224993869662282
-0.01256227493286001,-0.8586516380310059, 0.2822498194873333
-0.039166927337645166,-0.8521227836608887, 0.03224993869662282
-0.039166927337645166,-0.8521227836608887, 0.2822498194873333
-0.039166927337645166,-0.8521227836608887, 0.03224993869662282
-0.057480335235594385,-0.8430542945861816, 0.2822498194873333
-0.057480335235594385,-0.8430542945861816, 0.03224993869662282
-0.057480335235594385,-0.8430542945861816, 0.2822498194873333
-0.08120203018188345,-0.8233036994934082, 0.03224993869662282
-0.08118677139282095,-0.8232932090759277, 0.2822498194873333
-0.09594011306762563,-0.802523136138916, 0.03224993869662282
-0.09594011306762563,-0.802523136138916, 0.2822498194873333
-0.09594011306762563,-0.802523136138916, 0.03224993869662282
-0.10601091384887563,-0.776923656463623, 0.2822498194873333
-0.10601091384887563,-0.776923656463623, 0.03224993869662282
-0.10601091384887563,-0.776923656463623, 0.2822498194873333
-0.10937547683715688,-0.7500004768371582, 0.03224993869662282
-0.10937547683715688,-0.7500004768371582, 0.2822498194873333
-0.10601091384887563,-0.7230772972106934, 0.03224993869662282
0.7258391380310072,0.29665327072143555, 0.2822498194873333
0.7258381843566908,0.29665327072143555, 0.03224993869662282
0.7042050361633314,0.28027772903442383, 0.2822498194873333
0.7042050361633314,0.28027772903442383, 0.03224993869662282
0.6792063713073744,0.2697300910949707, 0.2822498194873333
0.6791977882385267,0.2697281837463379, 0.03224993869662282
0.6792063713073744,0.2697300910949707, 0.2822498194873333
0.6459212303161634,0.2656826972961426, 0.03224993869662282
0.6459088325500502,0.265683650970459, 0.2822498194873333
0.6199765205383314,0.26968908309936523, 0.03224993869662282
0.6199774742126478,0.2696871757507324, 0.2822498194873333
0.5976805686950697,0.2786879539489746, 0.03224993869662282
0.5976710319519056,0.27869272232055664, 0.2822498194873333
0.5747237205505384,0.2951951026916504, 0.03224993869662282
0.5747208595275892,0.2951970100402832, 0.2822498194873333
0.5606474876403822,0.31124162673950195, 0.03224993869662282
0.5606455802917494,0.31124448776245117, 0.2822498194873333
0.5491423606872572,0.33155202865600586, 0.03224993869662282
0.5491423606872572,0.33155107498168945, 0.2822498194873333
0.5491423606872572,0.33155202865600586, 0.03224993869662282
0.5414948463439955,0.35785627365112305, 0.2822498194873333
0.5414948463439955,0.35785627365112305, 0.03224993869662282
0.5414948463439955,0.35785627365112305, 0.2822498194873333
0.5401425361633314,0.3749985694885254, 0.03224993869662282
0.5401911735534681,0.3782505989074707, 0.2822498194873333
0.5401911735534681,0.3782505989074707, 0.03224993869662282
0.5401911735534681,0.3782505989074707, 0.2822498194873333
0.5454440116882338,0.40863656997680664, 0.03224993869662282
0.545451641082765,0.4086613655090332, 0.2822498194873333
0.556066989898683,0.43182992935180664, 0.03224993869662282
0.5560622215271009,0.4318232536315918, 0.2822498194873333
0.5731778144836439,0.4533257484436035, 0.03224993869662282
0.573196887969972,0.45334386825561523, 0.2822498194873333
0.5948147773742689,0.4697108268737793, 0.03224993869662282
0.5948300361633314,0.46972036361694336, 0.2822498194873333
0.6198201179504408,0.48026514053344727, 0.03224993869662282
0.6198287010192884,0.4802670478820801, 0.2822498194873333
0.6531100273132338,0.4843144416809082, 0.03224993869662282
0.6531262397766127,0.4843144416809082, 0.2822498194873333
0.679062366485597,0.48030805587768555, 0.03224993869662282
0.6790547370910658,0.48030996322631836, 0.2822498194873333
0.679062366485597,0.48030805587768555, 0.03224993869662282
0.7013640403747572,0.47130441665649414, 0.2822498194873333
0.701361179351808,0.47130632400512695, 0.03224993869662282
0.7013640403747572,0.47130441665649414, 0.2822498194873333
0.724310398101808,0.4548039436340332, 0.03224993869662282
0.72431516647339,0.4548001289367676, 0.2822498194873333
0.7383913993835463,0.4387507438659668, 0.03224993869662282
0.7383904457092298,0.4387526512145996, 0.2822498194873333
0.7383913993835463,0.4387507438659668, 0.03224993869662282
0.7498927116394056,0.41844606399536133, 0.2822498194873333
0.7498946189880384,0.4184432029724121, 0.03224993869662282
0.7575411796569838,0.39214086532592773, 0.2822498194873333
0.7575411796569838,0.39214181900024414, 0.03224993869662282
0.7575411796569838,0.39214086532592773, 0.2822498194873333
0.7588448524475111,0.3717522621154785, 0.03224993869662282
0.7588438987731947,0.3717465400695801, 0.2822498194873333
0.7535843849182142,0.3413386344909668, 0.03224993869662282
0.7535834312438978,0.341336727142334, 0.2822498194873333
0.7429728507995619,0.318173885345459, 0.03224993869662282
0.7429728507995619,0.3181748390197754, 0.2822498194873333
0.7429728507995619,0.318173885345459, 0.03224993869662282
0.7258391380310072,0.29665327072143555, 0.2822498194873333
0.7258381843566908,0.29665327072143555, 0.03224993869662282
0.92213010787964,0.16905641555786133, 0.2822498194873333
0.9374985694885267,-4.76837158203125E-7, 0.2822498194873333
0.9579310417175306,-4.76837158203125E-7, 0.27881575748324394
0.92213010787964,-0.16905832290649414, 0.2822498194873333
