667.0966857242584,616.6841895282269,667.0966857242584
666.6764354588511,616.6841895282269,666.6764354588511
664.1756733186802,616.6841895282269,664.1756733186802
666.6764354588511,616.6841895282269,666.6764354588511
667.0966857242584,616.6841895282269,667.0966857242584
667.0966857242584,616.3841902911663,667.0966857242584
666.6764354588511,616.6841895282269,666.6764354588511
667.0966857242584,616.3841902911663,667.0966857242584
666.6764354588511,616.3841902911663,666.6764354588511
666.6764354588511,616.6841895282269,666.6764354588511
666.6764354588511,616.3841902911663,666.6764354588511
666.5436529950017,616.6841895282269,666.5436529950017
666.6764354588511,616.6841895282269,666.6764354588511
666.5436529950017,616.6841895282269,666.5436529950017
664.1756733186802,616.6841895282269,664.1756733186802
666.5436529950017,616.6841895282269,666.5436529950017
666.6764354588511,616.3841902911663,666.6764354588511
666.5436529950017,616.3841902911663,666.5436529950017
666.5436529950017,616.6841895282269,666.5436529950017
666.5436529950017,616.3841902911663,666.5436529950017
666.7604691926731,616.6841895282269,666.7604691926731
666.5436529950017,616.6841895282269,666.5436529950017
666.7604691926731,616.6841895282269,666.7604691926731
664.1756733186802,616.6841895282269,664.1756733186802
666.5436529950017,616.3841902911663,666.5436529950017
666.6764354588511,616.3841902911663,666.6764354588511
664.1756733186802,616.3841902911663,664.1756733186802
666.5436529950017,616.3841902911663,666.5436529950017
664.1756733186802,616.3841902911663,664.1756733186802
666.7604691926731,616.3841902911663,666.7604691926731
666.5436529950017,616.3841902911663,666.5436529950017
666.7604691926731,616.3841902911663,666.7604691926731
666.7604691926731,616.6841895282269,666.7604691926731
666.6764354588511,616.3841902911663,666.6764354588511
667.0966857242584,616.3841902911663,667.0966857242584
664.188742276463,616.3841902911663,664.188742276463
666.6764354588511,616.3841902911663,666.6764354588511
664.188742276463,616.3841902911663,664.188742276463
664.1756733186802,616.3841902911663,664.1756733186802
666.7604691926731,616.6841895282269,666.7604691926731
666.7604691926731,616.3841902911663,666.7604691926731
667.2254322059633,616.6841895282269,667.2254322059633
666.7604691926731,616.6841895282269,666.7604691926731
667.2254322059633,616.6841895282269,667.2254322059633
669.0984549804715,616.6841895282269,669.0984549804715
666.7604691926731,616.6841895282269,666.7604691926731
669.0984549804715,616.6841895282269,669.0984549804715
664.1756733186802,616.6841895282269,664.1756733186802
667.2254322059633,616.6841895282269,667.2254322059633
666.7604691926731,616.3841902911663,666.7604691926731
667.2254322059633,616.3841902911663,667.2254322059633
667.2254322059633,616.6841895282269,667.2254322059633
667.2254322059633,616.3841902911663,667.2254322059633
667.7209820296315,616.6841895282269,667.7209820296315
667.2254322059633,616.6841895282269,667.2254322059633
667.7209820296315,616.6841895282269,667.7209820296315
669.0984549804715,616.6841895282269,669.0984549804715
666.7604691926731,616.3841902911663,666.7604691926731
664.1756733186802,616.3841902911663,664.1756733186802
669.0984549804715,616.3841902911663,669.0984549804715
666.7604691926731,616.3841902911663,666.7604691926731
669.0984549804715,616.3841902911663,669.0984549804715
667.2254322059633,616.3841902911663,667.2254322059633
667.2254322059633,616.3841902911663,667.2254322059633
669.0984549804715,616.3841902911663,669.0984549804715
667.7209820296315,616.3841902911663,667.7209820296315
667.2254322059633,616.3841902911663,667.2254322059633
667.7209820296315,616.3841902911663,667.7209820296315
667.7209820296315,616.6841895282269,667.7209820296315
667.7209820296315,616.3841902911663,667.7209820296315
669.0984549804715,616.3841902911663,669.0984549804715
667.82113002065,616.3841902911663,667.82113002065
667.7209820296315,616.3841902911663,667.7209820296315
667.82113002065,616.3841902911663,667.82113002065
667.7209820296315,616.6841895282269,667.7209820296315
669.0984549804715,616.3841902911663,669.0984549804715
664.1756733186802,616.3841902911663,664.1756733186802
669.0984549804715,616.6841895282269,669.0984549804715
669.0984549804715,616.3841902911663,669.0984549804715
669.0984549804715,616.6841895282269,669.0984549804715
671.7077575605801,616.3841902911663,671.7077575605801
669.0984549804715,616.3841902911663,669.0984549804715
671.7077575605801,616.3841902911663,671.7077575605801
667.82113002065,616.3841902911663,667.82113002065
664.1756733186802,616.3841902911663,664.1756733186802
664.188742276463,616.3841902911663,664.188742276463
664.1756733186802,616.6841895282269,664.1756733186802
664.1756733186802,616.3841902911663,664.1756733186802
664.1756733186802,616.6841895282269,664.1756733186802
669.0984549804715,616.6841895282269,669.0984549804715
669.0984549804715,616.6841895282269,669.0984549804715
667.7209820296315,616.6841895282269,667.7209820296315
671.7077575605801,616.6841895282269,671.7077575605801
669.0984549804715,616.6841895282269,669.0984549804715
671.7077575605801,616.6841895282269,671.7077575605801
671.7077575605801,616.3841902911663,671.7077575605801
667.7209820296315,616.6841895282269,667.7209820296315
667.82113002065,616.3841902911663,667.82113002065
668.015244240228,616.6841895282269,668.015244240228
667.7209820296315,616.6841895282269,667.7209820296315
668.015244240228,616.6841895282269,668.015244240228
671.7077575605801,616.6841895282269,671.7077575605801
667.82113002065,616.3841902911663,667.82113002065
671.7077575605801,616.3841902911663,671.7077575605801
668.015244240228,616.3841902911663,668.015244240228
667.82113002065,616.3841902911663,667.82113002065
668.015244240228,616.3841902911663,668.015244240228
668.015244240228,616.6841895282269,668.015244240228
671.7077575605801,616.3841902911663,671.7077575605801
671.7077575605801,616.6841895282269,671.7077575605801
672.3057606392534,616.3841902911663,672.3057606392534
671.7077575605801,616.3841902911663,671.7077575605801
672.3057606392534,616.3841902911663,672.3057606392534
668.015244240228,616.3841902911663,668.015244240228
671.7077575605801,616.6841895282269,671.7077575605801
668.015244240228,616.6841895282269,668.015244240228
672.5178928048489,616.6841895282269,672.5178928048489
671.7077575605801,616.6841895282269,671.7077575605801
672.5178928048489,616.6841895282269,672.5178928048489
672.3057606392534,616.3841902911663,672.3057606392534
668.015244240228,616.6841895282269,668.015244240228
668.015244240228,616.3841902911663,668.015244240228
667.9705304808206,616.6841895282269,667.9705304808206
668.015244240228,616.6841895282269,668.015244240228
667.9705304808206,616.6841895282269,667.9705304808206
672.5178928048489,616.6841895282269,672.5178928048489
668.015244240228,616.3841902911663,668.015244240228
672.3057606392534,616.3841902911663,672.3057606392534
667.9705304808206,616.3841902911663,667.9705304808206
668.015244240228,616.3841902911663,668.015244240228
667.9705304808206,616.3841902911663,667.9705304808206
667.9705304808206,616.6841895282269,667.9705304808206
667.9705304808206,616.6841895282269,667.9705304808206
667.9705304808206,616.3841902911663,667.9705304808206
667.82113002065,616.6841895282269,667.82113002065
667.9705304808206,616.6841895282269,667.9705304808206
667.82113002065,616.6841895282269,667.82113002065
672.5178928048489,616.6841895282269,672.5178928048489
667.9705304808206,616.3841902911663,667.9705304808206
672.3057606392534,616.3841902911663,672.3057606392534
667.6077634581766,616.3841902911663,667.6077634581766
667.9705304808206,616.3841902911663,667.9705304808206
667.6077634581766,616.3841902911663,667.6077634581766
667.82113002065,616.6841895282269,667.82113002065
664.1756733186802,616.6841895282269,664.1756733186802
664.188742276463,616.3841902911663,664.188742276463
664.188742276463,616.6841895282269,664.188742276463
664.1756733186802,616.6841895282269,664.1756733186802
664.188742276463,616.6841895282269,664.188742276463
667.0966857242584,616.6841895282269,667.0966857242584
664.188742276463,616.6841895282269,664.188742276463
664.188742276463,616.3841902911663,664.188742276463
664.9988775207318,616.6841895282269,664.9988775207318
664.188742276463,616.6841895282269,664.188742276463
664.9988775207318,616.6841895282269,664.9988775207318
667.0966857242584,616.6841895282269,667.0966857242584
664.188742276463,616.3841902911663,664.188742276463
667.0966857242584,616.3841902911663,667.0966857242584
664.7867453551363,616.3841902911663,664.7867453551363
664.188742276463,616.3841902911663,664.188742276463
664.7867453551363,616.3841902911663,664.7867453551363
664.9988775207318,616.6841895282269,664.9988775207318
667.0966857242584,616.3841902911663,667.0966857242584
667.0966857242584,616.6841895282269,667.0966857242584
667.6077634581766,616.3841902911663,667.6077634581766
667.0966857242584,616.3841902911663,667.0966857242584
667.6077634581766,616.3841902911663,667.6077634581766
664.7867453551363,616.3841902911663,664.7867453551363
667.0966857242584,616.6841895282269,667.0966857242584
664.9988775207318,616.6841895282269,664.9988775207318
667.6077634581766,616.6841895282269,667.6077634581766
667.0966857242584,616.6841895282269,667.0966857242584
667.6077634581766,616.6841895282269,667.6077634581766
667.6077634581766,616.3841902911663,667.6077634581766
667.6077634581766,616.6841895282269,667.6077634581766
664.9988775207318,616.6841895282269,664.9988775207318
667.82113002065,616.6841895282269,667.82113002065
667.6077634581766,616.6841895282269,667.6077634581766
667.82113002065,616.6841895282269,667.82113002065
667.6077634581766,616.3841902911663,667.6077634581766
667.6077634581766,616.3841902911663,667.6077634581766
672.3057606392534,616.3841902911663,672.3057606392534
664.7867453551363,616.3841902911663,664.7867453551363
667.82113002065,616.6841895282269,667.82113002065
664.9988775207318,616.6841895282269,664.9988775207318
672.5178928048489,616.6841895282269,672.5178928048489
664.9988775207318,616.6841895282269,664.9988775207318
664.7867453551363,616.3841902911663,664.7867453551363
664.9988775207318,600.1689912974834,664.9988775207318
664.9988775207318,616.6841895282269,664.9988775207318
664.9988775207318,600.1689912974834,664.9988775207318
672.5178928048489,616.6841895282269,672.5178928048489
664.7867453551363,616.3841902911663,664.7867453551363
672.3057606392534,616.3841902911663,672.3057606392534
664.7867453551364,600.4689910113811,664.7867453551364
664.7867453551363,616.3841902911663,664.7867453551363
664.7867453551364,600.4689910113811,664.7867453551364
664.9988775207318,600.1689912974834,664.9988775207318
672.3057606392534,616.3841902911663,672.3057606392534
672.5178928048489,616.6841895282269,672.5178928048489
672.3057606392534,600.4689910113811,672.3057606392534
672.3057606392534,616.3841902911663,672.3057606392534
672.3057606392534,600.4689910113811,672.3057606392534
664.7867453551364,600.4689910113811,664.7867453551364
672.5178928048489,616.6841895282269,672.5178928048489
664.9988775207318,600.1689912974834,664.9988775207318
672.5178928048489,600.1689912974834,672.5178928048489
672.5178928048489,616.6841895282269,672.5178928048489
672.5178928048489,600.1689912974834,672.5178928048489
672.3057606392534,600.4689910113811,672.3057606392534
664.9988775207318,600.1689912974834,664.9988775207318
664.7867453551364,600.4689910113811,664.7867453551364
664.188742276463,600.1689912974834,664.188742276463
664.9988775207318,600.1689912974834,664.9988775207318
664.188742276463,600.1689912974834,664.188742276463
667.0966857242584,600.1689912974834,667.0966857242584
664.9988775207318,600.1689912974834,664.9988775207318
667.0966857242584,600.1689912974834,667.0966857242584
667.6077634581766,600.1689912974834,667.6077634581766
664.9988775207318,600.1689912974834,664.9988775207318
667.6077634581766,600.1689912974834,667.6077634581766
672.5178928048489,600.1689912974834,672.5178928048489
667.6077634581766,600.1689912974834,667.6077634581766
667.0966857242584,600.1689912974834,667.0966857242584
667.0966857242584,600.4689910113811,667.0966857242584
667.6077634581766,600.1689912974834,667.6077634581766
667.0966857242584,600.4689910113811,667.0966857242584
667.6077634581766,600.4689910113811,667.6077634581766
667.6077634581766,600.1689912974834,667.6077634581766
667.6077634581766,600.4689910113811,667.6077634581766
667.9705304808206,600.1689912974834,667.9705304808206
667.6077634581766,600.1689912974834,667.6077634581766
667.9705304808206,600.1689912974834,667.9705304808206
672.5178928048489,600.1689912974834,672.5178928048489
667.9705304808206,600.1689912974834,667.9705304808206
667.6077634581766,600.4689910113811,667.6077634581766
667.9705304808206,600.4689910113811,667.9705304808206
667.9705304808206,600.1689912974834,667.9705304808206
667.9705304808206,600.4689910113811,667.9705304808206
668.015244240228,600.1689912974834,668.015244240228
667.9705304808206,600.1689912974834,667.9705304808206
668.015244240228,600.1689912974834,668.015244240228
672.5178928048489,600.1689912974834,672.5178928048489
667.9705304808206,600.4689910113811,667.9705304808206
667.6077634581766,600.4689910113811,667.6077634581766
672.3057606392534,600.4689910113811,672.3057606392534
667.9705304808206,600.4689910113811,667.9705304808206
672.3057606392534,600.4689910113811,672.3057606392534
668.015244240228,600.4689910113811,668.015244240228
667.9705304808206,600.4689910113811,667.9705304808206
668.015244240228,600.4689910113811,668.015244240228
668.015244240228,600.1689912974834,668.015244240228
667.6077634581766,600.4689910113811,667.6077634581766
667.0966857242584,600.4689910113811,667.0966857242584
664.7867453551364,600.4689910113811,664.7867453551364
667.6077634581766,600.4689910113811,667.6077634581766
664.7867453551364,600.4689910113811,664.7867453551364
672.3057606392534,600.4689910113811,672.3057606392534
672.3057606392534,600.4689910113811,672.3057606392534
672.5178928048489,600.1689912974834,672.5178928048489
671.7077575605801,600.4689910113811,671.7077575605801
672.3057606392534,600.4689910113811,672.3057606392534
671.7077575605801,600.4689910113811,671.7077575605801
668.015244240228,600.4689910113811,668.015244240228
672.5178928048489,600.1689912974834,672.5178928048489
668.015244240228,600.1689912974834,668.015244240228
671.7077575605801,600.1689912974834,671.7077575605801
672.5178928048489,600.1689912974834,672.5178928048489
671.7077575605801,600.1689912974834,671.7077575605801
671.7077575605801,600.4689910113811,671.7077575605801
668.015244240228,600.1689912974834,668.015244240228
668.015244240228,600.4689910113811,668.015244240228
667.82113002065,600.1689912974834,667.82113002065
668.015244240228,600.1689912974834,668.015244240228
667.82113002065,600.1689912974834,667.82113002065
671.7077575605801,600.1689912974834,671.7077575605801
668.015244240228,600.4689910113811,668.015244240228
671.7077575605801,600.4689910113811,671.7077575605801
667.7209820296315,600.4689910113811,667.7209820296315
668.015244240228,600.4689910113811,668.015244240228
667.7209820296315,600.4689910113811,667.7209820296315
667.82113002065,600.1689912974834,667.82113002065
671.7077575605801,600.4689910113811,671.7077575605801
671.7077575605801,600.1689912974834,671.7077575605801
669.0984549804715,600.4689910113811,669.0984549804715
671.7077575605801,600.4689910113811,671.7077575605801
669.0984549804715,600.4689910113811,669.0984549804715
667.7209820296315,600.4689910113811,667.7209820296315
671.7077575605801,600.1689912974834,671.7077575605801
667.82113002065,600.1689912974834,667.82113002065
669.0984549804715,600.1689912974834,669.0984549804715
671.7077575605801,600.1689912974834,671.7077575605801
669.0984549804715,600.1689912974834,669.0984549804715
669.0984549804715,600.4689910113811,669.0984549804715
667.82113002065,600.1689912974834,667.82113002065
667.7209820296315,600.4689910113811,667.7209820296315
667.7209820296315,600.1689912974834,667.7209820296315
667.82113002065,600.1689912974834,667.82113002065
667.7209820296315,600.1689912974834,667.7209820296315
669.0984549804715,600.1689912974834,669.0984549804715
667.7209820296315,600.1689912974834,667.7209820296315
667.7209820296315,600.4689910113811,667.7209820296315
667.2254322059633,600.1689912974834,667.2254322059633
667.7209820296315,600.1689912974834,667.7209820296315
667.2254322059633,600.1689912974834,667.2254322059633
669.0984549804715,600.1689912974834,669.0984549804715
667.7209820296315,600.4689910113811,667.7209820296315
669.0984549804715,600.4689910113811,669.0984549804715
667.2254322059633,600.4689910113811,667.2254322059633
667.7209820296315,600.4689910113811,667.7209820296315
667.2254322059633,600.4689910113811,667.2254322059633
667.2254322059633,600.1689912974834,667.2254322059633
667.2254322059633,600.1689912974834,667.2254322059633
667.2254322059633,600.4689910113811,667.2254322059633
666.7604691926731,600.1689912974834,666.7604691926731
667.2254322059633,600.1689912974834,667.2254322059633
666.7604691926731,600.1689912974834,666.7604691926731
669.0984549804715,600.1689912974834,669.0984549804715
667.2254322059633,600.4689910113811,667.2254322059633
669.0984549804715,600.4689910113811,669.0984549804715
666.7604691926731,600.4689910113811,666.7604691926731
667.2254322059633,600.4689910113811,667.2254322059633
666.7604691926731,600.4689910113811,666.7604691926731
666.7604691926731,600.1689912974834,666.7604691926731
669.0984549804715,600.1689912974834,669.0984549804715
666.7604691926731,600.1689912974834,666.7604691926731
664.1756733186802,600.1689912974834,664.1756733186802
669.0984549804715,600.1689912974834,669.0984549804715
664.1756733186802,600.1689912974834,664.1756733186802
669.0984549804715,600.4689910113811,669.0984549804715
666.7604691926731,600.1689912974834,666.7604691926731
666.7604691926731,600.4689910113811,666.7604691926731
666.5436529950017,600.1689912974834,666.5436529950017
666.7604691926731,600.1689912974834,666.7604691926731
666.5436529950017,600.1689912974834,666.5436529950017
664.1756733186802,600.1689912974834,664.1756733186802
669.0984549804715,600.4689910113811,669.0984549804715
664.1756733186802,600.1689912974834,664.1756733186802
664.1756733186802,600.4689910113811,664.1756733186802
669.0984549804715,600.4689910113811,669.0984549804715
664.1756733186802,600.4689910113811,664.1756733186802
666.7604691926731,600.4689910113811,666.7604691926731
666.7604691926731,600.4689910113811,666.7604691926731
664.1756733186802,600.4689910113811,664.1756733186802
666.5436529950017,600.4689910113811,666.5436529950017
666.7604691926731,600.4689910113811,666.7604691926731
666.5436529950017,600.4689910113811,666.5436529950017
666.5436529950017,600.1689912974834,666.5436529950017
666.5436529950017,600.1689912974834,666.5436529950017
666.5436529950017,600.4689910113811,666.5436529950017
666.6764354588511,600.1689912974834,666.6764354588511
666.5436529950017,600.1689912974834,666.5436529950017
666.6764354588511,600.1689912974834,666.6764354588511
664.1756733186802,600.1689912974834,664.1756733186802
666.5436529950017,600.4689910113811,666.5436529950017
664.1756733186802,600.4689910113811,664.1756733186802
666.6764354588511,600.4689910113811,666.6764354588511
666.5436529950017,600.4689910113811,666.5436529950017
666.6764354588511,600.4689910113811,666.6764354588511
666.6764354588511,600.1689912974834,666.6764354588511
666.6764354588511,600.4689910113811,666.6764354588511
664.1756733186802,600.4689910113811,664.1756733186802
666.7604698670226,600.4689910113811,666.7604698670226
666.6764354588511,600.4689910113811,666.6764354588511
666.7604698670226,600.4689910113811,666.7604698670226
666.6764354588511,600.1689912974834,666.6764354588511
664.1756733186802,600.1689912974834,664.1756733186802
666.6764354588511,600.1689912974834,666.6764354588511
664.188742276463,600.1689912974834,664.188742276463
664.1756733186802,600.1689912974834,664.1756733186802
664.188742276463,600.1689912974834,664.188742276463
664.1756733186802,600.4689910113811,664.1756733186802
666.6764354588511,600.1689912974834,666.6764354588511
666.7604698670226,600.4689910113811,666.7604698670226
667.0966857242584,600.1689912974834,667.0966857242584
666.6764354588511,600.1689912974834,666.6764354588511
667.0966857242584,600.1689912974834,667.0966857242584
664.188742276463,600.1689912974834,664.188742276463
667.0966857242584,600.1689912974834,667.0966857242584
666.7604698670226,600.4689910113811,666.7604698670226
667.0966857242584,600.4689910113811,667.0966857242584
666.7604698670226,600.4689910113811,666.7604698670226
664.1756733186802,600.4689910113811,664.1756733186802
664.188742276463,600.4689910113811,664.188742276463
666.7604698670226,600.4689910113811,666.7604698670226
664.188742276463,600.4689910113811,664.188742276463
667.0966857242584,600.4689910113811,667.0966857242584
664.1756733186802,600.4689910113811,664.1756733186802
664.188742276463,600.1689912974834,664.188742276463
664.188742276463,600.4689910113811,664.188742276463
667.0966857242584,600.4689910113811,667.0966857242584
664.188742276463,600.4689910113811,664.188742276463
664.7867453551364,600.4689910113811,664.7867453551364
664.188742276463,600.4689910113811,664.188742276463
664.188742276463,600.1689912974834,664.188742276463
664.7867453551364,600.4689910113811,664.7867453551364
