68.42695617675814,-627.6358032226566, 681.3681030273427
68.66819000244175,-627.6358032226566, 679.999999999999
74.05450439453139,-627.6358032226566, 694.999999999999
68.42695617675814,-627.6358032226566, 681.3681030273427
74.05450439453139,-627.6358032226566, 694.999999999999
66.6681900024417,-627.6358032226566, 683.464111328124
68.42695617675814,-627.6358032226566, 681.3681030273427
66.6681900024417,-627.6358032226566, 683.464111328124
66.6681900024417,-625.6358032226566, 683.464111328124
68.42695617675814,-627.6358032226566, 681.3681030273427
66.6681900024417,-625.6358032226566, 683.464111328124
68.42695617675814,-625.6358032226566, 681.3681030273427
68.42695617675814,-627.6358032226566, 681.3681030273427
68.42695617675814,-625.6358032226566, 681.3681030273427
68.66819000244175,-627.6358032226566, 679.999999999999
68.42695617675814,-625.6358032226566, 681.3681030273427
66.6681900024417,-625.6358032226566, 683.464111328124
74.05450439453139,-625.6358032226566, 694.999999999999
68.42695617675814,-625.6358032226566, 681.3681030273427
74.05450439453139,-625.6358032226566, 694.999999999999
68.66819000244175,-625.6358032226566, 679.999999999999
68.42695617675814,-625.6358032226566, 681.3681030273427
68.66819000244175,-625.6358032226566, 679.999999999999
68.66819000244175,-627.6358032226566, 679.999999999999
66.6681900024417,-625.6358032226566, 683.464111328124
66.6681900024417,-627.6358032226566, 683.464111328124
63.97359466552763,-625.6358032226566, 683.9392089843739
66.6681900024417,-625.6358032226566, 683.464111328124
63.97359466552763,-625.6358032226566, 683.9392089843739
74.05450439453139,-625.6358032226566, 694.999999999999
66.6681900024417,-627.6358032226566, 683.464111328124
74.05450439453139,-627.6358032226566, 694.999999999999
63.97359466552763,-627.6358032226566, 683.9392089843739
66.6681900024417,-627.6358032226566, 683.464111328124
63.97359466552763,-627.6358032226566, 683.9392089843739
63.97359466552763,-625.6358032226566, 683.9392089843739
63.97359466552763,-625.6358032226566, 683.9392089843739
63.97359466552763,-627.6358032226566, 683.9392089843739
61.60401153564483,-625.6358032226566, 682.5711669921864
63.97359466552763,-625.6358032226566, 683.9392089843739
61.60401153564483,-625.6358032226566, 682.5711669921864
-63.33181381225548,-625.6358032226566, 676.5358886718723
63.97359466552763,-625.6358032226566, 683.9392089843739
-63.33181381225548,-625.6358032226566, 676.5358886718723
74.05450439453139,-625.6358032226566, 694.999999999999
61.60401153564483,-625.6358032226566, 682.5711669921864
63.97359466552763,-627.6358032226566, 683.9392089843739
61.60401153564483,-627.6358032226566, 682.5711669921864
61.60401153564483,-625.6358032226566, 682.5711669921864
61.60401153564483,-627.6358032226566, 682.5711669921864
60.668186187744475,-625.6358032226566, 679.9999999999989
61.60401153564483,-625.6358032226566, 682.5711669921864
60.668186187744475,-625.6358032226566, 679.9999999999989
-63.33181381225548,-625.6358032226566, 676.5358886718723
63.97359466552763,-627.6358032226566, 683.9392089843739
74.05450439453139,-627.6358032226566, 694.999999999999
-63.33181381225557,-627.6358032226566, 683.4641113281223
63.97359466552763,-627.6358032226566, 683.9392089843739
-63.33181381225557,-627.6358032226566, 683.4641113281223
61.60401153564483,-627.6358032226566, 682.5711669921864
61.60401153564483,-627.6358032226566, 682.5711669921864
-63.33181381225557,-627.6358032226566, 683.4641113281223
-61.5730400085446,-627.6358032226566, 681.368103027341
61.60401153564483,-627.6358032226566, 682.5711669921864
-61.5730400085446,-627.6358032226566, 681.368103027341
60.668186187744475,-627.6358032226566, 679.9999999999989
61.60401153564483,-627.6358032226566, 682.5711669921864
60.668186187744475,-627.6358032226566, 679.9999999999989
60.668186187744475,-625.6358032226566, 679.9999999999989
60.668186187744475,-625.6358032226566, 679.9999999999989
60.668186187744475,-627.6358032226566, 679.9999999999989
61.6040115356449,-625.6358032226566, 677.4288330078114
60.668186187744475,-625.6358032226566, 679.9999999999989
61.6040115356449,-625.6358032226566, 677.4288330078114
-66.02640533447226,-625.6358032226566, 676.0607910156223
60.668186187744475,-625.6358032226566, 679.9999999999989
-66.02640533447226,-625.6358032226566, 676.0607910156223
-63.33181381225548,-625.6358032226566, 676.5358886718723
60.668186187744475,-627.6358032226566, 679.9999999999989
-61.5730400085446,-627.6358032226566, 681.368103027341
-61.331813812255525,-627.6358032226566, 679.9999999999973
60.668186187744475,-627.6358032226566, 679.9999999999989
-61.331813812255525,-627.6358032226566, 679.9999999999973
61.6040115356449,-627.6358032226566, 677.4288330078114
60.668186187744475,-627.6358032226566, 679.9999999999989
61.6040115356449,-627.6358032226566, 677.4288330078114
61.6040115356449,-625.6358032226566, 677.4288330078114
61.6040115356449,-627.6358032226566, 677.4288330078114
-61.331813812255525,-627.6358032226566, 679.9999999999973
63.97359466552773,-627.6358032226566, 676.0607910156239
61.6040115356449,-627.6358032226566, 677.4288330078114
63.97359466552773,-627.6358032226566, 676.0607910156239
63.97359466552773,-625.6358032226566, 676.0607910156239
61.6040115356449,-627.6358032226566, 677.4288330078114
63.97359466552773,-625.6358032226566, 676.0607910156239
61.6040115356449,-625.6358032226566, 677.4288330078114
61.6040115356449,-625.6358032226566, 677.4288330078114
63.97359466552773,-625.6358032226566, 676.0607910156239
-75.94549560546821,-625.6358032226566, 664.999999999997
61.6040115356449,-625.6358032226566, 677.4288330078114
-75.94549560546821,-625.6358032226566, 664.999999999997
-66.02640533447226,-625.6358032226566, 676.0607910156223
63.97359466552773,-625.6358032226566, 676.0607910156239
63.97359466552773,-627.6358032226566, 676.0607910156239
66.66819000244179,-625.6358032226566, 676.535888671874
63.97359466552773,-625.6358032226566, 676.0607910156239
66.66819000244179,-625.6358032226566, 676.535888671874
74.05450439453179,-625.6358032226566, 664.999999999999
63.97359466552773,-625.6358032226566, 676.0607910156239
74.05450439453179,-625.6358032226566, 664.999999999999
-75.94549560546821,-625.6358032226566, 664.999999999997
66.66819000244179,-625.6358032226566, 676.535888671874
63.97359466552773,-627.6358032226566, 676.0607910156239
66.66819000244179,-627.6358032226566, 676.535888671874
66.66819000244179,-625.6358032226566, 676.535888671874
66.66819000244179,-627.6358032226566, 676.535888671874
68.42695617675817,-625.6358032226566, 678.6318969726552
66.66819000244179,-625.6358032226566, 676.535888671874
68.42695617675817,-625.6358032226566, 678.6318969726552
74.05450439453179,-625.6358032226566, 664.999999999999
68.42695617675817,-625.6358032226566, 678.6318969726552
66.66819000244179,-627.6358032226566, 676.535888671874
68.42695617675817,-627.6358032226566, 678.6318969726552
68.42695617675817,-625.6358032226566, 678.6318969726552
68.42695617675817,-627.6358032226566, 678.6318969726552
68.66819000244175,-625.6358032226566, 679.999999999999
68.42695617675817,-625.6358032226566, 678.6318969726552
68.66819000244175,-625.6358032226566, 679.999999999999
74.05450439453179,-625.6358032226566, 664.999999999999
66.66819000244179,-627.6358032226566, 676.535888671874
63.97359466552773,-627.6358032226566, 676.0607910156239
74.05450439453179,-627.6358032226566, 664.999999999999
66.66819000244179,-627.6358032226566, 676.535888671874
74.05450439453179,-627.6358032226566, 664.999999999999
68.42695617675817,-627.6358032226566, 678.6318969726552
68.42695617675817,-627.6358032226566, 678.6318969726552
74.05450439453179,-627.6358032226566, 664.999999999999
68.66819000244175,-627.6358032226566, 679.999999999999
68.42695617675817,-627.6358032226566, 678.6318969726552
68.66819000244175,-627.6358032226566, 679.999999999999
68.66819000244175,-625.6358032226566, 679.999999999999
68.66819000244175,-625.6358032226566, 679.999999999999
74.05450439453139,-625.6358032226566, 694.999999999999
74.05450439453179,-625.6358032226566, 664.999999999999
68.66819000244175,-627.6358032226566, 679.999999999999
74.05450439453179,-627.6358032226566, 664.999999999999
74.05450439453139,-627.6358032226566, 694.999999999999
63.97359466552773,-627.6358032226566, 676.0607910156239
-61.331813812255525,-627.6358032226566, 679.9999999999973
-61.57304000854457,-627.6358032226566, 678.6318969726535
63.97359466552773,-627.6358032226566, 676.0607910156239
-61.57304000854457,-627.6358032226566, 678.6318969726535
74.05450439453179,-627.6358032226566, 664.999999999999
74.05450439453179,-625.6358032226566, 664.999999999999
74.05450439453139,-625.6358032226566, 694.999999999999
74.05450439453179,-627.6358032226566, 664.999999999999
74.05450439453179,-625.6358032226566, 664.999999999999
74.05450439453179,-627.6358032226566, 664.999999999999
-75.94549560546821,-627.6358032226566, 664.999999999997
74.05450439453179,-625.6358032226566, 664.999999999999
-75.94549560546821,-627.6358032226566, 664.999999999997
-75.94549560546821,-625.6358032226566, 664.999999999997
74.05450439453179,-627.6358032226566, 664.999999999999
-61.57304000854457,-627.6358032226566, 678.6318969726535
-63.33181381225548,-627.6358032226566, 676.5358886718723
74.05450439453179,-627.6358032226566, 664.999999999999
-63.33181381225548,-627.6358032226566, 676.5358886718723
-75.94549560546821,-627.6358032226566, 664.999999999997
74.05450439453179,-627.6358032226566, 664.999999999999
74.05450439453139,-625.6358032226566, 694.999999999999
74.05450439453139,-627.6358032226566, 694.999999999999
-61.57304000854457,-627.6358032226566, 678.6318969726535
-61.331813812255525,-627.6358032226566, 679.9999999999973
-61.331813812255525,-625.6358032226566, 679.9999999999973
-61.57304000854457,-627.6358032226566, 678.6318969726535
-61.331813812255525,-625.6358032226566, 679.9999999999973
-61.57304000854457,-625.6358032226566, 678.6318969726535
-61.57304000854457,-627.6358032226566, 678.6318969726535
-61.57304000854457,-625.6358032226566, 678.6318969726535
-63.33181381225548,-627.6358032226566, 676.5358886718723
-61.331813812255525,-627.6358032226566, 679.9999999999973
-61.5730400085446,-627.6358032226566, 681.368103027341
-61.5730400085446,-625.6358032226566, 681.368103027341
-61.331813812255525,-627.6358032226566, 679.9999999999973
-61.5730400085446,-625.6358032226566, 681.368103027341
-61.331813812255525,-625.6358032226566, 679.9999999999973
-61.331813812255525,-625.6358032226566, 679.9999999999973
-61.5730400085446,-625.6358032226566, 681.368103027341
74.05450439453139,-625.6358032226566, 694.999999999999
-61.331813812255525,-625.6358032226566, 679.9999999999973
74.05450439453139,-625.6358032226566, 694.999999999999
-61.57304000854457,-625.6358032226566, 678.6318969726535
-61.5730400085446,-625.6358032226566, 681.368103027341
-61.5730400085446,-627.6358032226566, 681.368103027341
-63.33181381225557,-625.6358032226566, 683.4641113281223
-61.5730400085446,-625.6358032226566, 681.368103027341
-63.33181381225557,-625.6358032226566, 683.4641113281223
74.05450439453139,-625.6358032226566, 694.999999999999
-61.5730400085446,-627.6358032226566, 681.368103027341
-63.33181381225557,-627.6358032226566, 683.4641113281223
-63.33181381225557,-625.6358032226566, 683.4641113281223
-61.57304000854457,-625.6358032226566, 678.6318969726535
74.05450439453139,-625.6358032226566, 694.999999999999
-63.33181381225548,-625.6358032226566, 676.5358886718723
-61.57304000854457,-625.6358032226566, 678.6318969726535
-63.33181381225548,-625.6358032226566, 676.5358886718723
-63.33181381225548,-627.6358032226566, 676.5358886718723
-63.33181381225548,-627.6358032226566, 676.5358886718723
-63.33181381225548,-625.6358032226566, 676.5358886718723
-66.02640533447226,-627.6358032226566, 676.0607910156223
-63.33181381225548,-627.6358032226566, 676.5358886718723
-66.02640533447226,-627.6358032226566, 676.0607910156223
-75.94549560546821,-627.6358032226566, 664.999999999997
-63.33181381225548,-625.6358032226566, 676.5358886718723
-66.02640533447226,-625.6358032226566, 676.0607910156223
-66.02640533447226,-627.6358032226566, 676.0607910156223
-66.02640533447226,-627.6358032226566, 676.0607910156223
-66.02640533447226,-625.6358032226566, 676.0607910156223
-68.3959884643551,-627.6358032226566, 677.4288330078097
-66.02640533447226,-627.6358032226566, 676.0607910156223
-68.3959884643551,-627.6358032226566, 677.4288330078097
-75.94549560546821,-627.6358032226566, 664.999999999997
-66.02640533447226,-625.6358032226566, 676.0607910156223
-75.94549560546821,-625.6358032226566, 664.999999999997
-68.3959884643551,-625.6358032226566, 677.4288330078097
-66.02640533447226,-625.6358032226566, 676.0607910156223
-68.3959884643551,-625.6358032226566, 677.4288330078097
-68.3959884643551,-627.6358032226566, 677.4288330078097
-68.3959884643551,-627.6358032226566, 677.4288330078097
-68.3959884643551,-625.6358032226566, 677.4288330078097
-69.33180999755825,-627.6358032226566, 679.9999999999972
-68.3959884643551,-627.6358032226566, 677.4288330078097
-69.33180999755825,-627.6358032226566, 679.9999999999972
-75.94549560546821,-627.6358032226566, 664.999999999997
-68.3959884643551,-625.6358032226566, 677.4288330078097
-75.94549560546821,-625.6358032226566, 664.999999999997
-69.33180999755825,-625.6358032226566, 679.9999999999972
-68.3959884643551,-625.6358032226566, 677.4288330078097
-69.33180999755825,-625.6358032226566, 679.9999999999972
-69.33180999755825,-627.6358032226566, 679.9999999999972
-75.94549560546821,-627.6358032226566, 664.999999999997
-69.33180999755825,-627.6358032226566, 679.9999999999972
-75.94549560546861,-627.6358032226566, 694.999999999997
-75.94549560546821,-627.6358032226566, 664.999999999997
-75.94549560546861,-627.6358032226566, 694.999999999997
-75.94549560546821,-625.6358032226566, 664.999999999997
-69.33180999755825,-627.6358032226566, 679.9999999999972
-69.33180999755825,-625.6358032226566, 679.9999999999972
-68.39598846435516,-627.6358032226566, 682.5711669921847
-69.33180999755825,-627.6358032226566, 679.9999999999972
-68.39598846435516,-627.6358032226566, 682.5711669921847
-75.94549560546861,-627.6358032226566, 694.999999999997
-75.94549560546821,-625.6358032226566, 664.999999999997
-75.94549560546861,-627.6358032226566, 694.999999999997
-75.94549560546861,-625.6358032226566, 694.999999999997
-75.94549560546821,-625.6358032226566, 664.999999999997
-75.94549560546861,-625.6358032226566, 694.999999999997
-69.33180999755825,-625.6358032226566, 679.9999999999972
-69.33180999755825,-625.6358032226566, 679.9999999999972
-75.94549560546861,-625.6358032226566, 694.999999999997
-68.39598846435516,-625.6358032226566, 682.5711669921847
-69.33180999755825,-625.6358032226566, 679.9999999999972
-68.39598846435516,-625.6358032226566, 682.5711669921847
-68.39598846435516,-627.6358032226566, 682.5711669921847
-68.39598846435516,-627.6358032226566, 682.5711669921847
-68.39598846435516,-625.6358032226566, 682.5711669921847
-66.02640533447237,-627.6358032226566, 683.9392089843723
-68.39598846435516,-627.6358032226566, 682.5711669921847
-66.02640533447237,-627.6358032226566, 683.9392089843723
-75.94549560546861,-627.6358032226566, 694.999999999997
-68.39598846435516,-625.6358032226566, 682.5711669921847
-75.94549560546861,-625.6358032226566, 694.999999999997
-66.02640533447237,-625.6358032226566, 683.9392089843723
-68.39598846435516,-625.6358032226566, 682.5711669921847
-66.02640533447237,-625.6358032226566, 683.9392089843723
-66.02640533447237,-627.6358032226566, 683.9392089843723
-66.02640533447237,-627.6358032226566, 683.9392089843723
-66.02640533447237,-625.6358032226566, 683.9392089843723
-63.33181381225557,-627.6358032226566, 683.4641113281223
-66.02640533447237,-627.6358032226566, 683.9392089843723
-63.33181381225557,-627.6358032226566, 683.4641113281223
-75.94549560546861,-627.6358032226566, 694.999999999997
-66.02640533447237,-625.6358032226566, 683.9392089843723
-75.94549560546861,-625.6358032226566, 694.999999999997
-63.33181381225557,-625.6358032226566, 683.4641113281223
-66.02640533447237,-625.6358032226566, 683.9392089843723
-63.33181381225557,-625.6358032226566, 683.4641113281223
-63.33181381225557,-627.6358032226566, 683.4641113281223
-63.33181381225557,-625.6358032226566, 683.4641113281223
-75.94549560546861,-625.6358032226566, 694.999999999997
74.05450439453139,-625.6358032226566, 694.999999999999
-63.33181381225557,-627.6358032226566, 683.4641113281223
74.05450439453139,-627.6358032226566, 694.999999999999
-75.94549560546861,-627.6358032226566, 694.999999999997
-75.94549560546861,-627.6358032226566, 694.999999999997
74.05450439453139,-627.6358032226566, 694.999999999999
-75.94549560546861,-625.6358032226566, 694.999999999997
-75.94549560546861,-625.6358032226566, 694.999999999997
74.05450439453139,-627.6358032226566, 694.999999999999
74.05450439453139,-625.6358032226566, 694.999999999999
