269.5386582016945,1306.499545097351,269.5386582016945
270.0,1306.5208740234375,270.0
270.0,1306.5208740234375,270.0
270.0,1306.5208740234375,270.0
270.0,1306.5208740234375,270.0
271.36831498146057,1306.3300023078918,271.36831498146057
270.0,1306.5208740234375,270.0
269.5386582016945,1306.499545097351,269.5386582016945
269.5386582016945,1306.499545097351,269.5386582016945
269.5386582016945,1306.499545097351,269.5386582016945
267.77130818367004,1305.996690273285,267.77130818367004
269.5386582016945,1306.499545097351,269.5386582016945
267.77130818367004,1305.996690273285,267.77130818367004
266.3049554824829,1304.8893523216248,266.3049554824829
267.77130818367004,1305.996690273285,267.77130818367004
267.77130818367004,1305.996690273285,267.77130818367004
267.77130818367004,1305.996690273285,267.77130818367004
269.5386582016945,1306.499545097351,269.5386582016945
266.3049554824829,1304.8893523216248,266.3049554824829
265.33763885498047,1303.3270823955536,265.33763885498047
266.3049554824829,1304.8893523216248,266.3049554824829
266.3049554824829,1304.8893523216248,266.3049554824829
266.3049554824829,1304.8893523216248,266.3049554824829
267.77130818367004,1305.996690273285,267.77130818367004
267.77130818367004,1305.996690273285,267.77130818367004
266.3049554824829,1304.8893523216248,266.3049554824829
270.0,1301.5208740234375,270.0
267.77130818367004,1305.996690273285,267.77130818367004
270.0,1301.5208740234375,270.0
269.5386582016945,1306.499545097351,269.5386582016945
266.3049554824829,1304.8893523216248,266.3049554824829
265.33763885498047,1303.3270823955536,265.33763885498047
265.33763885498047,1303.3270823955536,265.33763885498047
266.3049554824829,1304.8893523216248,266.3049554824829
265.33763885498047,1303.3270823955536,265.33763885498047
270.0,1301.5208740234375,270.0
265.33763885498047,1303.3270823955536,265.33763885498047
265.0,1301.5208740234375,265.0
265.33763885498047,1303.3270823955536,265.33763885498047
265.33763885498047,1303.3270823955536,265.33763885498047
265.0,1301.5208740234375,265.0
265.0,1301.5208740234375,265.0
265.33763885498047,1303.3270823955536,265.33763885498047
265.0,1301.5208740234375,265.0
270.0,1301.5208740234375,270.0
265.0,1301.5208740234375,265.0
265.33763885498047,1299.7146656513214,265.33763885498047
265.0,1301.5208740234375,265.0
269.5386582016945,1306.499545097351,269.5386582016945
270.0,1301.5208740234375,270.0
270.0,1306.5208740234375,270.0
265.0,1301.5208740234375,265.0
265.33763885498047,1299.7146656513214,265.33763885498047
265.33763885498047,1299.7146656513214,265.33763885498047
265.0,1301.5208740234375,265.0
265.33763885498047,1299.7146656513214,265.33763885498047
270.0,1301.5208740234375,270.0
265.33763885498047,1299.7146656513214,265.33763885498047
266.3049554824829,1298.1523957252502,266.3049554824829
265.33763885498047,1299.7146656513214,265.33763885498047
265.33763885498047,1299.7146656513214,265.33763885498047
266.3049554824829,1298.1523957252502,266.3049554824829
266.3049554824829,1298.1523957252502,266.3049554824829
265.33763885498047,1299.7146656513214,265.33763885498047
266.3049554824829,1298.1523957252502,266.3049554824829
270.0,1301.5208740234375,270.0
266.3049554824829,1298.1523957252502,266.3049554824829
267.77130818367004,1297.04505777359,267.77130818367004
266.3049554824829,1298.1523957252502,266.3049554824829
266.3049554824829,1298.1523957252502,266.3049554824829
267.77130818367004,1297.04505777359,267.77130818367004
267.77130818367004,1297.04505777359,267.77130818367004
266.3049554824829,1298.1523957252502,266.3049554824829
267.77130818367004,1297.04505777359,267.77130818367004
270.0,1301.5208740234375,270.0
267.77130818367004,1297.04505777359,267.77130818367004
269.5386582016945,1296.542202949524,269.5386582016945
267.77130818367004,1297.04505777359,267.77130818367004
267.77130818367004,1297.04505777359,267.77130818367004
269.5386582016945,1296.542202949524,269.5386582016945
269.5386582016945,1296.542202949524,269.5386582016945
267.77130818367004,1297.04505777359,267.77130818367004
269.5386582016945,1296.542202949524,269.5386582016945
270.0,1301.5208740234375,270.0
269.5386582016945,1296.542202949524,269.5386582016945
271.36831498146057,1296.7117457389832,271.36831498146057
269.5386582016945,1296.542202949524,269.5386582016945
269.5386582016945,1296.542202949524,269.5386582016945
271.36831498146057,1296.7117457389832,271.36831498146057
271.36831498146057,1296.7117457389832,271.36831498146057
269.5386582016945,1296.542202949524,269.5386582016945
271.36831498146057,1296.7117457389832,271.36831498146057
270.0,1301.5208740234375,270.0
271.36831498146057,1296.7117457389832,271.36831498146057
273.0131731033325,1297.5307879447937,273.0131731033325
271.36831498146057,1296.7117457389832,271.36831498146057
271.36831498146057,1296.7117457389832,271.36831498146057
273.0131731033325,1297.5307879447937,273.0131731033325
273.0131731033325,1297.5307879447937,273.0131731033325
271.36831498146057,1296.7117457389832,271.36831498146057
273.0131731033325,1297.5307879447937,273.0131731033325
270.0,1301.5208740234375,270.0
273.0131731033325,1297.5307879447937,273.0131731033325
274.25108575820923,1298.8887131214142,274.25108575820923
273.0131731033325,1297.5307879447937,273.0131731033325
273.0131731033325,1297.5307879447937,273.0131731033325
274.25108575820923,1298.8887131214142,274.25108575820923
274.25108575820923,1298.8887131214142,274.25108575820923
273.0131731033325,1297.5307879447937,273.0131731033325
274.25108575820923,1298.8887131214142,274.25108575820923
270.0,1301.5208740234375,270.0
274.25108575820923,1298.8887131214142,274.25108575820923
274.9148654937744,1300.6021264195442,274.9148654937744
274.25108575820923,1298.8887131214142,274.25108575820923
274.25108575820923,1298.8887131214142,274.25108575820923
274.9148654937744,1300.6021264195442,274.9148654937744
274.9148654937744,1300.6021264195442,274.9148654937744
274.25108575820923,1298.8887131214142,274.25108575820923
274.9148654937744,1300.6021264195442,274.9148654937744
270.0,1301.5208740234375,270.0
274.9148654937744,1300.6021264195442,274.9148654937744
274.9148654937744,1302.4396216273308,274.9148654937744
274.9148654937744,1300.6021264195442,274.9148654937744
274.9148654937744,1300.6021264195442,274.9148654937744
274.9148654937744,1302.4396216273308,274.9148654937744
274.9148654937744,1302.4396216273308,274.9148654937744
274.9148654937744,1300.6021264195442,274.9148654937744
274.9148654937744,1302.4396216273308,274.9148654937744
270.0,1301.5208740234375,270.0
274.9148654937744,1302.4396216273308,274.9148654937744
274.25108575820923,1304.1530349254608,274.25108575820923
274.9148654937744,1302.4396216273308,274.9148654937744
274.9148654937744,1302.4396216273308,274.9148654937744
274.25108575820923,1304.1530349254608,274.25108575820923
274.25108575820923,1304.1530349254608,274.25108575820923
274.9148654937744,1302.4396216273308,274.9148654937744
274.25108575820923,1304.1530349254608,274.25108575820923
270.0,1301.5208740234375,270.0
274.25108575820923,1304.1530349254608,274.25108575820923
273.0131731033325,1305.5109601020813,273.0131731033325
274.25108575820923,1304.1530349254608,274.25108575820923
274.25108575820923,1304.1530349254608,274.25108575820923
273.0131731033325,1305.5109601020813,273.0131731033325
273.0131731033325,1305.5109601020813,273.0131731033325
274.25108575820923,1304.1530349254608,274.25108575820923
273.0131731033325,1305.5109601020813,273.0131731033325
270.0,1301.5208740234375,270.0
273.0131731033325,1305.5109601020813,273.0131731033325
271.36831498146057,1306.3300023078918,271.36831498146057
273.0131731033325,1305.5109601020813,273.0131731033325
273.0131731033325,1305.5109601020813,273.0131731033325
271.36831498146057,1306.3300023078918,271.36831498146057
271.36831498146057,1306.3300023078918,271.36831498146057
273.0131731033325,1305.5109601020813,273.0131731033325
271.36831498146057,1306.3300023078918,271.36831498146057
270.0,1301.5208740234375,270.0
270.0,1301.5208740234375,270.0
271.36831498146057,1306.3300023078918,271.36831498146057
270.0,1306.5208740234375,270.0
271.36831498146057,1306.3300023078918,271.36831498146057
271.36831498146057,1306.3300023078918,271.36831498146057
270.0,1306.5208740234375,270.0
269.99999999999994,1291.1285696029663,269.99999999999994
280.0,1295.7473711967468,280.0
269.99999999999994,1289.9738683700562,269.99999999999994
269.99999999999994,1289.9738683700562,269.99999999999994
280.0,1295.7473711967468,280.0
280.7320508956909,1295.324721813202,280.7320508956909
269.99999999999994,1289.9738683700562,269.99999999999994
280.7320508956909,1295.324721813202,280.7320508956909
269.9999999999999,1289.1285696029663,269.9999999999999
269.99999999999994,1289.9738683700562,269.99999999999994
269.9999999999999,1289.1285696029663,269.9999999999999
260.0,1295.7473711967468,260.0
269.99999999999994,1289.9738683700562,269.99999999999994
260.0,1295.7473711967468,260.0
261.0,1296.324721813202,261.0
269.99999999999994,1289.9738683700562,269.99999999999994
261.0,1296.324721813202,261.0
269.99999999999994,1291.1285696029663,269.99999999999994
260.0,1295.7473711967468,260.0
269.9999999999999,1289.1285696029663,269.9999999999999
259.2679491043091,1295.324721813202,259.2679491043091
260.0,1295.7473711967468,260.0
259.2679491043091,1295.324721813202,259.2679491043091
260.0,1307.2943768501282,260.0
260.0,1295.7473711967468,260.0
260.0,1307.2943768501282,260.0
261.0,1306.717026233673,261.0
260.0,1295.7473711967468,260.0
261.0,1306.717026233673,261.0
261.0,1296.324721813202,261.0
269.9999999999999,1289.1285696029663,269.9999999999999
280.7320508956909,1295.324721813202,280.7320508956909
281.0,1295.170021057129,281.0
269.9999999999999,1289.1285696029663,269.9999999999999
281.0,1295.170021057129,281.0
269.9999999999999,1288.8191680908203,269.9999999999999
269.9999999999999,1289.1285696029663,269.9999999999999
269.9999999999999,1288.8191680908203,269.9999999999999
259.2679491043091,1295.324721813202,259.2679491043091
259.2679491043091,1295.324721813202,259.2679491043091
269.9999999999999,1288.8191680908203,269.9999999999999
259.0,1295.170021057129,259.0
259.2679491043091,1295.324721813202,259.2679491043091
259.0,1295.170021057129,259.0
259.2679491043091,1307.717026233673,259.2679491043091
259.2679491043091,1295.324721813202,259.2679491043091
259.2679491043091,1307.717026233673,259.2679491043091
260.0,1307.2943768501282,260.0
269.9999999999999,1288.8191680908203,269.9999999999999
281.0,1295.170021057129,281.0
281.0,1295.170021057129,281.0
269.9999999999999,1288.8191680908203,269.9999999999999
281.0,1295.170021057129,281.0
269.9999999999999,1288.8191680908203,269.9999999999999
269.9999999999999,1288.8191680908203,269.9999999999999
269.9999999999999,1288.8191680908203,269.9999999999999
259.0,1295.170021057129,259.0
259.0,1295.170021057129,259.0
269.9999999999999,1288.8191680908203,269.9999999999999
259.0,1295.170021057129,259.0
259.0,1295.170021057129,259.0
259.0,1295.170021057129,259.0
259.0,1307.871726989746,259.0
259.0,1295.170021057129,259.0
259.0,1307.871726989746,259.0
259.2679491043091,1307.717026233673,259.2679491043091
259.2679491043091,1307.717026233673,259.2679491043091
259.0,1307.871726989746,259.0
269.9999999999999,1313.9131784439087,269.9999999999999
259.2679491043091,1307.717026233673,259.2679491043091
269.9999999999999,1313.9131784439087,269.9999999999999
269.9999999999999,1313.0678796768188,269.9999999999999
259.2679491043091,1307.717026233673,259.2679491043091
269.9999999999999,1313.0678796768188,269.9999999999999
260.0,1307.2943768501282,260.0
260.0,1307.2943768501282,260.0
269.9999999999999,1313.0678796768188,269.9999999999999
269.9999999999999,1311.9131784439087,269.9999999999999
260.0,1307.2943768501282,260.0
269.9999999999999,1311.9131784439087,269.9999999999999
261.0,1306.717026233673,261.0
269.9999999999999,1313.0678796768188,269.9999999999999
269.9999999999999,1313.9131784439087,269.9999999999999
280.0,1307.2943768501282,280.0
269.9999999999999,1313.0678796768188,269.9999999999999
280.0,1307.2943768501282,280.0
279.0,1306.717026233673,279.0
269.9999999999999,1313.0678796768188,269.9999999999999
279.0,1306.717026233673,279.0
269.9999999999999,1311.9131784439087,269.9999999999999
269.9999999999999,1313.9131784439087,269.9999999999999
259.0,1307.871726989746,259.0
269.9999999999999,1314.2225799560547,269.9999999999999
269.9999999999999,1313.9131784439087,269.9999999999999
269.9999999999999,1314.2225799560547,269.9999999999999
280.7320508956909,1307.717026233673,280.7320508956909
269.9999999999999,1313.9131784439087,269.9999999999999
280.7320508956909,1307.717026233673,280.7320508956909
280.0,1307.2943768501282,280.0
259.0,1307.871726989746,259.0
259.0,1295.170021057129,259.0
259.0,1307.871726989746,259.0
259.0,1307.871726989746,259.0
259.0,1307.871726989746,259.0
269.9999999999999,1314.2225799560547,269.9999999999999
269.9999999999999,1314.2225799560547,269.9999999999999
259.0,1307.871726989746,259.0
269.9999999999999,1314.2225799560547,269.9999999999999
269.9999999999999,1314.2225799560547,269.9999999999999
269.9999999999999,1314.2225799560547,269.9999999999999
281.0,1307.871726989746,281.0
269.9999999999999,1314.2225799560547,269.9999999999999
281.0,1307.871726989746,281.0
280.7320508956909,1307.717026233673,280.7320508956909
280.7320508956909,1307.717026233673,280.7320508956909
281.0,1307.871726989746,281.0
280.7320508956909,1295.324721813202,280.7320508956909
280.7320508956909,1307.717026233673,280.7320508956909
280.7320508956909,1295.324721813202,280.7320508956909
280.0,1295.7473711967468,280.0
280.7320508956909,1307.717026233673,280.7320508956909
280.0,1295.7473711967468,280.0
280.0,1307.2943768501282,280.0
280.7320508956909,1295.324721813202,280.7320508956909
281.0,1307.871726989746,281.0
281.0,1295.170021057129,281.0
281.0,1307.871726989746,281.0
269.9999999999999,1314.2225799560547,269.9999999999999
281.0,1307.871726989746,281.0
281.0,1307.871726989746,281.0
281.0,1307.871726989746,281.0
281.0,1295.170021057129,281.0
281.0,1295.170021057129,281.0
281.0,1307.871726989746,281.0
281.0,1295.170021057129,281.0
280.0,1307.2943768501282,280.0
280.0,1295.7473711967468,280.0
279.0,1296.324721813202,279.0
280.0,1307.2943768501282,280.0
279.0,1296.324721813202,279.0
279.0,1306.717026233673,279.0
280.0,1295.7473711967468,280.0
269.99999999999994,1291.1285696029663,269.99999999999994
279.0,1296.324721813202,279.0
281.0,1307.871726989746,281.0
269.9999999999999,1314.2225799560547,269.9999999999999
271.7730244398117,1306.1959552764893,271.7730244398117
281.0,1307.871726989746,281.0
271.7730244398117,1306.1959552764893,271.7730244398117
273.7425537109375,1304.8364872932434,273.7425537109375
281.0,1307.871726989746,281.0
273.7425537109375,1304.8364872932434,273.7425537109375
274.854709148407,1302.717452287674,274.854709148407
281.0,1307.871726989746,281.0
274.854709148407,1302.717452287674,274.854709148407
281.0,1295.170021057129,281.0
274.854709148407,1302.717452287674,274.854709148407
274.854709148407,1300.324295759201,274.854709148407
281.0,1295.170021057129,281.0
274.854709148407,1300.324295759201,274.854709148407
273.7425537109375,1298.2052607536316,273.7425537109375
281.0,1295.170021057129,281.0
271.7730244398117,1306.1959552764893,271.7730244398117
269.9999999999999,1314.2225799560547,269.9999999999999
269.39731657505035,1306.4844183921814,269.39731657505035
269.39731657505035,1306.4844183921814,269.39731657505035
269.9999999999999,1314.2225799560547,269.9999999999999
267.15967631340027,1305.635793209076,267.15967631340027
269.9999999999999,1314.2225799560547,269.9999999999999
259.0,1307.871726989746,259.0
267.15967631340027,1305.635793209076,267.15967631340027
267.15967631340027,1305.635793209076,267.15967631340027
259.0,1307.871726989746,259.0
265.57272005081177,1303.844489812851,265.57272005081177
265.57272005081177,1303.844489812851,265.57272005081177
259.0,1307.871726989746,259.0
265.0,1301.5208740234375,265.0
259.0,1307.871726989746,259.0
259.0,1295.170021057129,259.0
265.0,1301.5208740234375,265.0
265.0,1301.5208740234375,265.0
259.0,1295.170021057129,259.0
265.57272005081177,1299.197258234024,265.57272005081177
265.57272005081177,1299.197258234024,265.57272005081177
259.0,1295.170021057129,259.0
267.15967631340027,1297.405954837799,267.15967631340027
267.15967631340027,1297.405954837799,267.15967631340027
259.0,1295.170021057129,259.0
269.39731657505035,1296.5573296546936,269.39731657505035
259.0,1295.170021057129,259.0
269.9999999999999,1288.8191680908203,269.9999999999999
269.39731657505035,1296.5573296546936,269.39731657505035
269.39731657505035,1296.5573296546936,269.39731657505035
269.9999999999999,1288.8191680908203,269.9999999999999
271.7730244398117,1296.8457927703857,271.7730244398117
271.7730244398117,1296.8457927703857,271.7730244398117
269.9999999999999,1288.8191680908203,269.9999999999999
273.7425537109375,1298.2052607536316,273.7425537109375
273.7425537109375,1298.2052607536316,273.7425537109375
269.9999999999999,1288.8191680908203,269.9999999999999
281.0,1295.170021057129,281.0
279.0,1306.717026233673,279.0
279.0,1296.324721813202,279.0
276.0,1301.5208740234375,276.0
279.0,1306.717026233673,279.0
276.0,1301.5208740234375,276.0
275.4058132171631,1304.1241765022278,275.4058132171631
279.0,1306.717026233673,279.0
275.4058132171631,1304.1241765022278,275.4058132171631
273.74093890190125,1306.211863040924,273.74093890190125
279.0,1306.717026233673,279.0
273.74093890190125,1306.211863040924,273.74093890190125
269.9999999999999,1311.9131784439087,269.9999999999999
269.9999999999999,1311.9131784439087,269.9999999999999
273.74093890190125,1306.211863040924,273.74093890190125
271.33512556552887,1307.3704414367676,271.33512556552887
269.9999999999999,1311.9131784439087,269.9999999999999
271.33512556552887,1307.3704414367676,271.33512556552887
268.66487443447113,1307.3704414367676,268.66487443447113
269.9999999999999,1311.9131784439087,269.9999999999999
268.66487443447113,1307.3704414367676,268.66487443447113
261.0,1306.717026233673,261.0
271.33512556552887,1307.3704414367676,271.33512556552887
273.74093890190125,1306.211863040924,273.74093890190125
272.0594062805176,1305.0738871097565,272.0594062805176
271.33512556552887,1307.3704414367676,271.33512556552887
272.0594062805176,1305.0738871097565,272.0594062805176
270.9345878958702,1305.6155710220337,270.9345878958702
271.33512556552887,1307.3704414367676,271.33512556552887
270.9345878958702,1305.6155710220337,270.9345878958702
270.0,1305.6155710220337,270.0
271.33512556552887,1307.3704414367676,271.33512556552887
270.0,1305.6155710220337,270.0
268.66487443447113,1307.3704414367676,268.66487443447113
270.9345878958702,1305.6155710220337,270.9345878958702
272.0594062805176,1305.0738871097565,272.0594062805176
271.25957787036896,1305.5275511741638,271.25957787036896
270.9345878958702,1305.6155710220337,270.9345878958702
271.25957787036896,1305.5275511741638,271.25957787036896
270.43412044644356,1305.69837808609,270.43412044644356
270.9345878958702,1305.6155710220337,270.9345878958702
270.43412044644356,1305.69837808609,270.43412044644356
270.0,1305.6155710220337,270.0
271.25957787036896,1305.5275511741638,271.25957787036896
272.0594062805176,1305.0738871097565,272.0594062805176
271.9151110649109,1305.2588346004486,271.9151110649109
271.25957787036896,1305.5275511741638,271.25957787036896
271.9151110649109,1305.2588346004486,271.9151110649109
271.9151110649109,1305.7708740234375,271.9151110649109
271.25957787036896,1305.5275511741638,271.25957787036896
271.9151110649109,1305.7708740234375,271.9151110649109
270.43412044644356,1305.69837808609,270.43412044644356
271.9151110649109,1305.2588346004486,271.9151110649109
272.0594062805176,1305.0738871097565,272.0594062805176
272.09552216529846,1305.1506459712982,272.09552216529846
271.9151110649109,1305.2588346004486,271.9151110649109
272.09552216529846,1305.1506459712982,272.09552216529846
271.9151110649109,1305.7708740234375,271.9151110649109
272.09552216529846,1305.1506459712982,272.09552216529846
272.0594062805176,1305.0738871097565,272.0594062805176
272.3953423500061,1304.9708502292633,272.3953423500061
272.09552216529846,1305.1506459712982,272.09552216529846
272.3953423500061,1304.9708502292633,272.3953423500061
272.5,1305.7708740234375,272.5
272.09552216529846,1305.1506459712982,272.09552216529846
272.5,1305.7708740234375,272.5
271.9151110649109,1305.7708740234375,271.9151110649109
272.0594062805176,1305.0738871097565,272.0594062805176
273.74093890190125,1306.211863040924,273.74093890190125
272.6186571121216,1304.8045661449432,272.6186571121216
272.0594062805176,1305.0738871097565,272.0594062805176
272.6186571121216,1304.8045661449432,272.6186571121216
272.3953423500061,1304.9708502292633,272.3953423500061
272.6186571121216,1304.8045661449432,272.6186571121216
273.74093890190125,1306.211863040924,273.74093890190125
273.59165382385254,1303.5844671726227,273.59165382385254
272.6186571121216,1304.8045661449432,272.6186571121216
273.59165382385254,1303.5844671726227,273.59165382385254
272.3953423500061,1304.9708502292633,272.3953423500061
273.74093890190125,1306.211863040924,273.74093890190125
275.4058132171631,1304.1241765022278,275.4058132171631
273.59165382385254,1303.5844671726227,273.59165382385254
272.3953423500061,1304.9708502292633,272.3953423500061
273.59165382385254,1303.5844671726227,273.59165382385254
272.5,1304.8957815170288,272.5
272.3953423500061,1304.9708502292633,272.3953423500061
272.5,1304.8957815170288,272.5
272.5,1305.7708740234375,272.5
272.5,1304.8957815170288,272.5
273.59165382385254,1303.5844671726227,273.59165382385254
272.395201921463,1304.9709475040436,272.395201921463
272.5,1304.8957815170288,272.5
272.395201921463,1304.9709475040436,272.395201921463
272.5,1305.7708740234375,272.5
273.59165382385254,1303.5844671726227,273.59165382385254
275.4058132171631,1304.1241765022278,275.4058132171631
273.7840692996979,1303.3431857824326,273.7840692996979
273.59165382385254,1303.5844671726227,273.59165382385254
273.7840692996979,1303.3431857824326,273.7840692996979
273.63730669021606,1303.62087392807,273.63730669021606
273.59165382385254,1303.5844671726227,273.59165382385254
273.63730669021606,1303.62087392807,273.63730669021606
272.395201921463,1304.9709475040436,272.395201921463
275.4058132171631,1304.1241765022278,275.4058132171631
276.0,1301.5208740234375,276.0
274.19999980926514,1301.5208740234375,274.19999980926514
275.4058132171631,1304.1241765022278,275.4058132171631
274.19999980926514,1301.5208740234375,274.19999980926514
273.7840692996979,1303.3431857824326,273.7840692996979
273.7840692996979,1303.3431857824326,273.7840692996979
274.19999980926514,1301.5208740234375,274.19999980926514
274.19999980926514,1301.5208740234375,274.19999980926514
273.7840692996979,1303.3431857824326,273.7840692996979
274.19999980926514,1301.5208740234375,274.19999980926514
273.63730669021606,1303.62087392807,273.63730669021606
274.19999980926514,1301.5208740234375,274.19999980926514
276.0,1301.5208740234375,276.0
273.7840692996979,1299.6985622644424,273.7840692996979
274.19999980926514,1301.5208740234375,274.19999980926514
273.7840692996979,1299.6985622644424,273.7840692996979
274.19999980926514,1301.5208740234375,274.19999980926514
276.0,1301.5208740234375,276.0
279.0,1296.324721813202,279.0
275.4058132171631,1298.9175715446472,275.4058132171631
276.0,1301.5208740234375,276.0
275.4058132171631,1298.9175715446472,275.4058132171631
273.7840692996979,1299.6985622644424,273.7840692996979
275.4058132171631,1298.9175715446472,275.4058132171631
279.0,1296.324721813202,279.0
273.74093890190125,1296.829885005951,273.74093890190125
275.4058132171631,1298.9175715446472,275.4058132171631
273.74093890190125,1296.829885005951,273.74093890190125
273.59165382385254,1299.4572808742523,273.59165382385254
275.4058132171631,1298.9175715446472,275.4058132171631
273.59165382385254,1299.4572808742523,273.59165382385254
273.7840692996979,1299.6985622644424,273.7840692996979
273.7840692996979,1299.6985622644424,273.7840692996979
273.59165382385254,1299.4572808742523,273.59165382385254
273.63730669021606,1299.420874118805,273.63730669021606
273.7840692996979,1299.6985622644424,273.7840692996979
273.63730669021606,1299.420874118805,273.63730669021606
274.19999980926514,1301.5208740234375,274.19999980926514
274.19999980926514,1301.5208740234375,274.19999980926514
273.63730669021606,1299.420874118805,273.63730669021606
270.0,1301.5208740234375,270.0
274.19999980926514,1301.5208740234375,274.19999980926514
270.0,1301.5208740234375,270.0
273.63730669021606,1303.62087392807,273.63730669021606
279.0,1296.324721813202,279.0
269.99999999999994,1291.1285696029663,269.99999999999994
271.33512556552887,1295.6713066101074,271.33512556552887
279.0,1296.324721813202,279.0
271.33512556552887,1295.6713066101074,271.33512556552887
273.74093890190125,1296.829885005951,273.74093890190125
273.74093890190125,1296.829885005951,273.74093890190125
271.33512556552887,1295.6713066101074,271.33512556552887
272.0594062805176,1297.9678609371185,272.0594062805176
273.74093890190125,1296.829885005951,273.74093890190125
272.0594062805176,1297.9678609371185,272.0594062805176
272.6186571121216,1298.2371819019318,272.6186571121216
273.74093890190125,1296.829885005951,273.74093890190125
272.6186571121216,1298.2371819019318,272.6186571121216
273.59165382385254,1299.4572808742523,273.59165382385254
272.6186571121216,1298.2371819019318,272.6186571121216
272.0594062805176,1297.9678609371185,272.0594062805176
272.09999990463257,1297.8835673332214,272.09999990463257
272.6186571121216,1298.2371819019318,272.6186571121216
272.09999990463257,1297.8835673332214,272.09999990463257
272.395201921463,1298.0708005428314,272.395201921463
272.6186571121216,1298.2371819019318,272.6186571121216
272.395201921463,1298.0708005428314,272.395201921463
273.59165382385254,1299.4572808742523,273.59165382385254
273.59165382385254,1299.4572808742523,273.59165382385254
272.395201921463,1298.0708005428314,272.395201921463
272.5,1298.1459665298462,272.5
273.59165382385254,1299.4572808742523,273.59165382385254
272.5,1298.1459665298462,272.5
273.63730669021606,1299.420874118805,273.63730669021606
272.5,1298.1459665298462,272.5
272.395201921463,1298.0708005428314,272.395201921463
272.5,1297.2708740234375,272.5
272.5,1298.1459665298462,272.5
272.5,1297.2708740234375,272.5
272.3953423500061,1298.0708978176117,272.3953423500061
272.5,1298.1459665298462,272.5
272.3953423500061,1298.0708978176117,272.3953423500061
273.63730669021606,1299.420874118805,273.63730669021606
272.395201921463,1298.0708005428314,272.395201921463
272.09999990463257,1297.8835673332214,272.09999990463257
271.9151110649109,1297.2708740234375,271.9151110649109
272.395201921463,1298.0708005428314,272.395201921463
271.9151110649109,1297.2708740234375,271.9151110649109
272.5,1297.2708740234375,272.5
272.09999990463257,1297.8835673332214,272.09999990463257
272.0594062805176,1297.9678609371185,272.0594062805176
271.87812197208405,1297.7860326766968,271.87812197208405
272.09999990463257,1297.8835673332214,272.09999990463257
271.87812197208405,1297.7860326766968,271.87812197208405
271.9151110649109,1297.2708740234375,271.9151110649109
271.87812197208405,1297.7860326766968,271.87812197208405
272.0594062805176,1297.9678609371185,272.0594062805176
271.2601157426834,1297.5143656730652,271.2601157426834
271.87812197208405,1297.7860326766968,271.87812197208405
271.2601157426834,1297.5143656730652,271.2601157426834
271.9151110649109,1297.2708740234375,271.9151110649109
273.63730669021606,1299.420874118805,273.63730669021606
272.3953423500061,1298.0708978176117,272.3953423500061
272.09999990463257,1297.8835673332214,272.09999990463257
273.63730669021606,1299.420874118805,273.63730669021606
272.09999990463257,1297.8835673332214,272.09999990463257
270.0,1301.5208740234375,270.0
272.3953423500061,1298.0708978176117,272.3953423500061
272.5,1297.2708740234375,272.5
272.09552216529846,1297.8911020755768,272.09552216529846
272.3953423500061,1298.0708978176117,272.3953423500061
272.09552216529846,1297.8911020755768,272.09552216529846
272.09999990463257,1297.8835673332214,272.09999990463257
272.09552216529846,1297.8911020755768,272.09552216529846
272.5,1297.2708740234375,272.5
271.9151110649109,1297.2708740234375,271.9151110649109
272.09552216529846,1297.8911020755768,272.09552216529846
271.9151110649109,1297.2708740234375,271.9151110649109
271.9151110649109,1297.7829134464264,271.9151110649109
272.09552216529846,1297.8911020755768,272.09552216529846
271.9151110649109,1297.7829134464264,271.9151110649109
272.09999990463257,1297.8835673332214,272.09999990463257
271.9151110649109,1297.7829134464264,271.9151110649109
271.9151110649109,1297.2708740234375,271.9151110649109
271.25957787036896,1297.5141968727112,271.25957787036896
271.9151110649109,1297.7829134464264,271.9151110649109
271.25957787036896,1297.5141968727112,271.25957787036896
272.09999990463257,1297.8835673332214,272.09999990463257
271.25957787036896,1297.5141968727112,271.25957787036896
271.9151110649109,1297.2708740234375,271.9151110649109
270.43412044644356,1297.343369960785,270.43412044644356
271.25957787036896,1297.5141968727112,271.25957787036896
270.43412044644356,1297.343369960785,270.43412044644356
272.09999990463257,1297.8835673332214,272.09999990463257
272.09999990463257,1297.8835673332214,272.09999990463257
270.43412044644356,1297.343369960785,270.43412044644356
270.0,1297.3208742141724,270.0
272.09999990463257,1297.8835673332214,272.09999990463257
270.0,1297.3208742141724,270.0
270.0,1301.5208740234375,270.0
272.5,1297.2708740234375,272.5
271.9151110649109,1297.2708740234375,271.9151110649109
270.0,1297.2708740234375,270.0
272.5,1297.2708740234375,272.5
270.0,1297.2708740234375,270.0
271.9151110649109,1297.2708740234375,271.9151110649109
271.9151110649109,1297.2708740234375,271.9151110649109
270.0,1297.2708740234375,270.0
270.43412044644356,1297.2708740234375,270.43412044644356
271.9151110649109,1297.2708740234375,271.9151110649109
270.43412044644356,1297.2708740234375,270.43412044644356
270.43412044644356,1297.343369960785,270.43412044644356
270.43412044644356,1297.343369960785,270.43412044644356
270.43412044644356,1297.2708740234375,270.43412044644356
270.0,1297.3208742141724,270.0
270.43412044644356,1297.343369960785,270.43412044644356
270.0,1297.3208742141724,270.0
270.0,1297.3208742141724,270.0
270.43412044644356,1297.2708740234375,270.43412044644356
270.0,1297.2708740234375,270.0
270.0,1297.2708740234375,270.0
270.43412044644356,1297.2708740234375,270.43412044644356
270.0,1297.2708740234375,270.0
270.0,1297.3208742141724,270.0
270.0,1297.3208742141724,270.0
270.0,1297.3208742141724,270.0
267.90000009536743,1297.8835673332214,267.90000009536743
270.0,1297.3208742141724,270.0
267.90000009536743,1297.8835673332214,267.90000009536743
270.0,1301.5208740234375,270.0
270.0,1297.3208742141724,270.0
270.0,1297.2708740234375,270.0
269.3472892045975,1297.3719019889832,269.3472892045975
270.0,1297.3208742141724,270.0
269.3472892045975,1297.3719019889832,269.3472892045975
267.90000009536743,1297.8835673332214,267.90000009536743
270.0,1297.2708740234375,270.0
270.0,1297.2708740234375,270.0
268.75,1297.2708740234375,268.75
270.0,1297.2708740234375,270.0
268.75,1297.2708740234375,268.75
269.3472892045975,1297.3719019889832,269.3472892045975
269.3472892045975,1297.3719019889832,269.3472892045975
268.75,1297.2708740234375,268.75
268.75,1297.5111980438232,268.75
269.3472892045975,1297.3719019889832,269.3472892045975
268.75,1297.5111980438232,268.75
267.90000009536743,1297.8835673332214,267.90000009536743
268.75,1297.5111980438232,268.75
268.75,1297.2708740234375,268.75
267.90000009536743,1297.8835673332214,267.90000009536743
268.75,1297.5111980438232,268.75
267.90000009536743,1297.8835673332214,267.90000009536743
267.90000009536743,1297.8835673332214,267.90000009536743
268.75,1297.2708740234375,268.75
270.0,1297.2708740234375,270.0
267.6507685184479,1297.2708740234375,267.6507685184479
268.75,1297.2708740234375,268.75
267.6507685184479,1297.2708740234375,267.6507685184479
267.90000009536743,1297.8835673332214,267.90000009536743
267.90000009536743,1297.8835673332214,267.90000009536743
267.90000009536743,1297.8835673332214,267.90000009536743
266.36269330978394,1299.420874118805,266.36269330978394
267.90000009536743,1297.8835673332214,267.90000009536743
266.36269330978394,1299.420874118805,266.36269330978394
270.0,1301.5208740234375,270.0
267.90000009536743,1297.8835673332214,267.90000009536743
267.6507685184479,1297.2708740234375,267.6507685184479
267.6507685184479,1298.039335489273,267.6507685184479
267.90000009536743,1297.8835673332214,267.90000009536743
267.6507685184479,1298.039335489273,267.6507685184479
266.36269330978394,1299.420874118805,266.36269330978394
267.6507685184479,1298.039335489273,267.6507685184479
267.6507685184479,1297.2708740234375,267.6507685184479
267.5,1298.1459665298462,267.5
267.6507685184479,1298.039335489273,267.6507685184479
267.5,1298.1459665298462,267.5
266.36269330978394,1299.420874118805,266.36269330978394
271.9151110649109,1297.2708740234375,271.9151110649109
271.2601157426834,1297.5143656730652,271.2601157426834
270.43412044644356,1297.2708740234375,270.43412044644356
271.9151110649109,1297.2708740234375,271.9151110649109
270.43412044644356,1297.2708740234375,270.43412044644356
270.0,1297.2708740234375,270.0
271.2601157426834,1297.5143656730652,271.2601157426834
272.0594062805176,1297.9678609371185,272.0594062805176
270.43412044644356,1297.343369960785,270.43412044644356
271.2601157426834,1297.5143656730652,271.2601157426834
270.43412044644356,1297.343369960785,270.43412044644356
270.43412044644356,1297.2708740234375,270.43412044644356
272.0594062805176,1297.9678609371185,272.0594062805176
271.33512556552887,1295.6713066101074,271.33512556552887
270.9345878958702,1297.4261770248413,270.9345878958702
272.0594062805176,1297.9678609371185,272.0594062805176
270.9345878958702,1297.4261770248413,270.9345878958702
270.43412044644356,1297.343369960785,270.43412044644356
270.43412044644356,1297.343369960785,270.43412044644356
270.9345878958702,1297.4261770248413,270.9345878958702
270.00088569236686,1297.3547158241272,270.00088569236686
270.43412044644356,1297.343369960785,270.43412044644356
270.00088569236686,1297.3547158241272,270.00088569236686
270.43412044644356,1297.2708740234375,270.43412044644356
270.9345878958702,1297.4261770248413,270.9345878958702
271.33512556552887,1295.6713066101074,271.33512556552887
270.0,1297.4261770248413,270.0
270.9345878958702,1297.4261770248413,270.9345878958702
270.0,1297.4261770248413,270.0
270.00088569236686,1297.3547158241272,270.00088569236686
270.43412044644356,1297.2708740234375,270.43412044644356
270.00088569236686,1297.3547158241272,270.00088569236686
268.75,1297.2708740234375,268.75
270.43412044644356,1297.2708740234375,270.43412044644356
268.75,1297.2708740234375,268.75
270.0,1297.2708740234375,270.0
270.00088569236686,1297.3547158241272,270.00088569236686
270.0,1297.4261770248413,270.0
269.3478164076805,1297.3718190193176,269.3478164076805
270.00088569236686,1297.3547158241272,270.00088569236686
269.3478164076805,1297.3718190193176,269.3478164076805
268.75,1297.2708740234375,268.75
270.0,1297.2708740234375,270.0
268.75,1297.2708740234375,268.75
267.6507685184479,1297.2708740234375,267.6507685184479
270.0,1297.2708740234375,270.0
267.6507685184479,1297.2708740234375,267.6507685184479
267.6507685184479,1297.2708740234375,267.6507685184479
267.6507685184479,1297.2708740234375,267.6507685184479
267.6507685184479,1297.2708740234375,267.6507685184479
267.6507685184479,1298.039335489273,267.6507685184479
267.6507685184479,1297.2708740234375,267.6507685184479
267.6507685184479,1298.039335489273,267.6507685184479
267.5,1298.1459665298462,267.5
267.6507685184479,1297.2708740234375,267.6507685184479
268.75,1297.2708740234375,268.75
267.90000009536743,1297.8835673332214,267.90000009536743
267.6507685184479,1297.2708740234375,267.6507685184479
267.90000009536743,1297.8835673332214,267.90000009536743
267.6507685184479,1298.039335489273,267.6507685184479
268.75,1297.2708740234375,268.75
269.3478164076805,1297.3718190193176,269.3478164076805
268.75,1297.5111980438232,268.75
268.75,1297.2708740234375,268.75
268.75,1297.5111980438232,268.75
267.90000009536743,1297.8835673332214,267.90000009536743
267.90000009536743,1297.8835673332214,267.90000009536743
268.75,1297.5111980438232,268.75
267.9405937194824,1297.9678609371185,267.9405937194824
267.90000009536743,1297.8835673332214,267.90000009536743
267.9405937194824,1297.9678609371185,267.9405937194824
267.6507685184479,1298.039335489273,267.6507685184479
268.75,1297.5111980438232,268.75
269.3478164076805,1297.3718190193176,269.3478164076805
269.0654121041298,1297.4261770248413,269.0654121041298
268.75,1297.5111980438232,268.75
269.0654121041298,1297.4261770248413,269.0654121041298
267.9405937194824,1297.9678609371185,267.9405937194824
269.3478164076805,1297.3718190193176,269.3478164076805
270.0,1297.4261770248413,270.0
269.0654121041298,1297.4261770248413,269.0654121041298
269.0654121041298,1297.4261770248413,269.0654121041298
270.0,1297.4261770248413,270.0
268.66487443447113,1295.6713066101074,268.66487443447113
269.0654121041298,1297.4261770248413,269.0654121041298
268.66487443447113,1295.6713066101074,268.66487443447113
267.9405937194824,1297.9678609371185,267.9405937194824
270.0,1297.4261770248413,270.0
271.33512556552887,1295.6713066101074,271.33512556552887
268.66487443447113,1295.6713066101074,268.66487443447113
271.33512556552887,1295.6713066101074,271.33512556552887
269.99999999999994,1291.1285696029663,269.99999999999994
268.66487443447113,1295.6713066101074,268.66487443447113
268.66487443447113,1295.6713066101074,268.66487443447113
269.99999999999994,1291.1285696029663,269.99999999999994
266.25906109809875,1296.829885005951,266.25906109809875
268.66487443447113,1295.6713066101074,268.66487443447113
266.25906109809875,1296.829885005951,266.25906109809875
267.9405937194824,1297.9678609371185,267.9405937194824
269.99999999999994,1291.1285696029663,269.99999999999994
261.0,1296.324721813202,261.0
266.25906109809875,1296.829885005951,266.25906109809875
267.9405937194824,1297.9678609371185,267.9405937194824
266.25906109809875,1296.829885005951,266.25906109809875
267.3813428878784,1298.2371819019318,267.3813428878784
267.9405937194824,1297.9678609371185,267.9405937194824
267.3813428878784,1298.2371819019318,267.3813428878784
267.6507685184479,1298.039335489273,267.6507685184479
267.3813428878784,1298.2371819019318,267.3813428878784
266.25906109809875,1296.829885005951,266.25906109809875
266.40834617614746,1299.4572808742523,266.40834617614746
267.3813428878784,1298.2371819019318,267.3813428878784
266.40834617614746,1299.4572808742523,266.40834617614746
267.6507685184479,1298.039335489273,267.6507685184479
267.6507685184479,1298.039335489273,267.6507685184479
266.40834617614746,1299.4572808742523,266.40834617614746
267.5,1298.1459665298462,267.5
267.5,1298.1459665298462,267.5
266.40834617614746,1299.4572808742523,266.40834617614746
266.36269330978394,1299.420874118805,266.36269330978394
266.25906109809875,1296.829885005951,266.25906109809875
261.0,1296.324721813202,261.0
264.5941867828369,1298.9175715446472,264.5941867828369
266.25906109809875,1296.829885005951,266.25906109809875
264.5941867828369,1298.9175715446472,264.5941867828369
266.40834617614746,1299.4572808742523,266.40834617614746
266.40834617614746,1299.4572808742523,266.40834617614746
264.5941867828369,1298.9175715446472,264.5941867828369
266.2159307003021,1299.6985622644424,266.2159307003021
266.40834617614746,1299.4572808742523,266.40834617614746
266.2159307003021,1299.6985622644424,266.2159307003021
266.36269330978394,1299.420874118805,266.36269330978394
266.36269330978394,1299.420874118805,266.36269330978394
266.2159307003021,1299.6985622644424,266.2159307003021
265.80000019073486,1301.5208740234375,265.80000019073486
266.36269330978394,1299.420874118805,266.36269330978394
265.80000019073486,1301.5208740234375,265.80000019073486
270.0,1301.5208740234375,270.0
266.2159307003021,1299.6985622644424,266.2159307003021
264.5941867828369,1298.9175715446472,264.5941867828369
265.80000019073486,1301.5208740234375,265.80000019073486
266.2159307003021,1299.6985622644424,266.2159307003021
265.80000019073486,1301.5208740234375,265.80000019073486
265.80000019073486,1301.5208740234375,265.80000019073486
264.5941867828369,1298.9175715446472,264.5941867828369
261.0,1296.324721813202,261.0
264.0,1301.5208740234375,264.0
264.5941867828369,1298.9175715446472,264.5941867828369
264.0,1301.5208740234375,264.0
265.80000019073486,1301.5208740234375,265.80000019073486
261.0,1296.324721813202,261.0
261.0,1306.717026233673,261.0
264.0,1301.5208740234375,264.0
265.80000019073486,1301.5208740234375,265.80000019073486
264.0,1301.5208740234375,264.0
266.2159307003021,1303.3431857824326,266.2159307003021
265.80000019073486,1301.5208740234375,265.80000019073486
266.2159307003021,1303.3431857824326,266.2159307003021
265.80000019073486,1301.5208740234375,265.80000019073486
264.0,1301.5208740234375,264.0
261.0,1306.717026233673,261.0
264.5941867828369,1304.1241765022278,264.5941867828369
264.0,1301.5208740234375,264.0
264.5941867828369,1304.1241765022278,264.5941867828369
266.2159307003021,1303.3431857824326,266.2159307003021
265.80000019073486,1301.5208740234375,265.80000019073486
266.2159307003021,1303.3431857824326,266.2159307003021
266.36269330978394,1303.62087392807,266.36269330978394
265.80000019073486,1301.5208740234375,265.80000019073486
266.36269330978394,1303.62087392807,266.36269330978394
270.0,1301.5208740234375,270.0
266.2159307003021,1303.3431857824326,266.2159307003021
264.5941867828369,1304.1241765022278,264.5941867828369
266.40834617614746,1303.5844671726227,266.40834617614746
266.2159307003021,1303.3431857824326,266.2159307003021
266.40834617614746,1303.5844671726227,266.40834617614746
266.36269330978394,1303.62087392807,266.36269330978394
264.5941867828369,1304.1241765022278,264.5941867828369
261.0,1306.717026233673,261.0
266.25906109809875,1306.211863040924,266.25906109809875
264.5941867828369,1304.1241765022278,264.5941867828369
266.25906109809875,1306.211863040924,266.25906109809875
266.40834617614746,1303.5844671726227,266.40834617614746
261.0,1306.717026233673,261.0
268.66487443447113,1307.3704414367676,268.66487443447113
266.25906109809875,1306.211863040924,266.25906109809875
266.25906109809875,1306.211863040924,266.25906109809875
268.66487443447113,1307.3704414367676,268.66487443447113
267.9405937194824,1305.0738871097565,267.9405937194824
266.25906109809875,1306.211863040924,266.25906109809875
267.9405937194824,1305.0738871097565,267.9405937194824
267.3813428878784,1304.8045661449432,267.3813428878784
266.25906109809875,1306.211863040924,266.25906109809875
267.3813428878784,1304.8045661449432,267.3813428878784
266.40834617614746,1303.5844671726227,266.40834617614746
268.66487443447113,1307.3704414367676,268.66487443447113
270.0,1305.6155710220337,270.0
269.0654121041298,1305.6155710220337,269.0654121041298
268.66487443447113,1307.3704414367676,268.66487443447113
269.0654121041298,1305.6155710220337,269.0654121041298
267.9405937194824,1305.0738871097565,267.9405937194824
270.0,1305.6155710220337,270.0
270.43412044644356,1305.69837808609,270.43412044644356
270.0,1305.7208738327026,270.0
270.0,1305.6155710220337,270.0
270.0,1305.7208738327026,270.0
269.0654121041298,1305.6155710220337,269.0654121041298
269.0654121041298,1305.6155710220337,269.0654121041298
270.0,1305.7208738327026,270.0
269.3472892045975,1305.6698460578918,269.3472892045975
269.0654121041298,1305.6155710220337,269.0654121041298
269.3472892045975,1305.6698460578918,269.3472892045975
267.9405937194824,1305.0738871097565,267.9405937194824
270.43412044644356,1305.69837808609,270.43412044644356
271.9151110649109,1305.7708740234375,271.9151110649109
270.43412044644356,1305.7708740234375,270.43412044644356
270.43412044644356,1305.69837808609,270.43412044644356
270.43412044644356,1305.7708740234375,270.43412044644356
270.0,1305.7208738327026,270.0
270.0,1305.7208738327026,270.0
270.43412044644356,1305.7708740234375,270.43412044644356
268.75,1305.7708740234375,268.75
270.0,1305.7208738327026,270.0
268.75,1305.7708740234375,268.75
269.3472892045975,1305.6698460578918,269.3472892045975
270.43412044644356,1305.7708740234375,270.43412044644356
271.9151110649109,1305.7708740234375,271.9151110649109
270.0,1305.7708740234375,270.0
270.43412044644356,1305.7708740234375,270.43412044644356
270.0,1305.7708740234375,270.0
268.75,1305.7708740234375,268.75
271.9151110649109,1305.7708740234375,271.9151110649109
272.5,1305.7708740234375,272.5
270.0,1305.7708740234375,270.0
269.3472892045975,1305.6698460578918,269.3472892045975
268.75,1305.7708740234375,268.75
268.75,1305.5305500030518,268.75
269.3472892045975,1305.6698460578918,269.3472892045975
268.75,1305.5305500030518,268.75
267.9405937194824,1305.0738871097565,267.9405937194824
268.75,1305.5305500030518,268.75
268.75,1305.7708740234375,268.75
267.90000009536743,1305.1581807136536,267.90000009536743
268.75,1305.5305500030518,268.75
267.90000009536743,1305.1581807136536,267.90000009536743
267.9405937194824,1305.0738871097565,267.9405937194824
267.9405937194824,1305.0738871097565,267.9405937194824
267.90000009536743,1305.1581807136536,267.90000009536743
267.3813428878784,1304.8045661449432,267.3813428878784
268.75,1305.7708740234375,268.75
270.0,1305.7708740234375,270.0
267.6507685184479,1305.7708740234375,267.6507685184479
268.75,1305.7708740234375,268.75
267.6507685184479,1305.7708740234375,267.6507685184479
267.90000009536743,1305.1581807136536,267.90000009536743
267.90000009536743,1305.1581807136536,267.90000009536743
267.6507685184479,1305.7708740234375,267.6507685184479
267.6507685184479,1305.002412557602,267.6507685184479
267.90000009536743,1305.1581807136536,267.90000009536743
267.6507685184479,1305.002412557602,267.6507685184479
267.3813428878784,1304.8045661449432,267.3813428878784
267.3813428878784,1304.8045661449432,267.3813428878784
267.6507685184479,1305.002412557602,267.6507685184479
266.40834617614746,1303.5844671726227,266.40834617614746
267.6507685184479,1305.002412557602,267.6507685184479
267.6507685184479,1305.7708740234375,267.6507685184479
267.5,1304.8957815170288,267.5
267.6507685184479,1305.002412557602,267.6507685184479
267.5,1304.8957815170288,267.5
266.40834617614746,1303.5844671726227,266.40834617614746
266.40834617614746,1303.5844671726227,266.40834617614746
267.5,1304.8957815170288,267.5
266.36269330978394,1303.62087392807,266.36269330978394
267.5,1304.8957815170288,267.5
267.6507685184479,1305.7708740234375,267.6507685184479
267.6507685184479,1305.002412557602,267.6507685184479
267.5,1304.8957815170288,267.5
267.6507685184479,1305.002412557602,267.6507685184479
266.36269330978394,1303.62087392807,266.36269330978394
267.6507685184479,1305.7708740234375,267.6507685184479
270.0,1305.7708740234375,270.0
267.6507685184479,1305.7708740234375,267.6507685184479
267.6507685184479,1305.7708740234375,267.6507685184479
267.6507685184479,1305.7708740234375,267.6507685184479
267.6507685184479,1305.002412557602,267.6507685184479
266.36269330978394,1303.62087392807,266.36269330978394
267.6507685184479,1305.002412557602,267.6507685184479
267.90000009536743,1305.1581807136536,267.90000009536743
266.36269330978394,1303.62087392807,266.36269330978394
267.90000009536743,1305.1581807136536,267.90000009536743
270.0,1301.5208740234375,270.0
267.6507685184479,1305.002412557602,267.6507685184479
267.6507685184479,1305.7708740234375,267.6507685184479
267.90000009536743,1305.1581807136536,267.90000009536743
267.6507685184479,1305.002412557602,267.6507685184479
267.90000009536743,1305.1581807136536,267.90000009536743
267.90000009536743,1305.1581807136536,267.90000009536743
267.6507685184479,1305.7708740234375,267.6507685184479
270.0,1305.7708740234375,270.0
268.75,1305.7708740234375,268.75
267.6507685184479,1305.7708740234375,267.6507685184479
268.75,1305.7708740234375,268.75
267.90000009536743,1305.1581807136536,267.90000009536743
267.90000009536743,1305.1581807136536,267.90000009536743
268.75,1305.7708740234375,268.75
268.75,1305.5305500030518,268.75
267.90000009536743,1305.1581807136536,267.90000009536743
268.75,1305.5305500030518,268.75
267.90000009536743,1305.1581807136536,267.90000009536743
268.75,1305.5305500030518,268.75
268.75,1305.7708740234375,268.75
269.3478164076805,1305.6699290275574,269.3478164076805
268.75,1305.5305500030518,268.75
269.3478164076805,1305.6699290275574,269.3478164076805
267.90000009536743,1305.1581807136536,267.90000009536743
268.75,1305.7708740234375,268.75
270.0,1305.7708740234375,270.0
270.0,1305.7708740234375,270.0
268.75,1305.7708740234375,268.75
270.0,1305.7708740234375,270.0
269.3478164076805,1305.6699290275574,269.3478164076805
267.90000009536743,1305.1581807136536,267.90000009536743
269.3478164076805,1305.6699290275574,269.3478164076805
270.0,1305.7208738327026,270.0
267.90000009536743,1305.1581807136536,267.90000009536743
270.0,1305.7208738327026,270.0
270.0,1301.5208740234375,270.0
269.3478164076805,1305.6699290275574,269.3478164076805
270.0,1305.7708740234375,270.0
270.00088569236686,1305.6870322227478,270.00088569236686
269.3478164076805,1305.6699290275574,269.3478164076805
270.00088569236686,1305.6870322227478,270.00088569236686
270.0,1305.7208738327026,270.0
270.0,1305.7208738327026,270.0
270.00088569236686,1305.6870322227478,270.00088569236686
272.09999990463257,1305.1581807136536,272.09999990463257
270.0,1305.7208738327026,270.0
272.09999990463257,1305.1581807136536,272.09999990463257
270.0,1301.5208740234375,270.0
270.0,1301.5208740234375,270.0
272.09999990463257,1305.1581807136536,272.09999990463257
273.63730669021606,1303.62087392807,273.63730669021606
270.00088569236686,1305.6870322227478,270.00088569236686
270.0,1305.7708740234375,270.0
270.43412044644356,1305.69837808609,270.43412044644356
270.00088569236686,1305.6870322227478,270.00088569236686
270.43412044644356,1305.69837808609,270.43412044644356
272.09999990463257,1305.1581807136536,272.09999990463257
270.0,1305.7708740234375,270.0
270.0,1305.7708740234375,270.0
270.43412044644356,1305.7708740234375,270.43412044644356
270.0,1305.7708740234375,270.0
270.43412044644356,1305.7708740234375,270.43412044644356
270.43412044644356,1305.69837808609,270.43412044644356
270.43412044644356,1305.69837808609,270.43412044644356
270.43412044644356,1305.7708740234375,270.43412044644356
271.2601157426834,1305.5273823738098,271.2601157426834
270.43412044644356,1305.69837808609,270.43412044644356
271.2601157426834,1305.5273823738098,271.2601157426834
272.09999990463257,1305.1581807136536,272.09999990463257
270.43412044644356,1305.7708740234375,270.43412044644356
270.0,1305.7708740234375,270.0
271.9151110649109,1305.7708740234375,271.9151110649109
270.43412044644356,1305.7708740234375,270.43412044644356
271.9151110649109,1305.7708740234375,271.9151110649109
271.2601157426834,1305.5273823738098,271.2601157426834
270.0,1305.7708740234375,270.0
272.5,1305.7708740234375,272.5
271.9151110649109,1305.7708740234375,271.9151110649109
272.5,1305.7708740234375,272.5
272.395201921463,1304.9709475040436,272.395201921463
271.9151110649109,1305.7708740234375,271.9151110649109
271.2601157426834,1305.5273823738098,271.2601157426834
271.9151110649109,1305.7708740234375,271.9151110649109
271.87812197208405,1305.2557153701782,271.87812197208405
271.2601157426834,1305.5273823738098,271.2601157426834
271.87812197208405,1305.2557153701782,271.87812197208405
272.09999990463257,1305.1581807136536,272.09999990463257
271.87812197208405,1305.2557153701782,271.87812197208405
271.9151110649109,1305.7708740234375,271.9151110649109
272.09999990463257,1305.1581807136536,272.09999990463257
271.87812197208405,1305.2557153701782,271.87812197208405
272.09999990463257,1305.1581807136536,272.09999990463257
272.09999990463257,1305.1581807136536,272.09999990463257
271.9151110649109,1305.7708740234375,271.9151110649109
272.395201921463,1304.9709475040436,272.395201921463
272.09999990463257,1305.1581807136536,272.09999990463257
272.09999990463257,1305.1581807136536,272.09999990463257
272.09999990463257,1305.1581807136536,272.09999990463257
273.63730669021606,1303.62087392807,273.63730669021606
272.09999990463257,1305.1581807136536,272.09999990463257
272.395201921463,1304.9709475040436,272.395201921463
273.63730669021606,1303.62087392807,273.63730669021606
