0.17648214467044454,0.1854380641307216,0.8663047383888626
0.18267216788080987,0.18516893274500035,0.8663047383888626
0.1692155956843635,0.18678372105932795,0.8663047383888626
0.16585145263525192,0.2097944545384962,0.20534879161277786
0.16652428124507423,0.2101981516170781,0.2035955928149633
0.16894646424043458,0.20575748375267722,0.20534879161277786
0.17338713306526188,0.2101981516170781,0.19833599642151967
0.17177234440168831,0.2085833633027505,0.20008919521933421
0.17136864723579492,0.2130240311671514,0.19833599642151967
0.18267216788080987,0.20414269543834962,0.20008919521933421
0.18267216788080987,0.20629574652411975,0.19833599642151967
0.18617087665188592,0.20683400929556228,0.19833599642151967
0.18267216788080987,0.20965988884563558,0.19833599642151967
0.18011541916348506,0.20992902023135684,0.19833599642151967
0.18536348232009914,0.20992902023135684,0.19833599642151967
0.1776932361681247,0.21060184869566,0.19833599642151967
0.18778566531545948,0.21060184869566,0.19833599642151967
0.17540561889472883,0.2122166370099876,0.19833599642151967
0.19007328258885536,0.2122166370099876,0.19833599642151967
0.17379083023115527,0.21450425378861837,0.19833599642151967
0.19168807125242893,0.21450425378861837,0.19833599642151967
0.17311800162133295,0.21692643626010977,0.19833599642151967
0.19236089986225124,0.21692643626010977,0.19833599642151967
0.17284887017740402,0.21961775011732243,0.19833599642151967
0.19263003130618017,0.21961775011732243,0.19833599642151967
0.17311800162133295,0.22217449828167446,0.19833599642151967
0.19236089986225124,0.22217449828167446,0.19833599642151967
0.17379083023115527,0.22459668075316586,0.19833599642151967
0.19168807125242893,0.22459668075316586,0.19833599642151967
0.17540561889472883,0.22688429753179662,0.19833599642151967
0.19007328258885536,0.22688429753179662,0.19833599642151967
0.1776932361681247,0.22849908584612422,0.19833599642151967
0.18778566531545948,0.22849908584612422,0.19833599642151967
0.18011541916348506,0.22917191431042738,0.19833599642151967
0.18536348232009914,0.22917191431042738,0.19833599642151967
0.18267216788080987,0.22944104569614865,0.19833599642151967
0.18899675681313965,0.2536628704110626,0.8663047383888626
0.18267216788080987,0.2539320017967839,0.8663047383888626
0.1962633057992207,0.2523172134824563,0.8663047383888626
0.19047697975474875,0.23832238142495044,0.8663047383888626
0.20447181483905297,0.2486839397752192,0.8663047383888626
0.19518678002350498,0.2361693303391803,0.8663047383888626
0.21187292954709847,0.24128282666788436,0.8663047383888626
0.19935831740440335,0.23199779386050068,0.8663047383888626
0.21187292954709847,0.24128282666788436,0.8663047383888626
0.2017805003997637,0.22607690337463282,0.8663047383888626
0.21604446692799684,0.2309212683176156,0.8663047383888626
0.2017805003997637,0.22607690337463282,0.8663047383888626
0.21712099270371255,0.21961775011732243,0.8663047383888626
0.202453329009586,0.21961775011732243,0.8663047383888626
0.21712099270371255,0.21961775011732243,0.8663047383888626
0.2017805003997637,0.2130240311671514,0.8663047383888626
0.21604446692799684,0.2081796662241686,0.8663047383888626
0.2017805003997637,0.2130240311671514,0.8663047383888626
0.21187292954709847,0.19781810787389986,0.8663047383888626
0.19935831740440335,0.20710314068128355,0.8663047383888626
0.20447181483905297,0.19041699476656504,0.8663047383888626
0.19518678002350498,0.20293160420260392,0.8663047383888626
0.20447181483905297,0.19041699476656504,0.8663047383888626
0.19047697975474875,0.2007785531168338,0.8663047383888626
0.1962633057992207,0.18678372105932795,0.8663047383888626
0.18267216788080987,0.19983659326680936,0.8663047383888626
0.18899675681313965,0.1854380641307216,0.8663047383888626
0.18267216788080987,0.19983659326680936,0.8663047383888626
0.18267216788080987,0.18516893274500035,0.8663047383888626
0.17500192172883544,0.2007785531168338,0.8663047383888626
0.1692155956843635,0.18678372105932795,0.8663047383888626
0.17500192172883544,0.2007785531168338,0.8663047383888626
0.16100708664453123,0.19041699476656504,0.8663047383888626
0.17029212146007922,0.20293160420260392,0.8663047383888626
0.15360597193648573,0.19781810787389986,0.8663047383888626
0.16612058407918084,0.20710314068128355,0.8663047383888626
0.15360597193648573,0.19781810787389986,0.8663047383888626
0.1636984010838205,0.2130240311671514,0.8663047383888626
0.14943443455558736,0.2081796662241686,0.8663047383888626
0.1636984010838205,0.2130240311671514,0.8663047383888626
0.14835790877987165,0.21961775011732243,0.8663047383888626
0.16302557247399818,0.21961775011732243,0.8663047383888626
0.14835790877987165,0.21961775011732243,0.8663047383888626
0.1636984010838205,0.22607690337463282,0.8663047383888626
0.14943443455558736,0.2309212683176156,0.8663047383888626
0.1636984010838205,0.22607690337463282,0.8663047383888626
0.15360597193648573,0.24128282666788436,0.8663047383888626
0.16612058407918084,0.23199779386050068,0.8663047383888626
0.16100708664453123,0.2486839397752192,0.8663047383888626
0.17029212146007922,0.2361693303391803,0.8663047383888626
0.16100708664453123,0.2486839397752192,0.8663047383888626
0.17500192172883544,0.23832238142495044,0.8663047383888626
0.1692155956843635,0.2523172134824563,0.8663047383888626
0.18267216788080987,0.23926434127497487,0.8663047383888626
0.17648214467044454,0.2536628704110626,0.8663047383888626
0.18267216788080987,0.23926434127497487,0.8663047383888626
0.18267216788080987,0.2539320017967839,0.8663047383888626
0.19047697975474875,0.23832238142495044,0.8663047383888626
0.18899675681313965,0.1854380641307216,0.8277343648369425
0.18267216788080987,0.18516893274500035,0.8277343648369425
0.1962633057992207,0.18678372105932795,0.8277343648369425
0.18267216788080987,0.19983659326680936,0.8277343648369425
0.1962633057992207,0.18678372105932795,0.8277343648369425
0.19047697975474875,0.2007785531168338,0.8277343648369425
0.1962633057992207,0.18678372105932795,0.8277343648369425
0.19518678002350498,0.20293160420260392,0.8277343648369425
0.20447181483905297,0.19041699476656504,0.8277343648369425
0.19518678002350498,0.20293160420260392,0.8277343648369425
0.21187292954709847,0.19781810787389986,0.8277343648369425
0.19935831740440335,0.20710314068128355,0.8277343648369425
0.21604446692799684,0.2081796662241686,0.8277343648369425
0.2017805003997637,0.2130240311671514,0.8277343648369425
0.21604446692799684,0.2081796662241686,0.8277343648369425
0.202453329009586,0.21961775011732243,0.8277343648369425
0.21712099270371255,0.21961775011732243,0.8277343648369425
0.202453329009586,0.21961775011732243,0.8277343648369425
0.21604446692799684,0.2309212683176156,0.8277343648369425
0.2017805003997637,0.22607690337463282,0.8277343648369425
0.21604446692799684,0.2309212683176156,0.8277343648369425
0.19935831740440335,0.23199779386050068,0.8277343648369425
0.21187292954709847,0.24128282666788436,0.8277343648369425
0.19518678002350498,0.2361693303391803,0.8277343648369425
0.21187292954709847,0.24128282666788436,0.8277343648369425
0.19047697975474875,0.23832238142495044,0.8277343648369425
0.21187292954709847,0.24128282666788436,0.8277343648369425
0.1850943508761702,0.23912977558211423,0.8277343648369425
0.15360597193648573,0.24128282666788436,0.8277343648369425
0.18038455060741398,0.23912977558211423,0.8277343648369425
0.15360597193648573,0.24128282666788436,0.8277343648369425
0.17500192172883544,0.23832238142495044,0.8277343648369425
0.15360597193648573,0.24128282666788436,0.8277343648369425
0.17029212146007922,0.2361693303391803,0.8277343648369425
0.15360597193648573,0.24128282666788436,0.8277343648369425
0.16612058407918084,0.23199779386050068,0.8277343648369425
0.14943443455558736,0.2309212683176156,0.8277343648369425
0.1636984010838205,0.22607690337463282,0.8277343648369425
0.14943443455558736,0.2309212683176156,0.8277343648369425
0.16302557247399818,0.21961775011732243,0.8277343648369425
0.14835790877987165,0.21961775011732243,0.8277343648369425
0.16302557247399818,0.21961775011732243,0.8277343648369425
0.14943443455558736,0.2081796662241686,0.8277343648369425
0.1636984010838205,0.2130240311671514,0.8277343648369425
0.14943443455558736,0.2081796662241686,0.8277343648369425
0.16612058407918084,0.20710314068128355,0.8277343648369425
0.15360597193648573,0.19781810787389986,0.8277343648369425
0.16612058407918084,0.20710314068128355,0.8277343648369425
0.16100708664453123,0.19041699476656504,0.8277343648369425
0.17029212146007922,0.20293160420260392,0.8277343648369425
0.1692155956843635,0.18678372105932795,0.8277343648369425
0.17500192172883544,0.2007785531168338,0.8277343648369425
0.1692155956843635,0.18678372105932795,0.8277343648369425
0.18267216788080987,0.19983659326680936,0.8277343648369425
0.1692155956843635,0.18678372105932795,0.8277343648369425
0.18267216788080987,0.18516893274500035,0.8277343648369425
0.17648214467044454,0.1854380641307216,0.8277343648369425
0.18899675681313965,0.2536628704110626,0.8277343648369425
0.1962633057992207,0.2523172134824563,0.8277343648369425
0.18267216788080987,0.2539320017967839,0.8277343648369425
0.1962633057992207,0.2523172134824563,0.8277343648369425
0.17648214467044454,0.2536628704110626,0.8277343648369425
0.1962633057992207,0.2523172134824563,0.8277343648369425
0.1692155956843635,0.2523172134824563,0.8277343648369425
0.20447181483905297,0.2486839397752192,0.8277343648369425
0.16100708664453123,0.2486839397752192,0.8277343648369425
0.21187292954709847,0.24128282666788436,0.8277343648369425
0.15360597193648573,0.24128282666788436,0.8277343648369425
0.18267216788080987,0.22177080120309256,1.0942205821047537
0.182133904992952,0.22163623551023193,1.0942205821047537
0.18334499649063218,0.22163623551023193,1.0942205821047537
0.18173020782705862,0.22163623551023193,1.0942205821047537
0.18388325937849004,0.2215016698173713,1.0942205821047537
0.18132651066116523,0.22136710412451066,1.0942205821047537
0.18428695654438343,0.22123253843165003,1.0942205821047537
0.18092281349527184,0.22096340704592876,1.0942205821047537
0.18469065371027682,0.2206942756602075,1.0942205821047537
0.1806536820513429,0.2202905785816256,1.0942205821047537
0.18482521943224128,0.2202905785816256,1.0942205821047537
0.18051911632937845,0.21961775011732243,1.0942205821047537
0.18495978515420575,0.21961775011732243,1.0942205821047537
0.1806536820513429,0.21881035596015863,1.0942205821047537
0.18482521943224128,0.21881035596015863,1.0942205821047537
0.18078824777330738,0.21840665888157673,1.0942205821047537
0.18455608798831236,0.21813752749585547,1.0942205821047537
0.18119194493920077,0.2178683961101342,1.0942205821047537
0.18388325937849004,0.21759926472441293,1.0942205821047537
0.18159564210509416,0.21759926472441293,1.0942205821047537
0.18334499649063218,0.2174646990315523,1.0942205821047537
0.182133904992952,0.2174646990315523,1.0942205821047537
0.18267216788080987,0.21733013333869167,1.0942205821047537
0.1641020982497139,0.21315859686001204,0.8277343648369425
0.16571688691328745,0.20965988884563558,0.2071019904105924
0.1670625441329321,0.20777596914558671,0.8277343648369425
0.16881189851847012,0.20562291805981658,0.2071019904105924
0.17096495006990153,0.20387356405262835,0.8277343648369425
0.17284887017740402,0.20252790712402202,0.2071019904105924
0.1751364874507999,0.20145138158113696,0.8277343648369425
0.1776932361681247,0.20050942173111252,0.2071019904105924
0.18267216788080987,0.19983659326680936,0.8277343648369425
0.18267216788080987,0.19983659326680936,0.2071019904105924
0.18267216788080987,0.19983659326680936,0.8277343648369425
0.18778566531545948,0.20050942173111252,0.2071019904105924
0.1903424140327843,0.20145138158113696,0.8277343648369425
0.19263003130618017,0.20252790712402202,0.2071019904105924
0.19451395141368266,0.20387356405262835,0.8277343648369425
0.19666700296511408,0.20562291805981658,0.2071019904105924
0.1984163573506521,0.20777596914558671,0.8277343648369425
0.19976201457029674,0.20965988884563558,0.2071019904105924
0.2013768032338703,0.21315859686001204,0.8277343648369425
0.2017805003997637,0.21450425378861837,0.2071019904105924
0.202453329009586,0.21961775011732243,0.8277343648369425
0.202453329009586,0.21961775011732243,0.2071019904105924
0.202453329009586,0.21961775011732243,0.8277343648369425
0.2017805003997637,0.22459668075316586,0.2071019904105924
0.2013768032338703,0.2259423376817722,0.8277343648369425
0.19976201457029674,0.22944104569614865,0.2071019904105924
0.1984163573506521,0.2313249653961975,0.8277343648369425
0.19666700296511408,0.23347801648196764,0.2071019904105924
0.19451395141368266,0.23522737048915587,0.8277343648369425
0.19263003130618017,0.2365730274177622,0.2071019904105924
0.1903424140327843,0.23764955296064727,0.8277343648369425
0.18778566531545948,0.2385915128106717,0.2071019904105924
0.1850943508761702,0.23912977558211423,0.8277343648369425
0.18267216788080987,0.23926434127497487,0.2071019904105924
0.18038455060741398,0.23912977558211423,0.8277343648369425
0.1776932361681247,0.2385915128106717,0.2071019904105924
0.1751364874507999,0.23764955296064727,0.8277343648369425
0.17284887017740402,0.2365730274177622,0.2071019904105924
0.17096495006990153,0.23522737048915587,0.8277343648369425
0.16881189851847012,0.23347801648196764,0.2071019904105924
0.1670625441329321,0.2313249653961975,0.8277343648369425
0.16571688691328745,0.22944104569614865,0.2071019904105924
0.1641020982497139,0.2259423376817722,0.8277343648369425
0.1636984010838205,0.22459668075316586,0.2071019904105924
0.16302557247399818,0.21961775011732243,0.8277343648369425
0.16302557247399818,0.21961775011732243,0.2071019904105924
0.16302557247399818,0.21961775011732243,0.8277343648369425
0.1636984010838205,0.21450425378861837,0.2071019904105924
0.1641020982497139,0.21315859686001204,0.8277343648369425
0.16571688691328745,0.20965988884563558,0.2071019904105924
0.20339528906333726,0.2470691514608916,0.8663047383888626
0.20339528906333726,0.2470691514608916,0.8277343648369425
0.19599417435529176,0.25137525363243185,0.8663047383888626
0.19599417435529176,0.25137525363243185,0.8277343648369425
0.18899675681313965,0.25339373902534135,0.8663047383888626
0.18899675681313965,0.25339373902534135,0.8277343648369425
0.18267216788080987,0.2539320017967839,0.8663047383888626
0.18267216788080987,0.2539320017967839,0.8277343648369425
0.17648214467044454,0.25339373902534135,0.8663047383888626
0.17648214467044454,0.25339373902534135,0.8277343648369425
0.17648214467044454,0.25339373902534135,0.8663047383888626
0.16948472712829243,0.25137525363243185,0.8277343648369425
0.16948472712829243,0.25137525363243185,0.8663047383888626
0.16948472712829243,0.25137525363243185,0.8277343648369425
0.16208361242024694,0.2470691514608916,0.8663047383888626
0.16208361242024694,0.2470691514608916,0.8277343648369425
0.1552207606000593,0.2402063011249993,0.8663047383888626
0.1552207606000593,0.2402063011249993,0.8277343648369425
0.1552207606000593,0.2402063011249993,0.8663047383888626
0.15024182888737414,0.23065213693189435,0.8277343648369425
0.15024182888737414,0.23065213693189435,0.8663047383888626
0.15024182888737414,0.23065213693189435,0.8277343648369425
0.14835790877987165,0.21961775011732243,0.8663047383888626
0.14835790877987165,0.21961775011732243,0.8277343648369425
0.15024182888737414,0.20844879760988988,0.8663047383888626
0.15024182888737414,0.20844879760988988,0.8277343648369425
0.1552207606000593,0.19889463341678493,0.8663047383888626
0.1552207606000593,0.19889463341678493,0.8277343648369425
0.16208361242024694,0.19203178308089264,0.8663047383888626
0.16208361242024694,0.19203178308089264,0.8277343648369425
0.16208361242024694,0.19203178308089264,0.8663047383888626
0.16948472712829243,0.18772568090935238,0.8277343648369425
0.16948472712829243,0.18772568090935238,0.8663047383888626
0.17648214467044454,0.18570719551644288,0.8277343648369425
0.17648214467044454,0.18570719551644288,0.8663047383888626
0.17648214467044454,0.18570719551644288,0.8277343648369425
0.18267216788080987,0.18516893274500035,0.8663047383888626
0.18267216788080987,0.18516893274500035,0.8277343648369425
0.18267216788080987,0.18516893274500035,0.8663047383888626
0.18899675681313965,0.18570719551644288,0.8277343648369425
0.18899675681313965,0.18570719551644288,0.8663047383888626
0.18899675681313965,0.18570719551644288,0.8277343648369425
0.19599417435529176,0.18772568090935238,0.8663047383888626
0.19599417435529176,0.18772568090935238,0.8277343648369425
0.19599417435529176,0.18772568090935238,0.8663047383888626
0.20339528906333726,0.19203178308089264,0.8277343648369425
0.20339528906333726,0.19203178308089264,0.8663047383888626
0.20339528906333726,0.19203178308089264,0.8277343648369425
0.2102581408835249,0.19889463341678493,0.8663047383888626
0.2102581408835249,0.19889463341678493,0.8277343648369425
0.21523707259621006,0.20844879760988988,0.8663047383888626
0.21523707259621006,0.20844879760988988,0.8277343648369425
0.21712099270371255,0.21961775011732243,0.8663047383888626
0.21712099270371255,0.21961775011732243,0.8277343648369425
0.21523707259621006,0.23065213693189435,0.8663047383888626
0.21523707259621006,0.23065213693189435,0.8277343648369425
0.2102581408835249,0.2402063011249993,0.8663047383888626
0.2102581408835249,0.2402063011249993,0.8277343648369425
0.20339528906333726,0.2470691514608916,0.8663047383888626
0.20339528906333726,0.2470691514608916,0.8277343648369425
0.19074611119867768,0.2255386406031903,1.0872077869134955
0.1984163573506521,0.2313249653961975,0.8663047383888626
0.18872762536921073,0.22755712599609978,1.0872077869134955
0.19451395141368266,0.23522737048915587,0.8663047383888626
0.1865745738177793,0.22876821723184548,1.0872077869134955
0.1903424140327843,0.23764955296064727,0.8663047383888626
0.18388325937849004,0.22957561138900928,1.0872077869134955
0.1850943508761702,0.23912977558211423,0.8663047383888626
0.18388325937849004,0.22957561138900928,1.0872077869134955
0.18267216788080987,0.23926434127497487,0.8663047383888626
0.18267216788080987,0.22957561138900928,1.0872077869134955
0.18038455060741398,0.23912977558211423,0.8663047383888626
0.18159564210509416,0.22957561138900928,1.0872077869134955
0.1751364874507999,0.23764955296064727,0.8663047383888626
0.17890432766580489,0.22876821723184548,1.0872077869134955
0.17096495006990153,0.23522737048915587,0.8663047383888626
0.17675127611437347,0.22755712599609978,1.0872077869134955
0.1670625441329321,0.2313249653961975,0.8663047383888626
0.17473279028490651,0.2255386406031903,1.0872077869134955
0.1641020982497139,0.2259423376817722,0.8663047383888626
0.17325256734329741,0.22284732674597763,1.0872077869134955
0.16302557247399818,0.21961775011732243,0.8663047383888626
0.17271430445543956,0.21961775011732243,1.0872077869134955
0.1641020982497139,0.21315859686001204,0.8663047383888626
0.17325256734329741,0.2162536077958066,1.0872077869134955
0.1670625441329321,0.20777596914558671,0.8663047383888626
0.17473279028490651,0.21356229393859394,1.0872077869134955
0.17096495006990153,0.20387356405262835,0.8663047383888626
0.17675127611437347,0.21154380854568444,1.0872077869134955
0.1751364874507999,0.20145138158113696,0.8663047383888626
0.17890432766580489,0.21033271730993874,1.0872077869134955
0.18267216788080987,0.19983659326680936,0.8663047383888626
0.18267216788080987,0.20952532315277494,1.0872077869134955
0.18267216788080987,0.19983659326680936,0.8663047383888626
0.1865745738177793,0.21033271730993874,1.0872077869134955
0.1903424140327843,0.20145138158113696,0.8663047383888626
0.18872762536921073,0.21154380854568444,1.0872077869134955
0.19451395141368266,0.20387356405262835,0.8663047383888626
0.19074611119867768,0.21356229393859394,1.0872077869134955
0.1984163573506521,0.20777596914558671,0.8663047383888626
0.19222633414028678,0.2162536077958066,1.0872077869134955
0.2013768032338703,0.21315859686001204,0.8663047383888626
0.19276459702814464,0.21961775011732243,1.0872077869134955
0.202453329009586,0.21961775011732243,0.8663047383888626
0.19222633414028678,0.22284732674597763,1.0872077869134955
0.2013768032338703,0.2259423376817722,0.8663047383888626
0.19074611119867768,0.2255386406031903,1.0872077869134955
0.1984163573506521,0.2313249653961975,0.8663047383888626
0.18267216788080987,0.19983659326680936,0.2071019904105924
0.18778566531545948,0.2007785531168338,0.20534879161277786
0.18778566531545948,0.20050942173111252,0.2071019904105924
0.1924954655842157,0.20266247281688266,0.20534879161277786
0.19263003130618017,0.20252790712402202,0.2071019904105924
0.1924954655842157,0.20266247281688266,0.20534879161277786
0.19666700296511408,0.20562291805981658,0.2071019904105924
0.19653243724314962,0.20575748375267722,0.20534879161277786
0.19666700296511408,0.20562291805981658,0.2071019904105924
0.19962744884833228,0.2097944545384962,0.20534879161277786
0.19976201457029674,0.2097944545384962,0.2071019904105924
0.19962744884833228,0.2097944545384962,0.20534879161277786
0.2017805003997637,0.21450425378861837,0.2071019904105924
0.20151136895583477,0.21450425378861837,0.20534879161277786
0.202453329009586,0.21961775011732243,0.2071019904105924
0.20231876328762155,0.21961775011732243,0.20534879161277786
0.20151136895583477,0.22459668075316586,0.20534879161277786
0.20151136895583477,0.21961775011732243,0.2035955928149633
0.20083854034601245,0.2243275493674446,0.2035955928149633
0.19949288312636781,0.21961775011732243,0.20008919521933421
0.19895462023850996,0.2239238522888627,0.20008919521933421
0.19814722590672318,0.21961775011732243,0.20008919521933421
0.19760896301886532,0.2235201552102808,0.20008919521933421
0.19599417435529176,0.21961775011732243,0.19833599642151967
0.1954559114674339,0.22298189243883826,0.19833599642151967
0.19263003130618017,0.21961775011732243,0.19833599642151967
0.1954559114674339,0.22298189243883826,0.19833599642151967
0.19222633414028678,0.22203993258881383,0.19833599642151967
0.19411025424778927,0.22607690337463282,0.19833599642151967
0.19128437408653554,0.22446211506030522,0.19833599642151967
0.19209176841832232,0.22890278292470612,0.19833599642151967
0.18966958542296197,0.22648060045321472,0.19833599642151967
0.18926588825706858,0.2309212683176156,0.19833599642151967
0.18765109959349502,0.22809538876754232,0.19833599642151967
0.18617087665188592,0.23226692524622194,0.19833599642151967
0.18522891659813467,0.22903734861756675,0.19833599642151967
0.18267216788080987,0.23280518801766448,0.19833599642151967
0.18267216788080987,0.22944104569614865,0.19833599642151967
0.18267216788080987,0.23280518801766448,0.19833599642151967
0.18024998488544952,0.22903734861756675,0.19833599642151967
0.17930802483169828,0.23226692524622194,0.19833599642151967
0.17782780189008918,0.22809538876754232,0.19833599642151967
0.1762130132265156,0.2309212683176156,0.19833599642151967
0.17580931606062222,0.22648060045321472,0.19833599642151967
0.17338713306526188,0.22890278292470612,0.19833599642151967
0.17419452739704866,0.22446211506030522,0.19833599642151967
0.17136864723579492,0.22607690337463282,0.19833599642151967
0.17325256734329741,0.22203993258881383,0.19833599642151967
0.1700229900161503,0.22298189243883826,0.19833599642151967
0.17284887017740402,0.21961775011732243,0.19833599642151967
0.16948472712829243,0.21961775011732243,0.19833599642151967
0.1700229900161503,0.21611904210294597,0.19833599642151967
0.16786993846471887,0.21558077933150344,0.20008919521933421
0.16935016140632797,0.2118129399314057,0.20008919521933421
0.16827363563061226,0.21114011146710254,0.20008919521933421
0.17083038434793707,0.20764140345272608,0.20008919521933421
0.16948472712829243,0.20629574652411975,0.2035955928149633
0.17338713306526188,0.20333530128118582,0.2035955928149633
0.1729834358993685,0.20266247281688266,0.20534879161277786
0.1776932361681247,0.2007785531168338,0.20534879161277786
0.1776932361681247,0.20050942173111252,0.2071019904105924
0.1776932361681247,0.2007785531168338,0.20534879161277786
0.18267216788080987,0.19983659326680936,0.2071019904105924
0.18267216788080987,0.19997115895967,0.20534879161277786
0.18778566531545948,0.2007785531168338,0.20534879161277786
0.18751653387153056,0.20145138158113696,0.2035955928149633
0.1924954655842157,0.20266247281688266,0.20534879161277786
0.19209176841832232,0.20333530128118582,0.2035955928149633
0.19653243724314962,0.20575748375267722,0.20534879161277786
0.19599417435529176,0.20629574652411975,0.2035955928149633
0.19962744884833228,0.2097944545384962,0.20534879161277786
0.19895462023850996,0.2101981516170781,0.2035955928149633
0.20151136895583477,0.21450425378861837,0.20534879161277786
0.20083854034601245,0.21477338517433964,0.2035955928149633
0.20231876328762155,0.21961775011732243,0.20534879161277786
0.20083854034601245,0.21477338517433964,0.2035955928149633
0.20151136895583477,0.21961775011732243,0.2035955928149633
0.19895462023850996,0.21517708225292154,0.20008919521933421
0.19949288312636781,0.21961775011732243,0.20008919521933421
0.19760896301886532,0.21558077933150344,0.20008919521933421
0.19814722590672318,0.21961775011732243,0.20008919521933421
0.1954559114674339,0.21611904210294597,0.19833599642151967
0.19599417435529176,0.21961775011732243,0.19833599642151967
0.19222633414028678,0.2170610019529704,0.19833599642151967
0.19263003130618017,0.21961775011732243,0.19833599642151967
0.202453329009586,0.21961775011732243,0.2071019904105924
0.20151136895583477,0.22459668075316586,0.20534879161277786
0.2017805003997637,0.22459668075316586,0.2071019904105924
0.19962744884833228,0.22930648000328802,0.20534879161277786
0.19976201457029674,0.22944104569614865,0.2071019904105924
0.19653243724314962,0.233343450789107,0.20534879161277786
0.19666700296511408,0.23347801648196764,0.2071019904105924
0.1924954655842157,0.23643846172490157,0.20534879161277786
0.19263003130618017,0.2365730274177622,0.2071019904105924
0.18778566531545948,0.23832238142495044,0.20534879161277786
0.18778566531545948,0.2385915128106717,0.2071019904105924
0.18267216788080987,0.23912977558211423,0.20534879161277786
0.18267216788080987,0.23926434127497487,0.2071019904105924
0.18267216788080987,0.23912977558211423,0.20534879161277786
0.1776932361681247,0.2385915128106717,0.2071019904105924
0.1776932361681247,0.23832238142495044,0.20534879161277786
0.17284887017740402,0.2365730274177622,0.2071019904105924
0.1729834358993685,0.23643846172490157,0.20534879161277786
0.16881189851847012,0.23347801648196764,0.2071019904105924
0.16894646424043458,0.233343450789107,0.20534879161277786
0.16571688691328745,0.22944104569614865,0.2071019904105924
0.16585145263525192,0.22930648000328802,0.20534879161277786
0.1636984010838205,0.22459668075316586,0.2071019904105924
0.16396753252774943,0.22459668075316586,0.20534879161277786
0.16302557247399818,0.21961775011732243,0.2071019904105924
0.16316013819596265,0.21961775011732243,0.20534879161277786
0.1636984010838205,0.21450425378861837,0.2071019904105924
0.16396753252774943,0.21450425378861837,0.20534879161277786
0.16585145263525192,0.2097944545384962,0.20534879161277786
0.16464036113757174,0.21477338517433964,0.2035955928149633
0.16652428124507423,0.2101981516170781,0.2035955928149633
0.16652428124507423,0.21517708225292154,0.20008919521933421
0.16827363563061226,0.21114011146710254,0.20008919521933421
0.16652428124507423,0.21517708225292154,0.20008919521933421
0.16786993846471887,0.21558077933150344,0.20008919521933421
0.16733167557686102,0.21961775011732243,0.20008919521933421
0.16948472712829243,0.21961775011732243,0.19833599642151967
0.16733167557686102,0.21961775011732243,0.20008919521933421
0.1700229900161503,0.22298189243883826,0.19833599642151967
0.16786993846471887,0.2235201552102808,0.20008919521933421
0.17136864723579492,0.22607690337463282,0.19833599642151967
0.16935016140632797,0.22728799461037852,0.20008919521933421
0.17338713306526188,0.22890278292470612,0.19833599642151967
0.17177234440168831,0.23051757123903371,0.20008919521933421
0.1762130132265156,0.2309212683176156,0.19833599642151967
0.17500192172883544,0.2329397537105251,0.20008919521933421
0.17930802483169828,0.23226692524622194,0.19833599642151967
0.17876976194384042,0.23441997633199207,0.20008919521933421
0.18267216788080987,0.23280518801766448,0.19833599642151967
0.18267216788080987,0.2349582391034346,0.20008919521933421
0.18617087665188592,0.23226692524622194,0.19833599642151967
0.18670913953974377,0.23441997633199207,0.20008919521933421
0.18926588825706858,0.2309212683176156,0.19833599642151967
0.19047697975474875,0.2329397537105251,0.20008919521933421
0.19209176841832232,0.22890278292470612,0.19833599642151967
0.19370655708189588,0.23051757123903371,0.20008919521933421
0.19411025424778927,0.22607690337463282,0.19833599642151967
0.19612874007725623,0.22728799461037852,0.20008919521933421
0.1954559114674339,0.22298189243883826,0.19833599642151967
0.19612874007725623,0.22728799461037852,0.20008919521933421
0.19760896301886532,0.2235201552102808,0.20008919521933421
0.19720526585297193,0.22796082307468168,0.20008919521933421
0.19895462023850996,0.2239238522888627,0.20008919521933421
0.19895462023850996,0.22890278292470612,0.2035955928149633
0.20083854034601245,0.2243275493674446,0.2035955928149633
0.19962744884833228,0.22930648000328802,0.20534879161277786
0.20151136895583477,0.22459668075316586,0.20534879161277786
0.17284887017740402,0.21961775011732243,0.19833599642151967
0.17325256734329741,0.2170610019529704,0.19833599642151967
0.1700229900161503,0.21611904210294597,0.19833599642151967
0.17136864723579492,0.2130240311671514,0.19833599642151967
0.16935016140632797,0.2118129399314057,0.20008919521933421
0.17177234440168831,0.2085833633027505,0.20008919521933421
0.17083038434793707,0.20764140345272608,0.20008919521933421
0.17432909311901312,0.20508465528837405,0.20008919521933421
0.17338713306526188,0.20333530128118582,0.2035955928149633
0.17796236761205364,0.20145138158113696,0.2035955928149633
0.1776932361681247,0.2007785531168338,0.20534879161277786
0.18267216788080987,0.2007785531168338,0.2035955928149633
0.18267216788080987,0.19997115895967,0.20534879161277786
0.18267216788080987,0.2007785531168338,0.2035955928149633
0.18751653387153056,0.20145138158113696,0.2035955928149633
0.18711283670563716,0.20333530128118582,0.20008919521933421
0.19209176841832232,0.20333530128118582,0.2035955928149633
0.19114980836457107,0.20508465528837405,0.20008919521933421
0.19599417435529176,0.20629574652411975,0.2035955928149633
0.19464851713564713,0.20764140345272608,0.20008919521933421
0.19895462023850996,0.2101981516170781,0.2035955928149633
0.19720526585297193,0.21114011146710254,0.20008919521933421
0.20083854034601245,0.21477338517433964,0.2035955928149633
0.19720526585297193,0.21114011146710254,0.20008919521933421
0.19895462023850996,0.21517708225292154,0.20008919521933421
0.19612874007725623,0.2118129399314057,0.20008919521933421
0.19760896301886532,0.21558077933150344,0.20008919521933421
0.19411025424778927,0.2130240311671514,0.19833599642151967
0.1954559114674339,0.21611904210294597,0.19833599642151967
0.19411025424778927,0.2130240311671514,0.19833599642151967
0.19222633414028678,0.2170610019529704,0.19833599642151967
0.19411025424778927,0.2130240311671514,0.19833599642151967
0.19128437408653554,0.214638819481479,0.19833599642151967
0.19411025424778927,0.2130240311671514,0.19833599642151967
0.18966958542296197,0.2126203340885695,0.19833599642151967
0.19209176841832232,0.2101981516170781,0.19833599642151967
0.18765109959349502,0.2110055457742419,0.19833599642151967
0.18926588825706858,0.2081796662241686,0.19833599642151967
0.18522891659813467,0.21006358592421748,0.19833599642151967
0.18617087665188592,0.20683400929556228,0.19833599642151967
0.18267216788080987,0.20965988884563558,0.19833599642151967
0.18267216788080987,0.20629574652411975,0.19833599642151967
0.18024998488544952,0.21006358592421748,0.19833599642151967
0.17930802483169828,0.20683400929556228,0.19833599642151967
0.1762130132265156,0.2081796662241686,0.19833599642151967
0.17876976194384042,0.20468095820979215,0.20008919521933421
0.17500192172883544,0.20616118083125912,0.20008919521933421
0.17836606477794703,0.20333530128118582,0.20008919521933421
0.17432909311901312,0.20508465528837405,0.20008919521933421
0.17836606477794703,0.20333530128118582,0.20008919521933421
0.17796236761205364,0.20145138158113696,0.2035955928149633
0.18267216788080987,0.2027970385097433,0.20008919521933421
0.18267216788080987,0.2007785531168338,0.2035955928149633
0.18267216788080987,0.2027970385097433,0.20008919521933421
0.18711283670563716,0.20333530128118582,0.20008919521933421
0.18670913953974377,0.20468095820979215,0.20008919521933421
0.19114980836457107,0.20508465528837405,0.20008919521933421
0.19047697975474875,0.20616118083125912,0.20008919521933421
0.19464851713564713,0.20764140345272608,0.20008919521933421
0.19370655708189588,0.2085833633027505,0.20008919521933421
0.19720526585297193,0.21114011146710254,0.20008919521933421
0.19370655708189588,0.2085833633027505,0.20008919521933421
0.19612874007725623,0.2118129399314057,0.20008919521933421
0.19209176841832232,0.2101981516170781,0.19833599642151967
0.19411025424778927,0.2130240311671514,0.19833599642151967
0.1776932361681247,0.20050942173111252,0.2071019904105924
0.17284887017740402,0.20252790712402202,0.2071019904105924
0.1729834358993685,0.20266247281688266,0.20534879161277786
0.16894646424043458,0.20575748375267722,0.20534879161277786
0.16948472712829243,0.20629574652411975,0.2035955928149633
0.16652428124507423,0.2101981516170781,0.2035955928149633
0.16827363563061226,0.21114011146710254,0.20008919521933421
0.1636984010838205,0.21450425378861837,0.2071019904105924
0.16585145263525192,0.2097944545384962,0.20534879161277786
0.16571688691328745,0.20965988884563558,0.2071019904105924
0.16585145263525192,0.2097944545384962,0.20534879161277786
0.16881189851847012,0.20562291805981658,0.2071019904105924
0.16894646424043458,0.20575748375267722,0.20534879161277786
0.17284887017740402,0.20252790712402202,0.2071019904105924
0.17325256734329741,0.2170610019529704,0.19833599642151967
0.17419452739704866,0.214638819481479,0.19833599642151967
0.17136864723579492,0.2130240311671514,0.19833599642151967
0.17580931606062222,0.2126203340885695,0.19833599642151967
0.17338713306526188,0.2101981516170781,0.19833599642151967
0.1762130132265156,0.2081796662241686,0.19833599642151967
0.17338713306526188,0.2101981516170781,0.19833599642151967
0.17500192172883544,0.20616118083125912,0.20008919521933421
0.17177234440168831,0.2085833633027505,0.20008919521933421
0.17432909311901312,0.20508465528837405,0.20008919521933421
0.17930802483169828,0.20683400929556228,0.19833599642151967
0.18267216788080987,0.20629574652411975,0.19833599642151967
0.17876976194384042,0.20468095820979215,0.20008919521933421
0.18267216788080987,0.20414269543834962,0.20008919521933421
0.17836606477794703,0.20333530128118582,0.20008919521933421
0.18267216788080987,0.20414269543834962,0.20008919521933421
0.18267216788080987,0.2027970385097433,0.20008919521933421
0.18267216788080987,0.20414269543834962,0.20008919521933421
0.18670913953974377,0.20468095820979215,0.20008919521933421
0.18617087665188592,0.20683400929556228,0.19833599642151967
0.19047697975474875,0.20616118083125912,0.20008919521933421
0.18926588825706858,0.2081796662241686,0.19833599642151967
0.19370655708189588,0.2085833633027505,0.20008919521933421
0.19209176841832232,0.2101981516170781,0.19833599642151967
0.19962744884833228,0.22930648000328802,0.20534879161277786
0.19895462023850996,0.22890278292470612,0.2035955928149633
0.19653243724314962,0.233343450789107,0.20534879161277786
0.19599417435529176,0.23280518801766448,0.2035955928149633
0.1924954655842157,0.23643846172490157,0.20534879161277786
0.19209176841832232,0.2357656332605984,0.2035955928149633
0.18778566531545948,0.23832238142495044,0.20534879161277786
0.18751653387153056,0.23764955296064727,0.2035955928149633
0.18267216788080987,0.23912977558211423,0.20534879161277786
0.18267216788080987,0.23832238142495044,0.2035955928149633
0.1776932361681247,0.23832238142495044,0.20534879161277786
0.17796236761205364,0.23764955296064727,0.2035955928149633
0.1729834358993685,0.23643846172490157,0.20534879161277786
0.17338713306526188,0.2357656332605984,0.2035955928149633
0.16894646424043458,0.233343450789107,0.20534879161277786
0.16948472712829243,0.23280518801766448,0.2035955928149633
0.16585145263525192,0.22930648000328802,0.20534879161277786
0.16652428124507423,0.22890278292470612,0.2035955928149633
0.16396753252774943,0.22459668075316586,0.20534879161277786
0.16464036113757174,0.2243275493674446,0.2035955928149633
0.16316013819596265,0.21961775011732243,0.20534879161277786
0.16396753252774943,0.21961775011732243,0.2035955928149633
0.16396753252774943,0.21450425378861837,0.20534879161277786
0.16396753252774943,0.21961775011732243,0.2035955928149633
0.16464036113757174,0.21477338517433964,0.2035955928149633
0.16598601835721638,0.21961775011732243,0.20008919521933421
0.16652428124507423,0.21517708225292154,0.20008919521933421
0.16598601835721638,0.21961775011732243,0.20008919521933421
0.16733167557686102,0.21961775011732243,0.20008919521933421
0.16598601835721638,0.21961775011732243,0.20008919521933421
0.16786993846471887,0.2235201552102808,0.20008919521933421
0.16652428124507423,0.2239238522888627,0.20008919521933421
0.16935016140632797,0.22728799461037852,0.20008919521933421
0.16827363563061226,0.22796082307468168,0.20008919521933421
0.17177234440168831,0.23051757123903371,0.20008919521933421
0.17083038434793707,0.23145953108905815,0.20008919521933421
0.17500192172883544,0.2329397537105251,0.20008919521933421
0.17432909311901312,0.23401627925341018,0.20008919521933421
0.17876976194384042,0.23441997633199207,0.20008919521933421
0.17836606477794703,0.2357656332605984,0.20008919521933421
0.18267216788080987,0.2349582391034346,0.20008919521933421
0.18267216788080987,0.23630389603204094,0.20008919521933421
0.18670913953974377,0.23441997633199207,0.20008919521933421
0.18711283670563716,0.2357656332605984,0.20008919521933421
0.19047697975474875,0.2329397537105251,0.20008919521933421
0.19114980836457107,0.23401627925341018,0.20008919521933421
0.19370655708189588,0.23051757123903371,0.20008919521933421
0.19464851713564713,0.23145953108905815,0.20008919521933421
0.19612874007725623,0.22728799461037852,0.20008919521933421
0.19464851713564713,0.23145953108905815,0.20008919521933421
0.19720526585297193,0.22796082307468168,0.20008919521933421
0.19599417435529176,0.23280518801766448,0.2035955928149633
0.19895462023850996,0.22890278292470612,0.2035955928149633
0.16598601835721638,0.21961775011732243,0.20008919521933421
0.16396753252774943,0.21961775011732243,0.2035955928149633
0.16652428124507423,0.2239238522888627,0.20008919521933421
0.16464036113757174,0.2243275493674446,0.2035955928149633
0.16827363563061226,0.22796082307468168,0.20008919521933421
0.16652428124507423,0.22890278292470612,0.2035955928149633
0.17083038434793707,0.23145953108905815,0.20008919521933421
0.16948472712829243,0.23280518801766448,0.2035955928149633
0.17432909311901312,0.23401627925341018,0.20008919521933421
0.17338713306526188,0.2357656332605984,0.2035955928149633
0.17836606477794703,0.2357656332605984,0.20008919521933421
0.17796236761205364,0.23764955296064727,0.2035955928149633
0.18267216788080987,0.23630389603204094,0.20008919521933421
0.18267216788080987,0.23832238142495044,0.2035955928149633
0.18711283670563716,0.2357656332605984,0.20008919521933421
0.18751653387153056,0.23764955296064727,0.2035955928149633
0.19114980836457107,0.23401627925341018,0.20008919521933421
0.19209176841832232,0.2357656332605984,0.2035955928149633
0.19464851713564713,0.23145953108905815,0.20008919521933421
0.19599417435529176,0.23280518801766448,0.2035955928149633
0.18024998488544952,0.22930648000328802,1.0872077869134955
0.18267216788080987,0.22903734861756675,1.08896098571131
0.18267216788080987,0.22957561138900928,1.0872077869134955
0.18267216788080987,0.22903734861756675,1.08896098571131
0.18522891659813467,0.22930648000328802,1.0872077869134955
0.1850943508761702,0.22876821723184548,1.08896098571131
0.18751653387153056,0.22836452015326358,1.0872077869134955
0.18724740242760163,0.22796082307468168,1.08896098571131
0.18940045397903305,0.22701886322465725,1.0872077869134955
0.18913132253510412,0.22661516614607535,1.08896098571131
0.19128437408653554,0.2247312464460265,1.0872077869134955
0.19088067692064214,0.22446211506030522,1.08896098571131
0.19222633414028678,0.22284732674597763,1.0872077869134955
0.19168807125242893,0.22257819536025636,1.08896098571131
0.19276459702814464,0.21961775011732243,1.0872077869134955
0.19222633414028678,0.21961775011732243,1.08896098571131
0.19222633414028678,0.2162536077958066,1.0872077869134955
0.19168807125242893,0.21652273918152787,1.08896098571131
0.19074611119867768,0.21356229393859394,1.0872077869134955
0.1903424140327843,0.2138314253243152,1.08896098571131
0.1880547967593884,0.2110055457742419,1.0872077869134955
0.18778566531545948,0.2114092428528238,1.08896098571131
0.18522891659813467,0.2097944545384962,1.0872077869134955
0.1850943508761702,0.21033271730993874,1.08896098571131
0.18267216788080987,0.20952532315277494,1.0872077869134955
0.18267216788080987,0.21006358592421748,1.08896098571131
0.18024998488544952,0.2097944545384962,1.0872077869134955
0.18038455060741398,0.21033271730993874,1.08896098571131
0.17796236761205364,0.21073641438852064,1.0872077869134955
0.17823149905598257,0.21114011146710254,1.08896098571131
0.17607844750455115,0.21208207131712697,1.0872077869134955
0.17634757894848008,0.21248576839570887,1.08896098571131
0.17419452739704866,0.21436968809575774,1.0872077869134955
0.17459822456294205,0.214638819481479,1.08896098571131
0.17325256734329741,0.2162536077958066,1.0872077869134955
0.17379083023115527,0.21652273918152787,1.08896098571131
0.17271430445543956,0.21961775011732243,1.0872077869134955
0.17325256734329741,0.21961775011732243,1.08896098571131
0.17325256734329741,0.22284732674597763,1.0872077869134955
0.17379083023115527,0.22257819536025636,1.08896098571131
0.17473279028490651,0.2255386406031903,1.0872077869134955
0.1751364874507999,0.22526950921746902,1.08896098571131
0.17742410472419579,0.22809538876754232,1.0872077869134955
0.1776932361681247,0.22769169168896042,1.08896098571131
0.18024998488544952,0.22930648000328802,1.0872077869134955
0.18038455060741398,0.22876821723184548,1.08896098571131
0.18267216788080987,0.22903734861756675,1.08896098571131
0.1806536820513429,0.22782625738182105,1.0907141845091246
0.18267216788080987,0.22809538876754232,1.0907141845091246
0.18267216788080987,0.22728799461037852,1.0924673833069392
0.18469065371027682,0.22715342891751789,1.0924673833069392
0.18428695654438343,0.22567320629605092,1.0942205821047537
0.18644000809581485,0.2263460347603541,1.0924673833069392
0.18576717948599253,0.2251349435246084,1.0942205821047537
0.18792023103742395,0.22526950921746902,1.0924673833069392
0.1869782709836727,0.22419298367458396,1.0942205821047537
0.18940045397903305,0.2235201552102808,1.0924673833069392
0.18818936248135287,0.22284732674597763,1.0942205821047537
0.19007328258885536,0.22203993258881383,1.0924673833069392
0.18872762536921073,0.22163623551023193,1.0942205821047537
0.19047697975474875,0.21961775011732243,1.0924673833069392
0.18913132253510412,0.21961775011732243,1.0942205821047537
0.19007328258885536,0.2170610019529704,1.0924673833069392
0.18872762536921073,0.2174646990315523,1.0942205821047537
0.18899675681313965,0.21490795086720027,1.0924673833069392
0.18778566531545948,0.21571534502436407,1.0942205821047537
0.18684370526170824,0.21288946547429077,1.0924673833069392
0.18603631092992146,0.2142351224028971,1.0942205821047537
0.18469065371027682,0.21194750562426634,1.0924673833069392
0.18428695654438343,0.2134277282457333,1.0942205821047537
0.18267216788080987,0.2118129399314057,1.0924673833069392
0.18267216788080987,0.21315859686001204,1.0942205821047537
0.18078824777330738,0.21194750562426634,1.0924673833069392
0.18119194493920077,0.2134277282457333,1.0942205821047537
0.17903889338776935,0.21275489978143014,1.0924673833069392
0.17971172199759167,0.21396599101717584,1.0942205821047537
0.17755867044616025,0.2138314253243152,1.0924673833069392
0.1785006304999115,0.21490795086720027,1.0942205821047537
0.17607844750455115,0.21558077933150344,1.0924673833069392
0.17728953900223132,0.2162536077958066,1.0942205821047537
0.17540561889472883,0.2170610019529704,1.0924673833069392
0.17675127611437347,0.2174646990315523,1.0942205821047537
0.17500192172883544,0.21961775011732243,1.0924673833069392
0.17634757894848008,0.21961775011732243,1.0942205821047537
0.17540561889472883,0.22203993258881383,1.0924673833069392
0.17675127611437347,0.22163623551023193,1.0942205821047537
0.17648214467044454,0.22419298367458396,1.0924673833069392
0.1776932361681247,0.22338558951742016,1.0942205821047537
0.17863519622187596,0.22621146906749345,1.0924673833069392
0.17944259055366274,0.22486581213888712,1.0942205821047537
0.18078824777330738,0.22715342891751789,1.0924673833069392
0.18119194493920077,0.22567320629605092,1.0942205821047537
0.18267216788080987,0.2259423376817722,1.0942205821047537
0.18267216788080987,0.22419298367458396,1.0942205821047537
0.18388325937849004,0.22405841798172332,1.0942205821047537
0.18321043076866772,0.22163623551023193,1.0942205821047537
0.18495978515420575,0.22365472090314142,1.0942205821047537
0.18374869365652557,0.2215016698173713,1.0942205821047537
0.185901745207957,0.22298189243883826,1.0942205821047537
0.18415239082241897,0.2210979727387894,1.0942205821047537
0.18670913953974377,0.2219053668959532,1.0942205821047537
0.18455608798831236,0.2206942756602075,1.0942205821047537
0.18711283670563716,0.2210979727387894,1.0942205821047537
0.18482521943224128,0.2202905785816256,1.0942205821047537
0.1873819681495661,0.21961775011732243,1.0942205821047537
0.18495978515420575,0.21961775011732243,1.0942205821047537
0.18711283670563716,0.21800296180299483,1.0942205821047537
0.18482521943224128,0.21881035596015863,1.0942205821047537
0.18644000809581485,0.21679187056724913,1.0942205821047537
0.1844215222663479,0.2182720931887161,1.0942205821047537
0.18522891659813467,0.21558077933150344,1.0942205821047537
0.18388325937849004,0.21773383041727357,1.0942205821047537
0.18388325937849004,0.2150425165600609,1.0942205821047537
0.18321043076866772,0.2174646990315523,1.0942205821047537
0.18267216788080987,0.21490795086720027,1.0942205821047537
0.18267216788080987,0.21733013333869167,1.0942205821047537
0.18159564210509416,0.2150425165600609,1.0942205821047537
0.18226847071491648,0.2174646990315523,1.0942205821047537
0.18051911632937845,0.2154462136386428,1.0942205821047537
0.18173020782705862,0.21759926472441293,1.0942205821047537
0.1795771562756272,0.21611904210294597,1.0942205821047537
0.18132651066116523,0.21800296180299483,1.0942205821047537
0.17876976194384042,0.21719556764583103,1.0942205821047537
0.18092281349527184,0.21840665888157673,1.0942205821047537
0.17836606477794703,0.21800296180299483,1.0942205821047537
0.1806536820513429,0.21881035596015863,1.0942205821047537
0.1780969333340181,0.21961775011732243,1.0942205821047537
0.18051911632937845,0.21961775011732243,1.0942205821047537
0.17836606477794703,0.2210979727387894,1.0942205821047537
0.1806536820513429,0.2202905785816256,1.0942205821047537
0.17903889338776935,0.2223090639745351,1.0942205821047537
0.1810573792172363,0.22082884135306813,1.0942205821047537
0.17903889338776935,0.2223090639745351,1.0942205821047537
0.1814610763831297,0.22123253843165003,1.0942205821047537
0.18024998488544952,0.2235201552102808,1.0942205821047537
0.18186477354902308,0.2215016698173713,1.0942205821047537
0.18159564210509416,0.22405841798172332,1.0942205821047537
0.18226847071491648,0.22163623551023193,1.0942205821047537
0.18267216788080987,0.22419298367458396,1.0942205821047537
0.18267216788080987,0.22177080120309256,1.0942205821047537
0.18321043076866772,0.22163623551023193,1.0942205821047537
0.18267216788080987,0.22419298367458396,1.0942205821047537
0.18119194493920077,0.22567320629605092,1.0942205821047537
0.18159564210509416,0.22405841798172332,1.0942205821047537
0.18119194493920077,0.22567320629605092,1.0942205821047537
0.18024998488544952,0.2235201552102808,1.0942205821047537
0.17944259055366274,0.22486581213888712,1.0942205821047537
0.17903889338776935,0.2223090639745351,1.0942205821047537
0.1776932361681247,0.22338558951742016,1.0942205821047537
0.17836606477794703,0.2210979727387894,1.0942205821047537
0.17675127611437347,0.22163623551023193,1.0942205821047537
0.1780969333340181,0.21961775011732243,1.0942205821047537
0.17634757894848008,0.21961775011732243,1.0942205821047537
0.17836606477794703,0.21800296180299483,1.0942205821047537
0.17675127611437347,0.2174646990315523,1.0942205821047537
0.17876976194384042,0.21719556764583103,1.0942205821047537
0.17728953900223132,0.2162536077958066,1.0942205821047537
0.1795771562756272,0.21611904210294597,1.0942205821047537
0.1785006304999115,0.21490795086720027,1.0942205821047537
0.18051911632937845,0.2154462136386428,1.0942205821047537
0.17971172199759167,0.21396599101717584,1.0942205821047537
0.18159564210509416,0.2150425165600609,1.0942205821047537
0.18119194493920077,0.2134277282457333,1.0942205821047537
0.18267216788080987,0.21490795086720027,1.0942205821047537
0.18267216788080987,0.21315859686001204,1.0942205821047537
0.18388325937849004,0.2150425165600609,1.0942205821047537
0.18428695654438343,0.2134277282457333,1.0942205821047537
0.18522891659813467,0.21558077933150344,1.0942205821047537
0.18603631092992146,0.2142351224028971,1.0942205821047537
0.18644000809581485,0.21679187056724913,1.0942205821047537
0.18778566531545948,0.21571534502436407,1.0942205821047537
0.18711283670563716,0.21800296180299483,1.0942205821047537
0.18872762536921073,0.2174646990315523,1.0942205821047537
0.1873819681495661,0.21961775011732243,1.0942205821047537
0.18913132253510412,0.21961775011732243,1.0942205821047537
0.18711283670563716,0.2210979727387894,1.0942205821047537
0.18872762536921073,0.22163623551023193,1.0942205821047537
0.18670913953974377,0.2219053668959532,1.0942205821047537
0.18818936248135287,0.22284732674597763,1.0942205821047537
0.185901745207957,0.22298189243883826,1.0942205821047537
0.1869782709836727,0.22419298367458396,1.0942205821047537
0.18495978515420575,0.22365472090314142,1.0942205821047537
0.18576717948599253,0.2251349435246084,1.0942205821047537
0.18388325937849004,0.22405841798172332,1.0942205821047537
0.18428695654438343,0.22567320629605092,1.0942205821047537
0.18267216788080987,0.2259423376817722,1.0942205821047537
0.18267216788080987,0.22728799461037852,1.0924673833069392
0.18078824777330738,0.22715342891751789,1.0924673833069392
0.1806536820513429,0.22782625738182105,1.0907141845091246
0.17863519622187596,0.22621146906749345,1.0924673833069392
0.17823149905598257,0.22688429753179662,1.0907141845091246
0.17648214467044454,0.22419298367458396,1.0924673833069392
0.17580931606062222,0.2247312464460265,1.0907141845091246
0.17540561889472883,0.22203993258881383,1.0924673833069392
0.17459822456294205,0.2223090639745351,1.0907141845091246
0.17500192172883544,0.21961775011732243,1.0924673833069392
0.17419452739704866,0.21961775011732243,1.0907141845091246
0.17540561889472883,0.2170610019529704,1.0924673833069392
0.17459822456294205,0.21679187056724913,1.0907141845091246
0.17607844750455115,0.21558077933150344,1.0924673833069392
0.17540561889472883,0.21517708225292154,1.0907141845091246
0.17755867044616025,0.2138314253243152,1.0924673833069392
0.1770204075583024,0.21315859686001204,1.0907141845091246
0.17903889338776935,0.21275489978143014,1.0924673833069392
0.17863519622187596,0.21208207131712697,1.0907141845091246
0.18078824777330738,0.21194750562426634,1.0924673833069392
0.1806536820513429,0.21127467715996318,1.0907141845091246
0.18267216788080987,0.2118129399314057,1.0924673833069392
0.18267216788080987,0.2110055457742419,1.0907141845091246
0.18469065371027682,0.21194750562426634,1.0924673833069392
0.18482521943224128,0.21127467715996318,1.0907141845091246
0.18684370526170824,0.21288946547429077,1.0924673833069392
0.18724740242760163,0.2122166370099876,1.0907141845091246
0.18899675681313965,0.21490795086720027,1.0924673833069392
0.18966958542296197,0.21436968809575774,1.0907141845091246
0.19007328258885536,0.2170610019529704,1.0924673833069392
0.19088067692064214,0.21679187056724913,1.0907141845091246
0.19047697975474875,0.21961775011732243,1.0924673833069392
0.19128437408653554,0.21961775011732243,1.0907141845091246
0.19007328258885536,0.22203993258881383,1.0924673833069392
0.19088067692064214,0.2223090639745351,1.0907141845091246
0.18940045397903305,0.2235201552102808,1.0924673833069392
0.19007328258885536,0.2239238522888627,1.0907141845091246
0.18792023103742395,0.22526950921746902,1.0924673833069392
0.1884584939252818,0.2259423376817722,1.0907141845091246
0.18644000809581485,0.2263460347603541,1.0924673833069392
0.18684370526170824,0.22701886322465725,1.0907141845091246
0.18469065371027682,0.22715342891751789,1.0924673833069392
0.18482521943224128,0.22782625738182105,1.0907141845091246
0.18267216788080987,0.22809538876754232,1.0907141845091246
0.18482521943224128,0.22782625738182105,1.0907141845091246
0.18267216788080987,0.22903734861756675,1.08896098571131
0.18482521943224128,0.22782625738182105,1.0907141845091246
0.1850943508761702,0.22876821723184548,1.08896098571131
0.18482521943224128,0.22782625738182105,1.0907141845091246
0.18724740242760163,0.22796082307468168,1.08896098571131
0.18684370526170824,0.22701886322465725,1.0907141845091246
0.18913132253510412,0.22661516614607535,1.08896098571131
0.1884584939252818,0.2259423376817722,1.0907141845091246
0.19088067692064214,0.22446211506030522,1.08896098571131
0.19007328258885536,0.2239238522888627,1.0907141845091246
0.19168807125242893,0.22257819536025636,1.08896098571131
0.19088067692064214,0.2223090639745351,1.0907141845091246
0.19222633414028678,0.21961775011732243,1.08896098571131
0.19128437408653554,0.21961775011732243,1.0907141845091246
0.19168807125242893,0.21652273918152787,1.08896098571131
0.19088067692064214,0.21679187056724913,1.0907141845091246
0.1903424140327843,0.2138314253243152,1.08896098571131
0.18966958542296197,0.21436968809575774,1.0907141845091246
0.18778566531545948,0.2114092428528238,1.08896098571131
0.18724740242760163,0.2122166370099876,1.0907141845091246
0.1850943508761702,0.21033271730993874,1.08896098571131
0.18482521943224128,0.21127467715996318,1.0907141845091246
0.18267216788080987,0.21006358592421748,1.08896098571131
0.18267216788080987,0.2110055457742419,1.0907141845091246
0.18038455060741398,0.21033271730993874,1.08896098571131
0.1806536820513429,0.21127467715996318,1.0907141845091246
0.17823149905598257,0.21114011146710254,1.08896098571131
0.17863519622187596,0.21208207131712697,1.0907141845091246
0.17634757894848008,0.21248576839570887,1.08896098571131
0.1770204075583024,0.21315859686001204,1.0907141845091246
0.17459822456294205,0.214638819481479,1.08896098571131
0.17540561889472883,0.21517708225292154,1.0907141845091246
0.17379083023115527,0.21652273918152787,1.08896098571131
0.17459822456294205,0.21679187056724913,1.0907141845091246
0.17325256734329741,0.21961775011732243,1.08896098571131
0.17419452739704866,0.21961775011732243,1.0907141845091246
0.17379083023115527,0.22257819536025636,1.08896098571131
0.17459822456294205,0.2223090639745351,1.0907141845091246
0.1751364874507999,0.22526950921746902,1.08896098571131
0.17580931606062222,0.2247312464460265,1.0907141845091246
0.1776932361681247,0.22769169168896042,1.08896098571131
0.17823149905598257,0.22688429753179662,1.0907141845091246
0.18038455060741398,0.22876821723184548,1.08896098571131
0.1806536820513429,0.22782625738182105,1.0907141845091246
0.17580931606062222,0.2126203340885695,0.19833599642151967
0.17782780189008918,0.2110055457742419,0.19833599642151967
0.1762130132265156,0.2081796662241686,0.19833599642151967
0.18024998488544952,0.21006358592421748,0.19833599642151967
