362.7994384765626,-627.6358318328856, 683.4641113281278
343.01336669921886,-627.6358318328856, 683.8302001953153
361.04067993164074,-627.6358318328856, 681.3681030273466
361.04067993164074,-627.6358318328856, 681.3681030273466
343.01336669921886,-627.6358318328856, 683.8302001953153
344.7234802246095,-627.6358318328856, 680.8682250976591
361.04067993164074,-627.6358318328856, 681.3681030273466
344.7234802246095,-627.6358318328856, 680.8682250976591
361.04067993164074,-627.6358318328856, 678.6318969726591
365.4940185546876,-627.6358318328856, 683.9392089843778
367.8636169433595,-627.6358318328856, 682.5711669921903
379.7994384765626,-627.6358318328856, 700.0000000000028
365.4940185546876,-627.6358318328856, 683.9392089843778
379.7994384765626,-627.6358318328856, 700.0000000000028
362.7994384765626,-627.6358318328856, 683.4641113281278
367.8636169433595,-627.6358318328856, 682.5711669921903
368.7994384765626,-627.6358318328856, 680.0000000000028
379.7994384765626,-627.6358318328856, 700.0000000000028
368.7994384765626,-627.6358318328856, 680.0000000000028
367.8636169433595,-627.6358318328856, 677.4288330078153
379.7994384765626,-627.6358318328856, 660.0000000000028
368.7994384765626,-627.6358318328856, 680.0000000000028
379.7994384765626,-627.6358318328856, 660.0000000000028
379.7994384765626,-627.6358318328856, 700.0000000000028
367.8636169433595,-627.6358318328856, 677.4288330078153
365.4940185546876,-627.6358318328856, 676.0607910156278
379.7994384765626,-627.6358318328856, 660.0000000000028
365.4940185546876,-627.6358318328856, 676.0607910156278
362.7994384765626,-627.6358318328856, 676.5358886718778
299.7994384765626,-627.6358318328856, 660.0000000000028
365.4940185546876,-627.6358318328856, 676.0607910156278
299.7994384765626,-627.6358318328856, 660.0000000000028
379.7994384765626,-627.6358318328856, 660.0000000000028
362.7994384765626,-627.6358318328856, 676.5358886718778
361.04067993164074,-627.6358318328856, 678.6318969726591
341.50955200195324,-627.6358318328856, 675.3015136718778
362.7994384765626,-627.6358318328856, 676.5358886718778
341.50955200195324,-627.6358318328856, 675.3015136718778
299.7994384765626,-627.6358318328856, 660.0000000000028
362.7994384765626,-627.6358318328856, 683.4641113281278
379.7994384765626,-627.6358318328856, 700.0000000000028
339.7994384765626,-627.6358318328856, 685.0000000000028
362.7994384765626,-627.6358318328856, 683.4641113281278
339.7994384765626,-627.6358318328856, 685.0000000000028
343.01336669921886,-627.6358318328856, 683.8302001953153
379.7994384765626,-627.6358318328856, 660.0000000000028
299.7994384765626,-627.6358318328856, 660.0000000000028
379.7994384765626,-625.6358318328856, 660.0000000000028
379.7994384765626,-627.6358318328856, 660.0000000000028
379.7994384765626,-625.6358318328856, 660.0000000000028
379.7994384765626,-625.6358318328856, 700.0000000000028
379.7994384765626,-627.6358318328856, 660.0000000000028
379.7994384765626,-625.6358318328856, 700.0000000000028
379.7994384765626,-627.6358318328856, 700.0000000000028
379.7994384765626,-627.6358318328856, 700.0000000000028
379.7994384765626,-625.6358318328856, 700.0000000000028
299.7994384765626,-625.6358318328856, 700.0000000000028
379.7994384765626,-627.6358318328856, 700.0000000000028
299.7994384765626,-625.6358318328856, 700.0000000000028
299.7994384765626,-627.6358318328856, 700.0000000000028
379.7994384765626,-627.6358318328856, 700.0000000000028
299.7994384765626,-627.6358318328856, 700.0000000000028
339.7994384765626,-627.6358318328856, 685.0000000000028
361.04067993164074,-627.6358318328856, 678.6318969726591
344.7234802246095,-627.6358318328856, 680.8682250976591
344.7994384765626,-627.6358318328856, 680.0000000000028
361.04067993164074,-627.6358318328856, 678.6318969726591
344.7994384765626,-627.6358318328856, 680.0000000000028
344.12957763671886,-627.6358318328856, 677.5000000000028
361.04067993164074,-627.6358318328856, 678.6318969726591
344.12957763671886,-627.6358318328856, 677.5000000000028
341.50955200195324,-627.6358318328856, 675.3015136718778
344.12957763671886,-627.6358318328856, 677.5000000000028
344.7994384765626,-627.6358318328856, 680.0000000000028
344.7994384765626,-627.5858440399169, 680.0000000000028
344.12957763671886,-627.6358318328856, 677.5000000000028
344.7994384765626,-627.5858440399169, 680.0000000000028
344.12957763671886,-627.5858440399169, 677.5000000000028
344.12957763671886,-627.6358318328856, 677.5000000000028
344.12957763671886,-627.5858440399169, 677.5000000000028
341.50955200195324,-627.6358318328856, 675.3015136718778
344.7994384765626,-627.6358318328856, 680.0000000000028
344.7234802246095,-627.6358318328856, 680.8682250976591
344.7234802246095,-627.5858440399169, 680.8682250976591
344.7994384765626,-627.6358318328856, 680.0000000000028
344.7234802246095,-627.5858440399169, 680.8682250976591
344.7994384765626,-627.5858440399169, 680.0000000000028
344.7994384765626,-627.5858440399169, 680.0000000000028
344.7234802246095,-627.5858440399169, 680.8682250976591
339.7994384765626,-627.5858440399169, 680.0000000000028
344.7994384765626,-627.5858440399169, 680.0000000000028
339.7994384765626,-627.5858440399169, 680.0000000000028
344.12957763671886,-627.5858440399169, 677.5000000000028
344.7234802246095,-627.5858440399169, 680.8682250976591
344.7234802246095,-627.6358318328856, 680.8682250976591
343.01336669921886,-627.5858440399169, 683.8302001953153
344.7234802246095,-627.5858440399169, 680.8682250976591
343.01336669921886,-627.5858440399169, 683.8302001953153
339.7994384765626,-627.5858440399169, 680.0000000000028
344.7234802246095,-627.6358318328856, 680.8682250976591
343.01336669921886,-627.6358318328856, 683.8302001953153
343.01336669921886,-627.5858440399169, 683.8302001953153
343.01336669921886,-627.5858440399169, 683.8302001953153
343.01336669921886,-627.6358318328856, 683.8302001953153
339.7994384765626,-627.5858440399169, 685.0000000000028
343.01336669921886,-627.5858440399169, 683.8302001953153
339.7994384765626,-627.5858440399169, 685.0000000000028
339.7994384765626,-627.5858440399169, 680.0000000000028
343.01336669921886,-627.6358318328856, 683.8302001953153
339.7994384765626,-627.6358318328856, 685.0000000000028
339.7994384765626,-627.5858440399169, 685.0000000000028
339.7994384765626,-627.5858440399169, 685.0000000000028
339.7994384765626,-627.6358318328856, 685.0000000000028
336.58551025390636,-627.5858440399169, 683.8302001953153
339.7994384765626,-627.5858440399169, 685.0000000000028
336.58551025390636,-627.5858440399169, 683.8302001953153
339.7994384765626,-627.5858440399169, 680.0000000000028
344.12957763671886,-627.5858440399169, 677.5000000000028
339.7994384765626,-627.5858440399169, 680.0000000000028
341.50955200195324,-627.5858440399169, 675.3015136718778
344.12957763671886,-627.5858440399169, 677.5000000000028
341.50955200195324,-627.5858440399169, 675.3015136718778
341.50955200195324,-627.6358318328856, 675.3015136718778
339.7994384765626,-627.6358318328856, 685.0000000000028
299.7994384765626,-627.6358318328856, 700.0000000000028
336.58551025390636,-627.6358318328856, 683.8302001953153
339.7994384765626,-627.6358318328856, 685.0000000000028
336.58551025390636,-627.6358318328856, 683.8302001953153
336.58551025390636,-627.5858440399169, 683.8302001953153
336.58551025390636,-627.5858440399169, 683.8302001953153
336.58551025390636,-627.6358318328856, 683.8302001953153
334.87539672851574,-627.5858440399169, 680.8682250976591
336.58551025390636,-627.5858440399169, 683.8302001953153
334.87539672851574,-627.5858440399169, 680.8682250976591
339.7994384765626,-627.5858440399169, 680.0000000000028
336.58551025390636,-627.6358318328856, 683.8302001953153
299.7994384765626,-627.6358318328856, 700.0000000000028
334.87539672851574,-627.6358318328856, 680.8682250976591
336.58551025390636,-627.6358318328856, 683.8302001953153
334.87539672851574,-627.6358318328856, 680.8682250976591
334.87539672851574,-627.5858440399169, 680.8682250976591
334.87539672851574,-627.5858440399169, 680.8682250976591
334.87539672851574,-627.6358318328856, 680.8682250976591
335.46929931640636,-627.5858440399169, 677.5000000000028
334.87539672851574,-627.5858440399169, 680.8682250976591
335.46929931640636,-627.5858440399169, 677.5000000000028
339.7994384765626,-627.5858440399169, 680.0000000000028
339.7994384765626,-627.5858440399169, 680.0000000000028
335.46929931640636,-627.5858440399169, 677.5000000000028
338.089324951172,-627.5858440399169, 675.3015136718778
339.7994384765626,-627.5858440399169, 680.0000000000028
338.089324951172,-627.5858440399169, 675.3015136718778
341.50955200195324,-627.5858440399169, 675.3015136718778
335.46929931640636,-627.5858440399169, 677.5000000000028
334.87539672851574,-627.6358318328856, 680.8682250976591
335.46929931640636,-627.6358318328856, 677.5000000000028
335.46929931640636,-627.5858440399169, 677.5000000000028
335.46929931640636,-627.6358318328856, 677.5000000000028
338.089324951172,-627.5858440399169, 675.3015136718778
338.089324951172,-627.5858440399169, 675.3015136718778
335.46929931640636,-627.6358318328856, 677.5000000000028
338.089324951172,-627.6358318328856, 675.3015136718778
338.089324951172,-627.5858440399169, 675.3015136718778
338.089324951172,-627.6358318328856, 675.3015136718778
341.50955200195324,-627.5858440399169, 675.3015136718778
341.50955200195324,-627.5858440399169, 675.3015136718778
338.089324951172,-627.6358318328856, 675.3015136718778
341.50955200195324,-627.6358318328856, 675.3015136718778
341.50955200195324,-627.6358318328856, 675.3015136718778
338.089324951172,-627.6358318328856, 675.3015136718778
299.7994384765626,-627.6358318328856, 660.0000000000028
335.46929931640636,-627.6358318328856, 677.5000000000028
334.87539672851574,-627.6358318328856, 680.8682250976591
317.8636169433595,-627.6358318328856, 682.5711669921903
335.46929931640636,-627.6358318328856, 677.5000000000028
317.8636169433595,-627.6358318328856, 682.5711669921903
318.7994384765626,-627.6358318328856, 680.0000000000028
335.46929931640636,-627.6358318328856, 677.5000000000028
318.7994384765626,-627.6358318328856, 680.0000000000028
338.089324951172,-627.6358318328856, 675.3015136718778
318.7994384765626,-627.6358318328856, 680.0000000000028
317.8636169433595,-627.6358318328856, 677.4288330078153
338.089324951172,-627.6358318328856, 675.3015136718778
317.8636169433595,-627.6358318328856, 677.4288330078153
315.4940338134767,-627.6358318328856, 676.0607910156278
338.089324951172,-627.6358318328856, 675.3015136718778
317.8636169433595,-627.6358318328856, 682.5711669921903
334.87539672851574,-627.6358318328856, 680.8682250976591
315.4940338134767,-627.6358318328856, 683.9392089843778
338.089324951172,-627.6358318328856, 675.3015136718778
315.4940338134767,-627.6358318328856, 676.0607910156278
299.7994384765626,-627.6358318328856, 660.0000000000028
315.4940338134767,-627.6358318328856, 676.0607910156278
312.7994384765626,-627.6358318328856, 676.5358886718778
299.7994384765626,-627.6358318328856, 660.0000000000028
312.7994384765626,-627.6358318328856, 676.5358886718778
311.0406646728517,-627.6358318328856, 678.6318969726591
299.7994384765626,-627.6358318328856, 660.0000000000028
334.87539672851574,-627.6358318328856, 680.8682250976591
299.7994384765626,-627.6358318328856, 700.0000000000028
315.4940338134767,-627.6358318328856, 683.9392089843778
315.4940338134767,-627.6358318328856, 683.9392089843778
299.7994384765626,-627.6358318328856, 700.0000000000028
312.7994384765626,-627.6358318328856, 683.4641113281278
312.7994384765626,-627.6358318328856, 683.4641113281278
299.7994384765626,-627.6358318328856, 700.0000000000028
311.0406646728517,-627.6358318328856, 681.3681030273466
311.0406646728517,-627.6358318328856, 681.3681030273466
299.7994384765626,-627.6358318328856, 700.0000000000028
311.0406646728517,-627.6358318328856, 678.6318969726591
311.0406646728517,-627.6358318328856, 678.6318969726591
299.7994384765626,-627.6358318328856, 700.0000000000028
299.7994384765626,-627.6358318328856, 660.0000000000028
299.7994384765626,-627.6358318328856, 700.0000000000028
299.7994384765626,-625.6358318328856, 700.0000000000028
299.7994384765626,-625.6358318328856, 660.0000000000028
299.7994384765626,-627.6358318328856, 700.0000000000028
299.7994384765626,-625.6358318328856, 660.0000000000028
299.7994384765626,-627.6358318328856, 660.0000000000028
299.7994384765626,-627.6358318328856, 660.0000000000028
299.7994384765626,-625.6358318328856, 660.0000000000028
379.7994384765626,-625.6358318328856, 660.0000000000028
379.7994384765626,-625.6358318328856, 660.0000000000028
299.7994384765626,-625.6358318328856, 660.0000000000028
362.22830200195324,-625.6358318328856, 676.9358520507841
379.7994384765626,-625.6358318328856, 660.0000000000028
362.22830200195324,-625.6358318328856, 676.9358520507841
364.7994384765626,-625.6358318328856, 676.0000000000028
379.7994384765626,-625.6358318328856, 660.0000000000028
364.7994384765626,-625.6358318328856, 676.0000000000028
367.370574951172,-625.6358318328856, 676.9358520507841
379.7994384765626,-625.6358318328856, 660.0000000000028
367.370574951172,-625.6358318328856, 676.9358520507841
368.73867797851574,-625.6358318328856, 679.3054199218778
379.7994384765626,-625.6358318328856, 660.0000000000028
368.73867797851574,-625.6358318328856, 679.3054199218778
379.7994384765626,-625.6358318328856, 700.0000000000028
367.370574951172,-625.6358318328856, 676.9358520507841
364.7994384765626,-625.6358318328856, 676.0000000000028
364.7994384765626,-627.6358318328856, 676.0000000000028
367.370574951172,-625.6358318328856, 676.9358520507841
364.7994384765626,-627.6358318328856, 676.0000000000028
367.370574951172,-627.6358318328856, 676.9358520507841
367.370574951172,-625.6358318328856, 676.9358520507841
367.370574951172,-627.6358318328856, 676.9358520507841
368.73867797851574,-625.6358318328856, 679.3054199218778
367.370574951172,-627.6358318328856, 676.9358520507841
368.73867797851574,-627.6358318328856, 679.3054199218778
368.73867797851574,-625.6358318328856, 679.3054199218778
364.7994384765626,-627.6358318328856, 676.0000000000028
364.7994384765626,-625.6358318328856, 676.0000000000028
362.22830200195324,-627.6358318328856, 676.9358520507841
364.7994384765626,-625.6358318328856, 676.0000000000028
362.22830200195324,-625.6358318328856, 676.9358520507841
362.22830200195324,-627.6358318328856, 676.9358520507841
362.22830200195324,-627.6358318328856, 676.9358520507841
362.22830200195324,-625.6358318328856, 676.9358520507841
360.8601989746095,-627.6358318328856, 679.3054199218778
368.73867797851574,-627.6358318328856, 679.3054199218778
368.7994384765626,-627.6358318328856, 680.0000000000028
368.7994384765626,-625.6358318328856, 680.0000000000028
368.73867797851574,-627.6358318328856, 679.3054199218778
368.7994384765626,-625.6358318328856, 680.0000000000028
368.73867797851574,-625.6358318328856, 679.3054199218778
368.73867797851574,-625.6358318328856, 679.3054199218778
368.7994384765626,-625.6358318328856, 680.0000000000028
379.7994384765626,-625.6358318328856, 700.0000000000028
368.7994384765626,-625.6358318328856, 680.0000000000028
368.7994384765626,-627.6358318328856, 680.0000000000028
368.2635498046876,-625.6358318328856, 682.0000000000028
368.7994384765626,-625.6358318328856, 680.0000000000028
368.2635498046876,-625.6358318328856, 682.0000000000028
379.7994384765626,-625.6358318328856, 700.0000000000028
368.7994384765626,-627.6358318328856, 680.0000000000028
368.2635498046876,-627.6358318328856, 682.0000000000028
368.2635498046876,-625.6358318328856, 682.0000000000028
368.2635498046876,-625.6358318328856, 682.0000000000028
368.2635498046876,-627.6358318328856, 682.0000000000028
366.16751098632824,-625.6358318328856, 683.7587890625028
368.2635498046876,-625.6358318328856, 682.0000000000028
366.16751098632824,-625.6358318328856, 683.7587890625028
379.7994384765626,-625.6358318328856, 700.0000000000028
368.2635498046876,-627.6358318328856, 682.0000000000028
366.16751098632824,-627.6358318328856, 683.7587890625028
366.16751098632824,-625.6358318328856, 683.7587890625028
366.16751098632824,-625.6358318328856, 683.7587890625028
366.16751098632824,-627.6358318328856, 683.7587890625028
363.431365966797,-625.6358318328856, 683.7587890625028
366.16751098632824,-625.6358318328856, 683.7587890625028
363.431365966797,-625.6358318328856, 683.7587890625028
379.7994384765626,-625.6358318328856, 700.0000000000028
366.16751098632824,-627.6358318328856, 683.7587890625028
363.431365966797,-627.6358318328856, 683.7587890625028
363.431365966797,-625.6358318328856, 683.7587890625028
379.7994384765626,-625.6358318328856, 700.0000000000028
363.431365966797,-625.6358318328856, 683.7587890625028
299.7994384765626,-625.6358318328856, 700.0000000000028
363.431365966797,-625.6358318328856, 683.7587890625028
363.431365966797,-627.6358318328856, 683.7587890625028
361.3353271484376,-625.6358318328856, 682.0000000000028
363.431365966797,-625.6358318328856, 683.7587890625028
361.3353271484376,-625.6358318328856, 682.0000000000028
299.7994384765626,-625.6358318328856, 700.0000000000028
363.431365966797,-627.6358318328856, 683.7587890625028
361.3353271484376,-627.6358318328856, 682.0000000000028
361.3353271484376,-625.6358318328856, 682.0000000000028
361.3353271484376,-627.6358318328856, 682.0000000000028
360.8601989746095,-627.6358318328856, 679.3054199218778
360.8601989746095,-625.6358318328856, 679.3054199218778
361.3353271484376,-627.6358318328856, 682.0000000000028
360.8601989746095,-625.6358318328856, 679.3054199218778
361.3353271484376,-625.6358318328856, 682.0000000000028
360.8601989746095,-627.6358318328856, 679.3054199218778
362.22830200195324,-625.6358318328856, 676.9358520507841
360.8601989746095,-625.6358318328856, 679.3054199218778
362.22830200195324,-625.6358318328856, 676.9358520507841
299.7994384765626,-625.6358318328856, 660.0000000000028
360.8601989746095,-625.6358318328856, 679.3054199218778
360.8601989746095,-625.6358318328856, 679.3054199218778
299.7994384765626,-625.6358318328856, 660.0000000000028
314.7994384765626,-625.6358318328856, 676.0000000000028
360.8601989746095,-625.6358318328856, 679.3054199218778
314.7994384765626,-625.6358318328856, 676.0000000000028
317.37059020996105,-625.6358318328856, 676.9358520507841
360.8601989746095,-625.6358318328856, 679.3054199218778
317.37059020996105,-625.6358318328856, 676.9358520507841
318.7386627197267,-625.6358318328856, 679.3054199218778
360.8601989746095,-625.6358318328856, 679.3054199218778
318.7386627197267,-625.6358318328856, 679.3054199218778
361.3353271484376,-625.6358318328856, 682.0000000000028
317.37059020996105,-625.6358318328856, 676.9358520507841
314.7994384765626,-625.6358318328856, 676.0000000000028
314.7994384765626,-627.6358318328856, 676.0000000000028
317.37059020996105,-625.6358318328856, 676.9358520507841
314.7994384765626,-627.6358318328856, 676.0000000000028
317.37059020996105,-627.6358318328856, 676.9358520507841
317.37059020996105,-625.6358318328856, 676.9358520507841
317.37059020996105,-627.6358318328856, 676.9358520507841
318.7386627197267,-625.6358318328856, 679.3054199218778
317.37059020996105,-627.6358318328856, 676.9358520507841
318.7386627197267,-627.6358318328856, 679.3054199218778
318.7386627197267,-625.6358318328856, 679.3054199218778
314.7994384765626,-627.6358318328856, 676.0000000000028
314.7994384765626,-625.6358318328856, 676.0000000000028
312.2282867431642,-627.6358318328856, 676.9358520507841
318.7386627197267,-627.6358318328856, 679.3054199218778
318.7994384765626,-627.6358318328856, 680.0000000000028
318.7994384765626,-625.6358318328856, 680.0000000000028
318.7386627197267,-627.6358318328856, 679.3054199218778
318.7994384765626,-625.6358318328856, 680.0000000000028
318.7386627197267,-625.6358318328856, 679.3054199218778
318.7386627197267,-625.6358318328856, 679.3054199218778
318.7994384765626,-625.6358318328856, 680.0000000000028
361.3353271484376,-625.6358318328856, 682.0000000000028
318.7994384765626,-625.6358318328856, 680.0000000000028
318.7994384765626,-627.6358318328856, 680.0000000000028
318.26353454589855,-625.6358318328856, 682.0000000000028
318.7994384765626,-625.6358318328856, 680.0000000000028
318.26353454589855,-625.6358318328856, 682.0000000000028
361.3353271484376,-625.6358318328856, 682.0000000000028
318.7994384765626,-627.6358318328856, 680.0000000000028
318.26353454589855,-627.6358318328856, 682.0000000000028
318.26353454589855,-625.6358318328856, 682.0000000000028
318.26353454589855,-625.6358318328856, 682.0000000000028
318.26353454589855,-627.6358318328856, 682.0000000000028
316.1675262451173,-625.6358318328856, 683.7587890625028
318.26353454589855,-625.6358318328856, 682.0000000000028
316.1675262451173,-625.6358318328856, 683.7587890625028
361.3353271484376,-625.6358318328856, 682.0000000000028
318.26353454589855,-627.6358318328856, 682.0000000000028
316.1675262451173,-627.6358318328856, 683.7587890625028
316.1675262451173,-625.6358318328856, 683.7587890625028
361.3353271484376,-625.6358318328856, 682.0000000000028
316.1675262451173,-625.6358318328856, 683.7587890625028
299.7994384765626,-625.6358318328856, 700.0000000000028
316.1675262451173,-625.6358318328856, 683.7587890625028
316.1675262451173,-627.6358318328856, 683.7587890625028
313.4313507080079,-625.6358318328856, 683.7587890625028
316.1675262451173,-625.6358318328856, 683.7587890625028
313.4313507080079,-625.6358318328856, 683.7587890625028
299.7994384765626,-625.6358318328856, 700.0000000000028
316.1675262451173,-627.6358318328856, 683.7587890625028
313.4313507080079,-627.6358318328856, 683.7587890625028
313.4313507080079,-625.6358318328856, 683.7587890625028
313.4313507080079,-625.6358318328856, 683.7587890625028
313.4313507080079,-627.6358318328856, 683.7587890625028
311.3353424072267,-625.6358318328856, 682.0000000000028
313.4313507080079,-625.6358318328856, 683.7587890625028
311.3353424072267,-625.6358318328856, 682.0000000000028
299.7994384765626,-625.6358318328856, 700.0000000000028
313.4313507080079,-627.6358318328856, 683.7587890625028
311.3353424072267,-627.6358318328856, 682.0000000000028
311.3353424072267,-625.6358318328856, 682.0000000000028
299.7994384765626,-625.6358318328856, 700.0000000000028
311.3353424072267,-625.6358318328856, 682.0000000000028
299.7994384765626,-625.6358318328856, 660.0000000000028
311.3353424072267,-625.6358318328856, 682.0000000000028
311.3353424072267,-627.6358318328856, 682.0000000000028
310.86021423339855,-625.6358318328856, 679.3054199218778
311.3353424072267,-625.6358318328856, 682.0000000000028
310.86021423339855,-625.6358318328856, 679.3054199218778
299.7994384765626,-625.6358318328856, 660.0000000000028
311.3353424072267,-627.6358318328856, 682.0000000000028
310.86021423339855,-627.6358318328856, 679.3054199218778
310.86021423339855,-625.6358318328856, 679.3054199218778
310.86021423339855,-625.6358318328856, 679.3054199218778
310.86021423339855,-627.6358318328856, 679.3054199218778
312.2282867431642,-625.6358318328856, 676.9358520507841
310.86021423339855,-625.6358318328856, 679.3054199218778
312.2282867431642,-625.6358318328856, 676.9358520507841
299.7994384765626,-625.6358318328856, 660.0000000000028
310.86021423339855,-627.6358318328856, 679.3054199218778
312.2282867431642,-627.6358318328856, 676.9358520507841
312.2282867431642,-625.6358318328856, 676.9358520507841
312.2282867431642,-627.6358318328856, 676.9358520507841
314.7994384765626,-625.6358318328856, 676.0000000000028
312.2282867431642,-625.6358318328856, 676.9358520507841
312.2282867431642,-625.6358318328856, 676.9358520507841
314.7994384765626,-625.6358318328856, 676.0000000000028
299.7994384765626,-625.6358318328856, 660.0000000000028
