928.6006469726562,-612.0478191375734,928.6006469726562
928.6006469726562,-614.0478191375734,928.6006469726562
928.1519775390625,-614.0478191375734,928.1519775390625
928.1519775390625,-614.0478191375734,928.1519775390625
928.6006469726562,-614.0478191375734,928.6006469726562
783.0,-614.0478191375734,783.0
928.1519775390625,-614.0478191375734,928.1519775390625
783.0,-614.0478191375734,783.0
926.6141967773438,-614.0478191375734,926.6141967773438
928.1519775390625,-614.0478191375734,928.1519775390625
926.6141967773438,-614.0478191375734,926.6141967773438
928.1519775390625,-612.0478191375734,928.1519775390625
928.1519775390625,-614.0478191375734,928.1519775390625
928.1519775390625,-612.0478191375734,928.1519775390625
928.6006469726562,-612.0478191375734,928.6006469726562
928.6006469726562,-614.0478191375734,928.6006469726562
928.6006469726562,-612.0478191375734,928.6006469726562
928.6006469726562,-614.0478191375734,928.6006469726562
928.6006469726562,-614.0478191375734,928.6006469726562
928.6006469726562,-614.0478191375734,928.6006469726562
783.0,-614.0478191375734,783.0
928.6006469726562,-614.0478191375734,928.6006469726562
783.0,-614.0478191375734,783.0
783.0,-614.0478191375734,783.0
783.0,-614.0478191375734,783.0
928.6006469726562,-614.0478191375734,928.6006469726562
783.0,-612.0478191375734,783.0
783.0,-614.0478191375734,783.0
783.0,-612.0478191375734,783.0
783.0,-613.0478191375734,783.0
783.0,-614.0478191375734,783.0
783.0,-613.0478191375734,783.0
783.0,-614.0478191375734,783.0
783.0,-613.0478191375734,783.0
783.0,-612.0478191375734,783.0
728.7227783203125,-613.0478191375734,728.7227783203125
783.0,-613.0478191375734,783.0
728.7227783203125,-613.0478191375734,728.7227783203125
783.0,-613.0478191375734,783.0
783.0,-613.0478191375734,783.0
783.0,-613.0478191375734,783.0
783.0,-614.0478191375734,783.0
783.0,-613.0478191375734,783.0
728.7227783203125,-613.0478191375734,728.7227783203125
728.7227783203125,-613.0478191375734,728.7227783203125
783.0,-613.0478191375734,783.0
728.7227783203125,-613.0478191375734,728.7227783203125
783.0,-614.0478191375734,783.0
928.6006469726562,-614.0478191375734,928.6006469726562
928.6006469726562,-612.0478191375734,928.6006469726562
928.6006469726562,-612.0478191375734,928.6006469726562
928.6006469726562,-614.0478191375734,928.6006469726562
928.6006469726562,-612.0478191375734,928.6006469726562
928.6006469726562,-612.0478191375734,928.6006469726562
928.6006469726562,-614.0478191375734,928.6006469726562
928.6006469726562,-612.0478191375734,928.6006469726562
783.0,-612.0478191375734,783.0
928.6006469726562,-612.0478191375734,928.6006469726562
928.6006469726562,-612.0478191375734,928.6006469726562
928.6006469726562,560.7761554718016,928.6006469726562
928.6006469726562,-612.0478191375734,928.6006469726562
928.6006469726562,560.7761554718016,928.6006469726562
783.0,-612.0478191375734,783.0
783.0,-612.0478191375734,783.0
928.6006469726562,560.7761554718016,928.6006469726562
783.0,560.7761554718016,783.0
783.0,-612.0478191375734,783.0
783.0,560.7761554718016,783.0
728.7227783203125,-613.0478191375734,728.7227783203125
783.0,-614.0478191375734,783.0
728.7227783203125,-613.0478191375734,728.7227783203125
728.7227783203125,-614.0478191375734,728.7227783203125
783.0,-614.0478191375734,783.0
728.7227783203125,-614.0478191375734,728.7227783203125
783.0,-614.0478191375732,783.0
783.0,-614.0478191375734,783.0
783.0,-614.0478191375732,783.0
926.6141967773438,-614.0478191375734,926.6141967773438
728.7227783203125,-614.0478191375734,728.7227783203125
728.7227783203125,-613.0478191375734,728.7227783203125
728.7227783203125,-612.0478191375732,728.7227783203125
728.7227783203125,-614.0478191375734,728.7227783203125
728.7227783203125,-612.0478191375732,728.7227783203125
728.7227783203125,-614.0478191375732,728.7227783203125
728.7227783203125,-614.0478191375734,728.7227783203125
728.7227783203125,-614.0478191375732,728.7227783203125
783.0,-614.0478191375732,783.0
728.7227783203125,-614.0478191375732,728.7227783203125
728.7227783203125,-612.0478191375732,728.7227783203125
783.0,-612.0478191375732,783.0
728.7227783203125,-614.0478191375732,728.7227783203125
783.0,-612.0478191375732,783.0
783.0,-614.0478191375732,783.0
728.7227783203125,-612.0478191375732,728.7227783203125
728.7227783203125,-613.0478191375734,728.7227783203125
728.7227783203125,-612.0478191375734,728.7227783203125
728.7227783203125,-612.0478191375732,728.7227783203125
728.7227783203125,-612.0478191375734,728.7227783203125
783.0,-612.0478191375732,783.0
728.7227783203125,-613.0478191375734,728.7227783203125
728.7227783203125,-613.0478191375734,728.7227783203125
728.7227783203125,-612.0478191375734,728.7227783203125
728.7227783203125,-613.0478191375734,728.7227783203125
783.0,560.7761554718016,783.0
728.7227783203125,561.7761554718016,728.7227783203125
728.7227783203125,-613.0478191375734,728.7227783203125
728.7227783203125,561.7761554718016,728.7227783203125
728.7227783203125,560.7761554718016,728.7227783203125
728.7227783203125,-613.0478191375734,728.7227783203125
728.7227783203125,560.7761554718016,728.7227783203125
728.7227783203125,-612.0478191375734,728.7227783203125
728.7227783203125,561.7761554718016,728.7227783203125
783.0,560.7761554718016,783.0
783.0,561.7761554718016,783.0
728.7227783203125,561.7761554718016,728.7227783203125
783.0,561.7761554718016,783.0
728.7227783203125,561.7761554718016,728.7227783203125
728.7227783203125,561.7761554718016,728.7227783203125
728.7227783203125,561.7761554718016,728.7227783203125
728.7227783203125,560.7761554718016,728.7227783203125
783.0,560.7761554718016,783.0
928.6006469726562,560.7761554718016,928.6006469726562
783.0,562.7761554718016,783.0
783.0,560.7761554718016,783.0
783.0,562.7761554718016,783.0
783.0,561.7761554718016,783.0
783.0,561.7761554718016,783.0
783.0,562.7761554718016,783.0
783.0,561.7761554718016,783.0
783.0,561.7761554718016,783.0
783.0,561.7761554718016,783.0
728.7227783203125,561.7761554718016,728.7227783203125
783.0,561.7761554718016,783.0
783.0,562.7761554718016,783.0
783.0,562.7761554718016,783.0
783.0,561.7761554718016,783.0
783.0,562.7761554718016,783.0
728.7227783203125,562.7761554718016,728.7227783203125
783.0,561.7761554718016,783.0
728.7227783203125,562.7761554718016,728.7227783203125
728.7227783203125,561.7761554718016,728.7227783203125
728.7227783203125,562.7761554718016,728.7227783203125
783.0,562.7761554718016,783.0
728.7227783203125,562.7761554718018,728.7227783203125
728.7227783203125,562.7761554718016,728.7227783203125
728.7227783203125,562.7761554718018,728.7227783203125
728.7227783203125,561.7761554718016,728.7227783203125
728.7227783203125,561.7761554718016,728.7227783203125
728.7227783203125,562.7761554718018,728.7227783203125
728.7227783203125,560.7761554718016,728.7227783203125
783.0,562.7761554718016,783.0
928.6006469726562,560.7761554718016,928.6006469726562
928.6006469726562,562.7761554718016,928.6006469726562
783.0,562.7761554718016,783.0
928.6006469726562,562.7761554718016,928.6006469726562
783.0,562.7761554718016,783.0
928.6006469726562,560.7761554718016,928.6006469726562
928.6006469726562,-612.0478191375734,928.6006469726562
928.6006469726562,560.7761554718016,928.6006469726562
928.6006469726562,560.7761554718016,928.6006469726562
928.6006469726562,560.7761554718016,928.6006469726562
928.6006469726562,562.7761554718016,928.6006469726562
928.6006469726562,562.7761554718016,928.6006469726562
928.6006469726562,560.7761554718016,928.6006469726562
928.6006469726562,562.7761554718016,928.6006469726562
928.6006469726562,562.7761554718016,928.6006469726562
928.6006469726562,562.7761554718016,928.6006469726562
783.0,562.7761554718016,783.0
783.0,562.7761554718016,783.0
928.6006469726562,562.7761554718016,928.6006469726562
783.0,562.7761554718018,783.0
783.0,562.7761554718016,783.0
783.0,562.7761554718018,783.0
728.7227783203125,562.7761554718018,728.7227783203125
728.7227783203125,562.7761554718018,728.7227783203125
783.0,562.7761554718018,783.0
728.7227783203125,560.7761554718018,728.7227783203125
728.7227783203125,562.7761554718018,728.7227783203125
728.7227783203125,560.7761554718018,728.7227783203125
728.7227783203125,560.7761554718016,728.7227783203125
728.7227783203125,560.7761554718018,728.7227783203125
783.0,562.7761554718018,783.0
783.0,560.7761554718018,783.0
728.7227783203125,560.7761554718018,728.7227783203125
783.0,560.7761554718018,783.0
728.7227783203125,560.7761554718016,728.7227783203125
728.7227783203125,560.7761554718016,728.7227783203125
783.0,560.7761554718018,783.0
928.6006469726562,560.7761554718016,928.6006469726562
728.7227783203125,560.7761554718016,728.7227783203125
928.6006469726562,560.7761554718016,928.6006469726562
928.6006469726562,-612.0478191375734,928.6006469726562
728.7227783203125,560.7761554718016,728.7227783203125
928.6006469726562,-612.0478191375734,928.6006469726562
728.7227783203125,-612.0478191375734,728.7227783203125
928.6006469726562,-612.0478191375734,928.6006469726562
928.6006469726562,-612.0478191375734,928.6006469726562
728.7227783203125,-612.0478191375734,728.7227783203125
728.7227783203125,-612.0478191375734,728.7227783203125
928.6006469726562,-612.0478191375734,928.6006469726562
783.0,-612.0478191375732,783.0
928.6006469726562,560.7761554718016,928.6006469726562
783.0,560.7761554718018,783.0
928.6006469726562,560.7761554718016,928.6006469726562
928.6006469726562,560.7761554718016,928.6006469726562
928.6006469726562,560.7761554718016,928.6006469726562
928.6006469726562,562.7761554718016,928.6006469726562
928.6006469726562,-612.0478191375734,928.6006469726562
928.1519775390625,-612.0478191375734,928.1519775390625
898.7941284179688,-612.0478191375734,898.7941284179688
928.6006469726562,-612.0478191375734,928.6006469726562
898.7941284179688,-612.0478191375734,898.7941284179688
895.1801147460938,-612.0478191375734,895.1801147460938
928.6006469726562,-612.0478191375734,928.6006469726562
895.1801147460938,-612.0478191375734,895.1801147460938
783.0,-612.0478191375732,783.0
928.1519775390625,-612.0478191375734,928.1519775390625
926.6141967773438,-614.0478191375734,926.6141967773438
926.6141967773438,-612.0478191375734,926.6141967773438
928.1519775390625,-612.0478191375734,928.1519775390625
926.6141967773438,-612.0478191375734,926.6141967773438
913.8688354492188,-612.0478191375734,913.8688354492188
928.1519775390625,-612.0478191375734,928.1519775390625
913.8688354492188,-612.0478191375734,913.8688354492188
898.7941284179688,-612.0478191375734,898.7941284179688
926.6141967773438,-612.0478191375734,926.6141967773438
926.6141967773438,-614.0478191375734,926.6141967773438
924.5487060546875,-614.0478191375734,924.5487060546875
926.6141967773438,-612.0478191375734,926.6141967773438
924.5487060546875,-614.0478191375734,924.5487060546875
924.5487060546875,-612.0478191375734,924.5487060546875
926.6141967773438,-612.0478191375734,926.6141967773438
924.5487060546875,-612.0478191375734,924.5487060546875
913.8688354492188,-612.0478191375734,913.8688354492188
924.5487060546875,-612.0478191375734,924.5487060546875
924.5487060546875,-614.0478191375734,924.5487060546875
922.3548583984375,-614.0478191375734,922.3548583984375
924.5487060546875,-612.0478191375734,924.5487060546875
922.3548583984375,-614.0478191375734,922.3548583984375
922.3548583984375,-612.0478191375734,922.3548583984375
924.5487060546875,-612.0478191375734,924.5487060546875
922.3548583984375,-612.0478191375734,922.3548583984375
913.8688354492188,-612.0478191375734,913.8688354492188
924.5487060546875,-614.0478191375734,924.5487060546875
926.6141967773438,-614.0478191375734,926.6141967773438
913.8688354492188,-614.0478191375734,913.8688354492188
924.5487060546875,-614.0478191375734,924.5487060546875
913.8688354492188,-614.0478191375734,913.8688354492188
922.3548583984375,-614.0478191375734,922.3548583984375
922.3548583984375,-614.0478191375734,922.3548583984375
913.8688354492188,-614.0478191375734,913.8688354492188
919.9451904296875,-614.0478191375734,919.9451904296875
922.3548583984375,-614.0478191375734,922.3548583984375
919.9451904296875,-614.0478191375734,919.9451904296875
922.3548583984375,-612.0478191375734,922.3548583984375
922.3548583984375,-612.0478191375734,922.3548583984375
919.9451904296875,-614.0478191375734,919.9451904296875
919.9451904296875,-612.0478191375734,919.9451904296875
922.3548583984375,-612.0478191375734,922.3548583984375
919.9451904296875,-612.0478191375734,919.9451904296875
913.8688354492188,-612.0478191375734,913.8688354492188
919.9451904296875,-614.0478191375734,919.9451904296875
913.8688354492188,-614.0478191375734,913.8688354492188
917.2947387695312,-614.0478191375734,917.2947387695312
919.9451904296875,-614.0478191375734,919.9451904296875
917.2947387695312,-614.0478191375734,917.2947387695312
919.9451904296875,-612.0478191375734,919.9451904296875
917.2947387695312,-614.0478191375734,917.2947387695312
913.8688354492188,-614.0478191375734,913.8688354492188
917.2947387695312,-612.0478191375734,917.2947387695312
917.2947387695312,-614.0478191375734,917.2947387695312
917.2947387695312,-612.0478191375734,917.2947387695312
919.9451904296875,-612.0478191375734,919.9451904296875
919.9451904296875,-612.0478191375734,919.9451904296875
917.2947387695312,-612.0478191375734,917.2947387695312
913.8688354492188,-612.0478191375734,913.8688354492188
917.2947387695312,-612.0478191375734,917.2947387695312
913.8688354492188,-614.0478191375734,913.8688354492188
913.8688354492188,-612.0478191375734,913.8688354492188
913.8688354492188,-614.0478191375734,913.8688354492188
926.6141967773438,-614.0478191375734,926.6141967773438
898.7941284179688,-614.0478191375734,898.7941284179688
913.8688354492188,-614.0478191375734,913.8688354492188
898.7941284179688,-614.0478191375734,898.7941284179688
913.8688354492188,-612.0478191375734,913.8688354492188
913.8688354492188,-612.0478191375734,913.8688354492188
898.7941284179688,-614.0478191375734,898.7941284179688
898.7941284179688,-612.0478191375734,898.7941284179688
926.6141967773438,-614.0478191375734,926.6141967773438
783.0,-614.0478191375732,783.0
898.7941284179688,-614.0478191375734,898.7941284179688
898.7941284179688,-614.0478191375734,898.7941284179688
783.0,-614.0478191375732,783.0
895.1801147460938,-614.0478191375734,895.1801147460938
898.7941284179688,-614.0478191375734,898.7941284179688
895.1801147460938,-614.0478191375734,895.1801147460938
898.7941284179688,-612.0478191375734,898.7941284179688
898.7941284179688,-612.0478191375734,898.7941284179688
895.1801147460938,-614.0478191375734,895.1801147460938
895.1801147460938,-612.0478191375734,895.1801147460938
895.1801147460938,-614.0478191375734,895.1801147460938
783.0,-614.0478191375732,783.0
891.8544921875,-614.0478191375732,891.8544921875
895.1801147460938,-614.0478191375734,895.1801147460938
891.8544921875,-614.0478191375732,891.8544921875
895.1801147460938,-612.0478191375734,895.1801147460938
895.1801147460938,-612.0478191375734,895.1801147460938
891.8544921875,-614.0478191375732,891.8544921875
891.8544921875,-612.0478191375732,891.8544921875
895.1801147460938,-612.0478191375734,895.1801147460938
891.8544921875,-612.0478191375732,891.8544921875
783.0,-612.0478191375732,783.0
891.8544921875,-614.0478191375732,891.8544921875
783.0,-614.0478191375732,783.0
888.4415893554688,-614.0478191375732,888.4415893554688
891.8544921875,-614.0478191375732,891.8544921875
888.4415893554688,-614.0478191375732,888.4415893554688
891.8544921875,-612.0478191375732,891.8544921875
891.8544921875,-612.0478191375732,891.8544921875
888.4415893554688,-614.0478191375732,888.4415893554688
888.4415893554688,-612.0478191375732,888.4415893554688
891.8544921875,-612.0478191375732,891.8544921875
888.4415893554688,-612.0478191375732,888.4415893554688
783.0,-612.0478191375732,783.0
888.4415893554688,-614.0478191375732,888.4415893554688
783.0,-614.0478191375732,783.0
884.9202270507812,-614.0478191375732,884.9202270507812
888.4415893554688,-614.0478191375732,888.4415893554688
884.9202270507812,-614.0478191375732,884.9202270507812
888.4415893554688,-612.0478191375732,888.4415893554688
888.4415893554688,-612.0478191375732,888.4415893554688
884.9202270507812,-614.0478191375732,884.9202270507812
884.9202270507812,-612.0478191375732,884.9202270507812
888.4415893554688,-612.0478191375732,888.4415893554688
884.9202270507812,-612.0478191375732,884.9202270507812
783.0,-612.0478191375732,783.0
783.0,-612.0478191375732,783.0
884.9202270507812,-612.0478191375732,884.9202270507812
835.9984130859375,-612.0478191375732,835.9984130859375
783.0,-612.0478191375732,783.0
835.9984130859375,-612.0478191375732,835.9984130859375
783.0,-612.0478191375732,783.0
783.0,-612.0478191375732,783.0
783.0,-612.0478191375732,783.0
783.0,-614.0478191375732,783.0
783.0,-612.0478191375732,783.0
835.9984130859375,-612.0478191375732,835.9984130859375
783.0,-614.0478191375732,783.0
783.0,-612.0478191375732,783.0
783.0,-614.0478191375732,783.0
783.0,-614.0478191375732,783.0
783.0,-614.0478191375732,783.0
783.0,-614.0478191375732,783.0
884.9202270507812,-614.0478191375732,884.9202270507812
783.0,-614.0478191375732,783.0
835.9984130859375,-612.0478191375732,835.9984130859375
835.9984130859375,-614.0478191375732,835.9984130859375
783.0,-614.0478191375732,783.0
835.9984130859375,-614.0478191375732,835.9984130859375
884.9202270507812,-614.0478191375732,884.9202270507812
884.9202270507812,-614.0478191375732,884.9202270507812
835.9984130859375,-614.0478191375732,835.9984130859375
879.824462890625,-614.0478191375732,879.824462890625
884.9202270507812,-614.0478191375732,884.9202270507812
879.824462890625,-614.0478191375732,879.824462890625
884.9202270507812,-612.0478191375732,884.9202270507812
884.9202270507812,-612.0478191375732,884.9202270507812
879.824462890625,-614.0478191375732,879.824462890625
879.824462890625,-612.0478191375732,879.824462890625
884.9202270507812,-612.0478191375732,884.9202270507812
879.824462890625,-612.0478191375732,879.824462890625
835.9984130859375,-612.0478191375732,835.9984130859375
835.9984130859375,-612.0478191375732,835.9984130859375
879.824462890625,-612.0478191375732,879.824462890625
843.9681396484375,-612.0478191375732,843.9681396484375
835.9984130859375,-612.0478191375732,835.9984130859375
843.9681396484375,-612.0478191375732,843.9681396484375
835.9984130859375,-614.0478191375732,835.9984130859375
835.9984130859375,-614.0478191375732,835.9984130859375
843.9681396484375,-612.0478191375732,843.9681396484375
843.9681396484375,-614.0478191375732,843.9681396484375
835.9984130859375,-614.0478191375732,835.9984130859375
843.9681396484375,-614.0478191375732,843.9681396484375
879.824462890625,-614.0478191375732,879.824462890625
879.824462890625,-614.0478191375732,879.824462890625
843.9681396484375,-614.0478191375732,843.9681396484375
877.5433959960938,-614.0478191375732,877.5433959960938
879.824462890625,-614.0478191375732,879.824462890625
877.5433959960938,-614.0478191375732,877.5433959960938
879.824462890625,-612.0478191375732,879.824462890625
879.824462890625,-612.0478191375732,879.824462890625
877.5433959960938,-614.0478191375732,877.5433959960938
877.5433959960938,-612.0478191375732,877.5433959960938
879.824462890625,-612.0478191375732,879.824462890625
877.5433959960938,-612.0478191375732,877.5433959960938
843.9681396484375,-612.0478191375732,843.9681396484375
877.5433959960938,-614.0478191375732,877.5433959960938
843.9681396484375,-614.0478191375732,843.9681396484375
875.6177978515625,-614.0478191375732,875.6177978515625
877.5433959960938,-614.0478191375732,877.5433959960938
875.6177978515625,-614.0478191375732,875.6177978515625
877.5433959960938,-612.0478191375732,877.5433959960938
877.5433959960938,-612.0478191375732,877.5433959960938
875.6177978515625,-614.0478191375732,875.6177978515625
875.6177978515625,-612.0478191375732,875.6177978515625
877.5433959960938,-612.0478191375732,877.5433959960938
875.6177978515625,-612.0478191375732,875.6177978515625
843.9681396484375,-612.0478191375732,843.9681396484375
843.9681396484375,-612.0478191375732,843.9681396484375
875.6177978515625,-612.0478191375732,875.6177978515625
856.32373046875,-612.0478191375732,856.32373046875
843.9681396484375,-612.0478191375732,843.9681396484375
856.32373046875,-612.0478191375732,856.32373046875
843.9681396484375,-614.0478191375732,843.9681396484375
843.9681396484375,-614.0478191375732,843.9681396484375
856.32373046875,-612.0478191375732,856.32373046875
856.32373046875,-614.0478191375732,856.32373046875
843.9681396484375,-614.0478191375732,843.9681396484375
856.32373046875,-614.0478191375732,856.32373046875
875.6177978515625,-614.0478191375732,875.6177978515625
875.6177978515625,-614.0478191375732,875.6177978515625
856.32373046875,-614.0478191375732,856.32373046875
873.3946533203125,-614.0478191375732,873.3946533203125
875.6177978515625,-614.0478191375732,875.6177978515625
873.3946533203125,-614.0478191375732,873.3946533203125
875.6177978515625,-612.0478191375732,875.6177978515625
875.6177978515625,-612.0478191375732,875.6177978515625
873.3946533203125,-614.0478191375732,873.3946533203125
873.3946533203125,-612.0478191375732,873.3946533203125
875.6177978515625,-612.0478191375732,875.6177978515625
873.3946533203125,-612.0478191375732,873.3946533203125
856.32373046875,-612.0478191375732,856.32373046875
873.3946533203125,-614.0478191375732,873.3946533203125
856.32373046875,-614.0478191375732,856.32373046875
871.0831909179688,-614.0478191375732,871.0831909179688
873.3946533203125,-614.0478191375732,873.3946533203125
871.0831909179688,-614.0478191375732,871.0831909179688
873.3946533203125,-612.0478191375732,873.3946533203125
873.3946533203125,-612.0478191375732,873.3946533203125
871.0831909179688,-614.0478191375732,871.0831909179688
871.0831909179688,-612.0478191375732,871.0831909179688
873.3946533203125,-612.0478191375732,873.3946533203125
871.0831909179688,-612.0478191375732,871.0831909179688
856.32373046875,-612.0478191375732,856.32373046875
856.32373046875,-612.0478191375732,856.32373046875
871.0831909179688,-612.0478191375732,871.0831909179688
863.353271484375,-612.0478191375732,863.353271484375
856.32373046875,-612.0478191375732,856.32373046875
863.353271484375,-612.0478191375732,863.353271484375
856.32373046875,-614.0478191375732,856.32373046875
856.32373046875,-614.0478191375732,856.32373046875
863.353271484375,-612.0478191375732,863.353271484375
863.353271484375,-614.0478191375732,863.353271484375
856.32373046875,-614.0478191375732,856.32373046875
863.353271484375,-614.0478191375732,863.353271484375
871.0831909179688,-614.0478191375732,871.0831909179688
863.353271484375,-612.0478191375732,863.353271484375
871.0831909179688,-612.0478191375732,871.0831909179688
867.9114379882812,-612.0478191375732,867.9114379882812
863.353271484375,-612.0478191375732,863.353271484375
867.9114379882812,-612.0478191375732,867.9114379882812
863.353271484375,-614.0478191375732,863.353271484375
867.9114379882812,-612.0478191375732,867.9114379882812
871.0831909179688,-612.0478191375732,871.0831909179688
867.9114379882812,-614.0478191375732,867.9114379882812
867.9114379882812,-612.0478191375732,867.9114379882812
867.9114379882812,-614.0478191375732,867.9114379882812
863.353271484375,-614.0478191375732,863.353271484375
863.353271484375,-614.0478191375732,863.353271484375
867.9114379882812,-614.0478191375732,867.9114379882812
871.0831909179688,-614.0478191375732,871.0831909179688
867.9114379882812,-614.0478191375732,867.9114379882812
871.0831909179688,-612.0478191375732,871.0831909179688
871.0831909179688,-614.0478191375732,871.0831909179688
783.0,560.7761554718018,783.0
783.0,562.7761554718018,783.0
783.0,562.7761554718018,783.0
783.0,560.7761554718018,783.0
783.0,562.7761554718018,783.0
783.0,560.7761554718018,783.0
783.0,560.7761554718018,783.0
783.0,560.7761554718018,783.0
881.1911010742188,560.7761554718018,881.1911010742188
783.0,560.7761554718018,783.0
881.1911010742188,560.7761554718018,881.1911010742188
884.984375,560.7761554718018,884.984375
783.0,560.7761554718018,783.0
884.984375,560.7761554718018,884.984375
887.79736328125,560.7761554718018,887.79736328125
783.0,560.7761554718018,783.0
887.79736328125,560.7761554718018,887.79736328125
890.91796875,560.7761554718018,890.91796875
783.0,560.7761554718018,783.0
890.91796875,560.7761554718018,890.91796875
894.4717407226562,560.7761554718018,894.4717407226562
783.0,560.7761554718018,783.0
894.4717407226562,560.7761554718018,894.4717407226562
928.6006469726562,560.7761554718016,928.6006469726562
783.0,562.7761554718018,783.0
783.0,562.7761554718018,783.0
835.9984130859375,562.7761554718018,835.9984130859375
783.0,562.7761554718018,783.0
835.9984130859375,562.7761554718018,835.9984130859375
783.0,560.7761554718018,783.0
783.0,560.7761554718018,783.0
835.9984130859375,562.7761554718018,835.9984130859375
835.9984130859375,560.7761554718018,835.9984130859375
783.0,560.7761554718018,783.0
835.9984130859375,560.7761554718018,835.9984130859375
881.1911010742188,560.7761554718018,881.1911010742188
835.9984130859375,560.7761554718018,835.9984130859375
835.9984130859375,562.7761554718018,835.9984130859375
853.4608154296875,562.7761554718018,853.4608154296875
835.9984130859375,560.7761554718018,835.9984130859375
853.4608154296875,562.7761554718018,853.4608154296875
853.4608154296875,560.7761554718018,853.4608154296875
835.9984130859375,560.7761554718018,835.9984130859375
853.4608154296875,560.7761554718018,853.4608154296875
881.1911010742188,560.7761554718018,881.1911010742188
835.9984130859375,562.7761554718018,835.9984130859375
783.0,562.7761554718018,783.0
881.1911010742188,562.7761554718018,881.1911010742188
835.9984130859375,562.7761554718018,835.9984130859375
881.1911010742188,562.7761554718018,881.1911010742188
853.4608154296875,562.7761554718018,853.4608154296875
853.4608154296875,562.7761554718018,853.4608154296875
881.1911010742188,562.7761554718018,881.1911010742188
860.0857543945312,562.7761554718018,860.0857543945312
853.4608154296875,562.7761554718018,853.4608154296875
860.0857543945312,562.7761554718018,860.0857543945312
853.4608154296875,560.7761554718018,853.4608154296875
853.4608154296875,560.7761554718018,853.4608154296875
860.0857543945312,562.7761554718018,860.0857543945312
860.0857543945312,560.7761554718018,860.0857543945312
853.4608154296875,560.7761554718018,853.4608154296875
860.0857543945312,560.7761554718018,860.0857543945312
881.1911010742188,560.7761554718018,881.1911010742188
860.0857543945312,562.7761554718018,860.0857543945312
881.1911010742188,562.7761554718018,881.1911010742188
865.2734375,562.7761554718018,865.2734375
860.0857543945312,562.7761554718018,860.0857543945312
865.2734375,562.7761554718018,865.2734375
860.0857543945312,560.7761554718018,860.0857543945312
860.0857543945312,560.7761554718018,860.0857543945312
865.2734375,562.7761554718018,865.2734375
865.2734375,560.7761554718018,865.2734375
860.0857543945312,560.7761554718018,860.0857543945312
865.2734375,560.7761554718018,865.2734375
881.1911010742188,560.7761554718018,881.1911010742188
865.2734375,562.7761554718018,865.2734375
881.1911010742188,562.7761554718018,881.1911010742188
868.8129272460938,562.7761554718018,868.8129272460938
865.2734375,562.7761554718018,865.2734375
868.8129272460938,562.7761554718018,868.8129272460938
865.2734375,560.7761554718018,865.2734375
865.2734375,560.7761554718018,865.2734375
868.8129272460938,562.7761554718018,868.8129272460938
868.8129272460938,560.7761554718018,868.8129272460938
865.2734375,560.7761554718018,865.2734375
868.8129272460938,560.7761554718018,868.8129272460938
881.1911010742188,560.7761554718018,881.1911010742188
868.8129272460938,562.7761554718018,868.8129272460938
881.1911010742188,562.7761554718018,881.1911010742188
871.6262817382812,562.7761554718018,871.6262817382812
868.8129272460938,562.7761554718018,868.8129272460938
871.6262817382812,562.7761554718018,871.6262817382812
868.8129272460938,560.7761554718018,868.8129272460938
868.8129272460938,560.7761554718018,868.8129272460938
871.6262817382812,562.7761554718018,871.6262817382812
871.6262817382812,560.7761554718018,871.6262817382812
868.8129272460938,560.7761554718018,868.8129272460938
871.6262817382812,560.7761554718018,871.6262817382812
881.1911010742188,560.7761554718018,881.1911010742188
871.6262817382812,562.7761554718018,871.6262817382812
881.1911010742188,562.7761554718018,881.1911010742188
873.3417358398438,562.7761554718018,873.3417358398438
871.6262817382812,562.7761554718018,871.6262817382812
873.3417358398438,562.7761554718018,873.3417358398438
871.6262817382812,560.7761554718018,871.6262817382812
871.6262817382812,560.7761554718018,871.6262817382812
873.3417358398438,562.7761554718018,873.3417358398438
873.3417358398438,560.7761554718018,873.3417358398438
871.6262817382812,560.7761554718018,871.6262817382812
873.3417358398438,560.7761554718018,873.3417358398438
881.1911010742188,560.7761554718018,881.1911010742188
873.3417358398438,562.7761554718018,873.3417358398438
881.1911010742188,562.7761554718018,881.1911010742188
877.84619140625,562.7761554718018,877.84619140625
873.3417358398438,562.7761554718018,873.3417358398438
877.84619140625,562.7761554718018,877.84619140625
875.6040649414062,562.7761554718018,875.6040649414062
873.3417358398438,562.7761554718018,873.3417358398438
875.6040649414062,562.7761554718018,875.6040649414062
873.3417358398438,560.7761554718018,873.3417358398438
875.6040649414062,562.7761554718018,875.6040649414062
877.84619140625,562.7761554718018,877.84619140625
875.6040649414062,560.7761554718018,875.6040649414062
875.6040649414062,562.7761554718018,875.6040649414062
875.6040649414062,560.7761554718018,875.6040649414062
873.3417358398438,560.7761554718018,873.3417358398438
875.6040649414062,560.7761554718018,875.6040649414062
877.84619140625,562.7761554718018,877.84619140625
877.84619140625,560.7761554718018,877.84619140625
875.6040649414062,560.7761554718018,875.6040649414062
877.84619140625,560.7761554718018,877.84619140625
873.3417358398438,560.7761554718018,873.3417358398438
877.84619140625,562.7761554718018,877.84619140625
881.1911010742188,562.7761554718018,881.1911010742188
877.84619140625,560.7761554718018,877.84619140625
873.3417358398438,560.7761554718018,873.3417358398438
877.84619140625,560.7761554718018,877.84619140625
881.1911010742188,560.7761554718018,881.1911010742188
877.84619140625,560.7761554718018,877.84619140625
881.1911010742188,562.7761554718018,881.1911010742188
881.1911010742188,560.7761554718018,881.1911010742188
881.1911010742188,562.7761554718018,881.1911010742188
783.0,562.7761554718018,783.0
884.984375,562.7761554718018,884.984375
881.1911010742188,562.7761554718018,881.1911010742188
884.984375,562.7761554718018,884.984375
881.1911010742188,560.7761554718018,881.1911010742188
881.1911010742188,560.7761554718018,881.1911010742188
884.984375,562.7761554718018,884.984375
884.984375,560.7761554718018,884.984375
884.984375,562.7761554718018,884.984375
783.0,562.7761554718018,783.0
887.79736328125,562.7761554718018,887.79736328125
884.984375,562.7761554718018,884.984375
887.79736328125,562.7761554718018,887.79736328125
884.984375,560.7761554718018,884.984375
884.984375,560.7761554718018,884.984375
887.79736328125,562.7761554718018,887.79736328125
887.79736328125,560.7761554718018,887.79736328125
887.79736328125,562.7761554718018,887.79736328125
783.0,562.7761554718018,783.0
890.91796875,562.7761554718018,890.91796875
887.79736328125,562.7761554718018,887.79736328125
890.91796875,562.7761554718018,890.91796875
887.79736328125,560.7761554718018,887.79736328125
887.79736328125,560.7761554718018,887.79736328125
890.91796875,562.7761554718018,890.91796875
890.91796875,560.7761554718018,890.91796875
890.91796875,562.7761554718018,890.91796875
783.0,562.7761554718018,783.0
894.4717407226562,562.7761554718018,894.4717407226562
890.91796875,562.7761554718018,890.91796875
894.4717407226562,562.7761554718018,894.4717407226562
890.91796875,560.7761554718018,890.91796875
890.91796875,560.7761554718018,890.91796875
894.4717407226562,562.7761554718018,894.4717407226562
894.4717407226562,560.7761554718018,894.4717407226562
783.0,562.7761554718018,783.0
928.6006469726562,562.7761554718016,928.6006469726562
894.4717407226562,562.7761554718018,894.4717407226562
894.4717407226562,562.7761554718018,894.4717407226562
928.6006469726562,562.7761554718016,928.6006469726562
897.8865966796875,562.7761554718016,897.8865966796875
894.4717407226562,562.7761554718018,894.4717407226562
897.8865966796875,562.7761554718016,897.8865966796875
894.4717407226562,560.7761554718018,894.4717407226562
894.4717407226562,560.7761554718018,894.4717407226562
897.8865966796875,562.7761554718016,897.8865966796875
897.8865966796875,560.7761554718016,897.8865966796875
894.4717407226562,560.7761554718018,894.4717407226562
897.8865966796875,560.7761554718016,897.8865966796875
928.6006469726562,560.7761554718016,928.6006469726562
897.8865966796875,562.7761554718016,897.8865966796875
928.6006469726562,562.7761554718016,928.6006469726562
903.4222412109375,562.7761554718016,903.4222412109375
897.8865966796875,562.7761554718016,897.8865966796875
903.4222412109375,562.7761554718016,903.4222412109375
897.8865966796875,560.7761554718016,897.8865966796875
897.8865966796875,560.7761554718016,897.8865966796875
903.4222412109375,562.7761554718016,903.4222412109375
903.4222412109375,560.7761554718016,903.4222412109375
897.8865966796875,560.7761554718016,897.8865966796875
903.4222412109375,560.7761554718016,903.4222412109375
928.6006469726562,560.7761554718016,928.6006469726562
903.4222412109375,562.7761554718016,903.4222412109375
928.6006469726562,562.7761554718016,928.6006469726562
915.9270629882812,562.7761554718016,915.9270629882812
903.4222412109375,562.7761554718016,903.4222412109375
915.9270629882812,562.7761554718016,915.9270629882812
903.4222412109375,560.7761554718016,903.4222412109375
903.4222412109375,560.7761554718016,903.4222412109375
915.9270629882812,562.7761554718016,915.9270629882812
915.9270629882812,560.7761554718016,915.9270629882812
903.4222412109375,560.7761554718016,903.4222412109375
915.9270629882812,560.7761554718016,915.9270629882812
928.6006469726562,560.7761554718016,928.6006469726562
915.9270629882812,562.7761554718016,915.9270629882812
928.6006469726562,562.7761554718016,928.6006469726562
918.8331909179688,562.7761554718016,918.8331909179688
915.9270629882812,562.7761554718016,915.9270629882812
918.8331909179688,562.7761554718016,918.8331909179688
915.9270629882812,560.7761554718016,915.9270629882812
915.9270629882812,560.7761554718016,915.9270629882812
918.8331909179688,562.7761554718016,918.8331909179688
918.8331909179688,560.7761554718016,918.8331909179688
915.9270629882812,560.7761554718016,915.9270629882812
918.8331909179688,560.7761554718016,918.8331909179688
928.6006469726562,560.7761554718016,928.6006469726562
918.8331909179688,562.7761554718016,918.8331909179688
928.6006469726562,562.7761554718016,928.6006469726562
921.2625122070312,562.7761554718016,921.2625122070312
918.8331909179688,562.7761554718016,918.8331909179688
921.2625122070312,562.7761554718016,921.2625122070312
918.8331909179688,560.7761554718016,918.8331909179688
918.8331909179688,560.7761554718016,918.8331909179688
921.2625122070312,562.7761554718016,921.2625122070312
921.2625122070312,560.7761554718016,921.2625122070312
918.8331909179688,560.7761554718016,918.8331909179688
921.2625122070312,560.7761554718016,921.2625122070312
928.6006469726562,560.7761554718016,928.6006469726562
921.2625122070312,562.7761554718016,921.2625122070312
928.6006469726562,562.7761554718016,928.6006469726562
923.4306640625,562.7761554718016,923.4306640625
921.2625122070312,562.7761554718016,921.2625122070312
923.4306640625,562.7761554718016,923.4306640625
921.2625122070312,560.7761554718016,921.2625122070312
921.2625122070312,560.7761554718016,921.2625122070312
923.4306640625,562.7761554718016,923.4306640625
923.4306640625,560.7761554718016,923.4306640625
921.2625122070312,560.7761554718016,921.2625122070312
923.4306640625,560.7761554718016,923.4306640625
928.6006469726562,560.7761554718016,928.6006469726562
928.6006469726562,560.7761554718016,928.6006469726562
923.4306640625,560.7761554718016,923.4306640625
927.6358032226562,560.7761554718016,927.6358032226562
928.6006469726562,560.7761554718016,928.6006469726562
927.6358032226562,560.7761554718016,927.6358032226562
928.6006469726562,562.7761554718016,928.6006469726562
928.6006469726562,562.7761554718016,928.6006469726562
927.6358032226562,560.7761554718016,927.6358032226562
927.6358032226562,562.7761554718016,927.6358032226562
928.6006469726562,562.7761554718016,928.6006469726562
927.6358032226562,562.7761554718016,927.6358032226562
923.4306640625,562.7761554718016,923.4306640625
927.6358032226562,560.7761554718016,927.6358032226562
923.4306640625,560.7761554718016,923.4306640625
925.7081298828125,560.7761554718016,925.7081298828125
927.6358032226562,560.7761554718016,927.6358032226562
925.7081298828125,560.7761554718016,925.7081298828125
927.6358032226562,562.7761554718016,927.6358032226562
925.7081298828125,560.7761554718016,925.7081298828125
923.4306640625,560.7761554718016,923.4306640625
925.7081298828125,562.7761554718016,925.7081298828125
925.7081298828125,560.7761554718016,925.7081298828125
925.7081298828125,562.7761554718016,925.7081298828125
927.6358032226562,562.7761554718016,927.6358032226562
927.6358032226562,562.7761554718016,927.6358032226562
925.7081298828125,562.7761554718016,925.7081298828125
923.4306640625,562.7761554718016,923.4306640625
925.7081298828125,562.7761554718016,925.7081298828125
923.4306640625,560.7761554718016,923.4306640625
923.4306640625,562.7761554718016,923.4306640625
