381.9999997734506,-500.2534879230131,381.9999997734506
381.9999997734506,-500.5559591446413,381.9999997734506
381.9999997734506,-500.1787321886718,381.9999997734506
381.9999997734506,-500.5559591446413,381.9999997734506
381.9999997734506,-500.2534879230131,381.9999997734506
781.9999997734506,-500.55595914464135,781.9999997734506
381.9999997734506,-500.5559591446413,381.9999997734506
781.9999997734506,-500.55595914464135,781.9999997734506
781.9999997734506,-500.8469684964716,781.9999997734506
381.9999997734506,-500.5559591446413,381.9999997734506
781.9999997734506,-500.8469684964716,781.9999997734506
381.9999997734506,-500.8469684964716,381.9999997734506
381.9999997734506,-500.5559591446413,381.9999997734506
381.9999997734506,-500.8469684964716,381.9999997734506
381.9999997734506,-500.1787321886718,381.9999997734506
381.9999997734506,-500.8469684964716,381.9999997734506
781.9999997734506,-500.8469684964716,781.9999997734506
781.9999997734506,-501.11767384062534,781.9999997734506
381.9999997734506,-500.8469684964716,381.9999997734506
781.9999997734506,-501.11767384062534,781.9999997734506
381.9999997734506,-501.11767384062534,381.9999997734506
381.9999997734506,-500.8469684964716,381.9999997734506
381.9999997734506,-501.11767384062534,381.9999997734506
381.9999997734506,-500.1787321886718,381.9999997734506
781.9999997734506,-500.8469684964716,781.9999997734506
781.9999997734506,-500.55595914464135,781.9999997734506
781.9999997734506,-500.1787321886718,781.9999997734506
781.9999997734506,-500.8469684964716,781.9999997734506
781.9999997734506,-500.1787321886718,781.9999997734506
781.9999997734506,-501.11767384062534,781.9999997734506
781.9999997734506,-501.11767384062534,781.9999997734506
781.9999997734506,-500.1787321886718,781.9999997734506
781.9999997734506,-501.3598499260741,781.9999997734506
781.9999997734506,-501.11767384062534,781.9999997734506
781.9999997734506,-501.3598499260741,781.9999997734506
381.9999997734506,-501.11767384062534,381.9999997734506
381.9999997734506,-501.11767384062534,381.9999997734506
781.9999997734506,-501.3598499260741,781.9999997734506
381.9999997734506,-501.3598499260741,381.9999997734506
381.9999997734506,-501.11767384062534,381.9999997734506
381.9999997734506,-501.3598499260741,381.9999997734506
381.9999997734506,-500.1787321886718,381.9999997734506
781.9999997734506,-501.3598499260741,781.9999997734506
781.9999997734506,-500.1787321886718,781.9999997734506
781.9999997734506,-501.5661383290907,781.9999997734506
781.9999997734506,-501.3598499260741,781.9999997734506
781.9999997734506,-501.5661383290907,781.9999997734506
381.9999997734506,-501.3598499260741,381.9999997734506
381.9999997734506,-501.3598499260741,381.9999997734506
781.9999997734506,-501.5661383290907,781.9999997734506
381.9999997734506,-501.5661383290907,381.9999997734506
381.9999997734506,-501.3598499260741,381.9999997734506
381.9999997734506,-501.5661383290907,381.9999997734506
381.9999997734506,-500.1787321886718,381.9999997734506
781.9999997734506,-501.5661383290907,781.9999997734506
781.9999997734506,-500.1787321886718,781.9999997734506
781.9999997734506,-501.73027108050997,781.9999997734506
781.9999997734506,-501.5661383290907,781.9999997734506
781.9999997734506,-501.73027108050997,781.9999997734506
381.9999997734506,-501.5661383290907,381.9999997734506
381.9999997734506,-501.5661383290907,381.9999997734506
781.9999997734506,-501.73027108050997,781.9999997734506
381.9999997734506,-501.73027108050997,381.9999997734506
381.9999997734506,-501.5661383290907,381.9999997734506
381.9999997734506,-501.73027108050997,381.9999997734506
381.9999997734506,-500.1787321886718,381.9999997734506
781.9999997734506,-501.73027108050997,781.9999997734506
781.9999997734506,-500.1787321886718,781.9999997734506
781.9999997734506,-501.8472611251012,781.9999997734506
781.9999997734506,-501.73027108050997,781.9999997734506
781.9999997734506,-501.8472611251012,781.9999997734506
381.9999997734506,-501.73027108050997,381.9999997734506
381.9999997734506,-501.73027108050997,381.9999997734506
781.9999997734506,-501.8472611251012,781.9999997734506
381.9999997734506,-501.8472611251012,381.9999997734506
381.9999997734506,-501.73027108050997,381.9999997734506
381.9999997734506,-501.8472611251012,381.9999997734506
381.9999997734506,-500.1787321886718,381.9999997734506
781.9999997734506,-501.8472611251012,781.9999997734506
781.9999997734506,-500.1787321886718,781.9999997734506
781.9999997734506,-501.9135537957442,781.9999997734506
781.9999997734506,-501.8472611251012,781.9999997734506
781.9999997734506,-501.9135537957442,781.9999997734506
381.9999997734506,-501.8472611251012,381.9999997734506
381.9999997734506,-501.8472611251012,381.9999997734506
781.9999997734506,-501.9135537957442,781.9999997734506
381.9999997734506,-501.9135537957442,381.9999997734506
381.9999997734506,-501.8472611251012,381.9999997734506
381.9999997734506,-501.9135537957442,381.9999997734506
381.9999997734506,-500.1787321886718,381.9999997734506
781.9999997734506,-501.9135537957442,781.9999997734506
781.9999997734506,-500.1787321886718,781.9999997734506
781.9999997734506,-501.9271348215671,781.9999997734506
781.9999997734506,-501.9135537957442,781.9999997734506
781.9999997734506,-501.9271348215671,781.9999997734506
381.9999997734506,-501.9135537957442,381.9999997734506
381.9999997734506,-501.9135537957442,381.9999997734506
781.9999997734506,-501.9271348215671,781.9999997734506
381.9999997734506,-501.9271348215671,381.9999997734506
381.9999997734506,-501.9135537957442,381.9999997734506
381.9999997734506,-501.9271348215671,381.9999997734506
381.9999997734506,-500.1787321886718,381.9999997734506
781.9999997734506,-501.9271348215671,781.9999997734506
781.9999997734506,-500.1787321886718,781.9999997734506
781.9999997734506,-501.88759145943425,781.9999997734506
781.9999997734506,-501.9271348215671,781.9999997734506
781.9999997734506,-501.88759145943425,781.9999997734506
381.9999997734506,-501.9271348215671,381.9999997734506
381.9999997734506,-501.9271348215671,381.9999997734506
781.9999997734506,-501.88759145943425,781.9999997734506
381.9999997734506,-501.88759145943425,381.9999997734506
381.9999997734506,-501.9271348215671,381.9999997734506
381.9999997734506,-501.88759145943425,381.9999997734506
381.9999997734506,-500.1787321886718,381.9999997734506
781.9999997734506,-501.88759145943425,781.9999997734506
781.9999997734506,-500.1787321886718,781.9999997734506
781.9999997734506,-501.79612526509163,781.9999997734506
781.9999997734506,-501.88759145943425,781.9999997734506
781.9999997734506,-501.79612526509163,781.9999997734506
381.9999997734506,-501.88759145943425,381.9999997734506
381.9999997734506,-501.88759145943425,381.9999997734506
781.9999997734506,-501.79612526509163,781.9999997734506
381.9999997734506,-501.79612526509163,381.9999997734506
381.9999997734506,-501.88759145943425,381.9999997734506
381.9999997734506,-501.79612526509163,381.9999997734506
381.9999997734506,-500.1787321886718,381.9999997734506
781.9999997734506,-501.79612526509163,781.9999997734506
781.9999997734506,-500.1787321886718,781.9999997734506
781.9999997734506,-501.65551543539675,781.9999997734506
781.9999997734506,-501.79612526509163,781.9999997734506
781.9999997734506,-501.65551543539675,781.9999997734506
381.9999997734506,-501.79612526509163,381.9999997734506
381.9999997734506,-501.79612526509163,381.9999997734506
781.9999997734506,-501.65551543539675,781.9999997734506
381.9999997734506,-501.65551543539675,381.9999997734506
381.9999997734506,-501.79612526509163,381.9999997734506
381.9999997734506,-501.65551543539675,381.9999997734506
381.9999997734506,-500.1787321886718,381.9999997734506
781.9999997734506,-501.65551543539675,781.9999997734506
781.9999997734506,-500.1787321886718,781.9999997734506
781.9999997734506,-501.4700342745238,781.9999997734506
781.9999997734506,-501.65551543539675,781.9999997734506
781.9999997734506,-501.4700342745238,781.9999997734506
381.9999997734506,-501.65551543539675,381.9999997734506
381.9999997734506,-501.65551543539675,381.9999997734506
781.9999997734506,-501.4700342745238,781.9999997734506
381.9999997734506,-501.4700342745238,381.9999997734506
381.9999997734506,-501.65551543539675,381.9999997734506
381.9999997734506,-501.4700342745238,381.9999997734506
381.9999997734506,-500.1787321886718,381.9999997734506
781.9999997734506,-501.4700342745238,781.9999997734506
781.9999997734506,-500.1787321886718,781.9999997734506
781.9999997734506,-501.24531748794436,781.9999997734506
781.9999997734506,-501.4700342745238,781.9999997734506
781.9999997734506,-501.24531748794436,781.9999997734506
381.9999997734506,-501.4700342745238,381.9999997734506
381.9999997734506,-501.4700342745238,381.9999997734506
781.9999997734506,-501.24531748794436,781.9999997734506
381.9999997734506,-501.24531748794436,381.9999997734506
381.9999997734506,-501.4700342745238,381.9999997734506
381.9999997734506,-501.24531748794436,381.9999997734506
381.9999997734506,-500.1787321886718,381.9999997734506
781.9999997734506,-501.24531748794436,781.9999997734506
781.9999997734506,-500.1787321886718,781.9999997734506
781.9999997734506,-500.9881931097414,781.9999997734506
781.9999997734506,-501.24531748794436,781.9999997734506
781.9999997734506,-500.9881931097414,781.9999997734506
381.9999997734506,-501.24531748794436,381.9999997734506
381.9999997734506,-501.24531748794436,381.9999997734506
781.9999997734506,-500.9881931097414,781.9999997734506
381.9999997734506,-500.9881931097414,381.9999997734506
381.9999997734506,-501.24531748794436,381.9999997734506
381.9999997734506,-500.9881931097414,381.9999997734506
381.9999997734506,-500.1787321886718,381.9999997734506
781.9999997734506,-500.9881931097414,781.9999997734506
781.9999997734506,-500.1787321886718,781.9999997734506
781.9999997734506,-500.70647370108384,781.9999997734506
781.9999997734506,-500.9881931097414,781.9999997734506
781.9999997734506,-500.70647370108384,781.9999997734506
381.9999997734506,-500.9881931097414,381.9999997734506
381.9999997734506,-500.9881931097414,381.9999997734506
781.9999997734506,-500.70647370108384,781.9999997734506
381.9999997734506,-500.70647370108384,381.9999997734506
381.9999997734506,-500.9881931097414,381.9999997734506
381.9999997734506,-500.70647370108384,381.9999997734506
381.9999997734506,-500.1787321886718,381.9999997734506
781.9999997734506,-500.70647370108384,781.9999997734506
781.9999997734506,-500.1787321886718,781.9999997734506
781.9999997734506,-500.40871912467276,781.9999997734506
781.9999997734506,-500.70647370108384,781.9999997734506
781.9999997734506,-500.40871912467276,781.9999997734506
381.9999997734506,-500.70647370108384,381.9999997734506
381.9999997734506,-500.70647370108384,381.9999997734506
781.9999997734506,-500.40871912467276,781.9999997734506
381.9999997734506,-500.40871912467276,381.9999997734506
381.9999997734506,-500.70647370108384,381.9999997734506
381.9999997734506,-500.40871912467276,381.9999997734506
381.9999997734506,-500.1787321886718,381.9999997734506
781.9999997734506,-500.40871912467276,781.9999997734506
781.9999997734506,-500.1787321886718,781.9999997734506
781.9999997734506,-500.1039764543305,781.9999997734506
781.9999997734506,-500.40871912467276,781.9999997734506
781.9999997734506,-500.1039764543305,781.9999997734506
381.9999997734506,-500.40871912467276,381.9999997734506
381.9999997734506,-500.40871912467276,381.9999997734506
781.9999997734506,-500.1039764543305,781.9999997734506
381.9999997734506,-500.1039764543305,381.9999997734506
381.9999997734506,-500.40871912467276,381.9999997734506
381.9999997734506,-500.1039764543305,381.9999997734506
381.9999997734506,-500.1787321886718,381.9999997734506
781.9999997734506,-500.1039764543305,781.9999997734506
781.9999997734506,-500.1787321886718,781.9999997734506
781.9999997734506,-499.8015052327023,781.9999997734506
781.9999997734506,-500.1039764543305,781.9999997734506
781.9999997734506,-499.8015052327023,781.9999997734506
381.9999997734506,-500.1039764543305,381.9999997734506
381.9999997734506,-500.1039764543305,381.9999997734506
781.9999997734506,-499.8015052327023,781.9999997734506
381.9999997734506,-499.8015052327023,381.9999997734506
381.9999997734506,-500.1039764543305,381.9999997734506
381.9999997734506,-499.8015052327023,381.9999997734506
381.9999997734506,-500.1787321886718,381.9999997734506
781.9999997734506,-499.8015052327023,781.9999997734506
781.9999997734506,-500.1787321886718,781.9999997734506
781.9999997734506,-499.510495880872,781.9999997734506
781.9999997734506,-499.8015052327023,781.9999997734506
781.9999997734506,-499.510495880872,781.9999997734506
381.9999997734506,-499.8015052327023,381.9999997734506
381.9999997734506,-499.8015052327023,381.9999997734506
781.9999997734506,-499.510495880872,781.9999997734506
381.9999997734506,-499.510495880872,381.9999997734506
381.9999997734506,-499.8015052327023,381.9999997734506
381.9999997734506,-499.510495880872,381.9999997734506
381.9999997734506,-500.1787321886718,381.9999997734506
781.9999997734506,-499.510495880872,781.9999997734506
781.9999997734506,-500.1787321886718,781.9999997734506
781.9999997734506,-499.23979053671826,781.9999997734506
781.9999997734506,-499.510495880872,781.9999997734506
781.9999997734506,-499.23979053671826,781.9999997734506
381.9999997734506,-499.510495880872,381.9999997734506
381.9999997734506,-499.510495880872,381.9999997734506
781.9999997734506,-499.23979053671826,781.9999997734506
381.9999997734506,-499.23979053671826,381.9999997734506
381.9999997734506,-499.510495880872,381.9999997734506
381.9999997734506,-499.23979053671826,381.9999997734506
381.9999997734506,-500.1787321886718,381.9999997734506
781.9999997734506,-499.23979053671826,781.9999997734506
781.9999997734506,-500.1787321886718,781.9999997734506
781.9999997734506,-498.9976144512695,781.9999997734506
781.9999997734506,-499.23979053671826,781.9999997734506
781.9999997734506,-498.9976144512695,781.9999997734506
381.9999997734506,-499.23979053671826,381.9999997734506
381.9999997734506,-499.23979053671826,381.9999997734506
781.9999997734506,-498.9976144512695,781.9999997734506
381.9999997734506,-498.9976144512695,381.9999997734506
381.9999997734506,-499.23979053671826,381.9999997734506
381.9999997734506,-498.9976144512695,381.9999997734506
381.9999997734506,-500.1787321886718,381.9999997734506
781.9999997734506,-498.9976144512695,781.9999997734506
781.9999997734506,-500.1787321886718,781.9999997734506
781.9999997734506,-498.7913260482529,781.9999997734506
781.9999997734506,-498.9976144512695,781.9999997734506
781.9999997734506,-498.7913260482529,781.9999997734506
381.9999997734506,-498.9976144512695,381.9999997734506
381.9999997734506,-498.9976144512695,381.9999997734506
781.9999997734506,-498.7913260482529,781.9999997734506
381.9999997734506,-498.7913260482529,381.9999997734506
381.9999997734506,-498.9976144512695,381.9999997734506
381.9999997734506,-498.7913260482529,381.9999997734506
381.9999997734506,-500.1787321886718,381.9999997734506
781.9999997734506,-498.7913260482529,781.9999997734506
781.9999997734506,-500.1787321886718,781.9999997734506
781.9999997734506,-498.62719329683364,781.9999997734506
781.9999997734506,-498.7913260482529,781.9999997734506
781.9999997734506,-498.62719329683364,781.9999997734506
381.9999997734506,-498.7913260482529,381.9999997734506
381.9999997734506,-498.7913260482529,381.9999997734506
781.9999997734506,-498.62719329683364,781.9999997734506
381.9999997734506,-498.62719329683364,381.9999997734506
381.9999997734506,-498.7913260482529,381.9999997734506
381.9999997734506,-498.62719329683364,381.9999997734506
381.9999997734506,-500.1787321886718,381.9999997734506
781.9999997734506,-498.62719329683364,781.9999997734506
781.9999997734506,-500.1787321886718,781.9999997734506
781.9999997734506,-498.5102032522424,781.9999997734506
781.9999997734506,-498.62719329683364,781.9999997734506
781.9999997734506,-498.5102032522424,781.9999997734506
381.9999997734506,-498.62719329683364,381.9999997734506
381.9999997734506,-498.62719329683364,381.9999997734506
781.9999997734506,-498.5102032522424,781.9999997734506
381.9999997734506,-498.5102032522424,381.9999997734506
381.9999997734506,-498.62719329683364,381.9999997734506
381.9999997734506,-498.5102032522424,381.9999997734506
381.9999997734506,-500.1787321886718,381.9999997734506
781.9999997734506,-498.5102032522424,781.9999997734506
781.9999997734506,-500.1787321886718,781.9999997734506
781.9999997734506,-498.4439105815994,781.9999997734506
781.9999997734506,-498.5102032522424,781.9999997734506
781.9999997734506,-498.4439105815994,781.9999997734506
381.9999997734506,-498.5102032522424,381.9999997734506
381.9999997734506,-498.5102032522424,381.9999997734506
781.9999997734506,-498.4439105815994,781.9999997734506
381.9999997734506,-498.4439105815994,381.9999997734506
381.9999997734506,-498.5102032522424,381.9999997734506
381.9999997734506,-498.4439105815994,381.9999997734506
381.9999997734506,-500.1787321886718,381.9999997734506
781.9999997734506,-498.4439105815994,781.9999997734506
781.9999997734506,-500.1787321886718,781.9999997734506
781.9999997734506,-498.4303295557765,781.9999997734506
781.9999997734506,-498.4439105815994,781.9999997734506
781.9999997734506,-498.4303295557765,781.9999997734506
381.9999997734506,-498.4439105815994,381.9999997734506
381.9999997734506,-498.4439105815994,381.9999997734506
781.9999997734506,-498.4303295557765,781.9999997734506
381.9999997734506,-498.4303295557765,381.9999997734506
381.9999997734506,-498.4439105815994,381.9999997734506
381.9999997734506,-498.4303295557765,381.9999997734506
381.9999997734506,-500.1787321886718,381.9999997734506
781.9999997734506,-498.4303295557765,781.9999997734506
781.9999997734506,-500.1787321886718,781.9999997734506
781.9999997734506,-498.4698729179094,781.9999997734506
781.9999997734506,-498.4303295557765,781.9999997734506
781.9999997734506,-498.4698729179094,781.9999997734506
381.9999997734506,-498.4303295557765,381.9999997734506
381.9999997734506,-498.4303295557765,381.9999997734506
781.9999997734506,-498.4698729179094,781.9999997734506
381.9999997734506,-498.46987291790936,381.9999997734506
381.9999997734506,-498.4303295557765,381.9999997734506
381.9999997734506,-498.46987291790936,381.9999997734506
381.9999997734506,-500.1787321886718,381.9999997734506
781.9999997734506,-498.4698729179094,781.9999997734506
781.9999997734506,-500.1787321886718,781.9999997734506
781.9999997734506,-498.56133911225197,781.9999997734506
781.9999997734506,-498.4698729179094,781.9999997734506
781.9999997734506,-498.56133911225197,781.9999997734506
381.9999997734506,-498.46987291790936,381.9999997734506
381.9999997734506,-498.46987291790936,381.9999997734506
781.9999997734506,-498.56133911225197,781.9999997734506
381.9999997734506,-498.56133911225197,381.9999997734506
381.9999997734506,-498.46987291790936,381.9999997734506
381.9999997734506,-498.56133911225197,381.9999997734506
381.9999997734506,-500.1787321886718,381.9999997734506
781.9999997734506,-498.56133911225197,781.9999997734506
781.9999997734506,-500.1787321886718,781.9999997734506
781.9999997734506,-498.70194894194685,781.9999997734506
781.9999997734506,-498.56133911225197,781.9999997734506
781.9999997734506,-498.70194894194685,781.9999997734506
381.9999997734506,-498.56133911225197,381.9999997734506
381.9999997734506,-498.56133911225197,381.9999997734506
781.9999997734506,-498.70194894194685,781.9999997734506
381.9999997734506,-498.70194894194685,381.9999997734506
381.9999997734506,-498.56133911225197,381.9999997734506
381.9999997734506,-498.70194894194685,381.9999997734506
381.9999997734506,-500.1787321886718,381.9999997734506
781.9999997734506,-498.70194894194685,781.9999997734506
781.9999997734506,-500.1787321886718,781.9999997734506
781.9999997734506,-498.8874301028198,781.9999997734506
781.9999997734506,-498.70194894194685,781.9999997734506
781.9999997734506,-498.8874301028198,781.9999997734506
381.9999997734506,-498.70194894194685,381.9999997734506
381.9999997734506,-498.70194894194685,381.9999997734506
781.9999997734506,-498.8874301028198,781.9999997734506
381.9999997734506,-498.8874301028198,381.9999997734506
381.9999997734506,-498.70194894194685,381.9999997734506
381.9999997734506,-498.8874301028198,381.9999997734506
381.9999997734506,-500.1787321886718,381.9999997734506
781.9999997734506,-498.8874301028198,781.9999997734506
781.9999997734506,-500.1787321886718,781.9999997734506
781.9999997734506,-499.11214688939924,781.9999997734506
781.9999997734506,-498.8874301028198,781.9999997734506
781.9999997734506,-499.11214688939924,781.9999997734506
381.9999997734506,-498.8874301028198,381.9999997734506
381.9999997734506,-498.8874301028198,381.9999997734506
781.9999997734506,-499.11214688939924,781.9999997734506
381.9999997734506,-499.11214688939924,381.9999997734506
381.9999997734506,-498.8874301028198,381.9999997734506
381.9999997734506,-499.11214688939924,381.9999997734506
381.9999997734506,-500.1787321886718,381.9999997734506
781.9999997734506,-499.11214688939924,781.9999997734506
781.9999997734506,-500.1787321886718,781.9999997734506
781.9999997734506,-499.3692712676022,781.9999997734506
781.9999997734506,-499.11214688939924,781.9999997734506
781.9999997734506,-499.3692712676022,781.9999997734506
381.9999997734506,-499.11214688939924,381.9999997734506
381.9999997734506,-499.11214688939924,381.9999997734506
781.9999997734506,-499.3692712676022,781.9999997734506
381.9999997734506,-499.3692712676022,381.9999997734506
381.9999997734506,-499.11214688939924,381.9999997734506
381.9999997734506,-499.3692712676022,381.9999997734506
381.9999997734506,-500.1787321886718,381.9999997734506
781.9999997734506,-499.3692712676022,781.9999997734506
781.9999997734506,-500.1787321886718,781.9999997734506
781.9999997734506,-499.6509906762598,781.9999997734506
781.9999997734506,-499.3692712676022,781.9999997734506
781.9999997734506,-499.6509906762598,781.9999997734506
381.9999997734506,-499.3692712676022,381.9999997734506
381.9999997734506,-499.3692712676022,381.9999997734506
781.9999997734506,-499.6509906762598,781.9999997734506
381.9999997734506,-499.65099067625977,381.9999997734506
381.9999997734506,-499.3692712676022,381.9999997734506
381.9999997734506,-499.65099067625977,381.9999997734506
381.9999997734506,-500.1787321886718,381.9999997734506
781.9999997734506,-499.6509906762598,781.9999997734506
781.9999997734506,-500.1787321886718,781.9999997734506
781.9999997734506,-499.94874525267085,781.9999997734506
781.9999997734506,-499.6509906762598,781.9999997734506
781.9999997734506,-499.94874525267085,781.9999997734506
381.9999997734506,-499.65099067625977,381.9999997734506
381.9999997734506,-499.65099067625977,381.9999997734506
781.9999997734506,-499.94874525267085,781.9999997734506
381.9999997734506,-499.94874525267085,381.9999997734506
381.9999997734506,-499.65099067625977,381.9999997734506
381.9999997734506,-499.94874525267085,381.9999997734506
381.9999997734506,-500.1787321886718,381.9999997734506
381.9999997734506,-500.1787321886718,381.9999997734506
381.9999997734506,-499.94874525267085,381.9999997734506
381.9999997734506,-500.2534879230131,381.9999997734506
381.9999997734506,-499.94874525267085,381.9999997734506
781.9999997734506,-499.94874525267085,781.9999997734506
781.9999997734506,-500.2534879230131,781.9999997734506
381.9999997734506,-499.94874525267085,381.9999997734506
781.9999997734506,-500.2534879230131,781.9999997734506
381.9999997734506,-500.2534879230131,381.9999997734506
781.9999997734506,-499.94874525267085,781.9999997734506
781.9999997734506,-500.1787321886718,781.9999997734506
781.9999997734506,-500.2534879230131,781.9999997734506
781.9999997734506,-500.1787321886718,781.9999997734506
781.9999997734506,-500.55595914464135,781.9999997734506
781.9999997734506,-500.2534879230131,781.9999997734506
781.9999997734506,-500.2534879230131,781.9999997734506
781.9999997734506,-500.55595914464135,781.9999997734506
381.9999997734506,-500.2534879230131,381.9999997734506
