8.000000000000007,1462.8076095581055,8.000000000000007
7.043292999267585,1462.8076095581055,7.043292999267585
8.000000000000007,1462.8076095581055,8.000000000000007
8.000000000000007,1462.8076095581055,8.000000000000007
8.000000000000007,1462.8076095581055,8.000000000000007
8.956707000732429,1462.8076095581055,8.956707000732429
8.000000000000007,1462.8076095581055,8.000000000000007
8.956707000732429,1462.8076095581055,8.956707000732429
8.956707000732429,1458.8076105117798,8.956707000732429
8.000000000000007,1462.8076095581055,8.000000000000007
8.956707000732429,1458.8076105117798,8.956707000732429
8.000000000000007,1458.8076105117798,8.000000000000007
8.000000000000007,1462.8076095581055,8.000000000000007
8.000000000000007,1458.8076105117798,8.000000000000007
7.043292999267585,1462.8076095581055,7.043292999267585
8.000000000000007,1458.8076105117798,8.000000000000007
8.956707000732429,1458.8076105117798,8.956707000732429
8.000000000000007,1458.8076105117798,8.000000000000007
8.000000000000007,1458.8076105117798,8.000000000000007
8.000000000000007,1458.8076105117798,8.000000000000007
7.043292999267585,1458.8076105117798,7.043292999267585
8.000000000000007,1458.8076105117798,8.000000000000007
7.043292999267585,1458.8076105117798,7.043292999267585
7.043292999267585,1462.8076095581055,7.043292999267585
7.043292999267585,1458.8076105117798,7.043292999267585
8.000000000000007,1458.8076105117798,8.000000000000007
6.232231140136726,1458.8076105117798,6.232231140136726
7.043292999267585,1458.8076105117798,7.043292999267585
6.232231140136726,1458.8076105117798,6.232231140136726
6.232231140136726,1462.8076095581055,6.232231140136726
7.043292999267585,1458.8076105117798,7.043292999267585
6.232231140136726,1462.8076095581055,6.232231140136726
7.043292999267585,1462.8076095581055,7.043292999267585
7.043292999267585,1462.8076095581055,7.043292999267585
6.232231140136726,1462.8076095581055,6.232231140136726
4.000000000000007,1462.8076095581055,4.000000000000007
7.043292999267585,1462.8076095581055,7.043292999267585
4.000000000000007,1462.8076095581055,4.000000000000007
8.000000000000007,1462.8076095581055,8.000000000000007
6.232231140136726,1462.8076095581055,6.232231140136726
6.232231140136726,1458.8076105117798,6.232231140136726
5.690299987792976,1462.8076095581055,5.690299987792976
6.232231140136726,1462.8076095581055,6.232231140136726
5.690299987792976,1462.8076095581055,5.690299987792976
4.000000000000007,1462.8076095581055,4.000000000000007
6.232231140136726,1458.8076105117798,6.232231140136726
8.000000000000007,1458.8076105117798,8.000000000000007
4.000000000000007,1458.8076105117798,4.000000000000007
6.232231140136726,1458.8076105117798,6.232231140136726
4.000000000000007,1458.8076105117798,4.000000000000007
5.690299987792976,1458.8076105117798,5.690299987792976
6.232231140136726,1458.8076105117798,6.232231140136726
5.690299987792976,1458.8076105117798,5.690299987792976
5.690299987792976,1462.8076095581055,5.690299987792976
5.690299987792976,1458.8076105117798,5.690299987792976
4.000000000000007,1458.8076105117798,4.000000000000007
5.500000000000007,1458.8076105117798,5.500000000000007
5.690299987792976,1458.8076105117798,5.690299987792976
5.500000000000007,1458.8076105117798,5.500000000000007
5.500000000000007,1462.8076095581055,5.500000000000007
5.690299987792976,1458.8076105117798,5.690299987792976
5.500000000000007,1462.8076095581055,5.500000000000007
5.690299987792976,1462.8076095581055,5.690299987792976
5.690299987792976,1462.8076095581055,5.690299987792976
5.500000000000007,1462.8076095581055,5.500000000000007
4.000000000000007,1462.8076095581055,4.000000000000007
5.690299987792976,1462.8076095581055,5.690299987792976
4.000000000000007,1462.8076095581055,4.000000000000007
4.000000000000007,1462.8076095581055,4.000000000000007
5.500000000000007,1462.8076095581055,5.500000000000007
5.500000000000007,1458.8076105117798,5.500000000000007
5.690299987792976,1462.8076095581055,5.690299987792976
5.500000000000007,1462.8076095581055,5.500000000000007
5.690299987792976,1462.8076095581055,5.690299987792976
4.000000000000007,1462.8076095581055,4.000000000000007
5.690299987792976,1462.8076095581055,5.690299987792976
5.500000000000007,1458.8076105117798,5.500000000000007
5.690299987792976,1458.8076105117798,5.690299987792976
5.690299987792976,1462.8076095581055,5.690299987792976
5.690299987792976,1458.8076105117798,5.690299987792976
6.232231140136726,1462.8076095581055,6.232231140136726
5.690299987792976,1462.8076095581055,5.690299987792976
6.232231140136726,1462.8076095581055,6.232231140136726
4.000000000000007,1462.8076095581055,4.000000000000007
5.500000000000007,1458.8076105117798,5.500000000000007
4.000000000000007,1458.8076105117798,4.000000000000007
4.000000000000007,1458.8076105117798,4.000000000000007
5.500000000000007,1458.8076105117798,5.500000000000007
4.000000000000007,1458.8076105117798,4.000000000000007
5.690299987792976,1458.8076105117798,5.690299987792976
5.690299987792976,1458.8076105117798,5.690299987792976
4.000000000000007,1458.8076105117798,4.000000000000007
6.232231140136726,1458.8076105117798,6.232231140136726
5.690299987792976,1458.8076105117798,5.690299987792976
6.232231140136726,1458.8076105117798,6.232231140136726
6.232231140136726,1462.8076095581055,6.232231140136726
6.232231140136726,1458.8076105117798,6.232231140136726
4.000000000000007,1458.8076105117798,4.000000000000007
7.043292999267585,1458.8076105117798,7.043292999267585
6.232231140136726,1458.8076105117798,6.232231140136726
7.043292999267585,1458.8076105117798,7.043292999267585
7.043292999267585,1462.8076095581055,7.043292999267585
6.232231140136726,1458.8076105117798,6.232231140136726
7.043292999267585,1462.8076095581055,7.043292999267585
6.232231140136726,1462.8076095581055,6.232231140136726
6.232231140136726,1462.8076095581055,6.232231140136726
7.043292999267585,1462.8076095581055,7.043292999267585
8.000000000000007,1462.8076095581055,8.000000000000007
6.232231140136726,1462.8076095581055,6.232231140136726
8.000000000000007,1462.8076095581055,8.000000000000007
4.000000000000007,1462.8076095581055,4.000000000000007
7.043292999267585,1462.8076095581055,7.043292999267585
7.043292999267585,1458.8076105117798,7.043292999267585
8.000000000000007,1462.8076095581055,8.000000000000007
7.043292999267585,1462.8076095581055,7.043292999267585
8.000000000000007,1462.8076095581055,8.000000000000007
8.000000000000007,1462.8076095581055,8.000000000000007
8.000000000000007,1462.8076095581055,8.000000000000007
7.043292999267585,1458.8076105117798,7.043292999267585
8.000000000000007,1458.8076105117798,8.000000000000007
8.000000000000007,1462.8076095581055,8.000000000000007
8.000000000000007,1458.8076105117798,8.000000000000007
8.956707000732429,1462.8076095581055,8.956707000732429
8.000000000000007,1462.8076095581055,8.000000000000007
8.956707000732429,1462.8076095581055,8.956707000732429
8.000000000000007,1462.8076095581055,8.000000000000007
7.043292999267585,1458.8076105117798,7.043292999267585
4.000000000000007,1458.8076105117798,4.000000000000007
8.000000000000007,1458.8076105117798,8.000000000000007
7.043292999267585,1458.8076105117798,7.043292999267585
8.000000000000007,1458.8076105117798,8.000000000000007
8.000000000000007,1458.8076105117798,8.000000000000007
8.000000000000007,1458.8076105117798,8.000000000000007
8.000000000000007,1458.8076105117798,8.000000000000007
8.956707000732429,1458.8076105117798,8.956707000732429
8.000000000000007,1458.8076105117798,8.000000000000007
8.956707000732429,1458.8076105117798,8.956707000732429
8.956707000732429,1462.8076095581055,8.956707000732429
8.956707000732429,1458.8076105117798,8.956707000732429
8.000000000000007,1458.8076105117798,8.000000000000007
9.767768859863288,1458.8076105117798,9.767768859863288
8.956707000732429,1458.8076105117798,8.956707000732429
9.767768859863288,1458.8076105117798,9.767768859863288
9.767768859863288,1462.8076095581055,9.767768859863288
8.956707000732429,1458.8076105117798,8.956707000732429
9.767768859863288,1462.8076095581055,9.767768859863288
8.956707000732429,1462.8076095581055,8.956707000732429
8.956707000732429,1462.8076095581055,8.956707000732429
9.767768859863288,1462.8076095581055,9.767768859863288
12.000000000000007,1462.8076095581055,12.000000000000007
8.956707000732429,1462.8076095581055,8.956707000732429
12.000000000000007,1462.8076095581055,12.000000000000007
8.000000000000007,1462.8076095581055,8.000000000000007
9.767768859863288,1462.8076095581055,9.767768859863288
9.767768859863288,1458.8076105117798,9.767768859863288
10.309700012207038,1462.8076095581055,10.309700012207038
9.767768859863288,1462.8076095581055,9.767768859863288
10.309700012207038,1462.8076095581055,10.309700012207038
12.000000000000007,1462.8076095581055,12.000000000000007
10.309700012207038,1462.8076095581055,10.309700012207038
9.767768859863288,1458.8076105117798,9.767768859863288
10.309700012207038,1458.8076105117798,10.309700012207038
10.309700012207038,1462.8076095581055,10.309700012207038
10.309700012207038,1458.8076105117798,10.309700012207038
10.500000000000007,1462.8076095581055,10.500000000000007
10.309700012207038,1462.8076095581055,10.309700012207038
10.500000000000007,1462.8076095581055,10.500000000000007
12.000000000000007,1462.8076095581055,12.000000000000007
9.767768859863288,1458.8076105117798,9.767768859863288
8.000000000000007,1458.8076105117798,8.000000000000007
12.000000000000007,1458.8076105117798,12.000000000000007
9.767768859863288,1458.8076105117798,9.767768859863288
12.000000000000007,1458.8076105117798,12.000000000000007
10.309700012207038,1458.8076105117798,10.309700012207038
10.309700012207038,1458.8076105117798,10.309700012207038
12.000000000000007,1458.8076105117798,12.000000000000007
10.500000000000007,1458.8076105117798,10.500000000000007
10.309700012207038,1458.8076105117798,10.309700012207038
10.500000000000007,1458.8076105117798,10.500000000000007
10.500000000000007,1462.8076095581055,10.500000000000007
10.500000000000007,1458.8076105117798,10.500000000000007
12.000000000000007,1458.8076105117798,12.000000000000007
10.309700012207038,1458.8076105117798,10.309700012207038
10.500000000000007,1458.8076105117798,10.500000000000007
10.309700012207038,1458.8076105117798,10.309700012207038
10.309700012207038,1462.8076095581055,10.309700012207038
10.500000000000007,1458.8076105117798,10.500000000000007
10.309700012207038,1462.8076095581055,10.309700012207038
10.500000000000007,1462.8076095581055,10.500000000000007
10.500000000000007,1462.8076095581055,10.500000000000007
10.309700012207038,1462.8076095581055,10.309700012207038
12.000000000000007,1462.8076095581055,12.000000000000007
10.500000000000007,1462.8076095581055,10.500000000000007
12.000000000000007,1462.8076095581055,12.000000000000007
12.000000000000007,1462.8076095581055,12.000000000000007
10.309700012207038,1462.8076095581055,10.309700012207038
10.309700012207038,1458.8076105117798,10.309700012207038
9.767768859863288,1462.8076095581055,9.767768859863288
10.309700012207038,1462.8076095581055,10.309700012207038
9.767768859863288,1462.8076095581055,9.767768859863288
12.000000000000007,1462.8076095581055,12.000000000000007
10.309700012207038,1458.8076105117798,10.309700012207038
12.000000000000007,1458.8076105117798,12.000000000000007
12.000000000000007,1458.8076105117798,12.000000000000007
10.309700012207038,1458.8076105117798,10.309700012207038
12.000000000000007,1458.8076105117798,12.000000000000007
9.767768859863288,1458.8076105117798,9.767768859863288
10.309700012207038,1458.8076105117798,10.309700012207038
9.767768859863288,1458.8076105117798,9.767768859863288
9.767768859863288,1462.8076095581055,9.767768859863288
9.767768859863288,1458.8076105117798,9.767768859863288
12.000000000000007,1458.8076105117798,12.000000000000007
8.956707000732429,1458.8076105117798,8.956707000732429
9.767768859863288,1458.8076105117798,9.767768859863288
8.956707000732429,1458.8076105117798,8.956707000732429
8.956707000732429,1462.8076095581055,8.956707000732429
9.767768859863288,1458.8076105117798,9.767768859863288
8.956707000732429,1462.8076095581055,8.956707000732429
9.767768859863288,1462.8076095581055,9.767768859863288
8.956707000732429,1458.8076105117798,8.956707000732429
12.000000000000007,1458.8076105117798,12.000000000000007
8.000000000000007,1458.8076105117798,8.000000000000007
8.956707000732429,1462.8076095581055,8.956707000732429
8.000000000000007,1462.8076095581055,8.000000000000007
9.767768859863288,1462.8076095581055,9.767768859863288
9.767768859863288,1462.8076095581055,9.767768859863288
8.000000000000007,1462.8076095581055,8.000000000000007
12.000000000000007,1462.8076095581055,12.000000000000007
12.000000000000007,1458.8076105117798,12.000000000000007
12.000000000000007,1458.8076105117798,12.000000000000007
12.000000000000007,1462.8076095581055,12.000000000000007
12.000000000000007,1458.8076105117798,12.000000000000007
12.000000000000007,1462.8076095581055,12.000000000000007
8.000000000000007,1462.8076095581055,8.000000000000007
12.000000000000007,1458.8076105117798,12.000000000000007
8.000000000000007,1462.8076095581055,8.000000000000007
8.000000000000007,1458.8076105117798,8.000000000000007
12.000000000000007,1462.8076095581055,12.000000000000007
12.000000000000007,1458.8076105117798,12.000000000000007
12.000000000000007,1462.8076095581055,12.000000000000007
12.000000000000007,1458.8076105117798,12.000000000000007
8.000000000000007,1458.8076105117798,8.000000000000007
12.000000000000007,1462.8076095581055,12.000000000000007
12.000000000000007,1462.8076095581055,12.000000000000007
8.000000000000007,1458.8076105117798,8.000000000000007
8.000000000000007,1462.8076095581055,8.000000000000007
8.000000000000007,1458.8076105117798,8.000000000000007
4.000000000000007,1458.8076105117798,4.000000000000007
8.000000000000007,1462.8076095581055,8.000000000000007
8.000000000000007,1462.8076095581055,8.000000000000007
4.000000000000007,1458.8076105117798,4.000000000000007
4.000000000000007,1462.8076095581055,4.000000000000007
4.000000000000007,1458.8076105117798,4.000000000000007
4.000000000000007,1458.8076105117798,4.000000000000007
4.000000000000007,1462.8076095581055,4.000000000000007
4.000000000000007,1462.8076095581055,4.000000000000007
4.000000000000007,1458.8076105117798,4.000000000000007
4.000000000000007,1462.8076095581055,4.000000000000007
4.000000000000007,1458.8076105117798,4.000000000000007
8.000000000000007,1458.8076105117798,8.000000000000007
4.000000000000007,1462.8076095581055,4.000000000000007
4.000000000000007,1462.8076095581055,4.000000000000007
8.000000000000007,1458.8076105117798,8.000000000000007
8.000000000000007,1462.8076095581055,8.000000000000007
8.000000000000007,1380.0283126831055,8.000000000000007
7.043292999267585,1380.0283126831055,7.043292999267585
8.000000000000007,1380.0283126831055,8.000000000000007
8.000000000000007,1380.0283126831055,8.000000000000007
8.000000000000007,1380.0283126831055,8.000000000000007
8.956707000732429,1380.0283126831055,8.956707000732429
8.000000000000007,1380.0283126831055,8.000000000000007
8.956707000732429,1380.0283126831055,8.956707000732429
8.956707000732429,1376.0283136367798,8.956707000732429
8.000000000000007,1380.0283126831055,8.000000000000007
8.956707000732429,1376.0283136367798,8.956707000732429
8.000000000000007,1376.0283136367798,8.000000000000007
8.000000000000007,1380.0283126831055,8.000000000000007
8.000000000000007,1376.0283136367798,8.000000000000007
7.043292999267585,1380.0283126831055,7.043292999267585
8.000000000000007,1376.0283136367798,8.000000000000007
8.956707000732429,1376.0283136367798,8.956707000732429
8.000000000000007,1376.0283136367798,8.000000000000007
8.000000000000007,1376.0283136367798,8.000000000000007
8.000000000000007,1376.0283136367798,8.000000000000007
7.043292999267585,1376.0283136367798,7.043292999267585
8.000000000000007,1376.0283136367798,8.000000000000007
7.043292999267585,1376.0283136367798,7.043292999267585
7.043292999267585,1380.0283126831055,7.043292999267585
7.043292999267585,1376.0283136367798,7.043292999267585
8.000000000000007,1376.0283136367798,8.000000000000007
6.232231140136726,1376.0283136367798,6.232231140136726
7.043292999267585,1376.0283136367798,7.043292999267585
6.232231140136726,1376.0283136367798,6.232231140136726
6.232231140136726,1380.0283126831055,6.232231140136726
7.043292999267585,1376.0283136367798,7.043292999267585
6.232231140136726,1380.0283126831055,6.232231140136726
7.043292999267585,1380.0283126831055,7.043292999267585
7.043292999267585,1380.0283126831055,7.043292999267585
6.232231140136726,1380.0283126831055,6.232231140136726
4.000000000000007,1380.0283126831055,4.000000000000007
7.043292999267585,1380.0283126831055,7.043292999267585
4.000000000000007,1380.0283126831055,4.000000000000007
8.000000000000007,1380.0283126831055,8.000000000000007
6.232231140136726,1380.0283126831055,6.232231140136726
6.232231140136726,1376.0283136367798,6.232231140136726
5.690299987792976,1380.0283126831055,5.690299987792976
6.232231140136726,1380.0283126831055,6.232231140136726
5.690299987792976,1380.0283126831055,5.690299987792976
4.000000000000007,1380.0283126831055,4.000000000000007
6.232231140136726,1376.0283136367798,6.232231140136726
8.000000000000007,1376.0283136367798,8.000000000000007
4.000000000000007,1376.0283136367798,4.000000000000007
6.232231140136726,1376.0283136367798,6.232231140136726
4.000000000000007,1376.0283136367798,4.000000000000007
5.690299987792976,1376.0283136367798,5.690299987792976
6.232231140136726,1376.0283136367798,6.232231140136726
5.690299987792976,1376.0283136367798,5.690299987792976
5.690299987792976,1380.0283126831055,5.690299987792976
5.690299987792976,1376.0283136367798,5.690299987792976
4.000000000000007,1376.0283136367798,4.000000000000007
5.500000000000007,1376.0283136367798,5.500000000000007
5.690299987792976,1376.0283136367798,5.690299987792976
5.500000000000007,1376.0283136367798,5.500000000000007
5.500000000000007,1380.0283126831055,5.500000000000007
5.690299987792976,1376.0283136367798,5.690299987792976
5.500000000000007,1380.0283126831055,5.500000000000007
5.690299987792976,1380.0283126831055,5.690299987792976
5.690299987792976,1380.0283126831055,5.690299987792976
5.500000000000007,1380.0283126831055,5.500000000000007
4.000000000000007,1380.0283126831055,4.000000000000007
5.690299987792976,1380.0283126831055,5.690299987792976
4.000000000000007,1380.0283126831055,4.000000000000007
4.000000000000007,1380.0283126831055,4.000000000000007
5.500000000000007,1380.0283126831055,5.500000000000007
5.500000000000007,1376.0283136367798,5.500000000000007
5.690299987792976,1380.0283126831055,5.690299987792976
5.500000000000007,1380.0283126831055,5.500000000000007
5.690299987792976,1380.0283126831055,5.690299987792976
4.000000000000007,1380.0283126831055,4.000000000000007
5.690299987792976,1380.0283126831055,5.690299987792976
5.500000000000007,1376.0283136367798,5.500000000000007
5.690299987792976,1376.0283136367798,5.690299987792976
5.690299987792976,1380.0283126831055,5.690299987792976
5.690299987792976,1376.0283136367798,5.690299987792976
6.232231140136726,1380.0283126831055,6.232231140136726
5.690299987792976,1380.0283126831055,5.690299987792976
6.232231140136726,1380.0283126831055,6.232231140136726
4.000000000000007,1380.0283126831055,4.000000000000007
5.500000000000007,1376.0283136367798,5.500000000000007
4.000000000000007,1376.0283136367798,4.000000000000007
4.000000000000007,1376.0283136367798,4.000000000000007
5.500000000000007,1376.0283136367798,5.500000000000007
4.000000000000007,1376.0283136367798,4.000000000000007
5.690299987792976,1376.0283136367798,5.690299987792976
5.690299987792976,1376.0283136367798,5.690299987792976
4.000000000000007,1376.0283136367798,4.000000000000007
6.232231140136726,1376.0283136367798,6.232231140136726
5.690299987792976,1376.0283136367798,5.690299987792976
6.232231140136726,1376.0283136367798,6.232231140136726
6.232231140136726,1380.0283126831055,6.232231140136726
6.232231140136726,1376.0283136367798,6.232231140136726
4.000000000000007,1376.0283136367798,4.000000000000007
7.043292999267585,1376.0283136367798,7.043292999267585
6.232231140136726,1376.0283136367798,6.232231140136726
7.043292999267585,1376.0283136367798,7.043292999267585
7.043292999267585,1380.0283126831055,7.043292999267585
6.232231140136726,1376.0283136367798,6.232231140136726
7.043292999267585,1380.0283126831055,7.043292999267585
6.232231140136726,1380.0283126831055,6.232231140136726
6.232231140136726,1380.0283126831055,6.232231140136726
7.043292999267585,1380.0283126831055,7.043292999267585
8.000000000000007,1380.0283126831055,8.000000000000007
6.232231140136726,1380.0283126831055,6.232231140136726
8.000000000000007,1380.0283126831055,8.000000000000007
4.000000000000007,1380.0283126831055,4.000000000000007
7.043292999267585,1380.0283126831055,7.043292999267585
7.043292999267585,1376.0283136367798,7.043292999267585
8.000000000000007,1380.0283126831055,8.000000000000007
7.043292999267585,1380.0283126831055,7.043292999267585
8.000000000000007,1380.0283126831055,8.000000000000007
8.000000000000007,1380.0283126831055,8.000000000000007
8.000000000000007,1380.0283126831055,8.000000000000007
7.043292999267585,1376.0283136367798,7.043292999267585
8.000000000000007,1376.0283136367798,8.000000000000007
8.000000000000007,1380.0283126831055,8.000000000000007
8.000000000000007,1376.0283136367798,8.000000000000007
8.956707000732429,1380.0283126831055,8.956707000732429
8.000000000000007,1380.0283126831055,8.000000000000007
8.956707000732429,1380.0283126831055,8.956707000732429
8.000000000000007,1380.0283126831055,8.000000000000007
7.043292999267585,1376.0283136367798,7.043292999267585
4.000000000000007,1376.0283136367798,4.000000000000007
8.000000000000007,1376.0283136367798,8.000000000000007
7.043292999267585,1376.0283136367798,7.043292999267585
8.000000000000007,1376.0283136367798,8.000000000000007
8.000000000000007,1376.0283136367798,8.000000000000007
8.000000000000007,1376.0283136367798,8.000000000000007
8.000000000000007,1376.0283136367798,8.000000000000007
8.956707000732429,1376.0283136367798,8.956707000732429
8.000000000000007,1376.0283136367798,8.000000000000007
8.956707000732429,1376.0283136367798,8.956707000732429
8.956707000732429,1380.0283126831055,8.956707000732429
8.956707000732429,1376.0283136367798,8.956707000732429
8.000000000000007,1376.0283136367798,8.000000000000007
9.767768859863288,1376.0283136367798,9.767768859863288
8.956707000732429,1376.0283136367798,8.956707000732429
9.767768859863288,1376.0283136367798,9.767768859863288
9.767768859863288,1380.0283126831055,9.767768859863288
8.956707000732429,1376.0283136367798,8.956707000732429
9.767768859863288,1380.0283126831055,9.767768859863288
8.956707000732429,1380.0283126831055,8.956707000732429
8.956707000732429,1380.0283126831055,8.956707000732429
9.767768859863288,1380.0283126831055,9.767768859863288
12.000000000000007,1380.0283126831055,12.000000000000007
8.956707000732429,1380.0283126831055,8.956707000732429
12.000000000000007,1380.0283126831055,12.000000000000007
8.000000000000007,1380.0283126831055,8.000000000000007
9.767768859863288,1380.0283126831055,9.767768859863288
9.767768859863288,1376.0283136367798,9.767768859863288
10.309700012207038,1380.0283126831055,10.309700012207038
9.767768859863288,1380.0283126831055,9.767768859863288
10.309700012207038,1380.0283126831055,10.309700012207038
12.000000000000007,1380.0283126831055,12.000000000000007
10.309700012207038,1380.0283126831055,10.309700012207038
9.767768859863288,1376.0283136367798,9.767768859863288
10.309700012207038,1376.0283136367798,10.309700012207038
10.309700012207038,1380.0283126831055,10.309700012207038
10.309700012207038,1376.0283136367798,10.309700012207038
10.500000000000007,1380.0283126831055,10.500000000000007
10.309700012207038,1380.0283126831055,10.309700012207038
10.500000000000007,1380.0283126831055,10.500000000000007
12.000000000000007,1380.0283126831055,12.000000000000007
9.767768859863288,1376.0283136367798,9.767768859863288
8.000000000000007,1376.0283136367798,8.000000000000007
12.000000000000007,1376.0283136367798,12.000000000000007
9.767768859863288,1376.0283136367798,9.767768859863288
12.000000000000007,1376.0283136367798,12.000000000000007
10.309700012207038,1376.0283136367798,10.309700012207038
10.309700012207038,1376.0283136367798,10.309700012207038
12.000000000000007,1376.0283136367798,12.000000000000007
10.500000000000007,1376.0283136367798,10.500000000000007
10.309700012207038,1376.0283136367798,10.309700012207038
10.500000000000007,1376.0283136367798,10.500000000000007
10.500000000000007,1380.0283126831055,10.500000000000007
10.500000000000007,1376.0283136367798,10.500000000000007
12.000000000000007,1376.0283136367798,12.000000000000007
10.309700012207038,1376.0283136367798,10.309700012207038
10.500000000000007,1376.0283136367798,10.500000000000007
10.309700012207038,1376.0283136367798,10.309700012207038
10.309700012207038,1380.0283126831055,10.309700012207038
10.500000000000007,1376.0283136367798,10.500000000000007
10.309700012207038,1380.0283126831055,10.309700012207038
10.500000000000007,1380.0283126831055,10.500000000000007
10.500000000000007,1380.0283126831055,10.500000000000007
10.309700012207038,1380.0283126831055,10.309700012207038
12.000000000000007,1380.0283126831055,12.000000000000007
10.500000000000007,1380.0283126831055,10.500000000000007
12.000000000000007,1380.0283126831055,12.000000000000007
12.000000000000007,1380.0283126831055,12.000000000000007
10.309700012207038,1380.0283126831055,10.309700012207038
10.309700012207038,1376.0283136367798,10.309700012207038
9.767768859863288,1380.0283126831055,9.767768859863288
10.309700012207038,1380.0283126831055,10.309700012207038
9.767768859863288,1380.0283126831055,9.767768859863288
12.000000000000007,1380.0283126831055,12.000000000000007
10.309700012207038,1376.0283136367798,10.309700012207038
12.000000000000007,1376.0283136367798,12.000000000000007
12.000000000000007,1376.0283136367798,12.000000000000007
10.309700012207038,1376.0283136367798,10.309700012207038
12.000000000000007,1376.0283136367798,12.000000000000007
9.767768859863288,1376.0283136367798,9.767768859863288
10.309700012207038,1376.0283136367798,10.309700012207038
9.767768859863288,1376.0283136367798,9.767768859863288
9.767768859863288,1380.0283126831055,9.767768859863288
9.767768859863288,1376.0283136367798,9.767768859863288
12.000000000000007,1376.0283136367798,12.000000000000007
8.956707000732429,1376.0283136367798,8.956707000732429
9.767768859863288,1376.0283136367798,9.767768859863288
8.956707000732429,1376.0283136367798,8.956707000732429
8.956707000732429,1380.0283126831055,8.956707000732429
9.767768859863288,1376.0283136367798,9.767768859863288
8.956707000732429,1380.0283126831055,8.956707000732429
9.767768859863288,1380.0283126831055,9.767768859863288
8.956707000732429,1376.0283136367798,8.956707000732429
12.000000000000007,1376.0283136367798,12.000000000000007
8.000000000000007,1376.0283136367798,8.000000000000007
8.956707000732429,1380.0283126831055,8.956707000732429
8.000000000000007,1380.0283126831055,8.000000000000007
9.767768859863288,1380.0283126831055,9.767768859863288
9.767768859863288,1380.0283126831055,9.767768859863288
8.000000000000007,1380.0283126831055,8.000000000000007
12.000000000000007,1380.0283126831055,12.000000000000007
12.000000000000007,1376.0283136367798,12.000000000000007
12.000000000000007,1376.0283136367798,12.000000000000007
12.000000000000007,1380.0283126831055,12.000000000000007
12.000000000000007,1376.0283136367798,12.000000000000007
12.000000000000007,1380.0283126831055,12.000000000000007
8.000000000000007,1380.0283126831055,8.000000000000007
12.000000000000007,1376.0283136367798,12.000000000000007
8.000000000000007,1380.0283126831055,8.000000000000007
8.000000000000007,1376.0283136367798,8.000000000000007
12.000000000000007,1380.0283126831055,12.000000000000007
12.000000000000007,1376.0283136367798,12.000000000000007
12.000000000000007,1380.0283126831055,12.000000000000007
12.000000000000007,1376.0283136367798,12.000000000000007
8.000000000000007,1376.0283136367798,8.000000000000007
12.000000000000007,1380.0283126831055,12.000000000000007
12.000000000000007,1380.0283126831055,12.000000000000007
8.000000000000007,1376.0283136367798,8.000000000000007
8.000000000000007,1380.0283126831055,8.000000000000007
8.000000000000007,1376.0283136367798,8.000000000000007
4.000000000000007,1376.0283136367798,4.000000000000007
8.000000000000007,1380.0283126831055,8.000000000000007
8.000000000000007,1380.0283126831055,8.000000000000007
4.000000000000007,1376.0283136367798,4.000000000000007
4.000000000000007,1380.0283126831055,4.000000000000007
4.000000000000007,1376.0283136367798,4.000000000000007
4.000000000000007,1376.0283136367798,4.000000000000007
4.000000000000007,1380.0283126831055,4.000000000000007
4.000000000000007,1380.0283126831055,4.000000000000007
4.000000000000007,1376.0283136367798,4.000000000000007
4.000000000000007,1380.0283126831055,4.000000000000007
4.000000000000007,1376.0283136367798,4.000000000000007
8.000000000000007,1376.0283136367798,8.000000000000007
4.000000000000007,1380.0283126831055,4.000000000000007
4.000000000000007,1380.0283126831055,4.000000000000007
8.000000000000007,1376.0283136367798,8.000000000000007
8.000000000000007,1380.0283126831055,8.000000000000007
