0.2908456769073382,0.3005974622210488,1.0946266306564212
0.2781119175488129,0.31545351480599493,1.0946266306564212
0.30251828965265304,0.2830885431030765,1.0946266306564212
0.2781119175488129,0.12285540450830013,1.0946266306564212
0.2908456769073382,0.13771145709324628,1.0946266306564212
0.30251828965265304,0.15522037621121854,1.0946266306564212
0.1942813351051882,0.08412355312611908,1.0946266306564212
0.20701509446371347,0.08571527304593474,1.0946266306564212
0.18207814905326813,0.08359297981951386,1.0946266306564212
0.07384119450580329,0.13771145709324628,1.0946266306564212
0.08657495386432856,0.12285540450830013,1.0946266306564212
0.06216858176048845,0.15522037621121854,1.0946266306564212
0.08657495386432856,0.31545351480599493,1.0946266306564212
0.07384119450580329,0.3005974622210488,1.0946266306564212
0.06216858176048845,0.2830885431030765,1.0946266306564212
0.11522591242101043,0.33773759368341416,1.0946266306564212
0.1009004331426695,0.327656700857915,1.0946266306564212
0.1300819650059566,0.344635046669282,1.0946266306564212
0.06216858176048845,0.15522037621121854,0.8396315453574061
0.05367940885480493,0.17485158855561167,0.8396315453574061
0.048373675788752735,0.19660509412642568,0.8396315453574061
0.13379597815219313,0.26823249051813036,0.5638810461387038
0.1412240044446662,0.2740687968907878,0.5638810461387038
0.1274290984729305,0.26027389091905206,0.5638810461387038
0.1168176323408261,0.19660509412642568,0.5638810461387038
0.1141647658078,0.2077471335651353,0.5638810461387038
0.11363419250119478,0.21888917300384492,0.5638810461387038
0.12159279210027307,0.1865242013009265,0.5638810461387038
0.1168176323408261,0.19660509412642568,0.5638810461387038
0.1274290984729305,0.178035028395243,0.5638810461387038
0.23089089326094836,0.1700764287961647,0.5638810461387038
0.22346286696847528,0.16424012242350727,0.5638810461387038
0.237257772940211,0.178035028395243,0.5638810461387038
0.2478692390723154,0.24170382518786937,0.5638810461387038
0.2505221056053415,0.23056178574915975,0.5638810461387038
0.2510526789119467,0.21888917300384492,0.5638810461387038
0.2887233836809173,0.21888917300384492,0.8663170775398612
0.28713166376110166,0.2369286654284224,0.8663170775398612
0.2828870773082599,0.2539070112397894,0.8663170775398612
0.20913738769013435,0.2830885431030765,0.5638810461387038
0.21656541398260742,0.27937452995684,0.5638810461387038
0.1948119084117934,0.28680255624931306,0.5638810461387038
0.22346286696847528,0.2740687968907878,0.5638810461387038
0.16987496300134808,0.28680255624931306,0.5638810461387038
0.1412240044446662,0.2740687968907878,0.5638810461387038
0.15554948372300714,0.2830885431030765,0.5638810461387038
0.14812145743053406,0.27937452995684,0.5638810461387038
0.15554948372300714,0.15522037621121854,0.5638810461387038
0.14812145743053406,0.15893438935745507,0.5638810461387038
0.16987496300134808,0.151506363064982,0.5638810461387038
0.1412240044446662,0.16424012242350727,0.5638810461387038
0.1948119084117934,0.151506363064982,0.5638810461387038
0.22346286696847528,0.16424012242350727,0.5638810461387038
0.20913738769013435,0.15522037621121854,0.5638810461387038
0.21656541398260742,0.15893438935745507,0.5638810461387038
0.1942813351051882,0.354185366188176,1.0946266306564212
0.18207814905326813,0.3547159394947812,1.0946266306564212
0.20701509446371347,0.3525936462683603,1.0946266306564212
0.18207814905326813,0.3255344076314941,1.0946266306564212
0.20701509446371347,0.3525936462683603,1.0946266306564212
0.20170936139766127,0.32394268771167845,1.0946266306564212
0.22027942712884396,0.3499407797353342,1.0946266306564212
0.21232082752976567,0.32128982117865235,1.0946266306564212
0.22027942712884396,0.3499407797353342,1.0946266306564212
0.22346286696847528,0.3175758080324158,1.0946266306564212
0.2346049064071849,0.344635046669282,1.0946266306564212
0.22346286696847528,0.3175758080324158,1.0946266306564212
0.24946095899213105,0.33773759368341416,1.0946266306564212
0.2346049064071849,0.3117395016597584,1.0946266306564212
0.24946095899213105,0.33773759368341416,1.0946266306564212
0.24627751915249974,0.3043114753672853,1.0946266306564212
0.263786438270472,0.327656700857915,1.0946266306564212
0.24627751915249974,0.3043114753672853,1.0946266306564212
0.2781119175488129,0.31545351480599493,1.0946266306564212
0.25688898528460413,0.29476115584839135,1.0946266306564212
0.2781119175488129,0.31545351480599493,1.0946266306564212
0.26750045141670853,0.2830885431030765,1.0946266306564212
0.30251828965265304,0.2830885431030765,1.0946266306564212
0.27652019762899727,0.2692936371313408,1.0946266306564212
0.30251828965265304,0.2830885431030765,1.0946266306564212
0.2828870773082599,0.2539070112397894,1.0946266306564212
0.31100746255833656,0.2634573307586834,1.0946266306564212
0.2828870773082599,0.2539070112397894,1.0946266306564212
0.31631319562438875,0.24170382518786937,1.0946266306564212
0.28713166376110166,0.2369286654284224,1.0946266306564212
0.31631319562438875,0.24170382518786937,1.0946266306564212
0.2887233836809173,0.21888917300384492,1.0946266306564212
0.3179049155442044,0.21888917300384492,1.0946266306564212
0.2887233836809173,0.21888917300384492,1.0946266306564212
0.31631319562438875,0.19660509412642568,1.0946266306564212
0.28713166376110166,0.20138025388587266,1.0946266306564212
0.31631319562438875,0.19660509412642568,1.0946266306564212
0.2828870773082599,0.18440190807450563,1.0946266306564212
0.31100746255833656,0.17485158855561167,1.0946266306564212
0.2828870773082599,0.18440190807450563,1.0946266306564212
0.30251828965265304,0.15522037621121854,1.0946266306564212
0.27652019762899727,0.16901528218295425,1.0946266306564212
0.30251828965265304,0.15522037621121854,1.0946266306564212
0.26750045141670853,0.15522037621121854,1.0946266306564212
0.2781119175488129,0.12285540450830013,1.0946266306564212
0.25688898528460413,0.1435477634659037,1.0946266306564212
0.263786438270472,0.11065221845638007,1.0946266306564212
0.24627751915249974,0.13399744394700974,1.0946266306564212
0.263786438270472,0.11065221845638007,1.0946266306564212
0.2346049064071849,0.12656941765453666,1.0946266306564212
0.24946095899213105,0.10057132563088089,1.0946266306564212
0.2346049064071849,0.12656941765453666,1.0946266306564212
0.2346049064071849,0.09367387264501303,1.0946266306564212
0.22346286696847528,0.12073311128187925,1.0946266306564212
0.2346049064071849,0.09367387264501303,1.0946266306564212
0.21232082752976567,0.11701909813564271,1.0946266306564212
0.22027942712884396,0.08836813957896084,1.0946266306564212
0.21232082752976567,0.11701909813564271,1.0946266306564212
0.20701509446371347,0.08571527304593474,1.0946266306564212
0.20170936139766127,0.11436623160261661,1.0946266306564212
0.20701509446371347,0.08571527304593474,1.0946266306564212
0.18207814905326813,0.11277451168280095,1.0946266306564212
0.18207814905326813,0.08359297981951386,1.0946266306564212
0.15767177694942802,0.08571527304593474,1.0946266306564212
0.1704055363079533,0.08412355312611908,1.0946266306564212
0.11522591242101043,0.10057132563088089,1.0946266306564212
0.1300819650059566,0.09367387264501303,1.0946266306564212
0.1009004331426695,0.11065221845638007,1.0946266306564212
0.1300819650059566,0.12656941765453666,1.0946266306564212
0.1009004331426695,0.11065221845638007,1.0946266306564212
0.11840935226064175,0.13399744394700974,1.0946266306564212
0.08657495386432856,0.12285540450830013,1.0946266306564212
0.10779788612853736,0.1435477634659037,1.0946266306564212
0.08657495386432856,0.12285540450830013,1.0946266306564212
0.09718641999643296,0.15522037621121854,1.0946266306564212
0.06216858176048845,0.15522037621121854,1.0946266306564212
0.08816667378414422,0.16901528218295425,1.0946266306564212
0.06216858176048845,0.15522037621121854,1.0946266306564212
0.08179979410488158,0.18440190807450563,1.0946266306564212
0.05367940885480493,0.17485158855561167,1.0946266306564212
0.08179979410488158,0.18440190807450563,1.0946266306564212
0.048373675788752735,0.19660509412642568,1.0946266306564212
0.07755520765203983,0.20138025388587266,1.0946266306564212
0.048373675788752735,0.19660509412642568,1.0946266306564212
0.07596348773222417,0.21888917300384492,1.0946266306564212
0.046781955868937075,0.21888917300384492,1.0946266306564212
0.07596348773222417,0.21888917300384492,1.0946266306564212
0.048373675788752735,0.24170382518786937,1.0946266306564212
0.07755520765203983,0.2369286654284224,1.0946266306564212
0.048373675788752735,0.24170382518786937,1.0946266306564212
0.08179979410488158,0.2539070112397894,1.0946266306564212
0.05367940885480493,0.2634573307586834,1.0946266306564212
0.08179979410488158,0.2539070112397894,1.0946266306564212
0.06216858176048845,0.2830885431030765,1.0946266306564212
0.08816667378414422,0.2692936371313408,1.0946266306564212
0.06216858176048845,0.2830885431030765,1.0946266306564212
0.09718641999643296,0.2830885431030765,1.0946266306564212
0.08657495386432856,0.31545351480599493,1.0946266306564212
0.10779788612853736,0.29476115584839135,1.0946266306564212
0.1009004331426695,0.327656700857915,1.0946266306564212
0.11840935226064175,0.3043114753672853,1.0946266306564212
0.1009004331426695,0.327656700857915,1.0946266306564212
0.1300819650059566,0.3117395016597584,1.0946266306564212
0.1300819650059566,0.344635046669282,1.0946266306564212
0.1412240044446662,0.3175758080324158,1.0946266306564212
0.1300819650059566,0.344635046669282,1.0946266306564212
0.15236604388337582,0.32128982117865235,1.0946266306564212
0.14440744428429753,0.3499407797353342,1.0946266306564212
0.15236604388337582,0.32128982117865235,1.0946266306564212
0.15767177694942802,0.3525936462683603,1.0946266306564212
0.16297751001548022,0.32394268771167845,1.0946266306564212
0.15767177694942802,0.3525936462683603,1.0946266306564212
0.18207814905326813,0.3255344076314941,1.0946266306564212
0.15767177694942802,0.3525936462683603,1.0946266306564212
0.18207814905326813,0.3547159394947812,1.0946266306564212
0.1704055363079533,0.354185366188176,1.0946266306564212
0.18207814905326813,0.11277451168280095,1.0946266306564212
0.16297751001548022,0.11436623160261661,1.0946266306564212
0.15767177694942802,0.08571527304593474,1.0946266306564212
0.15236604388337582,0.11701909813564271,1.0946266306564212
0.14440744428429753,0.08836813957896084,1.0946266306564212
0.15236604388337582,0.11701909813564271,1.0946266306564212
0.1300819650059566,0.09367387264501303,1.0946266306564212
0.1412240044446662,0.12073311128187925,1.0946266306564212
0.1300819650059566,0.12656941765453666,1.0946266306564212
0.05367940885480493,0.2634573307586834,0.8396315453574061
0.06216858176048845,0.2830885431030765,0.8396315453574061
0.048373675788752735,0.24170382518786937,0.8396315453574061
0.1168176323408261,0.24170382518786937,0.8396315453574061
0.048373675788752735,0.24170382518786937,0.8396315453574061
0.1141647658078,0.23056178574915975,0.8396315453574061
0.048373675788752735,0.24170382518786937,0.8396315453574061
0.11363419250119478,0.21888917300384492,0.8396315453574061
0.046781955868937075,0.21888917300384492,0.8396315453574061
0.11363419250119478,0.21888917300384492,0.8396315453574061
0.048373675788752735,0.19660509412642568,0.8396315453574061
0.1141647658078,0.2077471335651353,0.8396315453574061
0.048373675788752735,0.19660509412642568,0.8396315453574061
0.1168176323408261,0.19660509412642568,0.8396315453574061
0.06216858176048845,0.15522037621121854,0.8396315453574061
0.12159279210027307,0.1865242013009265,0.8396315453574061
0.06216858176048845,0.15522037621121854,0.8396315453574061
0.1274290984729305,0.178035028395243,0.8396315453574061
0.06216858176048845,0.15522037621121854,0.8396315453574061
0.13379597815219313,0.1700764287961647,0.8396315453574061
0.06216858176048845,0.15522037621121854,0.8396315453574061
0.1412240044446662,0.16424012242350727,0.8396315453574061
0.06216858176048845,0.15522037621121854,0.8396315453574061
0.14812145743053406,0.15893438935745507,0.8396315453574061
0.06216858176048845,0.15522037621121854,0.8396315453574061
0.15554948372300714,0.15522037621121854,0.8396315453574061
0.1300819650059566,0.09367387264501303,0.8396315453574061
0.15554948372300714,0.15522037621121854,0.8396315453574061
0.14440744428429753,0.08836813957896084,0.8396315453574061
0.15554948372300714,0.15522037621121854,0.8396315453574061
0.15767177694942802,0.08571527304593474,0.8396315453574061
0.16987496300134808,0.151506363064982,0.8396315453574061
0.1704055363079533,0.08412355312611908,0.8396315453574061
0.18207814905326813,0.15044521645177156,0.8396315453574061
0.18207814905326813,0.08359297981951386,0.8396315453574061
0.1948119084117934,0.151506363064982,0.8396315453574061
0.1942813351051882,0.08412355312611908,0.8396315453574061
0.20913738769013435,0.15522037621121854,0.8396315453574061
0.20701509446371347,0.08571527304593474,0.8396315453574061
0.2781119175488129,0.12285540450830013,0.8396315453574061
0.20701509446371347,0.08571527304593474,0.8396315453574061
0.263786438270472,0.11065221845638007,0.8396315453574061
0.22027942712884396,0.08836813957896084,0.8396315453574061
0.24946095899213105,0.10057132563088089,0.8396315453574061
0.2346049064071849,0.09367387264501303,0.8396315453574061
0.2781119175488129,0.31545351480599493,0.8396315453574061
0.2908456769073382,0.3005974622210488,0.8396315453574061
0.263786438270472,0.327656700857915,0.8396315453574061
0.2908456769073382,0.3005974622210488,0.8396315453574061
0.24946095899213105,0.33773759368341416,0.8396315453574061
0.30251828965265304,0.2830885431030765,0.8396315453574061
0.2346049064071849,0.344635046669282,0.8396315453574061
0.20913738769013435,0.2830885431030765,0.8396315453574061
0.22027942712884396,0.3499407797353342,0.8396315453574061
0.20913738769013435,0.2830885431030765,0.8396315453574061
0.20701509446371347,0.3525936462683603,0.8396315453574061
0.1948119084117934,0.28680255624931306,0.8396315453574061
0.1942813351051882,0.354185366188176,0.8396315453574061
0.18207814905326813,0.2878637028625235,0.8396315453574061
0.18207814905326813,0.3547159394947812,0.8396315453574061
0.18207814905326813,0.2878637028625235,0.8396315453574061
0.1704055363079533,0.354185366188176,0.8396315453574061
0.16987496300134808,0.28680255624931306,0.8396315453574061
0.1704055363079533,0.354185366188176,0.8396315453574061
0.15554948372300714,0.2830885431030765,0.8396315453574061
0.15767177694942802,0.3525936462683603,0.8396315453574061
0.06216858176048845,0.2830885431030765,0.8396315453574061
0.15767177694942802,0.3525936462683603,0.8396315453574061
0.07384119450580329,0.3005974622210488,0.8396315453574061
0.14440744428429753,0.3499407797353342,0.8396315453574061
0.08657495386432856,0.31545351480599493,0.8396315453574061
0.1300819650059566,0.344635046669282,0.8396315453574061
0.1009004331426695,0.327656700857915,0.8396315453574061
0.11522591242101043,0.33773759368341416,0.8396315453574061
0.31100746255833656,0.2634573307586834,0.8396315453574061
0.31631319562438875,0.24170382518786937,0.8396315453574061
0.30251828965265304,0.2830885431030765,0.8396315453574061
0.2478692390723154,0.24170382518786937,0.8396315453574061
0.30251828965265304,0.2830885431030765,0.8396315453574061
0.24309407931286842,0.25178471801336855,0.8396315453574061
0.30251828965265304,0.2830885431030765,0.8396315453574061
0.237257772940211,0.26027389091905206,0.8396315453574061
0.30251828965265304,0.2830885431030765,0.8396315453574061
0.23089089326094836,0.26823249051813036,0.8396315453574061
0.30251828965265304,0.2830885431030765,0.8396315453574061
0.22346286696847528,0.2740687968907878,0.8396315453574061
0.30251828965265304,0.2830885431030765,0.8396315453574061
0.21656541398260742,0.27937452995684,0.8396315453574061
0.20913738769013435,0.2830885431030765,0.8396315453574061
0.31100746255833656,0.17485158855561167,0.8396315453574061
0.30251828965265304,0.15522037621121854,0.8396315453574061
0.31631319562438875,0.19660509412642568,0.8396315453574061
0.2478692390723154,0.19660509412642568,0.8396315453574061
0.31631319562438875,0.19660509412642568,0.8396315453574061
0.2505221056053415,0.2077471335651353,0.8396315453574061
0.31631319562438875,0.19660509412642568,0.8396315453574061
0.2510526789119467,0.21888917300384492,0.8396315453574061
0.3179049155442044,0.21888917300384492,0.8396315453574061
0.2510526789119467,0.21888917300384492,0.8396315453574061
0.31631319562438875,0.24170382518786937,0.8396315453574061
0.2505221056053415,0.23056178574915975,0.8396315453574061
0.2478692390723154,0.24170382518786937,0.8396315453574061
0.1168176323408261,0.24170382518786937,0.8396315453574061
0.06216858176048845,0.2830885431030765,0.8396315453574061
0.12159279210027307,0.25178471801336855,0.8396315453574061
0.06216858176048845,0.2830885431030765,0.8396315453574061
0.1274290984729305,0.26027389091905206,0.8396315453574061
0.06216858176048845,0.2830885431030765,0.8396315453574061
0.13379597815219313,0.26823249051813036,0.8396315453574061
0.06216858176048845,0.2830885431030765,0.8396315453574061
0.1412240044446662,0.2740687968907878,0.8396315453574061
0.06216858176048845,0.2830885431030765,0.8396315453574061
0.14812145743053406,0.27937452995684,0.8396315453574061
0.15554948372300714,0.2830885431030765,0.8396315453574061
0.1300819650059566,0.09367387264501303,0.8396315453574061
0.11522591242101043,0.10057132563088089,0.8396315453574061
0.06216858176048845,0.15522037621121854,0.8396315453574061
0.11522591242101043,0.10057132563088089,0.8396315453574061
0.07384119450580329,0.13771145709324628,0.8396315453574061
0.1009004331426695,0.11065221845638007,0.8396315453574061
0.08657495386432856,0.12285540450830013,0.8396315453574061
0.2781119175488129,0.12285540450830013,0.8396315453574061
0.20913738769013435,0.15522037621121854,0.8396315453574061
0.2908456769073382,0.13771145709324628,0.8396315453574061
0.20913738769013435,0.15522037621121854,0.8396315453574061
0.30251828965265304,0.15522037621121854,0.8396315453574061
0.21656541398260742,0.15893438935745507,0.8396315453574061
0.30251828965265304,0.15522037621121854,0.8396315453574061
0.22346286696847528,0.16424012242350727,0.8396315453574061
0.30251828965265304,0.15522037621121854,0.8396315453574061
0.23089089326094836,0.1700764287961647,0.8396315453574061
0.30251828965265304,0.15522037621121854,0.8396315453574061
0.237257772940211,0.178035028395243,0.8396315453574061
0.30251828965265304,0.15522037621121854,0.8396315453574061
0.24309407931286842,0.1865242013009265,0.8396315453574061
0.2478692390723154,0.19660509412642568,0.8396315453574061
0.17093610961455852,0.24700955825392157,0.3370540225878358
0.17677241598721594,0.24860127817373723,0.3370540225878358
0.16350808332208544,0.24435669172089547,0.3370540225878358
0.18207814905326813,0.24860127817373723,0.3370540225878358
0.20117878809105605,0.24435669172089547,0.3370540225878358
0.18791445542592555,0.24860127817373723,0.3370540225878358
0.19375076179858297,0.24700955825392157,0.3370540225878358
0.23089089326094836,0.26823249051813036,0.5638810461387038
0.237257772940211,0.26027389091905206,0.5638810461387038
0.22346286696847528,0.2740687968907878,0.5638810461387038
0.2075456677703187,0.23798981204163283,0.5638810461387038
0.22346286696847528,0.2740687968907878,0.5638810461387038
0.20117878809105605,0.24435669172089547,0.5638810461387038
0.22346286696847528,0.2740687968907878,0.5638810461387038
0.19375076179858297,0.24700955825392157,0.5638810461387038
0.1948119084117934,0.28680255624931306,0.5638810461387038
0.18791445542592555,0.24860127817373723,0.5638810461387038
0.1948119084117934,0.28680255624931306,0.5638810461387038
0.18207814905326813,0.24860127817373723,0.5638810461387038
0.18207814905326813,0.2878637028625235,0.5638810461387038
0.18207814905326813,0.24860127817373723,0.5638810461387038
0.16987496300134808,0.28680255624931306,0.5638810461387038
0.17677241598721594,0.24860127817373723,0.5638810461387038
0.16987496300134808,0.28680255624931306,0.5638810461387038
0.17093610961455852,0.24700955825392157,0.5638810461387038
0.16987496300134808,0.28680255624931306,0.5638810461387038
0.16350808332208544,0.24435669172089547,0.5638810461387038
0.1412240044446662,0.2740687968907878,0.5638810461387038
0.1571412036428228,0.23798981204163283,0.5638810461387038
0.1274290984729305,0.26027389091905206,0.5638810461387038
0.1168176323408261,0.24170382518786937,0.5638810461387038
0.12159279210027307,0.25178471801336855,0.5638810461387038
0.1141647658078,0.23056178574915975,0.5638810461387038
0.1168176323408261,0.24170382518786937,0.5638810461387038
0.11363419250119478,0.21888917300384492,0.5638810461387038
0.15289661718998104,0.21888917300384492,0.5638810461387038
0.1168176323408261,0.19660509412642568,0.5638810461387038
0.15395776380319148,0.20933885348495096,0.5638810461387038
0.1168176323408261,0.19660509412642568,0.5638810461387038
0.1571412036428228,0.20031910727266222,0.5638810461387038
0.1274290984729305,0.178035028395243,0.5638810461387038
0.1412240044446662,0.16424012242350727,0.5638810461387038
0.13379597815219313,0.1700764287961647,0.5638810461387038
0.1571412036428228,0.20031910727266222,0.5638810461387038
0.16350808332208544,0.19395222759339958,0.5638810461387038
0.1412240044446662,0.16424012242350727,0.5638810461387038
0.17093610961455852,0.19129936106037349,0.5638810461387038
0.16987496300134808,0.151506363064982,0.5638810461387038
0.17677241598721594,0.18970764114055783,0.5638810461387038
0.16987496300134808,0.151506363064982,0.5638810461387038
0.18207814905326813,0.18970764114055783,0.5638810461387038
0.18207814905326813,0.15044521645177156,0.5638810461387038
0.18207814905326813,0.18970764114055783,0.5638810461387038
0.1948119084117934,0.151506363064982,0.5638810461387038
0.18791445542592555,0.18970764114055783,0.5638810461387038
0.1948119084117934,0.151506363064982,0.5638810461387038
0.19375076179858297,0.19129936106037349,0.5638810461387038
0.1948119084117934,0.151506363064982,0.5638810461387038
0.20117878809105605,0.19395222759339958,0.5638810461387038
0.22346286696847528,0.16424012242350727,0.5638810461387038
0.2075456677703187,0.20031910727266222,0.5638810461387038
0.237257772940211,0.178035028395243,0.5638810461387038
0.2478692390723154,0.19660509412642568,0.5638810461387038
0.24309407931286842,0.1865242013009265,0.5638810461387038
0.2505221056053415,0.2077471335651353,0.5638810461387038
0.2478692390723154,0.19660509412642568,0.5638810461387038
0.2510526789119467,0.21888917300384492,0.5638810461387038
0.21179025422316045,0.21888917300384492,0.5638810461387038
0.2478692390723154,0.24170382518786937,0.5638810461387038
0.21072910760995,0.2289700658293441,0.5638810461387038
0.2478692390723154,0.24170382518786937,0.5638810461387038
0.2075456677703187,0.23798981204163283,0.5638810461387038
0.2478692390723154,0.24170382518786937,0.5638810461387038
0.237257772940211,0.26027389091905206,0.5638810461387038
0.24309407931286842,0.25178471801336855,0.5638810461387038
0.26750045141670853,0.15522037621121854,0.8663170775398612
0.27652019762899727,0.16901528218295425,0.8663170775398612
0.25688898528460413,0.1435477634659037,0.8663170775398612
0.2828870773082599,0.18440190807450563,0.8663170775398612
0.24627751915249974,0.13399744394700974,0.8663170775398612
0.21550426736939698,0.2077471335651353,0.8663170775398612
0.2346049064071849,0.12656941765453666,0.8663170775398612
0.21125968091655523,0.19766624073963612,0.8663170775398612
0.22346286696847528,0.12073311128187925,0.8663170775398612
0.21125968091655523,0.19766624073963612,0.8663170775398612
0.21232082752976567,0.11701909813564271,0.8663170775398612
0.20383165462408215,0.19023821444716305,0.8663170775398612
0.21232082752976567,0.11701909813564271,0.8663170775398612
0.19587305502500385,0.1865242013009265,0.8663170775398612
0.21232082752976567,0.11701909813564271,0.8663170775398612
0.18844502873253077,0.18493248138111085,0.8663170775398612
0.21232082752976567,0.11701909813564271,0.8663170775398612
0.18207814905326813,0.18493248138111085,0.8663170775398612
0.21232082752976567,0.11701909813564271,0.8663170775398612
0.17624184268061072,0.18493248138111085,0.8663170775398612
0.15236604388337582,0.11701909813564271,0.8663170775398612
0.16881381638813764,0.1865242013009265,0.8663170775398612
0.15236604388337582,0.11701909813564271,0.8663170775398612
0.16085521678905934,0.19023821444716305,0.8663170775398612
0.15236604388337582,0.11701909813564271,0.8663170775398612
0.15342719049658626,0.19766624073963612,0.8663170775398612
0.15236604388337582,0.11701909813564271,0.8663170775398612
0.1491826040437445,0.2077471335651353,0.8663170775398612
0.08179979410488158,0.18440190807450563,0.8663170775398612
0.14812145743053406,0.21888917300384492,0.8663170775398612
0.08179979410488158,0.18440190807450563,0.8663170775398612
0.1491826040437445,0.23056178574915975,0.8663170775398612
0.08179979410488158,0.2539070112397894,0.8663170775398612
0.11840935226064175,0.3043114753672853,0.8663170775398612
0.08179979410488158,0.2539070112397894,0.8663170775398612
0.10779788612853736,0.29476115584839135,0.8663170775398612
0.08816667378414422,0.2692936371313408,0.8663170775398612
0.09718641999643296,0.2830885431030765,0.8663170775398612
0.25688898528460413,0.29476115584839135,0.8663170775398612
0.24627751915249974,0.3043114753672853,0.8663170775398612
0.26750045141670853,0.2830885431030765,0.8663170775398612
0.21125968091655523,0.24064267857465893,0.8663170775398612
0.26750045141670853,0.2830885431030765,0.8663170775398612
0.21550426736939698,0.23056178574915975,0.8663170775398612
0.27652019762899727,0.2692936371313408,0.8663170775398612
0.21550426736939698,0.23056178574915975,0.8663170775398612
0.2828870773082599,0.2539070112397894,0.8663170775398612
0.21656541398260742,0.21888917300384492,0.8663170775398612
0.2828870773082599,0.2539070112397894,0.8663170775398612
0.21550426736939698,0.2077471335651353,0.8663170775398612
0.2828870773082599,0.2539070112397894,0.8663170775398612
0.2828870773082599,0.18440190807450563,0.8663170775398612
0.2887233836809173,0.21888917300384492,0.8663170775398612
0.28713166376110166,0.20138025388587266,0.8663170775398612
0.11840935226064175,0.3043114753672853,0.8663170775398612
0.1491826040437445,0.23056178574915975,0.8663170775398612
0.1300819650059566,0.3117395016597584,0.8663170775398612
0.15342719049658626,0.24064267857465893,0.8663170775398612
0.1412240044446662,0.3175758080324158,0.8663170775398612
0.15342719049658626,0.24064267857465893,0.8663170775398612
0.15236604388337582,0.32128982117865235,0.8663170775398612
0.16085521678905934,0.248070704867132,0.8663170775398612
0.15236604388337582,0.32128982117865235,0.8663170775398612
0.16881381638813764,0.25178471801336855,0.8663170775398612
0.15236604388337582,0.32128982117865235,0.8663170775398612
0.17624184268061072,0.2533764379331842,0.8663170775398612
0.21232082752976567,0.32128982117865235,0.8663170775398612
0.18207814905326813,0.2533764379331842,0.8663170775398612
0.21232082752976567,0.32128982117865235,0.8663170775398612
0.18844502873253077,0.2533764379331842,0.8663170775398612
0.22346286696847528,0.3175758080324158,0.8663170775398612
0.19587305502500385,0.25178471801336855,0.8663170775398612
0.22346286696847528,0.3175758080324158,0.8663170775398612
0.20383165462408215,0.248070704867132,0.8663170775398612
0.2346049064071849,0.3117395016597584,0.8663170775398612
0.20383165462408215,0.248070704867132,0.8663170775398612
0.24627751915249974,0.3043114753672853,0.8663170775398612
0.21125968091655523,0.24064267857465893,0.8663170775398612
0.18207814905326813,0.11277451168280095,0.8663170775398612
0.20170936139766127,0.11436623160261661,0.8663170775398612
0.16297751001548022,0.11436623160261661,0.8663170775398612
0.21232082752976567,0.11701909813564271,0.8663170775398612
0.15236604388337582,0.11701909813564271,0.8663170775398612
0.10779788612853736,0.1435477634659037,0.8663170775398612
0.11840935226064175,0.13399744394700974,0.8663170775398612
0.09718641999643296,0.15522037621121854,0.8663170775398612
0.1300819650059566,0.12656941765453666,0.8663170775398612
0.08816667378414422,0.16901528218295425,0.8663170775398612
0.1412240044446662,0.12073311128187925,0.8663170775398612
0.08179979410488158,0.18440190807450563,0.8663170775398612
0.15236604388337582,0.11701909813564271,0.8663170775398612
0.07755520765203983,0.20138025388587266,0.8663170775398612
0.08179979410488158,0.18440190807450563,0.8663170775398612
0.07596348773222417,0.21888917300384492,0.8663170775398612
0.08179979410488158,0.2539070112397894,0.8663170775398612
0.07755520765203983,0.2369286654284224,0.8663170775398612
0.16297751001548022,0.32394268771167845,0.8663170775398612
0.15236604388337582,0.32128982117865235,0.8663170775398612
0.18207814905326813,0.3255344076314941,0.8663170775398612
0.21232082752976567,0.32128982117865235,0.8663170775398612
0.20170936139766127,0.32394268771167845,0.8663170775398612
0.17624184268061072,0.18493248138111085,0.8277713088318706
0.18207814905326813,0.18493248138111085,0.8277713088318706
0.16881381638813764,0.1865242013009265,0.8277713088318706
0.17465012276079506,0.20031910727266222,0.8277713088318706
0.16085521678905934,0.19023821444716305,0.8277713088318706
0.16987496300134808,0.2024414004990831,0.8277713088318706
0.15342719049658626,0.19766624073963612,0.8277713088318706
0.16563037654850632,0.20668598695192486,0.8277713088318706
0.15342719049658626,0.19766624073963612,0.8277713088318706
0.16350808332208544,0.21252229332458228,0.8277713088318706
0.1491826040437445,0.2077471335651353,0.8277713088318706
0.16350808332208544,0.21252229332458228,0.8277713088318706
0.14812145743053406,0.21888917300384492,0.8277713088318706
0.162446936708875,0.21888917300384492,0.8277713088318706
0.14812145743053406,0.21888917300384492,0.8277713088318706
0.16350808332208544,0.22578662598971277,0.8277713088318706
0.1491826040437445,0.23056178574915975,0.8277713088318706
0.16350808332208544,0.22578662598971277,0.8277713088318706
0.15342719049658626,0.24064267857465893,0.8277713088318706
0.16563037654850632,0.2316229323623702,0.8277713088318706
0.15342719049658626,0.24064267857465893,0.8277713088318706
0.16987496300134808,0.23586751881521195,0.8277713088318706
0.15342719049658626,0.24064267857465893,0.8277713088318706
0.17465012276079506,0.23798981204163283,0.8277713088318706
0.15342719049658626,0.24064267857465893,0.8277713088318706
0.17995585582684726,0.23852038534823805,0.8277713088318706
0.21125968091655523,0.24064267857465893,0.8277713088318706
0.18473101558629423,0.23852038534823805,0.8277713088318706
0.21125968091655523,0.24064267857465893,0.8277713088318706
0.19003674865234643,0.23798981204163283,0.8277713088318706
0.21125968091655523,0.24064267857465893,0.8277713088318706
0.1948119084117934,0.23586751881521195,0.8277713088318706
0.21125968091655523,0.24064267857465893,0.8277713088318706
0.19905649486463517,0.2316229323623702,0.8277713088318706
0.21125968091655523,0.24064267857465893,0.8277713088318706
0.20117878809105605,0.22578662598971277,0.8277713088318706
0.21550426736939698,0.23056178574915975,0.8277713088318706
0.20117878809105605,0.22578662598971277,0.8277713088318706
0.21656541398260742,0.21888917300384492,0.8277713088318706
0.2022399347042665,0.21888917300384492,0.8277713088318706
0.21656541398260742,0.21888917300384492,0.8277713088318706
0.20117878809105605,0.21252229332458228,0.8277713088318706
0.21550426736939698,0.2077471335651353,0.8277713088318706
0.20117878809105605,0.21252229332458228,0.8277713088318706
0.21125968091655523,0.19766624073963612,0.8277713088318706
0.19905649486463517,0.20668598695192486,0.8277713088318706
0.20383165462408215,0.19023821444716305,0.8277713088318706
0.1948119084117934,0.2024414004990831,0.8277713088318706
0.20383165462408215,0.19023821444716305,0.8277713088318706
0.19003674865234643,0.20031910727266222,0.8277713088318706
0.19587305502500385,0.1865242013009265,0.8277713088318706
0.18207814905326813,0.19925796065945178,0.8277713088318706
0.18844502873253077,0.18493248138111085,0.8277713088318706
0.18207814905326813,0.19925796065945178,0.8277713088318706
0.18207814905326813,0.18493248138111085,0.8277713088318706
0.17465012276079506,0.20031910727266222,0.8277713088318706
0.17624184268061072,0.2533764379331842,0.8277713088318706
0.16881381638813764,0.25178471801336855,0.8277713088318706
0.18207814905326813,0.2533764379331842,0.8277713088318706
0.19587305502500385,0.25178471801336855,0.8277713088318706
0.18844502873253077,0.2533764379331842,0.8277713088318706
0.16881381638813764,0.25178471801336855,0.8277713088318706
0.16085521678905934,0.248070704867132,0.8277713088318706
0.19587305502500385,0.25178471801336855,0.8277713088318706
0.16085521678905934,0.248070704867132,0.8277713088318706
0.20383165462408215,0.248070704867132,0.8277713088318706
0.15342719049658626,0.24064267857465893,0.8277713088318706
0.21125968091655523,0.24064267857465893,0.8277713088318706
0.2887233836809173,0.21888917300384492,0.8663170775398612
0.28713166376110166,0.2369286654284224,1.0946266306564212
0.28713166376110166,0.2369286654284224,0.8663170775398612
0.2828870773082599,0.2533764379331842,1.0946266306564212
0.2828870773082599,0.2533764379331842,0.8663170775398612
0.27598962432239205,0.2692936371313408,1.0946266306564212
0.27598962432239205,0.2692936371313408,0.8663170775398612
0.26750045141670853,0.2830885431030765,1.0946266306564212
0.26750045141670853,0.2830885431030765,0.8663170775398612
0.25688898528460413,0.29476115584839135,1.0946266306564212
0.25688898528460413,0.29476115584839135,0.8663170775398612
0.24627751915249974,0.3043114753672853,1.0946266306564212
0.24627751915249974,0.3043114753672853,0.8663170775398612
0.2346049064071849,0.3117395016597584,1.0946266306564212
0.2346049064071849,0.3117395016597584,0.8663170775398612
0.22293229366187006,0.3170452347258106,1.0946266306564212
0.22293229366187006,0.3170452347258106,0.8663170775398612
0.21232082752976567,0.32128982117865235,1.0946266306564212
0.21232082752976567,0.32128982117865235,0.8663170775398612
0.20170936139766127,0.3234121144050732,1.0946266306564212
0.20170936139766127,0.3234121144050732,0.8663170775398612
0.18207814905326813,0.3255344076314941,1.0946266306564212
0.18207814905326813,0.3255344076314941,0.8663170775398612
0.16297751001548022,0.3234121144050732,1.0946266306564212
0.16297751001548022,0.3234121144050732,0.8663170775398612
0.15236604388337582,0.32128982117865235,1.0946266306564212
0.15236604388337582,0.32128982117865235,0.8663170775398612
0.14175457775127143,0.3170452347258106,1.0946266306564212
0.14175457775127143,0.3170452347258106,0.8663170775398612
0.1300819650059566,0.3117395016597584,1.0946266306564212
0.1300819650059566,0.3117395016597584,0.8663170775398612
0.11840935226064175,0.3043114753672853,1.0946266306564212
0.11840935226064175,0.3043114753672853,0.8663170775398612
0.10779788612853736,0.29476115584839135,1.0946266306564212
0.10779788612853736,0.29476115584839135,0.8663170775398612
0.09718641999643296,0.2830885431030765,1.0946266306564212
0.09718641999643296,0.2830885431030765,0.8663170775398612
0.08869724709074944,0.2692936371313408,1.0946266306564212
0.08869724709074944,0.2692936371313408,0.8663170775398612
0.08179979410488158,0.2533764379331842,1.0946266306564212
0.08179979410488158,0.2533764379331842,0.8663170775398612
0.07755520765203983,0.2369286654284224,1.0946266306564212
0.07755520765203983,0.2369286654284224,0.8663170775398612
0.07596348773222417,0.21888917300384492,1.0946266306564212
0.07596348773222417,0.21888917300384492,0.8663170775398612
0.07755520765203983,0.20138025388587266,1.0946266306564212
0.07755520765203983,0.20138025388587266,0.8663170775398612
0.08179979410488158,0.18493248138111085,1.0946266306564212
0.08179979410488158,0.18493248138111085,0.8663170775398612
0.08869724709074944,0.16901528218295425,1.0946266306564212
0.08869724709074944,0.16901528218295425,0.8663170775398612
0.09718641999643296,0.15522037621121854,1.0946266306564212
0.09718641999643296,0.15522037621121854,0.8663170775398612
0.10779788612853736,0.1435477634659037,1.0946266306564212
0.10779788612853736,0.1435477634659037,0.8663170775398612
0.11840935226064175,0.13399744394700974,1.0946266306564212
0.11840935226064175,0.13399744394700974,0.8663170775398612
0.1300819650059566,0.12656941765453666,1.0946266306564212
0.1300819650059566,0.12656941765453666,0.8663170775398612
0.1300819650059566,0.12656941765453666,1.0946266306564212
0.14175457775127143,0.12126368458848447,0.8663170775398612
0.14175457775127143,0.12126368458848447,1.0946266306564212
0.15236604388337582,0.11701909813564271,0.8663170775398612
0.15236604388337582,0.11701909813564271,1.0946266306564212
0.15236604388337582,0.11701909813564271,0.8663170775398612
0.16297751001548022,0.11489680490922183,1.0946266306564212
0.16297751001548022,0.11489680490922183,0.8663170775398612
0.18207814905326813,0.11277451168280095,1.0946266306564212
0.18207814905326813,0.11277451168280095,0.8663170775398612
0.20170936139766127,0.11489680490922183,1.0946266306564212
0.20170936139766127,0.11489680490922183,0.8663170775398612
0.21232082752976567,0.11701909813564271,1.0946266306564212
0.21232082752976567,0.11701909813564271,0.8663170775398612
0.22293229366187006,0.12126368458848447,1.0946266306564212
0.22293229366187006,0.12126368458848447,0.8663170775398612
0.2346049064071849,0.12656941765453666,1.0946266306564212
0.2346049064071849,0.12656941765453666,0.8663170775398612
0.24627751915249974,0.13399744394700974,1.0946266306564212
0.24627751915249974,0.13399744394700974,0.8663170775398612
0.25688898528460413,0.1435477634659037,1.0946266306564212
0.25688898528460413,0.1435477634659037,0.8663170775398612
0.26750045141670853,0.15522037621121854,1.0946266306564212
0.26750045141670853,0.15522037621121854,0.8663170775398612
0.27598962432239205,0.16901528218295425,1.0946266306564212
0.27598962432239205,0.16901528218295425,0.8663170775398612
0.2828870773082599,0.18493248138111085,1.0946266306564212
0.2828870773082599,0.18493248138111085,0.8663170775398612
0.28713166376110166,0.20138025388587266,1.0946266306564212
0.28713166376110166,0.20138025388587266,0.8663170775398612
0.2887233836809173,0.21888917300384492,1.0946266306564212
0.2887233836809173,0.21888917300384492,0.8663170775398612
0.28713166376110166,0.2369286654284224,1.0946266306564212
0.16350808332208544,0.19395222759339958,0.3370540225878358
0.17465012276079506,0.20031910727266222,0.3370540225878358
0.17093610961455852,0.19129936106037349,0.3370540225878358
0.18207814905326813,0.19925796065945178,0.3370540225878358
0.17677241598721594,0.18970764114055783,0.3370540225878358
0.18207814905326813,0.19925796065945178,0.3370540225878358
0.18207814905326813,0.18970764114055783,0.3370540225878358
0.18207814905326813,0.19925796065945178,0.3370540225878358
0.18791445542592555,0.18970764114055783,0.3370540225878358
0.18207814905326813,0.19925796065945178,0.3370540225878358
0.19375076179858297,0.19129936106037349,0.3370540225878358
0.19003674865234643,0.20031910727266222,0.3370540225878358
0.20117878809105605,0.19395222759339958,0.3370540225878358
0.19003674865234643,0.20031910727266222,0.3370540225878358
0.2075456677703187,0.20031910727266222,0.3370540225878358
0.1948119084117934,0.2024414004990831,0.3370540225878358
0.2075456677703187,0.20031910727266222,0.3370540225878358
0.19905649486463517,0.20668598695192486,0.3370540225878358
0.21072910760995,0.20933885348495096,0.3370540225878358
0.20117878809105605,0.21252229332458228,0.3370540225878358
0.21072910760995,0.20933885348495096,0.3370540225878358
0.2022399347042665,0.21888917300384492,0.3370540225878358
0.21179025422316045,0.21888917300384492,0.3370540225878358
0.2022399347042665,0.21888917300384492,0.3370540225878358
0.21072910760995,0.2289700658293441,0.3370540225878358
0.20117878809105605,0.22578662598971277,0.3370540225878358
0.21072910760995,0.2289700658293441,0.3370540225878358
0.19905649486463517,0.2316229323623702,0.3370540225878358
0.2075456677703187,0.23798981204163283,0.3370540225878358
0.1948119084117934,0.23586751881521195,0.3370540225878358
0.2075456677703187,0.23798981204163283,0.3370540225878358
0.19003674865234643,0.23798981204163283,0.3370540225878358
0.20117878809105605,0.24435669172089547,0.3370540225878358
0.18473101558629423,0.23852038534823805,0.3370540225878358
0.16350808332208544,0.24435669172089547,0.3370540225878358
0.17995585582684726,0.23852038534823805,0.3370540225878358
0.16350808332208544,0.24435669172089547,0.3370540225878358
0.17465012276079506,0.23798981204163283,0.3370540225878358
0.1571412036428228,0.23798981204163283,0.3370540225878358
0.16987496300134808,0.23586751881521195,0.3370540225878358
0.1571412036428228,0.23798981204163283,0.3370540225878358
0.16563037654850632,0.2316229323623702,0.3370540225878358
0.15395776380319148,0.2289700658293441,0.3370540225878358
0.16350808332208544,0.22578662598971277,0.3370540225878358
0.15395776380319148,0.2289700658293441,0.3370540225878358
0.162446936708875,0.21888917300384492,0.3370540225878358
0.15289661718998104,0.21888917300384492,0.3370540225878358
0.162446936708875,0.21888917300384492,0.3370540225878358
0.15395776380319148,0.20933885348495096,0.3370540225878358
0.16350808332208544,0.21252229332458228,0.3370540225878358
0.15395776380319148,0.20933885348495096,0.3370540225878358
0.16563037654850632,0.20668598695192486,0.3370540225878358
0.1571412036428228,0.20031910727266222,0.3370540225878358
0.16987496300134808,0.2024414004990831,0.3370540225878358
0.1571412036428228,0.20031910727266222,0.3370540225878358
0.17465012276079506,0.20031910727266222,0.3370540225878358
0.16350808332208544,0.19395222759339958,0.3370540225878358
0.17677241598721594,0.19023821444716305,0.5638810461387038
0.17677241598721594,0.19023821444716305,0.3370540225878358
0.18207814905326813,0.18970764114055783,0.5638810461387038
0.18207814905326813,0.18970764114055783,0.3370540225878358
0.18791445542592555,0.19023821444716305,0.5638810461387038
0.18791445542592555,0.19023821444716305,0.3370540225878358
0.19375076179858297,0.1918299343669787,0.5638810461387038
0.19375076179858297,0.1918299343669787,0.3370540225878358
0.19375076179858297,0.1918299343669787,0.5638810461387038
0.2001176414778456,0.19554394751321524,0.3370540225878358
0.2001176414778456,0.19554394751321524,0.5638810461387038
0.20595394785050303,0.20138025388587266,0.3370540225878358
0.20595394785050303,0.20138025388587266,0.5638810461387038
0.20595394785050303,0.20138025388587266,0.3370540225878358
0.2101985343033448,0.20933885348495096,0.5638810461387038
0.2101985343033448,0.20933885348495096,0.3370540225878358
0.21179025422316045,0.21888917300384492,0.5638810461387038
0.21179025422316045,0.21888917300384492,0.3370540225878358
0.2101985343033448,0.2289700658293441,0.5638810461387038
0.2101985343033448,0.2289700658293441,0.3370540225878358
0.2101985343033448,0.2289700658293441,0.5638810461387038
0.20595394785050303,0.2369286654284224,0.3370540225878358
0.20595394785050303,0.2369286654284224,0.5638810461387038
0.20595394785050303,0.2369286654284224,0.3370540225878358
0.2001176414778456,0.2427649718010798,0.5638810461387038
0.2001176414778456,0.2427649718010798,0.3370540225878358
0.19375076179858297,0.24647898494731635,0.5638810461387038
0.19375076179858297,0.24647898494731635,0.3370540225878358
0.19375076179858297,0.24647898494731635,0.5638810461387038
0.18791445542592555,0.248070704867132,0.3370540225878358
0.18791445542592555,0.248070704867132,0.5638810461387038
0.18791445542592555,0.248070704867132,0.3370540225878358
0.18207814905326813,0.24860127817373723,0.5638810461387038
0.18207814905326813,0.24860127817373723,0.3370540225878358
0.18207814905326813,0.24860127817373723,0.5638810461387038
0.17677241598721594,0.248070704867132,0.3370540225878358
0.17677241598721594,0.248070704867132,0.5638810461387038
0.17093610961455852,0.24647898494731635,0.3370540225878358
0.17093610961455852,0.24647898494731635,0.5638810461387038
0.17093610961455852,0.24647898494731635,0.3370540225878358
0.16456922993529588,0.2427649718010798,0.5638810461387038
0.16456922993529588,0.2427649718010798,0.3370540225878358
0.15873292356263846,0.2369286654284224,0.5638810461387038
0.15873292356263846,0.2369286654284224,0.3370540225878358
0.1544883371097967,0.2289700658293441,0.5638810461387038
0.1544883371097967,0.2289700658293441,0.3370540225878358
0.1544883371097967,0.2289700658293441,0.5638810461387038
0.15289661718998104,0.21888917300384492,0.3370540225878358
0.15289661718998104,0.21888917300384492,0.5638810461387038
0.1544883371097967,0.20933885348495096,0.3370540225878358
0.1544883371097967,0.20933885348495096,0.5638810461387038
0.1544883371097967,0.20933885348495096,0.3370540225878358
0.15873292356263846,0.20138025388587266,0.5638810461387038
0.15873292356263846,0.20138025388587266,0.3370540225878358
0.16456922993529588,0.19554394751321524,0.5638810461387038
0.16456922993529588,0.19554394751321524,0.3370540225878358
0.16456922993529588,0.19554394751321524,0.5638810461387038
0.17093610961455852,0.1918299343669787,0.3370540225878358
0.17093610961455852,0.1918299343669787,0.5638810461387038
0.17093610961455852,0.1918299343669787,0.3370540225878358
0.17677241598721594,0.19023821444716305,0.5638810461387038
0.17677241598721594,0.19023821444716305,0.3370540225878358
0.19003674865234643,0.20084968057926744,0.8277713088318706
0.18207814905326813,0.19925796065945178,0.3370540225878358
0.18207814905326813,0.19925796065945178,0.8277713088318706
0.18207814905326813,0.19925796065945178,0.3370540225878358
0.17465012276079506,0.20084968057926744,0.8277713088318706
0.17465012276079506,0.20084968057926744,0.3370540225878358
0.17465012276079506,0.20084968057926744,0.8277713088318706
0.1704055363079533,0.20350254711229354,0.3370540225878358
0.1704055363079533,0.20350254711229354,0.8277713088318706
0.16669152316171676,0.20721656025853008,0.3370540225878358
0.16669152316171676,0.20721656025853008,0.8277713088318706
0.16350808332208544,0.21252229332458228,0.3370540225878358
0.16350808332208544,0.21252229332458228,0.8277713088318706
0.162446936708875,0.21888917300384492,0.3370540225878358
0.162446936708875,0.21888917300384492,0.8277713088318706
0.16350808332208544,0.22578662598971277,0.3370540225878358
0.16350808332208544,0.22578662598971277,0.8277713088318706
0.16669152316171676,0.23109235905576497,0.3370540225878358
0.16669152316171676,0.23109235905576497,0.8277713088318706
0.1704055363079533,0.2348063722020015,0.3370540225878358
0.1704055363079533,0.2348063722020015,0.8277713088318706
0.17465012276079506,0.2374592387350276,0.3370540225878358
0.17465012276079506,0.2374592387350276,0.8277713088318706
0.17995585582684726,0.23852038534823805,0.3370540225878358
0.17995585582684726,0.23852038534823805,0.8277713088318706
0.18473101558629423,0.23852038534823805,0.3370540225878358
0.18473101558629423,0.23852038534823805,0.8277713088318706
0.19003674865234643,0.2374592387350276,0.3370540225878358
0.19003674865234643,0.2374592387350276,0.8277713088318706
0.1942813351051882,0.2348063722020015,0.3370540225878358
0.1942813351051882,0.2348063722020015,0.8277713088318706
0.19799534825142473,0.23109235905576497,0.3370540225878358
0.19799534825142473,0.23109235905576497,0.8277713088318706
0.20117878809105605,0.22578662598971277,0.3370540225878358
0.20117878809105605,0.22578662598971277,0.8277713088318706
0.2022399347042665,0.21888917300384492,0.3370540225878358
0.2022399347042665,0.21888917300384492,0.8277713088318706
0.20117878809105605,0.21252229332458228,0.3370540225878358
0.20117878809105605,0.21252229332458228,0.8277713088318706
0.19799534825142473,0.20721656025853008,0.3370540225878358
0.19799534825142473,0.20721656025853008,0.8277713088318706
0.1942813351051882,0.20350254711229354,0.3370540225878358
0.1942813351051882,0.20350254711229354,0.8277713088318706
0.19003674865234643,0.20084968057926744,0.3370540225878358
0.19003674865234643,0.20084968057926744,0.8277713088318706
0.18207814905326813,0.19925796065945178,0.3370540225878358
0.20966796099673957,0.19872738735284656,0.8663170775398612
0.2027705080108717,0.1918299343669787,0.8277713088318706
0.2027705080108717,0.1918299343669787,0.8663170775398612
0.2027705080108717,0.1918299343669787,0.8277713088318706
0.19534248171839863,0.18758534791413695,0.8663170775398612
0.19534248171839863,0.18758534791413695,0.8277713088318706
0.19534248171839863,0.18758534791413695,0.8663170775398612
0.18844502873253077,0.18546305468771607,0.8277713088318706
0.18844502873253077,0.18546305468771607,0.8663170775398612
0.18207814905326813,0.18493248138111085,0.8277713088318706
0.18207814905326813,0.18493248138111085,0.8663170775398612
0.18207814905326813,0.18493248138111085,0.8277713088318706
0.17624184268061072,0.18546305468771607,0.8663170775398612
0.17624184268061072,0.18546305468771607,0.8277713088318706
0.17624184268061072,0.18546305468771607,0.8663170775398612
0.16934438969474286,0.18758534791413695,0.8277713088318706
0.16934438969474286,0.18758534791413695,0.8663170775398612
0.16191636340226978,0.1918299343669787,0.8277713088318706
0.16191636340226978,0.1918299343669787,0.8663170775398612
0.15501891041640192,0.19872738735284656,0.8277713088318706
0.15501891041640192,0.19872738735284656,0.8663170775398612
0.14971317735034972,0.2077471335651353,0.8277713088318706
0.14971317735034972,0.2077471335651353,0.8663170775398612
0.14812145743053406,0.21888917300384492,0.8277713088318706
0.14812145743053406,0.21888917300384492,0.8663170775398612
0.14971317735034972,0.23056178574915975,0.8277713088318706
0.14971317735034972,0.23056178574915975,0.8663170775398612
0.15501891041640192,0.2395815319614485,0.8277713088318706
0.15501891041640192,0.2395815319614485,0.8663170775398612
0.16191636340226978,0.24647898494731635,0.8277713088318706
0.16191636340226978,0.24647898494731635,0.8663170775398612
0.16934438969474286,0.2507235714001581,0.8277713088318706
0.16934438969474286,0.2507235714001581,0.8663170775398612
0.17624184268061072,0.252845864626579,0.8277713088318706
0.17624184268061072,0.252845864626579,0.8663170775398612
0.18207814905326813,0.2533764379331842,0.8277713088318706
0.18207814905326813,0.2533764379331842,0.8663170775398612
0.18844502873253077,0.252845864626579,0.8277713088318706
0.18844502873253077,0.252845864626579,0.8663170775398612
0.19534248171839863,0.2507235714001581,0.8277713088318706
0.19534248171839863,0.2507235714001581,0.8663170775398612
0.2027705080108717,0.24647898494731635,0.8277713088318706
0.2027705080108717,0.24647898494731635,0.8663170775398612
0.20966796099673957,0.2395815319614485,0.8277713088318706
0.20966796099673957,0.2395815319614485,0.8663170775398612
0.21497369406279176,0.23056178574915975,0.8277713088318706
0.21497369406279176,0.23056178574915975,0.8663170775398612
0.21656541398260742,0.21888917300384492,0.8277713088318706
0.21656541398260742,0.21888917300384492,0.8663170775398612
0.21497369406279176,0.2077471335651353,0.8277713088318706
0.21497369406279176,0.2077471335651353,0.8663170775398612
0.20966796099673957,0.19872738735284656,0.8277713088318706
0.20966796099673957,0.19872738735284656,0.8663170775398612
0.2027705080108717,0.1918299343669787,0.8277713088318706
0.18207814905326813,0.08359297981951386,0.8396315453574061
0.18207814905326813,0.08359297981951386,1.0946266306564212
0.1704055363079533,0.08412355312611908,0.8396315453574061
0.1704055363079533,0.08412355312611908,1.0946266306564212
0.15767177694942802,0.08571527304593474,0.8396315453574061
0.15767177694942802,0.08571527304593474,1.0946266306564212
0.14440744428429753,0.08889871288556606,0.8396315453574061
0.14440744428429753,0.08889871288556606,1.0946266306564212
0.1300819650059566,0.09367387264501303,0.8396315453574061
0.1300819650059566,0.09367387264501303,1.0946266306564212
0.11575648572761565,0.10110189893748611,0.8396315453574061
0.11575648572761565,0.10110189893748611,1.0946266306564212
0.1009004331426695,0.11065221845638007,0.8396315453574061
0.1009004331426695,0.11065221845638007,1.0946266306564212
0.08657495386432856,0.12285540450830013,0.8396315453574061
0.08657495386432856,0.12285540450830013,1.0946266306564212
0.07384119450580329,0.13771145709324628,0.8396315453574061
0.07384119450580329,0.13771145709324628,1.0946266306564212
0.06269915506709367,0.15522037621121854,0.8396315453574061
0.06269915506709367,0.15522037621121854,1.0946266306564212
0.05420998216141015,0.1753821618622169,0.8396315453574061
0.05420998216141015,0.1753821618622169,1.0946266306564212
0.048373675788752735,0.19660509412642568,0.8396315453574061
0.048373675788752735,0.19660509412642568,1.0946266306564212
0.046781955868937075,0.21888917300384492,0.8396315453574061
0.046781955868937075,0.21888917300384492,1.0946266306564212
0.048373675788752735,0.24170382518786937,0.8396315453574061
0.048373675788752735,0.24170382518786937,1.0946266306564212
0.05420998216141015,0.26292675745207816,0.8396315453574061
0.05420998216141015,0.26292675745207816,1.0946266306564212
0.06269915506709367,0.2830885431030765,0.8396315453574061
0.06269915506709367,0.2830885431030765,1.0946266306564212
0.07384119450580329,0.3005974622210488,0.8396315453574061
0.07384119450580329,0.3005974622210488,1.0946266306564212
0.08657495386432856,0.31545351480599493,0.8396315453574061
0.08657495386432856,0.31545351480599493,1.0946266306564212
0.1009004331426695,0.327656700857915,0.8396315453574061
0.1009004331426695,0.327656700857915,1.0946266306564212
0.11575648572761565,0.33720702037680894,0.8396315453574061
0.11575648572761565,0.33720702037680894,1.0946266306564212
0.1300819650059566,0.344635046669282,0.8396315453574061
0.1300819650059566,0.344635046669282,1.0946266306564212
0.14440744428429753,0.349410206428729,0.8396315453574061
0.14440744428429753,0.349410206428729,1.0946266306564212
0.15767177694942802,0.3525936462683603,0.8396315453574061
0.15767177694942802,0.3525936462683603,1.0946266306564212
0.1704055363079533,0.354185366188176,0.8396315453574061
0.1704055363079533,0.354185366188176,1.0946266306564212
0.1704055363079533,0.354185366188176,0.8396315453574061
0.18207814905326813,0.3547159394947812,1.0946266306564212
0.18207814905326813,0.3547159394947812,0.8396315453574061
0.18207814905326813,0.3547159394947812,1.0946266306564212
0.1942813351051882,0.354185366188176,0.8396315453574061
0.1942813351051882,0.354185366188176,1.0946266306564212
0.20701509446371347,0.3525936462683603,0.8396315453574061
0.20701509446371347,0.3525936462683603,1.0946266306564212
0.22027942712884396,0.349410206428729,0.8396315453574061
0.22027942712884396,0.349410206428729,1.0946266306564212
0.2346049064071849,0.344635046669282,0.8396315453574061
0.2346049064071849,0.344635046669282,1.0946266306564212
0.24893038568552583,0.33720702037680894,0.8396315453574061
0.24893038568552583,0.33720702037680894,1.0946266306564212
0.263786438270472,0.327656700857915,0.8396315453574061
0.263786438270472,0.327656700857915,1.0946266306564212
0.2781119175488129,0.31545351480599493,0.8396315453574061
0.2781119175488129,0.31545351480599493,1.0946266306564212
0.2908456769073382,0.3005974622210488,0.8396315453574061
0.2908456769073382,0.3005974622210488,1.0946266306564212
0.3019877163460478,0.2830885431030765,0.8396315453574061
0.3019877163460478,0.2830885431030765,1.0946266306564212
0.31047688925173134,0.26292675745207816,0.8396315453574061
0.31047688925173134,0.26292675745207816,1.0946266306564212
0.31631319562438875,0.24170382518786937,0.8396315453574061
0.31631319562438875,0.24170382518786937,1.0946266306564212
0.3179049155442044,0.21888917300384492,0.8396315453574061
0.3179049155442044,0.21888917300384492,1.0946266306564212
0.31631319562438875,0.19660509412642568,0.8396315453574061
0.31631319562438875,0.19660509412642568,1.0946266306564212
0.31047688925173134,0.1753821618622169,0.8396315453574061
0.31047688925173134,0.1753821618622169,1.0946266306564212
0.3019877163460478,0.15522037621121854,0.8396315453574061
0.3019877163460478,0.15522037621121854,1.0946266306564212
0.2908456769073382,0.13771145709324628,0.8396315453574061
0.2908456769073382,0.13771145709324628,1.0946266306564212
0.2781119175488129,0.12285540450830013,0.8396315453574061
0.2781119175488129,0.12285540450830013,1.0946266306564212
0.263786438270472,0.11065221845638007,0.8396315453574061
0.263786438270472,0.11065221845638007,1.0946266306564212
0.24893038568552583,0.10110189893748611,0.8396315453574061
0.24893038568552583,0.10110189893748611,1.0946266306564212
0.2346049064071849,0.09367387264501303,0.8396315453574061
0.2346049064071849,0.09367387264501303,1.0946266306564212
0.22027942712884396,0.08889871288556606,0.8396315453574061
0.22027942712884396,0.08889871288556606,1.0946266306564212
0.20701509446371347,0.08571527304593474,0.8396315453574061
0.20701509446371347,0.08571527304593474,1.0946266306564212
0.1942813351051882,0.08412355312611908,0.8396315453574061
0.1942813351051882,0.08412355312611908,1.0946266306564212
0.18207814905326813,0.08359297981951386,0.8396315453574061
0.18207814905326813,0.08359297981951386,1.0946266306564212
0.2510526789119467,0.21888917300384492,0.8396315453574061
0.2510526789119467,0.21888917300384492,0.5638810461387038
0.24999153229873627,0.23056178574915975,0.8396315453574061
0.24999153229873627,0.23056178574915975,0.5638810461387038
0.24733866576571018,0.24170382518786937,0.8396315453574061
0.24733866576571018,0.24170382518786937,0.5638810461387038
0.24309407931286842,0.25178471801336855,0.8396315453574061
0.24309407931286842,0.25178471801336855,0.5638810461387038
0.237257772940211,0.26027389091905206,0.8396315453574061
0.237257772940211,0.26027389091905206,0.5638810461387038
0.23089089326094836,0.26823249051813036,0.8396315453574061
0.23089089326094836,0.26823249051813036,0.5638810461387038
0.22346286696847528,0.2740687968907878,0.8396315453574061
0.22346286696847528,0.2740687968907878,0.5638810461387038
0.2160348406760022,0.27884395665023476,0.8396315453574061
0.2160348406760022,0.27884395665023476,0.5638810461387038
0.20860681438352913,0.2825579697964713,0.8396315453574061
0.20860681438352913,0.2825579697964713,0.5638810461387038
0.1948119084117934,0.28680255624931306,0.8396315453574061
0.1948119084117934,0.28680255624931306,0.5638810461387038
0.18207814905326813,0.2878637028625235,0.8396315453574061
0.18207814905326813,0.2878637028625235,0.5638810461387038
0.18207814905326813,0.2878637028625235,0.8396315453574061
0.16987496300134808,0.28680255624931306,0.5638810461387038
0.16987496300134808,0.28680255624931306,0.8396315453574061
0.16987496300134808,0.28680255624931306,0.5638810461387038
0.15608005702961236,0.2825579697964713,0.8396315453574061
0.15608005702961236,0.2825579697964713,0.5638810461387038
0.14865203073713928,0.27884395665023476,0.8396315453574061
0.14865203073713928,0.27884395665023476,0.5638810461387038
0.1412240044446662,0.2740687968907878,0.8396315453574061
0.1412240044446662,0.2740687968907878,0.5638810461387038
0.13379597815219313,0.26823249051813036,0.8396315453574061
0.13379597815219313,0.26823249051813036,0.5638810461387038
0.1274290984729305,0.26027389091905206,0.8396315453574061
0.1274290984729305,0.26027389091905206,0.5638810461387038
0.12159279210027307,0.25178471801336855,0.8396315453574061
0.12159279210027307,0.25178471801336855,0.5638810461387038
0.11734820564743131,0.24170382518786937,0.8396315453574061
0.11734820564743131,0.24170382518786937,0.5638810461387038
0.11469533911440521,0.23056178574915975,0.8396315453574061
0.11469533911440521,0.23056178574915975,0.5638810461387038
0.11363419250119478,0.21888917300384492,0.8396315453574061
0.11363419250119478,0.21888917300384492,0.5638810461387038
0.11469533911440521,0.2077471335651353,0.8396315453574061
0.11469533911440521,0.2077471335651353,0.5638810461387038
0.11734820564743131,0.19660509412642568,0.8396315453574061
0.11734820564743131,0.19660509412642568,0.5638810461387038
0.12159279210027307,0.1865242013009265,0.8396315453574061
0.12159279210027307,0.1865242013009265,0.5638810461387038
0.1274290984729305,0.178035028395243,0.8396315453574061
0.1274290984729305,0.178035028395243,0.5638810461387038
0.13379597815219313,0.1700764287961647,0.8396315453574061
0.13379597815219313,0.1700764287961647,0.5638810461387038
0.1412240044446662,0.16424012242350727,0.8396315453574061
0.1412240044446662,0.16424012242350727,0.5638810461387038
0.14865203073713928,0.1594649626640603,0.8396315453574061
0.14865203073713928,0.1594649626640603,0.5638810461387038
0.15608005702961236,0.15575094951782376,0.8396315453574061
0.15608005702961236,0.15575094951782376,0.5638810461387038
0.16987496300134808,0.151506363064982,0.8396315453574061
0.16987496300134808,0.151506363064982,0.5638810461387038
0.18207814905326813,0.15044521645177156,0.8396315453574061
0.18207814905326813,0.15044521645177156,0.5638810461387038
0.1948119084117934,0.151506363064982,0.8396315453574061
0.1948119084117934,0.151506363064982,0.5638810461387038
0.20860681438352913,0.15575094951782376,0.8396315453574061
0.20860681438352913,0.15575094951782376,0.5638810461387038
0.2160348406760022,0.1594649626640603,0.8396315453574061
0.2160348406760022,0.1594649626640603,0.5638810461387038
0.22346286696847528,0.16424012242350727,0.8396315453574061
0.22346286696847528,0.16424012242350727,0.5638810461387038
0.23089089326094836,0.1700764287961647,0.8396315453574061
0.23089089326094836,0.1700764287961647,0.5638810461387038
0.237257772940211,0.178035028395243,0.8396315453574061
0.237257772940211,0.178035028395243,0.5638810461387038
0.24309407931286842,0.1865242013009265,0.8396315453574061
0.24309407931286842,0.1865242013009265,0.5638810461387038
0.24733866576571018,0.19660509412642568,0.8396315453574061
0.24733866576571018,0.19660509412642568,0.5638810461387038
0.24999153229873627,0.2077471335651353,0.8396315453574061
0.24999153229873627,0.2077471335651353,0.5638810461387038
0.2510526789119467,0.21888917300384492,0.8396315453574061
0.2510526789119467,0.21888917300384492,0.5638810461387038
0.1571412036428228,0.23798981204163283,0.5638810461387038
0.15395776380319148,0.2289700658293441,0.5638810461387038
0.1168176323408261,0.24170382518786937,0.5638810461387038
0.15289661718998104,0.21888917300384492,0.5638810461387038
0.2075456677703187,0.20031910727266222,0.5638810461387038
0.21072910760995,0.20933885348495096,0.5638810461387038
0.2478692390723154,0.19660509412642568,0.5638810461387038
0.21179025422316045,0.21888917300384492,0.5638810461387038
