172.69247055053717,1218.4359855651855, -49.99999999999999
169.29943847656256,1221.5208740234375, -49.99999999999999
171.83741760253912,1216.9549942016602, -49.99999999999999
171.83741760253912,1216.9549942016602, -49.99999999999999
169.29943847656256,1221.5208740234375, -49.99999999999999
172.13437652587896,1215.2708740234375, -49.99999999999999
171.83741760253912,1216.9549942016602, -49.99999999999999
172.13437652587896,1215.2708740234375, -49.99999999999999
172.13437652587896,1215.2708740234375, -52.99999999999999
171.83741760253912,1216.9549942016602, -49.99999999999999
172.13437652587896,1215.2708740234375, -52.99999999999999
171.83741760253912,1216.9549942016602, -52.99999999999999
171.83741760253912,1216.9549942016602, -49.99999999999999
171.83741760253912,1216.9549942016602, -52.99999999999999
172.69247055053717,1218.4359855651855, -49.99999999999999
171.83741760253912,1216.9549942016602, -52.99999999999999
172.13437652587896,1215.2708740234375, -52.99999999999999
169.29943847656256,1221.5208740234375, -52.99999999999999
171.83741760253912,1216.9549942016602, -52.99999999999999
169.29943847656256,1221.5208740234375, -52.99999999999999
172.69247055053717,1218.4359855651855, -52.99999999999999
171.83741760253912,1216.9549942016602, -52.99999999999999
172.69247055053717,1218.4359855651855, -52.99999999999999
172.69247055053717,1218.4359855651855, -49.99999999999999
172.69247055053717,1218.4359855651855, -49.99999999999999
172.69247055053717,1218.4359855651855, -52.99999999999999
174.29943847656256,1219.0208740234375, -49.99999999999999
172.69247055053717,1218.4359855651855, -49.99999999999999
174.29943847656256,1219.0208740234375, -49.99999999999999
169.29943847656256,1221.5208740234375, -49.99999999999999
172.69247055053717,1218.4359855651855, -52.99999999999999
169.29943847656256,1221.5208740234375, -52.99999999999999
174.29943847656256,1219.0208740234375, -52.99999999999999
172.69247055053717,1218.4359855651855, -52.99999999999999
174.29943847656256,1219.0208740234375, -52.99999999999999
174.29943847656256,1219.0208740234375, -49.99999999999999
174.29943847656256,1219.0208740234375, -52.99999999999999
169.29943847656256,1221.5208740234375, -52.99999999999999
175.90640640258795,1218.4359855651855, -52.99999999999999
174.29943847656256,1219.0208740234375, -52.99999999999999
175.90640640258795,1218.4359855651855, -52.99999999999999
175.90640640258795,1218.4359855651855, -49.99999999999999
174.29943847656256,1219.0208740234375, -52.99999999999999
175.90640640258795,1218.4359855651855, -49.99999999999999
174.29943847656256,1219.0208740234375, -49.99999999999999
174.29943847656256,1219.0208740234375, -49.99999999999999
175.90640640258795,1218.4359855651855, -49.99999999999999
249.29943847656256,1221.5208740234375, -49.99999999999999
174.29943847656256,1219.0208740234375, -49.99999999999999
249.29943847656256,1221.5208740234375, -49.99999999999999
169.29943847656256,1221.5208740234375, -49.99999999999999
175.90640640258795,1218.4359855651855, -49.99999999999999
175.90640640258795,1218.4359855651855, -52.99999999999999
176.761459350586,1216.9549942016602, -49.99999999999999
175.90640640258795,1218.4359855651855, -49.99999999999999
176.761459350586,1216.9549942016602, -49.99999999999999
249.29943847656256,1221.5208740234375, -49.99999999999999
175.90640640258795,1218.4359855651855, -52.99999999999999
169.29943847656256,1221.5208740234375, -52.99999999999999
181.79943847656256,1216.5208740234375, -52.99999999999999
175.90640640258795,1218.4359855651855, -52.99999999999999
181.79943847656256,1216.5208740234375, -52.99999999999999
176.761459350586,1216.9549942016602, -52.99999999999999
175.90640640258795,1218.4359855651855, -52.99999999999999
176.761459350586,1216.9549942016602, -52.99999999999999
176.761459350586,1216.9549942016602, -49.99999999999999
176.761459350586,1216.9549942016602, -52.99999999999999
181.79943847656256,1216.5208740234375, -52.99999999999999
176.46450042724615,1215.2708740234375, -52.99999999999999
176.761459350586,1216.9549942016602, -52.99999999999999
176.46450042724615,1215.2708740234375, -52.99999999999999
176.46450042724615,1215.2708740234375, -49.99999999999999
176.761459350586,1216.9549942016602, -52.99999999999999
176.46450042724615,1215.2708740234375, -49.99999999999999
176.761459350586,1216.9549942016602, -49.99999999999999
176.46450042724615,1215.2708740234375, -52.99999999999999
181.79943847656256,1216.5208740234375, -52.99999999999999
175.15448760986334,1214.1716423034668, -52.99999999999999
176.46450042724615,1215.2708740234375, -52.99999999999999
175.15448760986334,1214.1716423034668, -52.99999999999999
175.15448760986334,1214.1716423034668, -49.99999999999999
176.46450042724615,1215.2708740234375, -52.99999999999999
175.15448760986334,1214.1716423034668, -49.99999999999999
176.46450042724615,1215.2708740234375, -49.99999999999999
175.15448760986334,1214.1716423034668, -49.99999999999999
175.15448760986334,1214.1716423034668, -52.99999999999999
173.44438934326178,1214.1716423034668, -49.99999999999999
175.15448760986334,1214.1716423034668, -49.99999999999999
173.44438934326178,1214.1716423034668, -49.99999999999999
171.837417602539,1146.9549942016602, -50.00000000000001
175.15448760986334,1214.1716423034668, -49.99999999999999
171.837417602539,1146.9549942016602, -50.00000000000001
176.46450042724615,1215.2708740234375, -49.99999999999999
176.46450042724615,1215.2708740234375, -49.99999999999999
171.837417602539,1146.9549942016602, -50.00000000000001
172.69247055053705,1148.4359855651855, -50.00000000000001
176.46450042724615,1215.2708740234375, -49.99999999999999
172.69247055053705,1148.4359855651855, -50.00000000000001
176.761459350586,1216.9549942016602, -49.99999999999999
175.15448760986334,1214.1716423034668, -52.99999999999999
181.79943847656256,1216.5208740234375, -52.99999999999999
181.7994384765625,1181.5208740234375, -53.0
175.15448760986334,1214.1716423034668, -52.99999999999999
181.7994384765625,1181.5208740234375, -53.0
173.44438934326178,1214.1716423034668, -52.99999999999999
175.15448760986334,1214.1716423034668, -52.99999999999999
173.44438934326178,1214.1716423034668, -52.99999999999999
173.44438934326178,1214.1716423034668, -49.99999999999999
173.44438934326178,1214.1716423034668, -49.99999999999999
173.44438934326178,1214.1716423034668, -52.99999999999999
172.13437652587896,1215.2708740234375, -49.99999999999999
173.44438934326178,1214.1716423034668, -49.99999999999999
172.13437652587896,1215.2708740234375, -49.99999999999999
169.29943847656244,1141.5208740234375, -50.00000000000001
173.44438934326178,1214.1716423034668, -49.99999999999999
169.29943847656244,1141.5208740234375, -50.00000000000001
171.837417602539,1146.9549942016602, -50.00000000000001
172.13437652587896,1215.2708740234375, -49.99999999999999
169.29943847656256,1221.5208740234375, -49.99999999999999
169.29943847656244,1141.5208740234375, -50.00000000000001
172.13437652587896,1215.2708740234375, -49.99999999999999
173.44438934326178,1214.1716423034668, -52.99999999999999
172.13437652587896,1215.2708740234375, -52.99999999999999
173.44438934326178,1214.1716423034668, -52.99999999999999
181.7994384765625,1181.5208740234375, -53.0
169.2994384765625,1181.5208740234375, -53.0
173.44438934326178,1214.1716423034668, -52.99999999999999
169.2994384765625,1181.5208740234375, -53.0
172.13437652587896,1215.2708740234375, -52.99999999999999
172.13437652587896,1215.2708740234375, -52.99999999999999
169.2994384765625,1181.5208740234375, -53.0
169.29943847656256,1221.5208740234375, -52.99999999999999
169.29943847656256,1221.5208740234375, -52.99999999999999
239.29943847656256,1221.5208740234375, -52.99999999999999
236.79943847656256,1216.5208740234375, -52.99999999999999
169.29943847656256,1221.5208740234375, -52.99999999999999
236.79943847656256,1216.5208740234375, -52.99999999999999
181.79943847656256,1216.5208740234375, -52.99999999999999
169.29943847656256,1221.5208740234375, -49.99999999999999
249.29943847656256,1221.5208740234375, -49.99999999999999
169.29943847656256,1221.5208740234375, -52.99999999999999
169.29943847656256,1221.5208740234375, -49.99999999999999
169.29943847656256,1221.5208740234375, -52.99999999999999
169.29943847656244,1141.5208740234375, -53.00000000000001
169.29943847656256,1221.5208740234375, -49.99999999999999
169.29943847656244,1141.5208740234375, -53.00000000000001
169.29943847656244,1141.5208740234375, -50.00000000000001
169.29943847656244,1141.5208740234375, -53.00000000000001
249.29943847656244,1141.5208740234375, -53.00000000000001
169.29943847656244,1141.5208740234375, -50.00000000000001
169.29943847656256,1221.5208740234375, -52.99999999999999
249.29943847656256,1221.5208740234375, -49.99999999999999
249.29943847656256,1221.5208740234375, -52.99999999999999
249.29943847656244,1141.5208740234375, -53.00000000000001
249.29943847656256,1221.5208740234375, -52.99999999999999
249.29943847656244,1141.5208740234375, -50.00000000000001
249.29943847656244,1141.5208740234375, -53.00000000000001
249.29943847656244,1141.5208740234375, -50.00000000000001
169.29943847656244,1141.5208740234375, -50.00000000000001
249.29943847656256,1221.5208740234375, -52.99999999999999
249.29943847656256,1221.5208740234375, -49.99999999999999
249.29943847656244,1141.5208740234375, -50.00000000000001
169.29943847656244,1141.5208740234375, -50.00000000000001
249.29943847656244,1141.5208740234375, -50.00000000000001
175.15448760986322,1144.1716423034668, -50.00000000000001
169.29943847656244,1141.5208740234375, -50.00000000000001
175.15448760986322,1144.1716423034668, -50.00000000000001
173.44438934326166,1144.1716423034668, -50.00000000000001
169.29943847656244,1141.5208740234375, -50.00000000000001
173.44438934326166,1144.1716423034668, -50.00000000000001
172.13437652587885,1145.2708740234375, -50.00000000000001
169.29943847656244,1141.5208740234375, -50.00000000000001
172.13437652587885,1145.2708740234375, -50.00000000000001
171.837417602539,1146.9549942016602, -50.00000000000001
172.13437652587885,1145.2708740234375, -50.00000000000001
173.44438934326166,1144.1716423034668, -50.00000000000001
173.44438934326166,1144.1716423034668, -53.00000000000001
172.13437652587885,1145.2708740234375, -50.00000000000001
173.44438934326166,1144.1716423034668, -53.00000000000001
172.13437652587885,1145.2708740234375, -53.00000000000001
172.13437652587885,1145.2708740234375, -50.00000000000001
172.13437652587885,1145.2708740234375, -53.00000000000001
171.837417602539,1146.9549942016602, -50.00000000000001
173.44438934326166,1144.1716423034668, -50.00000000000001
175.15448760986322,1144.1716423034668, -50.00000000000001
175.15448760986322,1144.1716423034668, -53.00000000000001
173.44438934326166,1144.1716423034668, -50.00000000000001
175.15448760986322,1144.1716423034668, -53.00000000000001
173.44438934326166,1144.1716423034668, -53.00000000000001
173.44438934326166,1144.1716423034668, -53.00000000000001
175.15448760986322,1144.1716423034668, -53.00000000000001
169.29943847656244,1141.5208740234375, -53.00000000000001
173.44438934326166,1144.1716423034668, -53.00000000000001
169.29943847656244,1141.5208740234375, -53.00000000000001
172.13437652587885,1145.2708740234375, -53.00000000000001
172.13437652587885,1145.2708740234375, -53.00000000000001
169.29943847656244,1141.5208740234375, -53.00000000000001
171.837417602539,1146.9549942016602, -53.00000000000001
172.13437652587885,1145.2708740234375, -53.00000000000001
171.837417602539,1146.9549942016602, -53.00000000000001
171.837417602539,1146.9549942016602, -50.00000000000001
171.837417602539,1146.9549942016602, -50.00000000000001
171.837417602539,1146.9549942016602, -53.00000000000001
172.69247055053705,1148.4359855651855, -50.00000000000001
171.837417602539,1146.9549942016602, -53.00000000000001
169.29943847656244,1141.5208740234375, -53.00000000000001
169.2994384765625,1181.5208740234375, -53.0
171.837417602539,1146.9549942016602, -53.00000000000001
169.2994384765625,1181.5208740234375, -53.0
172.69247055053705,1148.4359855651855, -53.00000000000001
171.837417602539,1146.9549942016602, -53.00000000000001
172.69247055053705,1148.4359855651855, -53.00000000000001
172.69247055053705,1148.4359855651855, -50.00000000000001
169.29943847656244,1141.5208740234375, -53.00000000000001
175.15448760986322,1144.1716423034668, -53.00000000000001
181.79943847656244,1146.5208740234375, -53.00000000000001
169.29943847656244,1141.5208740234375, -53.00000000000001
181.79943847656244,1146.5208740234375, -53.00000000000001
239.29943847656244,1141.5208740234375, -53.00000000000001
175.15448760986322,1144.1716423034668, -53.00000000000001
175.15448760986322,1144.1716423034668, -50.00000000000001
176.46450042724604,1145.2708740234375, -53.00000000000001
175.15448760986322,1144.1716423034668, -53.00000000000001
176.46450042724604,1145.2708740234375, -53.00000000000001
181.79943847656244,1146.5208740234375, -53.00000000000001
172.69247055053705,1148.4359855651855, -50.00000000000001
172.69247055053705,1148.4359855651855, -53.00000000000001
174.29943847656244,1149.0208740234375, -50.00000000000001
172.69247055053705,1148.4359855651855, -50.00000000000001
174.29943847656244,1149.0208740234375, -50.00000000000001
176.761459350586,1216.9549942016602, -49.99999999999999
172.69247055053705,1148.4359855651855, -53.00000000000001
169.2994384765625,1181.5208740234375, -53.0
174.29943847656244,1149.0208740234375, -53.00000000000001
172.69247055053705,1148.4359855651855, -53.00000000000001
174.29943847656244,1149.0208740234375, -53.00000000000001
174.29943847656244,1149.0208740234375, -50.00000000000001
174.29943847656244,1149.0208740234375, -50.00000000000001
174.29943847656244,1149.0208740234375, -53.00000000000001
175.90640640258783,1148.4359855651855, -50.00000000000001
174.29943847656244,1149.0208740234375, -50.00000000000001
175.90640640258783,1148.4359855651855, -50.00000000000001
176.761459350586,1216.9549942016602, -49.99999999999999
174.29943847656244,1149.0208740234375, -53.00000000000001
169.2994384765625,1181.5208740234375, -53.0
175.90640640258783,1148.4359855651855, -53.00000000000001
174.29943847656244,1149.0208740234375, -53.00000000000001
175.90640640258783,1148.4359855651855, -53.00000000000001
175.90640640258783,1148.4359855651855, -50.00000000000001
169.2994384765625,1181.5208740234375, -53.0
181.7994384765625,1181.5208740234375, -53.0
175.90640640258783,1148.4359855651855, -53.00000000000001
175.90640640258783,1148.4359855651855, -53.00000000000001
181.7994384765625,1181.5208740234375, -53.0
176.76145935058588,1146.9549942016602, -53.00000000000001
175.90640640258783,1148.4359855651855, -53.00000000000001
176.76145935058588,1146.9549942016602, -53.00000000000001
176.76145935058588,1146.9549942016602, -50.00000000000001
175.90640640258783,1148.4359855651855, -53.00000000000001
176.76145935058588,1146.9549942016602, -50.00000000000001
175.90640640258783,1148.4359855651855, -50.00000000000001
176.46450042724604,1145.2708740234375, -53.00000000000001
175.15448760986322,1144.1716423034668, -50.00000000000001
176.46450042724604,1145.2708740234375, -50.00000000000001
176.46450042724604,1145.2708740234375, -53.00000000000001
176.46450042724604,1145.2708740234375, -50.00000000000001
176.76145935058588,1146.9549942016602, -53.00000000000001
176.46450042724604,1145.2708740234375, -53.00000000000001
176.76145935058588,1146.9549942016602, -53.00000000000001
181.79943847656244,1146.5208740234375, -53.00000000000001
176.76145935058588,1146.9549942016602, -53.00000000000001
181.7994384765625,1181.5208740234375, -53.0
181.79943847656244,1146.5208740234375, -53.00000000000001
176.76145935058588,1146.9549942016602, -53.00000000000001
176.46450042724604,1145.2708740234375, -50.00000000000001
176.76145935058588,1146.9549942016602, -50.00000000000001
175.15448760986322,1144.1716423034668, -50.00000000000001
249.29943847656244,1141.5208740234375, -50.00000000000001
243.44438934326166,1144.1716423034668, -50.00000000000001
175.15448760986322,1144.1716423034668, -50.00000000000001
243.44438934326166,1144.1716423034668, -50.00000000000001
176.46450042724604,1145.2708740234375, -50.00000000000001
176.46450042724604,1145.2708740234375, -50.00000000000001
243.44438934326166,1144.1716423034668, -50.00000000000001
242.13437652587885,1145.2708740234375, -50.00000000000001
176.46450042724604,1145.2708740234375, -50.00000000000001
242.13437652587885,1145.2708740234375, -50.00000000000001
176.76145935058588,1146.9549942016602, -50.00000000000001
176.76145935058588,1146.9549942016602, -50.00000000000001
242.13437652587885,1145.2708740234375, -50.00000000000001
241.837417602539,1146.9549942016602, -50.00000000000001
176.76145935058588,1146.9549942016602, -50.00000000000001
241.837417602539,1146.9549942016602, -50.00000000000001
175.90640640258783,1148.4359855651855, -50.00000000000001
242.13437652587885,1145.2708740234375, -50.00000000000001
243.44438934326166,1144.1716423034668, -50.00000000000001
243.44438934326166,1144.1716423034668, -53.00000000000001
242.13437652587885,1145.2708740234375, -50.00000000000001
243.44438934326166,1144.1716423034668, -53.00000000000001
242.13437652587885,1145.2708740234375, -53.00000000000001
242.13437652587885,1145.2708740234375, -50.00000000000001
242.13437652587885,1145.2708740234375, -53.00000000000001
241.837417602539,1146.9549942016602, -50.00000000000001
242.13437652587885,1145.2708740234375, -53.00000000000001
243.44438934326166,1144.1716423034668, -53.00000000000001
239.29943847656244,1141.5208740234375, -53.00000000000001
242.13437652587885,1145.2708740234375, -53.00000000000001
239.29943847656244,1141.5208740234375, -53.00000000000001
241.837417602539,1146.9549942016602, -53.00000000000001
242.13437652587885,1145.2708740234375, -53.00000000000001
241.837417602539,1146.9549942016602, -53.00000000000001
241.837417602539,1146.9549942016602, -50.00000000000001
243.44438934326166,1144.1716423034668, -53.00000000000001
243.44438934326166,1144.1716423034668, -50.00000000000001
245.15448760986322,1144.1716423034668, -53.00000000000001
243.44438934326166,1144.1716423034668, -53.00000000000001
245.15448760986322,1144.1716423034668, -53.00000000000001
249.29943847656244,1141.5208740234375, -53.00000000000001
243.44438934326166,1144.1716423034668, -53.00000000000001
249.29943847656244,1141.5208740234375, -53.00000000000001
239.29943847656244,1141.5208740234375, -53.00000000000001
243.44438934326166,1144.1716423034668, -50.00000000000001
249.29943847656244,1141.5208740234375, -50.00000000000001
245.15448760986322,1144.1716423034668, -50.00000000000001
243.44438934326166,1144.1716423034668, -50.00000000000001
245.15448760986322,1144.1716423034668, -50.00000000000001
245.15448760986322,1144.1716423034668, -53.00000000000001
245.15448760986322,1144.1716423034668, -53.00000000000001
245.15448760986322,1144.1716423034668, -50.00000000000001
246.46450042724604,1145.2708740234375, -53.00000000000001
245.15448760986322,1144.1716423034668, -53.00000000000001
246.46450042724604,1145.2708740234375, -53.00000000000001
249.29943847656244,1141.5208740234375, -53.00000000000001
245.15448760986322,1144.1716423034668, -50.00000000000001
249.29943847656244,1141.5208740234375, -50.00000000000001
246.46450042724604,1145.2708740234375, -50.00000000000001
245.15448760986322,1144.1716423034668, -50.00000000000001
246.46450042724604,1145.2708740234375, -50.00000000000001
246.46450042724604,1145.2708740234375, -53.00000000000001
246.46450042724604,1145.2708740234375, -53.00000000000001
246.46450042724604,1145.2708740234375, -50.00000000000001
246.76145935058588,1146.9549942016602, -53.00000000000001
246.46450042724604,1145.2708740234375, -53.00000000000001
246.76145935058588,1146.9549942016602, -53.00000000000001
249.29943847656244,1141.5208740234375, -53.00000000000001
249.29943847656244,1141.5208740234375, -53.00000000000001
246.76145935058588,1146.9549942016602, -53.00000000000001
249.2994384765625,1181.5208740234375, -53.0
246.46450042724604,1145.2708740234375, -50.00000000000001
249.29943847656244,1141.5208740234375, -50.00000000000001
246.76145935058588,1146.9549942016602, -50.00000000000001
246.46450042724604,1145.2708740234375, -50.00000000000001
246.76145935058588,1146.9549942016602, -50.00000000000001
246.76145935058588,1146.9549942016602, -53.00000000000001
249.29943847656244,1141.5208740234375, -50.00000000000001
249.29943847656256,1221.5208740234375, -49.99999999999999
246.76145935058588,1146.9549942016602, -50.00000000000001
246.76145935058588,1146.9549942016602, -53.00000000000001
246.76145935058588,1146.9549942016602, -50.00000000000001
245.90640640258783,1148.4359855651855, -53.00000000000001
246.76145935058588,1146.9549942016602, -53.00000000000001
245.90640640258783,1148.4359855651855, -53.00000000000001
249.2994384765625,1181.5208740234375, -53.0
246.76145935058588,1146.9549942016602, -50.00000000000001
249.29943847656256,1221.5208740234375, -49.99999999999999
245.90640640258783,1148.4359855651855, -50.00000000000001
246.76145935058588,1146.9549942016602, -50.00000000000001
245.90640640258783,1148.4359855651855, -50.00000000000001
245.90640640258783,1148.4359855651855, -53.00000000000001
245.90640640258783,1148.4359855651855, -53.00000000000001
245.90640640258783,1148.4359855651855, -50.00000000000001
244.29943847656244,1149.0208740234375, -53.00000000000001
245.90640640258783,1148.4359855651855, -53.00000000000001
244.29943847656244,1149.0208740234375, -53.00000000000001
249.2994384765625,1181.5208740234375, -53.0
245.90640640258783,1148.4359855651855, -50.00000000000001
249.29943847656256,1221.5208740234375, -49.99999999999999
246.761459350586,1216.9549942016602, -49.99999999999999
245.90640640258783,1148.4359855651855, -50.00000000000001
246.761459350586,1216.9549942016602, -49.99999999999999
244.29943847656244,1149.0208740234375, -50.00000000000001
245.90640640258783,1148.4359855651855, -50.00000000000001
244.29943847656244,1149.0208740234375, -50.00000000000001
244.29943847656244,1149.0208740234375, -53.00000000000001
244.29943847656244,1149.0208740234375, -53.00000000000001
244.29943847656244,1149.0208740234375, -50.00000000000001
242.69247055053705,1148.4359855651855, -53.00000000000001
244.29943847656244,1149.0208740234375, -53.00000000000001
242.69247055053705,1148.4359855651855, -53.00000000000001
239.2994384765625,1181.5208740234375, -53.0
244.29943847656244,1149.0208740234375, -53.00000000000001
239.2994384765625,1181.5208740234375, -53.0
249.2994384765625,1181.5208740234375, -53.0
242.69247055053705,1148.4359855651855, -53.00000000000001
244.29943847656244,1149.0208740234375, -50.00000000000001
242.69247055053705,1148.4359855651855, -50.00000000000001
242.69247055053705,1148.4359855651855, -53.00000000000001
242.69247055053705,1148.4359855651855, -50.00000000000001
241.837417602539,1146.9549942016602, -53.00000000000001
242.69247055053705,1148.4359855651855, -53.00000000000001
241.837417602539,1146.9549942016602, -53.00000000000001
239.2994384765625,1181.5208740234375, -53.0
241.837417602539,1146.9549942016602, -53.00000000000001
239.29943847656244,1141.5208740234375, -53.00000000000001
239.2994384765625,1181.5208740234375, -53.0
241.837417602539,1146.9549942016602, -53.00000000000001
242.69247055053705,1148.4359855651855, -50.00000000000001
241.837417602539,1146.9549942016602, -50.00000000000001
241.837417602539,1146.9549942016602, -50.00000000000001
242.69247055053705,1148.4359855651855, -50.00000000000001
243.44438934326178,1214.1716423034668, -49.99999999999999
241.837417602539,1146.9549942016602, -50.00000000000001
243.44438934326178,1214.1716423034668, -49.99999999999999
175.90640640258783,1148.4359855651855, -50.00000000000001
242.69247055053705,1148.4359855651855, -50.00000000000001
244.29943847656244,1149.0208740234375, -50.00000000000001
245.15448760986334,1214.1716423034668, -49.99999999999999
242.69247055053705,1148.4359855651855, -50.00000000000001
245.15448760986334,1214.1716423034668, -49.99999999999999
243.44438934326178,1214.1716423034668, -49.99999999999999
244.29943847656244,1149.0208740234375, -50.00000000000001
246.761459350586,1216.9549942016602, -49.99999999999999
246.46450042724615,1215.2708740234375, -49.99999999999999
244.29943847656244,1149.0208740234375, -50.00000000000001
246.46450042724615,1215.2708740234375, -49.99999999999999
245.15448760986334,1214.1716423034668, -49.99999999999999
239.29943847656244,1141.5208740234375, -53.00000000000001
181.79943847656244,1146.5208740234375, -53.00000000000001
236.79943847656244,1146.5208740234375, -53.00000000000001
239.29943847656244,1141.5208740234375, -53.00000000000001
236.79943847656244,1146.5208740234375, -53.00000000000001
239.2994384765625,1181.5208740234375, -53.0
246.46450042724615,1215.2708740234375, -49.99999999999999
246.761459350586,1216.9549942016602, -49.99999999999999
246.761459350586,1216.9549942016602, -52.99999999999999
246.46450042724615,1215.2708740234375, -49.99999999999999
246.761459350586,1216.9549942016602, -52.99999999999999
246.46450042724615,1215.2708740234375, -52.99999999999999
246.46450042724615,1215.2708740234375, -49.99999999999999
246.46450042724615,1215.2708740234375, -52.99999999999999
245.15448760986334,1214.1716423034668, -49.99999999999999
245.15448760986334,1214.1716423034668, -49.99999999999999
246.46450042724615,1215.2708740234375, -52.99999999999999
245.15448760986334,1214.1716423034668, -52.99999999999999
245.15448760986334,1214.1716423034668, -49.99999999999999
245.15448760986334,1214.1716423034668, -52.99999999999999
243.44438934326178,1214.1716423034668, -49.99999999999999
245.15448760986334,1214.1716423034668, -52.99999999999999
246.46450042724615,1215.2708740234375, -52.99999999999999
249.2994384765625,1181.5208740234375, -53.0
245.15448760986334,1214.1716423034668, -52.99999999999999
249.2994384765625,1181.5208740234375, -53.0
243.44438934326178,1214.1716423034668, -52.99999999999999
245.15448760986334,1214.1716423034668, -52.99999999999999
243.44438934326178,1214.1716423034668, -52.99999999999999
243.44438934326178,1214.1716423034668, -49.99999999999999
246.46450042724615,1215.2708740234375, -52.99999999999999
246.761459350586,1216.9549942016602, -52.99999999999999
249.29943847656256,1221.5208740234375, -52.99999999999999
246.46450042724615,1215.2708740234375, -52.99999999999999
249.29943847656256,1221.5208740234375, -52.99999999999999
249.2994384765625,1181.5208740234375, -53.0
249.2994384765625,1181.5208740234375, -53.0
239.2994384765625,1181.5208740234375, -53.0
243.44438934326178,1214.1716423034668, -52.99999999999999
246.761459350586,1216.9549942016602, -52.99999999999999
246.761459350586,1216.9549942016602, -49.99999999999999
245.90640640258795,1218.4359855651855, -52.99999999999999
246.761459350586,1216.9549942016602, -52.99999999999999
245.90640640258795,1218.4359855651855, -52.99999999999999
249.29943847656256,1221.5208740234375, -52.99999999999999
243.44438934326178,1214.1716423034668, -49.99999999999999
243.44438934326178,1214.1716423034668, -52.99999999999999
242.13437652587896,1215.2708740234375, -49.99999999999999
243.44438934326178,1214.1716423034668, -49.99999999999999
242.13437652587896,1215.2708740234375, -49.99999999999999
175.90640640258783,1148.4359855651855, -50.00000000000001
243.44438934326178,1214.1716423034668, -52.99999999999999
239.2994384765625,1181.5208740234375, -53.0
242.13437652587896,1215.2708740234375, -52.99999999999999
243.44438934326178,1214.1716423034668, -52.99999999999999
242.13437652587896,1215.2708740234375, -52.99999999999999
242.13437652587896,1215.2708740234375, -49.99999999999999
242.13437652587896,1215.2708740234375, -49.99999999999999
242.13437652587896,1215.2708740234375, -52.99999999999999
241.83741760253912,1216.9549942016602, -49.99999999999999
242.13437652587896,1215.2708740234375, -49.99999999999999
241.83741760253912,1216.9549942016602, -49.99999999999999
175.90640640258783,1148.4359855651855, -50.00000000000001
246.761459350586,1216.9549942016602, -49.99999999999999
249.29943847656256,1221.5208740234375, -49.99999999999999
245.90640640258795,1218.4359855651855, -49.99999999999999
246.761459350586,1216.9549942016602, -49.99999999999999
245.90640640258795,1218.4359855651855, -49.99999999999999
245.90640640258795,1218.4359855651855, -52.99999999999999
245.90640640258795,1218.4359855651855, -52.99999999999999
245.90640640258795,1218.4359855651855, -49.99999999999999
244.29943847656256,1219.0208740234375, -52.99999999999999
245.90640640258795,1218.4359855651855, -52.99999999999999
244.29943847656256,1219.0208740234375, -52.99999999999999
249.29943847656256,1221.5208740234375, -52.99999999999999
249.29943847656256,1221.5208740234375, -52.99999999999999
244.29943847656256,1219.0208740234375, -52.99999999999999
239.29943847656256,1221.5208740234375, -52.99999999999999
245.90640640258795,1218.4359855651855, -49.99999999999999
249.29943847656256,1221.5208740234375, -49.99999999999999
244.29943847656256,1219.0208740234375, -49.99999999999999
245.90640640258795,1218.4359855651855, -49.99999999999999
244.29943847656256,1219.0208740234375, -49.99999999999999
244.29943847656256,1219.0208740234375, -52.99999999999999
249.29943847656256,1221.5208740234375, -49.99999999999999
176.761459350586,1216.9549942016602, -49.99999999999999
244.29943847656256,1219.0208740234375, -49.99999999999999
244.29943847656256,1219.0208740234375, -52.99999999999999
244.29943847656256,1219.0208740234375, -49.99999999999999
242.69247055053717,1218.4359855651855, -52.99999999999999
244.29943847656256,1219.0208740234375, -52.99999999999999
242.69247055053717,1218.4359855651855, -52.99999999999999
239.29943847656256,1221.5208740234375, -52.99999999999999
244.29943847656256,1219.0208740234375, -49.99999999999999
176.761459350586,1216.9549942016602, -49.99999999999999
242.69247055053717,1218.4359855651855, -49.99999999999999
244.29943847656256,1219.0208740234375, -49.99999999999999
242.69247055053717,1218.4359855651855, -49.99999999999999
242.69247055053717,1218.4359855651855, -52.99999999999999
176.761459350586,1216.9549942016602, -49.99999999999999
175.90640640258783,1148.4359855651855, -50.00000000000001
242.69247055053717,1218.4359855651855, -49.99999999999999
175.90640640258783,1148.4359855651855, -50.00000000000001
241.83741760253912,1216.9549942016602, -49.99999999999999
242.69247055053717,1218.4359855651855, -49.99999999999999
242.69247055053717,1218.4359855651855, -49.99999999999999
241.83741760253912,1216.9549942016602, -49.99999999999999
241.83741760253912,1216.9549942016602, -52.99999999999999
242.69247055053717,1218.4359855651855, -49.99999999999999
241.83741760253912,1216.9549942016602, -52.99999999999999
242.69247055053717,1218.4359855651855, -52.99999999999999
242.69247055053717,1218.4359855651855, -52.99999999999999
241.83741760253912,1216.9549942016602, -52.99999999999999
239.29943847656256,1221.5208740234375, -52.99999999999999
241.83741760253912,1216.9549942016602, -49.99999999999999
242.13437652587896,1215.2708740234375, -52.99999999999999
241.83741760253912,1216.9549942016602, -52.99999999999999
241.83741760253912,1216.9549942016602, -52.99999999999999
242.13437652587896,1215.2708740234375, -52.99999999999999
239.29943847656256,1221.5208740234375, -52.99999999999999
242.13437652587896,1215.2708740234375, -52.99999999999999
239.2994384765625,1181.5208740234375, -53.0
239.29943847656256,1221.5208740234375, -52.99999999999999
239.2994384765625,1181.5208740234375, -53.0
236.79943847656244,1146.5208740234375, -53.00000000000001
236.7994384765625,1181.5208740234375, -53.0
239.2994384765625,1181.5208740234375, -53.0
236.7994384765625,1181.5208740234375, -53.0
239.29943847656256,1221.5208740234375, -52.99999999999999
239.29943847656256,1221.5208740234375, -52.99999999999999
236.7994384765625,1181.5208740234375, -53.0
236.79943847656256,1216.5208740234375, -52.99999999999999
236.7994384765625,1181.5208740234375, -53.0
236.79943847656244,1146.5208740234375, -53.00000000000001
236.79943847656244,1148.5208740234375, -55.00000000000001
236.7994384765625,1181.5208740234375, -53.0
236.79943847656244,1148.5208740234375, -55.00000000000001
236.79943847656256,1214.5208740234375, -54.99999999999999
236.7994384765625,1181.5208740234375, -53.0
236.79943847656256,1214.5208740234375, -54.99999999999999
236.79943847656256,1216.5208740234375, -52.99999999999999
181.7994384765625,1181.5208740234375, -53.0
181.79943847656256,1216.5208740234375, -52.99999999999999
181.79943847656256,1214.5208740234375, -54.99999999999999
181.7994384765625,1181.5208740234375, -53.0
181.79943847656256,1214.5208740234375, -54.99999999999999
181.79943847656244,1148.5208740234375, -55.00000000000001
181.7994384765625,1181.5208740234375, -53.0
181.79943847656244,1148.5208740234375, -55.00000000000001
181.79943847656244,1146.5208740234375, -53.00000000000001
236.79943847656256,1216.5208740234375, -52.99999999999999
236.79943847656256,1214.5208740234375, -54.99999999999999
236.79943847656256,1216.5208740234375, -95.5
236.79943847656256,1216.5208740234375, -52.99999999999999
236.79943847656256,1216.5208740234375, -95.5
212.7635400295258,1216.5208740234375, -103.5
236.79943847656256,1216.5208740234375, -52.99999999999999
212.7635400295258,1216.5208740234375, -103.5
210.66751909255987,1216.5208740234375, -101.74123001098633
236.79943847656256,1216.5208740234375, -52.99999999999999
210.66751909255987,1216.5208740234375, -101.74123001098633
181.79943847656256,1216.5208740234375, -52.99999999999999
210.66751909255987,1216.5208740234375, -101.74123001098633
212.7635400295258,1216.5208740234375, -103.5
212.7635400295258,1214.5208740234375, -103.5
210.66751909255987,1216.5208740234375, -101.74123001098633
212.7635400295258,1214.5208740234375, -103.5
210.66751909255987,1214.5208740234375, -101.74123001098633
210.66751909255987,1216.5208740234375, -101.74123001098633
210.66751909255987,1214.5208740234375, -101.74123001098633
207.93135786056524,1216.5208740234375, -101.74123001098633
210.66751909255987,1216.5208740234375, -101.74123001098633
207.93135786056524,1216.5208740234375, -101.74123001098633
181.79943847656256,1216.5208740234375, -52.99999999999999
181.79943847656256,1216.5208740234375, -52.99999999999999
207.93135786056524,1216.5208740234375, -101.74123001098633
181.79943847656256,1216.5208740234375, -95.5
181.79943847656256,1216.5208740234375, -52.99999999999999
181.79943847656256,1216.5208740234375, -95.5
181.79943847656256,1214.5208740234375, -95.5
181.79943847656256,1216.5208740234375, -52.99999999999999
181.79943847656256,1214.5208740234375, -95.5
181.79943847656256,1214.5208740234375, -54.99999999999999
181.79943847656256,1216.5208740234375, -95.5
207.93135786056524,1216.5208740234375, -101.74123001098633
205.8353369235993,1216.5208740234375, -103.5
181.79943847656256,1216.5208740234375, -95.5
205.8353369235993,1216.5208740234375, -103.5
183.45789146423346,1216.5208740234375, -104.90555572509766
181.79943847656256,1216.5208740234375, -95.5
183.45789146423346,1216.5208740234375, -104.90555572509766
181.79943847656256,1214.5208740234375, -95.5
183.45789146423346,1216.5208740234375, -104.90555572509766
205.8353369235993,1216.5208740234375, -103.5
188.23321723937994,1216.5208740234375, -113.1766586303711
183.45789146423346,1216.5208740234375, -104.90555572509766
188.23321723937994,1216.5208740234375, -113.1766586303711
183.45789146423346,1214.5208740234375, -104.90555572509766
183.45789146423346,1216.5208740234375, -104.90555572509766
183.45789146423346,1214.5208740234375, -104.90555572509766
181.79943847656256,1214.5208740234375, -95.5
181.79943847656256,1214.5208740234375, -95.5
183.45789146423346,1214.5208740234375, -104.90555572509766
205.8353369235993,1214.5208740234375, -103.5
181.79943847656256,1214.5208740234375, -95.5
205.8353369235993,1214.5208740234375, -103.5
181.79943847656256,1214.5208740234375, -54.99999999999999
183.45789146423346,1214.5208740234375, -104.90555572509766
188.23321723937994,1216.5208740234375, -113.1766586303711
188.23321723937994,1214.5208740234375, -113.1766586303711
183.45789146423346,1214.5208740234375, -104.90555572509766
188.23321723937994,1214.5208740234375, -113.1766586303711
205.36020755767828,1214.5208740234375, -106.1945915222168
183.45789146423346,1214.5208740234375, -104.90555572509766
205.36020755767828,1214.5208740234375, -106.1945915222168
205.8353369235993,1214.5208740234375, -103.5
188.23321723937994,1216.5208740234375, -113.1766586303711
205.8353369235993,1216.5208740234375, -103.5
205.36020755767828,1216.5208740234375, -106.1945915222168
188.23321723937994,1216.5208740234375, -113.1766586303711
205.36020755767828,1216.5208740234375, -106.1945915222168
195.54943847656256,1216.5208740234375, -119.31569671630858
188.23321723937994,1216.5208740234375, -113.1766586303711
195.54943847656256,1216.5208740234375, -119.31569671630858
188.23321723937994,1214.5208740234375, -113.1766586303711
188.23321723937994,1214.5208740234375, -113.1766586303711
195.54943847656256,1216.5208740234375, -119.31569671630858
195.54943847656256,1214.5208740234375, -119.31569671630858
188.23321723937994,1214.5208740234375, -113.1766586303711
195.54943847656256,1214.5208740234375, -119.31569671630858
206.72828793525701,1214.5208740234375, -108.56417846679688
188.23321723937994,1214.5208740234375, -113.1766586303711
206.72828793525701,1214.5208740234375, -108.56417846679688
205.36020755767828,1214.5208740234375, -106.1945915222168
195.54943847656256,1214.5208740234375, -119.31569671630858
195.54943847656256,1216.5208740234375, -119.31569671630858
204.5241136550904,1216.5208740234375, -122.58221435546874
195.54943847656256,1214.5208740234375, -119.31569671630858
204.5241136550904,1216.5208740234375, -122.58221435546874
204.5241136550904,1214.5208740234375, -122.58221435546874
195.54943847656256,1214.5208740234375, -119.31569671630858
204.5241136550904,1214.5208740234375, -122.58221435546874
206.72828793525701,1214.5208740234375, -108.56417846679688
195.54943847656256,1216.5208740234375, -119.31569671630858
205.36020755767828,1216.5208740234375, -106.1945915222168
206.72828793525701,1216.5208740234375, -108.56417846679688
195.54943847656256,1216.5208740234375, -119.31569671630858
206.72828793525701,1216.5208740234375, -108.56417846679688
204.5241136550904,1216.5208740234375, -122.58221435546874
204.5241136550904,1216.5208740234375, -122.58221435546874
206.72828793525701,1216.5208740234375, -108.56417846679688
209.29943847656256,1216.5208740234375, -109.5
204.5241136550904,1216.5208740234375, -122.58221435546874
209.29943847656256,1216.5208740234375, -109.5
214.07476329803472,1216.5208740234375, -122.58221435546874
204.5241136550904,1216.5208740234375, -122.58221435546874
214.07476329803472,1216.5208740234375, -122.58221435546874
204.5241136550904,1214.5208740234375, -122.58221435546874
206.72828793525701,1216.5208740234375, -108.56417846679688
205.36020755767828,1216.5208740234375, -106.1945915222168
205.36020755767828,1214.5208740234375, -106.1945915222168
206.72828793525701,1216.5208740234375, -108.56417846679688
205.36020755767828,1214.5208740234375, -106.1945915222168
206.72828793525701,1214.5208740234375, -108.56417846679688
206.72828793525701,1216.5208740234375, -108.56417846679688
206.72828793525701,1214.5208740234375, -108.56417846679688
209.29943847656256,1216.5208740234375, -109.5
205.36020755767828,1214.5208740234375, -106.1945915222168
205.36020755767828,1216.5208740234375, -106.1945915222168
205.8353369235993,1214.5208740234375, -103.5
205.36020755767828,1216.5208740234375, -106.1945915222168
205.8353369235993,1216.5208740234375, -103.5
205.8353369235993,1214.5208740234375, -103.5
206.72828793525701,1214.5208740234375, -108.56417846679688
204.5241136550904,1214.5208740234375, -122.58221435546874
209.29943847656253,1214.5208740234375, -109.5
206.72828793525701,1214.5208740234375, -108.56417846679688
209.29943847656253,1214.5208740234375, -109.5
209.29943847656256,1216.5208740234375, -109.5
209.29943847656256,1216.5208740234375, -109.5
209.29943847656253,1214.5208740234375, -109.5
211.8705890178681,1216.5208740234375, -108.56417846679688
209.29943847656256,1216.5208740234375, -109.5
211.8705890178681,1216.5208740234375, -108.56417846679688
214.07476329803472,1216.5208740234375, -122.58221435546874
204.5241136550904,1214.5208740234375, -122.58221435546874
214.07476329803472,1216.5208740234375, -122.58221435546874
214.07476329803472,1214.5208740234375, -122.58221435546874
204.5241136550904,1214.5208740234375, -122.58221435546874
214.07476329803472,1214.5208740234375, -122.58221435546874
209.29943847656253,1214.5208740234375, -109.5
209.29943847656253,1214.5208740234375, -109.5
214.07476329803472,1214.5208740234375, -122.58221435546874
211.8705890178681,1214.5208740234375, -108.56417846679688
209.29943847656253,1214.5208740234375, -109.5
211.8705890178681,1214.5208740234375, -108.56417846679688
211.8705890178681,1216.5208740234375, -108.56417846679688
214.07476329803472,1216.5208740234375, -122.58221435546874
211.8705890178681,1216.5208740234375, -108.56417846679688
223.04943847656256,1216.5208740234375, -119.31569671630858
214.07476329803472,1216.5208740234375, -122.58221435546874
223.04943847656256,1216.5208740234375, -119.31569671630858
214.07476329803472,1214.5208740234375, -122.58221435546874
214.07476329803472,1214.5208740234375, -122.58221435546874
223.04943847656256,1216.5208740234375, -119.31569671630858
223.04943847656256,1214.5208740234375, -119.31569671630858
214.07476329803472,1214.5208740234375, -122.58221435546874
223.04943847656256,1214.5208740234375, -119.31569671630858
211.8705890178681,1214.5208740234375, -108.56417846679688
223.04943847656256,1216.5208740234375, -119.31569671630858
211.8705890178681,1216.5208740234375, -108.56417846679688
230.36565971374517,1216.5208740234375, -113.1766586303711
223.04943847656256,1216.5208740234375, -119.31569671630858
230.36565971374517,1216.5208740234375, -113.1766586303711
223.04943847656256,1214.5208740234375, -119.31569671630858
211.8705890178681,1216.5208740234375, -108.56417846679688
211.8705890178681,1214.5208740234375, -108.56417846679688
213.23866939544683,1216.5208740234375, -106.1945915222168
211.8705890178681,1216.5208740234375, -108.56417846679688
213.23866939544683,1216.5208740234375, -106.1945915222168
230.36565971374517,1216.5208740234375, -113.1766586303711
211.8705890178681,1214.5208740234375, -108.56417846679688
223.04943847656256,1214.5208740234375, -119.31569671630858
213.23866939544683,1214.5208740234375, -106.1945915222168
211.8705890178681,1214.5208740234375, -108.56417846679688
213.23866939544683,1214.5208740234375, -106.1945915222168
213.23866939544683,1216.5208740234375, -106.1945915222168
223.04943847656256,1214.5208740234375, -119.31569671630858
230.36565971374517,1216.5208740234375, -113.1766586303711
230.36565971374517,1214.5208740234375, -113.1766586303711
223.04943847656256,1214.5208740234375, -119.31569671630858
230.36565971374517,1214.5208740234375, -113.1766586303711
213.23866939544683,1214.5208740234375, -106.1945915222168
230.36565971374517,1216.5208740234375, -113.1766586303711
213.23866939544683,1216.5208740234375, -106.1945915222168
235.14098548889166,1216.5208740234375, -104.90555572509766
230.36565971374517,1216.5208740234375, -113.1766586303711
235.14098548889166,1216.5208740234375, -104.90555572509766
230.36565971374517,1214.5208740234375, -113.1766586303711
213.23866939544683,1216.5208740234375, -106.1945915222168
213.23866939544683,1214.5208740234375, -106.1945915222168
212.7635400295258,1216.5208740234375, -103.5
213.23866939544683,1216.5208740234375, -106.1945915222168
212.7635400295258,1216.5208740234375, -103.5
235.14098548889166,1216.5208740234375, -104.90555572509766
213.23866939544683,1214.5208740234375, -106.1945915222168
230.36565971374517,1214.5208740234375, -113.1766586303711
212.7635400295258,1214.5208740234375, -103.5
213.23866939544683,1214.5208740234375, -106.1945915222168
212.7635400295258,1214.5208740234375, -103.5
212.7635400295258,1216.5208740234375, -103.5
212.7635400295258,1216.5208740234375, -103.5
236.79943847656256,1216.5208740234375, -95.5
235.14098548889166,1216.5208740234375, -104.90555572509766
235.14098548889166,1216.5208740234375, -104.90555572509766
236.79943847656256,1216.5208740234375, -95.5
235.14098548889166,1214.5208740234375, -104.90555572509766
235.14098548889166,1216.5208740234375, -104.90555572509766
235.14098548889166,1214.5208740234375, -104.90555572509766
230.36565971374517,1214.5208740234375, -113.1766586303711
230.36565971374517,1214.5208740234375, -113.1766586303711
235.14098548889166,1214.5208740234375, -104.90555572509766
212.7635400295258,1214.5208740234375, -103.5
235.14098548889166,1214.5208740234375, -104.90555572509766
236.79943847656256,1216.5208740234375, -95.5
236.79943847656256,1214.5208740234375, -95.5
235.14098548889166,1214.5208740234375, -104.90555572509766
236.79943847656256,1214.5208740234375, -95.5
212.7635400295258,1214.5208740234375, -103.5
212.7635400295258,1214.5208740234375, -103.5
236.79943847656256,1214.5208740234375, -95.5
210.66751909255987,1214.5208740234375, -101.74123001098633
236.79943847656256,1216.5208740234375, -95.5
236.79943847656256,1214.5208740234375, -54.99999999999999
236.79943847656256,1214.5208740234375, -95.5
236.79943847656256,1214.5208740234375, -95.5
236.79943847656256,1214.5208740234375, -54.99999999999999
210.66751909255987,1214.5208740234375, -101.74123001098633
205.8353369235993,1214.5208740234375, -103.5
205.8353369235993,1216.5208740234375, -103.5
207.93135786056524,1214.5208740234375, -101.74123001098633
205.8353369235993,1214.5208740234375, -103.5
207.93135786056524,1214.5208740234375, -101.74123001098633
181.79943847656256,1214.5208740234375, -54.99999999999999
205.8353369235993,1216.5208740234375, -103.5
207.93135786056524,1216.5208740234375, -101.74123001098633
207.93135786056524,1214.5208740234375, -101.74123001098633
207.93135786056524,1216.5208740234375, -101.74123001098633
210.66751909255987,1214.5208740234375, -101.74123001098633
209.29943847656256,1214.5208740234375, -101.5
207.93135786056524,1216.5208740234375, -101.74123001098633
209.29943847656256,1214.5208740234375, -101.5
207.93135786056524,1214.5208740234375, -101.74123001098633
210.66751909255987,1214.5208740234375, -101.74123001098633
236.79943847656256,1214.5208740234375, -54.99999999999999
209.29943847656256,1214.5208740234375, -101.5
209.29943847656256,1214.5208740234375, -101.5
236.79943847656256,1214.5208740234375, -54.99999999999999
207.93135786056524,1214.5208740234375, -101.74123001098633
207.93135786056524,1214.5208740234375, -101.74123001098633
236.79943847656256,1214.5208740234375, -54.99999999999999
181.79943847656256,1214.5208740234375, -54.99999999999999
236.79943847656256,1214.5208740234375, -54.99999999999999
236.79943847656244,1148.5208740234375, -55.00000000000001
181.79943847656256,1214.5208740234375, -54.99999999999999
181.79943847656256,1214.5208740234375, -54.99999999999999
236.79943847656244,1148.5208740234375, -55.00000000000001
181.79943847656244,1148.5208740234375, -55.00000000000001
236.79943847656244,1148.5208740234375, -55.00000000000001
236.79943847656244,1146.5208740234375, -53.00000000000001
236.79943847656244,1148.5208740234375, -95.5
236.79943847656244,1148.5208740234375, -55.00000000000001
236.79943847656244,1148.5208740234375, -95.5
212.7635400295257,1148.5208740234375, -103.5
236.79943847656244,1148.5208740234375, -55.00000000000001
212.7635400295257,1148.5208740234375, -103.5
210.6675190925598,1148.5208740234375, -101.74123001098633
236.79943847656244,1148.5208740234375, -55.00000000000001
210.6675190925598,1148.5208740234375, -101.74123001098633
181.79943847656244,1148.5208740234375, -55.00000000000001
210.6675190925598,1148.5208740234375, -101.74123001098633
212.7635400295257,1148.5208740234375, -103.5
212.7635400295257,1146.5208740234375, -103.5
210.6675190925598,1148.5208740234375, -101.74123001098633
212.7635400295257,1146.5208740234375, -103.5
210.66751909255976,1146.5208740234375, -101.74123001098633
210.6675190925598,1148.5208740234375, -101.74123001098633
210.66751909255976,1146.5208740234375, -101.74123001098633
207.93135786056516,1148.5208740234375, -101.74123001098633
210.6675190925598,1148.5208740234375, -101.74123001098633
207.93135786056516,1148.5208740234375, -101.74123001098633
181.79943847656244,1148.5208740234375, -55.00000000000001
181.79943847656244,1148.5208740234375, -55.00000000000001
207.93135786056516,1148.5208740234375, -101.74123001098633
181.79943847656244,1148.5208740234375, -95.5
181.79943847656244,1148.5208740234375, -55.00000000000001
181.79943847656244,1148.5208740234375, -95.5
181.79943847656244,1146.5208740234375, -95.5
181.79943847656244,1148.5208740234375, -55.00000000000001
181.79943847656244,1146.5208740234375, -95.5
181.79943847656244,1146.5208740234375, -53.00000000000001
181.79943847656244,1148.5208740234375, -95.5
207.93135786056516,1148.5208740234375, -101.74123001098633
205.8353369235992,1148.5208740234375, -103.5
181.79943847656244,1148.5208740234375, -95.5
205.8353369235992,1148.5208740234375, -103.5
183.45789146423334,1148.5208740234375, -104.90555572509766
181.79943847656244,1148.5208740234375, -95.5
183.45789146423334,1148.5208740234375, -104.90555572509766
181.79943847656244,1146.5208740234375, -95.5
183.45789146423334,1148.5208740234375, -104.90555572509766
205.8353369235992,1148.5208740234375, -103.5
188.23321723937983,1148.5208740234375, -113.1766586303711
183.45789146423334,1148.5208740234375, -104.90555572509766
188.23321723937983,1148.5208740234375, -113.1766586303711
183.45789146423334,1146.5208740234375, -104.90555572509766
183.45789146423334,1148.5208740234375, -104.90555572509766
183.45789146423334,1146.5208740234375, -104.90555572509766
181.79943847656244,1146.5208740234375, -95.5
181.79943847656244,1146.5208740234375, -95.5
183.45789146423334,1146.5208740234375, -104.90555572509766
205.8353369235992,1146.5208740234375, -103.5
181.79943847656244,1146.5208740234375, -95.5
205.8353369235992,1146.5208740234375, -103.5
181.79943847656244,1146.5208740234375, -53.00000000000001
183.45789146423334,1146.5208740234375, -104.90555572509766
188.23321723937983,1148.5208740234375, -113.1766586303711
188.23321723937983,1146.5208740234375, -113.1766586303711
183.45789146423334,1146.5208740234375, -104.90555572509766
188.23321723937983,1146.5208740234375, -113.1766586303711
205.36020755767817,1146.5208740234375, -106.1945915222168
183.45789146423334,1146.5208740234375, -104.90555572509766
205.36020755767817,1146.5208740234375, -106.1945915222168
205.8353369235992,1146.5208740234375, -103.5
188.23321723937983,1148.5208740234375, -113.1766586303711
205.8353369235992,1148.5208740234375, -103.5
205.36020755767817,1148.5208740234375, -106.1945915222168
188.23321723937983,1148.5208740234375, -113.1766586303711
205.36020755767817,1148.5208740234375, -106.1945915222168
195.54943847656244,1148.5208740234375, -119.31569671630861
188.23321723937983,1148.5208740234375, -113.1766586303711
195.54943847656244,1148.5208740234375, -119.31569671630861
188.23321723937983,1146.5208740234375, -113.1766586303711
188.23321723937983,1146.5208740234375, -113.1766586303711
195.54943847656244,1148.5208740234375, -119.31569671630861
195.54943847656244,1146.5208740234375, -119.31569671630861
188.23321723937983,1146.5208740234375, -113.1766586303711
195.54943847656244,1146.5208740234375, -119.31569671630861
206.7282879352569,1146.5208740234375, -108.56417846679688
188.23321723937983,1146.5208740234375, -113.1766586303711
206.7282879352569,1146.5208740234375, -108.56417846679688
205.36020755767817,1146.5208740234375, -106.1945915222168
195.54943847656244,1146.5208740234375, -119.31569671630861
195.54943847656244,1148.5208740234375, -119.31569671630861
204.52411365509028,1148.5208740234375, -122.58221435546876
195.54943847656244,1146.5208740234375, -119.31569671630861
204.52411365509028,1148.5208740234375, -122.58221435546876
204.52411365509028,1146.5208740234375, -122.58221435546876
195.54943847656244,1146.5208740234375, -119.31569671630861
204.52411365509028,1146.5208740234375, -122.58221435546876
206.7282879352569,1146.5208740234375, -108.56417846679688
195.54943847656244,1148.5208740234375, -119.31569671630861
205.36020755767817,1148.5208740234375, -106.1945915222168
206.7282879352569,1148.5208740234375, -108.56417846679688
195.54943847656244,1148.5208740234375, -119.31569671630861
206.7282879352569,1148.5208740234375, -108.56417846679688
204.52411365509028,1148.5208740234375, -122.58221435546876
204.52411365509028,1148.5208740234375, -122.58221435546876
206.7282879352569,1148.5208740234375, -108.56417846679688
209.29943847656244,1148.5208740234375, -109.5
204.52411365509028,1148.5208740234375, -122.58221435546876
209.29943847656244,1148.5208740234375, -109.5
214.0747632980346,1148.5208740234375, -122.58221435546876
204.52411365509028,1148.5208740234375, -122.58221435546876
214.0747632980346,1148.5208740234375, -122.58221435546876
204.52411365509028,1146.5208740234375, -122.58221435546876
206.7282879352569,1148.5208740234375, -108.56417846679688
205.36020755767817,1148.5208740234375, -106.1945915222168
205.36020755767817,1146.5208740234375, -106.1945915222168
206.7282879352569,1148.5208740234375, -108.56417846679688
205.36020755767817,1146.5208740234375, -106.1945915222168
206.7282879352569,1146.5208740234375, -108.56417846679688
206.7282879352569,1148.5208740234375, -108.56417846679688
206.7282879352569,1146.5208740234375, -108.56417846679688
209.29943847656244,1148.5208740234375, -109.5
205.36020755767817,1146.5208740234375, -106.1945915222168
205.36020755767817,1148.5208740234375, -106.1945915222168
205.8353369235992,1146.5208740234375, -103.5
205.36020755767817,1148.5208740234375, -106.1945915222168
205.8353369235992,1148.5208740234375, -103.5
205.8353369235992,1146.5208740234375, -103.5
206.7282879352569,1146.5208740234375, -108.56417846679688
204.52411365509028,1146.5208740234375, -122.58221435546876
209.29943847656244,1146.5208740234375, -109.5
206.7282879352569,1146.5208740234375, -108.56417846679688
209.29943847656244,1146.5208740234375, -109.5
209.29943847656244,1148.5208740234375, -109.5
209.29943847656244,1148.5208740234375, -109.5
209.29943847656244,1146.5208740234375, -109.5
211.87058901786799,1148.5208740234375, -108.56417846679688
209.29943847656244,1148.5208740234375, -109.5
211.87058901786799,1148.5208740234375, -108.56417846679688
214.0747632980346,1148.5208740234375, -122.58221435546876
204.52411365509028,1146.5208740234375, -122.58221435546876
214.0747632980346,1148.5208740234375, -122.58221435546876
214.0747632980346,1146.5208740234375, -122.58221435546876
204.52411365509028,1146.5208740234375, -122.58221435546876
214.0747632980346,1146.5208740234375, -122.58221435546876
209.29943847656244,1146.5208740234375, -109.5
209.29943847656244,1146.5208740234375, -109.5
214.0747632980346,1146.5208740234375, -122.58221435546876
211.87058901786799,1146.5208740234375, -108.56417846679688
209.29943847656244,1146.5208740234375, -109.5
211.87058901786799,1146.5208740234375, -108.56417846679688
211.87058901786799,1148.5208740234375, -108.56417846679688
214.0747632980346,1148.5208740234375, -122.58221435546876
211.87058901786799,1148.5208740234375, -108.56417846679688
223.04943847656244,1148.5208740234375, -119.31569671630861
214.0747632980346,1148.5208740234375, -122.58221435546876
223.04943847656244,1148.5208740234375, -119.31569671630861
214.0747632980346,1146.5208740234375, -122.58221435546876
214.0747632980346,1146.5208740234375, -122.58221435546876
223.04943847656244,1148.5208740234375, -119.31569671630861
223.04943847656244,1146.5208740234375, -119.31569671630861
214.0747632980346,1146.5208740234375, -122.58221435546876
223.04943847656244,1146.5208740234375, -119.31569671630861
211.87058901786799,1146.5208740234375, -108.56417846679688
223.04943847656244,1148.5208740234375, -119.31569671630861
211.87058901786799,1148.5208740234375, -108.56417846679688
230.36565971374506,1148.5208740234375, -113.1766586303711
223.04943847656244,1148.5208740234375, -119.31569671630861
230.36565971374506,1148.5208740234375, -113.1766586303711
223.04943847656244,1146.5208740234375, -119.31569671630861
211.87058901786799,1148.5208740234375, -108.56417846679688
211.87058901786799,1146.5208740234375, -108.56417846679688
213.23866939544672,1148.5208740234375, -106.1945915222168
211.87058901786799,1148.5208740234375, -108.56417846679688
213.23866939544672,1148.5208740234375, -106.1945915222168
230.36565971374506,1148.5208740234375, -113.1766586303711
211.87058901786799,1146.5208740234375, -108.56417846679688
223.04943847656244,1146.5208740234375, -119.31569671630861
213.23866939544672,1146.5208740234375, -106.1945915222168
211.87058901786799,1146.5208740234375, -108.56417846679688
213.23866939544672,1146.5208740234375, -106.1945915222168
213.23866939544672,1148.5208740234375, -106.1945915222168
223.04943847656244,1146.5208740234375, -119.31569671630861
230.36565971374506,1148.5208740234375, -113.1766586303711
230.36565971374506,1146.5208740234375, -113.1766586303711
223.04943847656244,1146.5208740234375, -119.31569671630861
230.36565971374506,1146.5208740234375, -113.1766586303711
213.23866939544672,1146.5208740234375, -106.1945915222168
230.36565971374506,1148.5208740234375, -113.1766586303711
213.23866939544672,1148.5208740234375, -106.1945915222168
235.14098548889154,1148.5208740234375, -104.90555572509766
230.36565971374506,1148.5208740234375, -113.1766586303711
235.14098548889154,1148.5208740234375, -104.90555572509766
230.36565971374506,1146.5208740234375, -113.1766586303711
213.23866939544672,1148.5208740234375, -106.1945915222168
213.23866939544672,1146.5208740234375, -106.1945915222168
212.7635400295257,1148.5208740234375, -103.5
213.23866939544672,1148.5208740234375, -106.1945915222168
212.7635400295257,1148.5208740234375, -103.5
235.14098548889154,1148.5208740234375, -104.90555572509766
213.23866939544672,1146.5208740234375, -106.1945915222168
230.36565971374506,1146.5208740234375, -113.1766586303711
212.7635400295257,1146.5208740234375, -103.5
213.23866939544672,1146.5208740234375, -106.1945915222168
212.7635400295257,1146.5208740234375, -103.5
212.7635400295257,1148.5208740234375, -103.5
212.7635400295257,1148.5208740234375, -103.5
236.79943847656244,1148.5208740234375, -95.5
235.14098548889154,1148.5208740234375, -104.90555572509766
235.14098548889154,1148.5208740234375, -104.90555572509766
236.79943847656244,1148.5208740234375, -95.5
235.14098548889154,1146.5208740234375, -104.90555572509766
235.14098548889154,1148.5208740234375, -104.90555572509766
235.14098548889154,1146.5208740234375, -104.90555572509766
230.36565971374506,1146.5208740234375, -113.1766586303711
230.36565971374506,1146.5208740234375, -113.1766586303711
235.14098548889154,1146.5208740234375, -104.90555572509766
212.7635400295257,1146.5208740234375, -103.5
235.14098548889154,1146.5208740234375, -104.90555572509766
236.79943847656244,1148.5208740234375, -95.5
236.79943847656244,1146.5208740234375, -95.5
235.14098548889154,1146.5208740234375, -104.90555572509766
236.79943847656244,1146.5208740234375, -95.5
212.7635400295257,1146.5208740234375, -103.5
212.7635400295257,1146.5208740234375, -103.5
236.79943847656244,1146.5208740234375, -95.5
210.66751909255976,1146.5208740234375, -101.74123001098633
236.79943847656244,1148.5208740234375, -95.5
236.79943847656244,1146.5208740234375, -53.00000000000001
236.79943847656244,1146.5208740234375, -95.5
236.79943847656244,1146.5208740234375, -95.5
236.79943847656244,1146.5208740234375, -53.00000000000001
210.66751909255976,1146.5208740234375, -101.74123001098633
205.8353369235992,1146.5208740234375, -103.5
205.8353369235992,1148.5208740234375, -103.5
207.93135786056513,1146.5208740234375, -101.74123001098633
205.8353369235992,1146.5208740234375, -103.5
207.93135786056513,1146.5208740234375, -101.74123001098633
181.79943847656244,1146.5208740234375, -53.00000000000001
205.8353369235992,1148.5208740234375, -103.5
207.93135786056516,1148.5208740234375, -101.74123001098633
207.93135786056513,1146.5208740234375, -101.74123001098633
207.93135786056513,1146.5208740234375, -101.74123001098633
207.93135786056516,1148.5208740234375, -101.74123001098633
209.29943847656244,1146.5208740234375, -101.5
207.93135786056513,1146.5208740234375, -101.74123001098633
209.29943847656244,1146.5208740234375, -101.5
181.79943847656244,1146.5208740234375, -53.00000000000001
207.93135786056516,1148.5208740234375, -101.74123001098633
210.66751909255976,1146.5208740234375, -101.74123001098633
209.29943847656244,1146.5208740234375, -101.5
210.66751909255976,1146.5208740234375, -101.74123001098633
236.79943847656244,1146.5208740234375, -53.00000000000001
209.29943847656244,1146.5208740234375, -101.5
209.29943847656244,1146.5208740234375, -101.5
236.79943847656244,1146.5208740234375, -53.00000000000001
181.79943847656244,1146.5208740234375, -53.00000000000001
