10.022542953491211,1458.8076171875,10.022542953491211
8.772542953491211,1458.8076171875,8.772542953491211
15.5,1458.8076171875,15.5
8.772542953491211,1458.8076171875,8.772542953491211
10.022542953491211,1458.8076171875,10.022542953491211
10.022542953491211,1455.8076171875,10.022542953491211
8.772542953491211,1458.8076171875,8.772542953491211
10.022542953491211,1455.8076171875,10.022542953491211
8.772542953491211,1455.8076171875,8.772542953491211
8.772542953491211,1458.8076171875,8.772542953491211
8.772542953491211,1455.8076171875,8.772542953491211
8.0,1458.8076171875,8.0
8.772542953491211,1458.8076171875,8.772542953491211
8.0,1458.8076171875,8.0
15.5,1458.8076171875,15.5
8.772542953491211,1455.8076171875,8.772542953491211
10.022542953491211,1455.8076171875,10.022542953491211
15.5,1455.8076171875,15.5
8.772542953491211,1455.8076171875,8.772542953491211
15.5,1455.8076171875,15.5
8.0,1455.8076171875,8.0
8.772542953491211,1455.8076171875,8.772542953491211
8.0,1455.8076171875,8.0
8.0,1458.8076171875,8.0
10.022542953491211,1455.8076171875,10.022542953491211
10.022542953491211,1458.8076171875,10.022542953491211
10.5,1455.8076171875,10.5
10.022542953491211,1455.8076171875,10.022542953491211
10.5,1455.8076171875,10.5
15.5,1455.8076171875,15.5
10.022542953491211,1458.8076171875,10.022542953491211
15.5,1458.8076171875,15.5
10.5,1458.8076171875,10.5
10.022542953491211,1458.8076171875,10.022542953491211
10.5,1458.8076171875,10.5
10.5,1455.8076171875,10.5
10.5,1455.8076171875,10.5
10.5,1458.8076171875,10.5
10.022542953491211,1455.8076171875,10.022542953491211
10.5,1455.8076171875,10.5
10.022542953491211,1455.8076171875,10.022542953491211
15.5,1455.8076171875,15.5
10.5,1455.8076171875,10.5
15.5,1455.8076171875,15.5
15.5,1455.8076171875,15.5
10.5,1458.8076171875,10.5
15.5,1458.8076171875,15.5
15.5,1458.8076171875,15.5
10.5,1458.8076171875,10.5
15.5,1458.8076171875,15.5
10.022542953491211,1458.8076171875,10.022542953491211
10.5,1458.8076171875,10.5
10.022542953491211,1458.8076171875,10.022542953491211
10.022542953491211,1455.8076171875,10.022542953491211
10.022542953491211,1458.8076171875,10.022542953491211
15.5,1458.8076171875,15.5
8.772542953491211,1458.8076171875,8.772542953491211
10.022542953491211,1458.8076171875,10.022542953491211
8.772542953491211,1458.8076171875,8.772542953491211
8.772542953491211,1455.8076171875,8.772542953491211
10.022542953491211,1458.8076171875,10.022542953491211
8.772542953491211,1455.8076171875,8.772542953491211
10.022542953491211,1455.8076171875,10.022542953491211
10.022542953491211,1455.8076171875,10.022542953491211
8.772542953491211,1455.8076171875,8.772542953491211
13.36266040802002,1455.8076171875,13.36266040802002
10.022542953491211,1455.8076171875,10.022542953491211
13.36266040802002,1455.8076171875,13.36266040802002
15.5,1455.8076171875,15.5
8.772542953491211,1455.8076171875,8.772542953491211
8.772542953491211,1458.8076171875,8.772542953491211
7.227457523345947,1455.8076171875,7.227457523345947
8.772542953491211,1455.8076171875,8.772542953491211
7.227457523345947,1455.8076171875,7.227457523345947
11.789813995361328,1455.8076171875,11.789813995361328
8.772542953491211,1455.8076171875,8.772542953491211
11.789813995361328,1455.8076171875,11.789813995361328
13.36266040802002,1455.8076171875,13.36266040802002
13.36266040802002,1455.8076171875,13.36266040802002
11.789813995361328,1455.8076171875,11.789813995361328
11.789813995361328,1458.8076171875,11.789813995361328
13.36266040802002,1455.8076171875,13.36266040802002
11.789813995361328,1458.8076171875,11.789813995361328
13.36266040802002,1458.8076171875,13.36266040802002
13.36266040802002,1455.8076171875,13.36266040802002
13.36266040802002,1458.8076171875,13.36266040802002
15.5,1455.8076171875,15.5
13.36266040802002,1458.8076171875,13.36266040802002
11.789813995361328,1458.8076171875,11.789813995361328
8.772542953491211,1458.8076171875,8.772542953491211
13.36266040802002,1458.8076171875,13.36266040802002
8.772542953491211,1458.8076171875,8.772542953491211
15.5,1458.8076171875,15.5
13.36266040802002,1458.8076171875,13.36266040802002
15.5,1458.8076171875,15.5
15.5,1455.8076171875,15.5
15.5,1458.8076171875,15.5
15.5,1458.8076171875,15.5
15.5,1455.8076171875,15.5
15.5,1455.8076171875,15.5
15.5,1458.8076171875,15.5
15.5,1455.8076171875,15.5
15.5,1458.8076171875,15.5
8.0,1458.8076171875,8.0
0.5,1458.8076171875,0.5
15.5,1458.8076171875,15.5
0.5,1458.8076171875,0.5
15.5,1455.8076171875,15.5
15.5,1455.8076171875,15.5
0.5,1458.8076171875,0.5
0.5,1455.8076171875,0.5
15.5,1455.8076171875,15.5
0.5,1455.8076171875,0.5
8.0,1455.8076171875,8.0
8.0,1458.8076171875,8.0
8.0,1455.8076171875,8.0
7.227457523345947,1458.8076171875,7.227457523345947
8.0,1458.8076171875,8.0
7.227457523345947,1458.8076171875,7.227457523345947
0.5,1458.8076171875,0.5
8.0,1455.8076171875,8.0
0.5,1455.8076171875,0.5
7.227457523345947,1455.8076171875,7.227457523345947
8.0,1455.8076171875,8.0
7.227457523345947,1455.8076171875,7.227457523345947
7.227457523345947,1458.8076171875,7.227457523345947
7.227457523345947,1458.8076171875,7.227457523345947
7.227457523345947,1455.8076171875,7.227457523345947
5.977457523345947,1458.8076171875,5.977457523345947
7.227457523345947,1458.8076171875,7.227457523345947
5.977457523345947,1458.8076171875,5.977457523345947
0.5,1458.8076171875,0.5
7.227457523345947,1455.8076171875,7.227457523345947
0.5,1455.8076171875,0.5
5.977457523345947,1455.8076171875,5.977457523345947
7.227457523345947,1455.8076171875,7.227457523345947
5.977457523345947,1455.8076171875,5.977457523345947
5.977457523345947,1458.8076171875,5.977457523345947
5.977457523345947,1458.8076171875,5.977457523345947
5.977457523345947,1455.8076171875,5.977457523345947
5.5,1458.8076171875,5.5
5.977457523345947,1458.8076171875,5.977457523345947
5.5,1458.8076171875,5.5
0.5,1458.8076171875,0.5
5.977457523345947,1455.8076171875,5.977457523345947
0.5,1455.8076171875,0.5
5.5,1455.8076171875,5.5
5.977457523345947,1455.8076171875,5.977457523345947
5.5,1455.8076171875,5.5
5.5,1458.8076171875,5.5
0.5,1458.8076171875,0.5
5.5,1458.8076171875,5.5
0.5,1458.8076171875,0.5
0.5,1458.8076171875,0.5
0.5,1458.8076171875,0.5
0.5,1455.8076171875,0.5
5.5,1458.8076171875,5.5
5.5,1455.8076171875,5.5
5.977457523345947,1458.8076171875,5.977457523345947
5.5,1458.8076171875,5.5
5.977457523345947,1458.8076171875,5.977457523345947
0.5,1458.8076171875,0.5
0.5,1455.8076171875,0.5
0.5,1458.8076171875,0.5
0.5,1455.8076171875,0.5
0.5,1455.8076171875,0.5
0.5,1455.8076171875,0.5
5.5,1455.8076171875,5.5
5.5,1455.8076171875,5.5
0.5,1455.8076171875,0.5
5.977457523345947,1455.8076171875,5.977457523345947
5.5,1455.8076171875,5.5
5.977457523345947,1455.8076171875,5.977457523345947
5.977457523345947,1458.8076171875,5.977457523345947
5.977457523345947,1455.8076171875,5.977457523345947
0.5,1455.8076171875,0.5
7.227457523345947,1455.8076171875,7.227457523345947
5.977457523345947,1455.8076171875,5.977457523345947
7.227457523345947,1455.8076171875,7.227457523345947
7.227457523345947,1458.8076171875,7.227457523345947
5.977457523345947,1455.8076171875,5.977457523345947
7.227457523345947,1458.8076171875,7.227457523345947
5.977457523345947,1458.8076171875,5.977457523345947
0.5,1455.8076171875,0.5
0.5,1458.8076171875,0.5
2.641934871673584,1455.8076171875,2.641934871673584
0.5,1455.8076171875,0.5
2.641934871673584,1455.8076171875,2.641934871673584
7.227457523345947,1455.8076171875,7.227457523345947
5.977457523345947,1458.8076171875,5.977457523345947
7.227457523345947,1458.8076171875,7.227457523345947
2.641934871673584,1458.8076171875,2.641934871673584
5.977457523345947,1458.8076171875,5.977457523345947
2.641934871673584,1458.8076171875,2.641934871673584
0.5,1458.8076171875,0.5
0.5,1458.8076171875,0.5
2.641934871673584,1458.8076171875,2.641934871673584
2.641934871673584,1455.8076171875,2.641934871673584
2.641934871673584,1455.8076171875,2.641934871673584
2.641934871673584,1458.8076171875,2.641934871673584
4.218362808227539,1455.8076171875,4.218362808227539
2.641934871673584,1455.8076171875,2.641934871673584
4.218362808227539,1455.8076171875,4.218362808227539
7.227457523345947,1455.8076171875,7.227457523345947
2.641934871673584,1458.8076171875,2.641934871673584
7.227457523345947,1458.8076171875,7.227457523345947
4.218362808227539,1458.8076171875,4.218362808227539
2.641934871673584,1458.8076171875,2.641934871673584
4.218362808227539,1458.8076171875,4.218362808227539
4.218362808227539,1455.8076171875,4.218362808227539
7.227457523345947,1458.8076171875,7.227457523345947
7.227457523345947,1455.8076171875,7.227457523345947
8.772542953491211,1458.8076171875,8.772542953491211
7.227457523345947,1458.8076171875,7.227457523345947
8.772542953491211,1458.8076171875,8.772542953491211
4.218362808227539,1458.8076171875,4.218362808227539
7.227457523345947,1455.8076171875,7.227457523345947
4.218362808227539,1455.8076171875,4.218362808227539
11.789813995361328,1455.8076171875,11.789813995361328
8.772542953491211,1458.8076171875,8.772542953491211
11.789813995361328,1458.8076171875,11.789813995361328
4.218362808227539,1458.8076171875,4.218362808227539
4.218362808227539,1458.8076171875,4.218362808227539
11.789813995361328,1458.8076171875,11.789813995361328
5.183085918426514,1458.8076171875,5.183085918426514
4.218362808227539,1458.8076171875,4.218362808227539
5.183085918426514,1458.8076171875,5.183085918426514
5.183085918426514,1455.8076171875,5.183085918426514
4.218362808227539,1458.8076171875,4.218362808227539
5.183085918426514,1455.8076171875,5.183085918426514
4.218362808227539,1455.8076171875,4.218362808227539
4.218362808227539,1455.8076171875,4.218362808227539
5.183085918426514,1455.8076171875,5.183085918426514
10.827361106872559,1455.8076171875,10.827361106872559
4.218362808227539,1455.8076171875,4.218362808227539
10.827361106872559,1455.8076171875,10.827361106872559
11.789813995361328,1455.8076171875,11.789813995361328
11.789813995361328,1458.8076171875,11.789813995361328
11.789813995361328,1455.8076171875,11.789813995361328
10.827361106872559,1458.8076171875,10.827361106872559
11.789813995361328,1458.8076171875,11.789813995361328
10.827361106872559,1458.8076171875,10.827361106872559
5.183085918426514,1458.8076171875,5.183085918426514
11.789813995361328,1455.8076171875,11.789813995361328
10.827361106872559,1455.8076171875,10.827361106872559
10.827361106872559,1458.8076171875,10.827361106872559
10.827361106872559,1458.8076171875,10.827361106872559
10.827361106872559,1455.8076171875,10.827361106872559
10.503392219543457,1458.8076171875,10.503392219543457
10.827361106872559,1458.8076171875,10.827361106872559
10.503392219543457,1458.8076171875,10.503392219543457
5.5078325271606445,1458.8076171875,5.5078325271606445
10.827361106872559,1458.8076171875,10.827361106872559
5.5078325271606445,1458.8076171875,5.5078325271606445
5.183085918426514,1458.8076171875,5.183085918426514
5.5078325271606445,1458.8076171875,5.5078325271606445
10.503392219543457,1458.8076171875,10.503392219543457
5.5078325271606445,1455.8076171875,5.5078325271606445
5.5078325271606445,1458.8076171875,5.5078325271606445
5.5078325271606445,1455.8076171875,5.5078325271606445
5.183085918426514,1458.8076171875,5.183085918426514
5.183085918426514,1458.8076171875,5.183085918426514
5.5078325271606445,1455.8076171875,5.5078325271606445
5.183085918426514,1455.8076171875,5.183085918426514
5.5078325271606445,1455.8076171875,5.5078325271606445
10.503392219543457,1458.8076171875,10.503392219543457
10.503392219543457,1455.8076171875,10.503392219543457
5.5078325271606445,1455.8076171875,5.5078325271606445
10.503392219543457,1455.8076171875,10.503392219543457
5.183085918426514,1455.8076171875,5.183085918426514
10.503392219543457,1458.8076171875,10.503392219543457
10.827361106872559,1455.8076171875,10.827361106872559
10.503392219543457,1455.8076171875,10.503392219543457
10.503392219543457,1455.8076171875,10.503392219543457
10.827361106872559,1455.8076171875,10.827361106872559
5.183085918426514,1455.8076171875,5.183085918426514
