333.67298889160145,1316.4360351562493,333.67298889160145
348.67298889160145,1316.4360351562493,348.67298889160145
333.67298889160134,1286.4360351562493,333.67298889160134
333.67298889160145,1316.4360351562493,333.67298889160145
333.67298889160134,1286.4360351562493,333.67298889160134
333.67298889160145,1316.4360351562493,333.67298889160145
333.67298889160145,1316.4360351562493,333.67298889160145
333.67298889160145,1316.4360351562493,333.67298889160145
348.67298889160145,1316.4360351562493,348.67298889160145
333.67298889160145,1316.4360351562493,333.67298889160145
348.67298889160145,1316.4360351562493,348.67298889160145
348.67298889160145,1316.4360351562493,348.67298889160145
348.67298889160145,1316.4360351562493,348.67298889160145
333.67298889160145,1316.4360351562493,333.67298889160145
348.67298889160134,1286.4360351562493,348.67298889160134
348.67298889160145,1316.4360351562493,348.67298889160145
348.67298889160134,1286.4360351562493,348.67298889160134
348.67298889160145,1316.4360351562493,348.67298889160145
333.67298889160145,1316.4360351562493,333.67298889160145
333.67298889160134,1286.4360351562493,333.67298889160134
333.67298889160134,1286.4360351562493,333.67298889160134
333.67298889160145,1316.4360351562493,333.67298889160145
333.67298889160134,1286.4360351562493,333.67298889160134
348.67298889160134,1286.4360351562493,348.67298889160134
333.67298889160134,1286.4360351562493,333.67298889160134
333.67298889160134,1286.4360351562493,333.67298889160134
348.67298889160134,1286.4360351562493,348.67298889160134
333.67298889160134,1286.4360351562493,333.67298889160134
348.67298889160134,1286.4360351562493,348.67298889160134
348.67298889160134,1286.4360351562493,348.67298889160134
348.67298889160134,1286.4360351562493,348.67298889160134
348.67298889160134,1286.4360351562493,348.67298889160134
348.67298889160145,1316.4360351562493,348.67298889160145
348.67298889160134,1286.4360351562493,348.67298889160134
333.67298889160134,1286.4360351562493,333.67298889160134
348.67298889160145,1316.4360351562493,348.67298889160145
