733.7797544121224,-501.4700342745238,733.7797544121224
731.2729184746224,-501.7501316420999,731.2729184746224
733.7797544121224,-501.65551543539675,733.7797544121224
733.7797544121224,-501.65551543539675,733.7797544121224
731.2729184746224,-501.7501316420999,731.2729184746224
731.2729184746224,-501.97584573072197,731.2729184746224
733.7797544121224,-501.65551543539675,733.7797544121224
731.2729184746224,-501.97584573072197,731.2729184746224
733.7797544121224,-501.79612526509163,733.7797544121224
733.7797544121224,-501.65551543539675,733.7797544121224
733.7797544121224,-501.79612526509163,733.7797544121224
381.9999997734507,-501.79612526509163,381.9999997734507
733.7797544121224,-501.65551543539675,733.7797544121224
381.9999997734507,-501.79612526509163,381.9999997734507
381.9999997734507,-501.65551543539675,381.9999997734507
733.7797544121224,-501.65551543539675,733.7797544121224
381.9999997734507,-501.65551543539675,381.9999997734507
733.7797544121224,-501.4700342745238,733.7797544121224
381.9999997734507,-501.65551543539675,381.9999997734507
381.9999997734507,-501.79612526509163,381.9999997734507
381.9999997734506,-502.9976172206473,381.9999997734506
381.9999997734507,-501.65551543539675,381.9999997734507
381.9999997734506,-502.9976172206473,381.9999997734506
381.9999997734506,-502.75255427173175,381.9999997734506
381.9999997734507,-501.65551543539675,381.9999997734507
381.9999997734506,-502.75255427173175,381.9999997734506
381.9999997734507,-501.4700342745238,381.9999997734507
381.9999997734507,-501.65551543539675,381.9999997734507
381.9999997734507,-501.4700342745238,381.9999997734507
733.7797544121224,-501.4700342745238,733.7797544121224
381.9999997734507,-501.79612526509163,381.9999997734507
733.7797544121224,-501.79612526509163,733.7797544121224
381.9999997734507,-501.88759145943425,381.9999997734507
381.9999997734507,-501.79612526509163,381.9999997734507
381.9999997734507,-501.88759145943425,381.9999997734507
381.9999997734506,-503.15702966367706,381.9999997734506
381.9999997734507,-501.79612526509163,381.9999997734507
381.9999997734506,-503.15702966367706,381.9999997734506
381.9999997734506,-502.9976172206473,381.9999997734506
381.9999997734506,-502.9976172206473,381.9999997734506
381.9999997734506,-503.15702966367706,381.9999997734506
724.5893247246224,-502.9976172206473,724.5893247246224
381.9999997734506,-502.9976172206473,381.9999997734506
724.5893247246224,-502.9976172206473,724.5893247246224
724.5893247246224,-502.75255427173175,724.5893247246224
381.9999997734506,-502.9976172206473,381.9999997734506
724.5893247246224,-502.75255427173175,724.5893247246224
381.9999997734506,-502.75255427173175,381.9999997734506
381.9999997734506,-503.15702966367706,381.9999997734506
381.9999997734507,-501.88759145943425,381.9999997734507
381.9999997734506,-503.2259480766295,381.9999997734506
381.9999997734506,-503.15702966367706,381.9999997734506
381.9999997734506,-503.2259480766295,381.9999997734506
724.5893247246224,-503.15702966367706,724.5893247246224
381.9999997734506,-503.15702966367706,381.9999997734506
724.5893247246224,-503.15702966367706,724.5893247246224
724.5893247246224,-502.9976172206473,724.5893247246224
724.5893247246224,-502.9976172206473,724.5893247246224
724.5893247246224,-503.15702966367706,724.5893247246224
726.6251523613412,-502.78635207957325,726.6251523613412
724.5893247246224,-502.9976172206473,724.5893247246224
726.6251523613412,-502.78635207957325,726.6251523613412
726.6251523613412,-502.6467799698672,726.6251523613412
724.5893247246224,-502.9976172206473,724.5893247246224
726.6251523613412,-502.6467799698672,726.6251523613412
724.5893247246224,-502.75255427173175,724.5893247246224
724.5893247246224,-503.15702966367706,724.5893247246224
381.9999997734506,-503.2259480766295,381.9999997734506
724.5893247246224,-503.2259480766295,724.5893247246224
724.5893247246224,-503.15702966367706,724.5893247246224
724.5893247246224,-503.2259480766295,724.5893247246224
726.6251523613412,-502.8466927908601,726.6251523613412
724.5893247246224,-503.15702966367706,724.5893247246224
726.6251523613412,-502.8466927908601,726.6251523613412
726.6251523613412,-502.78635207957325,726.6251523613412
726.6251523613412,-502.78635207957325,726.6251523613412
726.6251523613412,-502.8466927908601,726.6251523613412
731.2729184746224,-502.3063822749749,731.2729184746224
726.6251523613412,-502.78635207957325,726.6251523613412
731.2729184746224,-502.3063822749749,731.2729184746224
731.2729184746224,-502.2582615789602,731.2729184746224
726.6251523613412,-502.78635207957325,726.6251523613412
731.2729184746224,-502.2582615789602,731.2729184746224
726.6251523613412,-502.6467799698672,726.6251523613412
726.6251523613412,-502.8466927908601,726.6251523613412
724.5893247246224,-503.2259480766295,724.5893247246224
726.6251523613412,-502.8259692207903,726.6251523613412
726.6251523613412,-502.8466927908601,726.6251523613412
726.6251523613412,-502.8259692207903,726.6251523613412
731.2729184746224,-502.28985550543706,731.2729184746224
726.6251523613412,-502.8466927908601,726.6251523613412
731.2729184746224,-502.28985550543706,731.2729184746224
731.2729184746224,-502.3063822749749,731.2729184746224
731.2729184746224,-502.3063822749749,731.2729184746224
731.2729184746224,-502.28985550543706,731.2729184746224
733.7797544121224,-501.9135537957442,733.7797544121224
731.2729184746224,-502.3063822749749,731.2729184746224
733.7797544121224,-501.9135537957442,733.7797544121224
733.7797544121224,-501.9271348215671,733.7797544121224
731.2729184746224,-502.3063822749749,731.2729184746224
733.7797544121224,-501.9271348215671,733.7797544121224
731.2729184746224,-502.2582615789602,731.2729184746224
731.2729184746224,-502.28985550543706,731.2729184746224
726.6251523613412,-502.8259692207903,726.6251523613412
731.2729184746224,-502.20918320011464,731.2729184746224
731.2729184746224,-502.28985550543706,731.2729184746224
731.2729184746224,-502.20918320011464,731.2729184746224
733.7797544121224,-501.8472611251012,733.7797544121224
731.2729184746224,-502.28985550543706,731.2729184746224
733.7797544121224,-501.8472611251012,733.7797544121224
733.7797544121224,-501.9135537957442,733.7797544121224
733.7797544121224,-501.9135537957442,733.7797544121224
733.7797544121224,-501.8472611251012,733.7797544121224
381.9999997734506,-501.8472611251012,381.9999997734506
733.7797544121224,-501.9135537957442,733.7797544121224
381.9999997734506,-501.8472611251012,381.9999997734506
381.9999997734507,-501.9135537957442,381.9999997734507
733.7797544121224,-501.9135537957442,733.7797544121224
381.9999997734507,-501.9135537957442,381.9999997734507
733.7797544121224,-501.9271348215671,733.7797544121224
733.7797544121224,-501.8472611251012,733.7797544121224
731.2729184746224,-502.20918320011464,731.2729184746224
733.7797544121224,-501.73027108050997,733.7797544121224
733.7797544121224,-501.8472611251012,733.7797544121224
733.7797544121224,-501.73027108050997,733.7797544121224
381.9999997734506,-501.73027108050997,381.9999997734506
733.7797544121224,-501.8472611251012,733.7797544121224
381.9999997734506,-501.73027108050997,381.9999997734506
381.9999997734506,-501.8472611251012,381.9999997734506
381.9999997734506,-501.8472611251012,381.9999997734506
381.9999997734506,-501.73027108050997,381.9999997734506
381.9999997734508,-502.8828429671816,381.9999997734508
381.9999997734506,-501.8472611251012,381.9999997734506
381.9999997734508,-502.8828429671816,381.9999997734508
381.9999997734507,-503.0867398964987,381.9999997734507
381.9999997734506,-501.8472611251012,381.9999997734506
381.9999997734507,-503.0867398964987,381.9999997734507
381.9999997734507,-501.9135537957442,381.9999997734507
381.9999997734506,-501.73027108050997,381.9999997734506
733.7797544121224,-501.73027108050997,733.7797544121224
381.9999997734506,-501.5661383290907,381.9999997734506
381.9999997734506,-501.73027108050997,381.9999997734506
381.9999997734506,-501.5661383290907,381.9999997734506
381.9999997734508,-502.59678288411635,381.9999997734508
381.9999997734506,-501.73027108050997,381.9999997734506
381.9999997734508,-502.59678288411635,381.9999997734508
381.9999997734508,-502.8828429671816,381.9999997734508
381.9999997734508,-502.8828429671816,381.9999997734508
381.9999997734508,-502.59678288411635,381.9999997734508
724.5893247246225,-502.8828429671816,724.5893247246225
381.9999997734508,-502.8828429671816,381.9999997734508
724.5893247246225,-502.8828429671816,724.5893247246225
724.5893247246224,-503.0867398964987,724.5893247246224
381.9999997734508,-502.8828429671816,381.9999997734508
724.5893247246224,-503.0867398964987,724.5893247246224
381.9999997734507,-503.0867398964987,381.9999997734507
381.9999997734508,-502.59678288411635,381.9999997734508
381.9999997734506,-501.5661383290907,381.9999997734506
381.99999977345067,-502.23725160082785,381.99999977345067
381.9999997734508,-502.59678288411635,381.9999997734508
381.99999977345067,-502.23725160082785,381.99999977345067
724.5893247246225,-502.59678288411635,724.5893247246225
381.9999997734508,-502.59678288411635,381.9999997734508
724.5893247246225,-502.59678288411635,724.5893247246225
724.5893247246225,-502.8828429671816,724.5893247246225
724.5893247246225,-502.8828429671816,724.5893247246225
724.5893247246225,-502.59678288411635,724.5893247246225
726.6251523613413,-502.29583333812656,726.6251523613413
724.5893247246225,-502.8828429671816,724.5893247246225
726.6251523613413,-502.29583333812656,726.6251523613413
726.6251523613412,-502.5462903731553,726.6251523613412
724.5893247246225,-502.8828429671816,724.5893247246225
726.6251523613412,-502.5462903731553,726.6251523613412
724.5893247246224,-503.0867398964987,724.5893247246224
724.5893247246225,-502.59678288411635,724.5893247246225
381.99999977345067,-502.23725160082785,381.99999977345067
724.5893247246225,-502.23725160082785,724.5893247246225
724.5893247246225,-502.59678288411635,724.5893247246225
724.5893247246225,-502.23725160082785,724.5893247246225
726.6251523613413,-501.98104910440594,726.6251523613413
724.5893247246225,-502.59678288411635,724.5893247246225
726.6251523613413,-501.98104910440594,726.6251523613413
726.6251523613413,-502.29583333812656,726.6251523613413
726.6251523613413,-502.29583333812656,726.6251523613413
726.6251523613413,-501.98104910440594,726.6251523613413
731.2729184746224,-501.61604717638136,731.2729184746224
726.6251523613413,-502.29583333812656,726.6251523613413
731.2729184746224,-501.61604717638136,731.2729184746224
731.2729184746224,-501.8670818458441,731.2729184746224
726.6251523613413,-502.29583333812656,726.6251523613413
731.2729184746224,-501.8670818458441,731.2729184746224
726.6251523613412,-502.5462903731553,726.6251523613412
726.6251523613413,-501.98104910440594,726.6251523613413
724.5893247246225,-502.23725160082785,724.5893247246225
726.6251523613413,-501.61150255916897,726.6251523613413
726.6251523613413,-501.98104910440594,726.6251523613413
726.6251523613413,-501.61150255916897,726.6251523613413
731.2729184746224,-501.3213404901367,731.2729184746224
726.6251523613413,-501.98104910440594,726.6251523613413
731.2729184746224,-501.3213404901367,731.2729184746224
731.2729184746224,-501.61604717638136,731.2729184746224
731.2729184746224,-501.61604717638136,731.2729184746224
731.2729184746224,-501.3213404901367,731.2729184746224
733.7797544121224,-501.11767384062534,733.7797544121224
731.2729184746224,-501.61604717638136,731.2729184746224
733.7797544121224,-501.11767384062534,733.7797544121224
733.7797544121224,-501.3598499260741,733.7797544121224
731.2729184746224,-501.61604717638136,731.2729184746224
733.7797544121224,-501.3598499260741,733.7797544121224
731.2729184746224,-501.8670818458441,731.2729184746224
731.2729184746224,-501.3213404901367,731.2729184746224
726.6251523613413,-501.61150255916897,726.6251523613413
731.2729184746224,-500.99191624022075,731.2729184746224
731.2729184746224,-501.3213404901367,731.2729184746224
731.2729184746224,-500.99191624022075,731.2729184746224
733.7797544121224,-500.8469684964716,733.7797544121224
731.2729184746224,-501.3213404901367,731.2729184746224
733.7797544121224,-500.8469684964716,733.7797544121224
733.7797544121224,-501.11767384062534,733.7797544121224
733.7797544121224,-501.11767384062534,733.7797544121224
733.7797544121224,-500.8469684964716,733.7797544121224
381.9999997734507,-500.8469684964716,381.9999997734507
733.7797544121224,-501.11767384062534,733.7797544121224
381.9999997734507,-500.8469684964716,381.9999997734507
381.9999997734507,-501.11767384062534,381.9999997734507
733.7797544121224,-501.11767384062534,733.7797544121224
381.9999997734507,-501.11767384062534,381.9999997734507
733.7797544121224,-501.3598499260741,733.7797544121224
733.7797544121224,-500.8469684964716,733.7797544121224
731.2729184746224,-500.99191624022075,731.2729184746224
733.7797544121224,-500.55595914464135,733.7797544121224
733.7797544121224,-500.8469684964716,733.7797544121224
733.7797544121224,-500.55595914464135,733.7797544121224
381.9999997734507,-500.5559591446413,381.9999997734507
733.7797544121224,-500.8469684964716,733.7797544121224
381.9999997734507,-500.5559591446413,381.9999997734507
381.9999997734507,-500.8469684964716,381.9999997734507
381.9999997734507,-500.8469684964716,381.9999997734507
381.9999997734507,-500.5559591446413,381.9999997734507
381.9999997734508,-500.83618478675464,381.9999997734508
381.9999997734507,-500.8469684964716,381.9999997734507
381.9999997734508,-500.83618478675464,381.9999997734508
381.99999977345067,-501.34337259262924,381.99999977345067
381.9999997734507,-500.8469684964716,381.9999997734507
381.99999977345067,-501.34337259262924,381.99999977345067
381.9999997734507,-501.11767384062534,381.9999997734507
381.9999997734507,-500.5559591446413,381.9999997734507
733.7797544121224,-500.55595914464135,733.7797544121224
381.9999997734506,-500.2534879230131,381.9999997734506
381.9999997734507,-500.5559591446413,381.9999997734507
381.9999997734506,-500.2534879230131,381.9999997734506
381.99999977345067,-500.30902072842554,381.99999977345067
381.9999997734507,-500.5559591446413,381.9999997734507
381.99999977345067,-500.30902072842554,381.99999977345067
381.9999997734508,-500.83618478675464,381.9999997734508
381.9999997734508,-500.83618478675464,381.9999997734508
381.99999977345067,-500.30902072842554,381.99999977345067
724.5893247246225,-500.83618478675464,724.5893247246225
381.9999997734508,-500.83618478675464,381.9999997734508
724.5893247246225,-500.83618478675464,724.5893247246225
724.5893247246225,-501.34337259262924,724.5893247246225
381.9999997734508,-500.83618478675464,381.9999997734508
724.5893247246225,-501.34337259262924,724.5893247246225
381.99999977345067,-501.34337259262924,381.99999977345067
381.99999977345067,-500.30902072842554,381.99999977345067
381.9999997734506,-500.2534879230131,381.9999997734506
381.9999997734507,-499.77789785214077,381.9999997734507
381.99999977345067,-500.30902072842554,381.99999977345067
381.9999997734507,-499.77789785214077,381.9999997734507
724.5893247246225,-500.30902072842554,724.5893247246225
381.99999977345067,-500.30902072842554,381.99999977345067
724.5893247246225,-500.30902072842554,724.5893247246225
724.5893247246225,-500.83618478675464,724.5893247246225
724.5893247246225,-500.83618478675464,724.5893247246225
724.5893247246225,-500.30902072842554,724.5893247246225
726.6251523613413,-500.292805044935,726.6251523613413
724.5893247246225,-500.83618478675464,724.5893247246225
726.6251523613413,-500.292805044935,726.6251523613413
726.6251523613413,-500.75435858876017,726.6251523613413
724.5893247246225,-500.83618478675464,724.5893247246225
726.6251523613413,-500.75435858876017,726.6251523613413
724.5893247246225,-501.34337259262924,724.5893247246225
724.5893247246225,-500.30902072842554,724.5893247246225
381.9999997734507,-499.77789785214077,381.9999997734507
724.5893247246225,-499.77789785214077,724.5893247246225
724.5893247246225,-500.30902072842554,724.5893247246225
724.5893247246225,-499.77789785214077,724.5893247246225
726.6251523613413,-499.82778555693113,726.6251523613413
724.5893247246225,-500.30902072842554,724.5893247246225
726.6251523613413,-499.82778555693113,726.6251523613413
726.6251523613413,-500.292805044935,726.6251523613413
726.6251523613413,-500.292805044935,726.6251523613413
726.6251523613413,-499.82778555693113,726.6251523613413
731.2729184746224,-499.8988585699184,731.2729184746224
726.6251523613413,-500.292805044935,726.6251523613413
731.2729184746224,-499.8988585699184,731.2729184746224
731.2729184746224,-500.26970320814,731.2729184746224
726.6251523613413,-500.292805044935,726.6251523613413
731.2729184746224,-500.26970320814,731.2729184746224
726.6251523613413,-500.75435858876017,726.6251523613413
726.6251523613413,-499.82778555693113,726.6251523613413
724.5893247246225,-499.77789785214077,724.5893247246225
726.6251523613412,-499.37342939196066,726.6251523613412
726.6251523613413,-499.82778555693113,726.6251523613413
726.6251523613412,-499.37342939196066,726.6251523613412
731.2729184746224,-499.5365178525611,731.2729184746224
726.6251523613413,-499.82778555693113,726.6251523613413
731.2729184746224,-499.5365178525611,731.2729184746224
731.2729184746224,-499.8988585699184,731.2729184746224
731.2729184746224,-499.8988585699184,731.2729184746224
731.2729184746224,-499.5365178525611,731.2729184746224
733.7797544121224,-499.6509906762598,733.7797544121224
731.2729184746224,-499.8988585699184,731.2729184746224
733.7797544121224,-499.6509906762598,733.7797544121224
733.7797544121224,-499.94874525267085,733.7797544121224
731.2729184746224,-499.8988585699184,731.2729184746224
733.7797544121224,-499.94874525267085,733.7797544121224
731.2729184746224,-500.26970320814,731.2729184746224
731.2729184746224,-499.5365178525611,731.2729184746224
726.6251523613412,-499.37342939196066,726.6251523613412
731.2729184746224,-499.1936903535296,731.2729184746224
731.2729184746224,-499.5365178525611,731.2729184746224
731.2729184746224,-499.1936903535296,731.2729184746224
733.7797544121224,-499.3692712676022,733.7797544121224
731.2729184746224,-499.5365178525611,731.2729184746224
733.7797544121224,-499.3692712676022,733.7797544121224
733.7797544121224,-499.6509906762598,733.7797544121224
733.7797544121224,-499.6509906762598,733.7797544121224
733.7797544121224,-499.3692712676022,733.7797544121224
381.9999997734506,-499.3692712676022,381.9999997734506
733.7797544121224,-499.6509906762598,733.7797544121224
381.9999997734506,-499.3692712676022,381.9999997734506
381.9999997734506,-499.65099067625977,381.9999997734506
733.7797544121224,-499.6509906762598,733.7797544121224
381.9999997734506,-499.65099067625977,381.9999997734506
733.7797544121224,-499.94874525267085,733.7797544121224
733.7797544121224,-499.3692712676022,733.7797544121224
731.2729184746224,-499.1936903535296,731.2729184746224
733.7797544121224,-499.11214688939924,733.7797544121224
733.7797544121224,-499.3692712676022,733.7797544121224
733.7797544121224,-499.11214688939924,733.7797544121224
381.9999997734506,-499.11214688939924,381.9999997734506
733.7797544121224,-499.3692712676022,733.7797544121224
381.9999997734506,-499.11214688939924,381.9999997734506
381.9999997734506,-499.3692712676022,381.9999997734506
381.9999997734506,-499.3692712676022,381.9999997734506
381.9999997734506,-499.11214688939924,381.9999997734506
381.9999997734506,-498.3198263344895,381.9999997734506
381.9999997734506,-499.3692712676022,381.9999997734506
381.9999997734506,-498.3198263344895,381.9999997734506
381.9999997734506,-498.76795739085134,381.9999997734506
381.9999997734506,-499.3692712676022,381.9999997734506
381.9999997734506,-498.76795739085134,381.9999997734506
381.9999997734506,-499.65099067625977,381.9999997734506
381.9999997734506,-499.11214688939924,381.9999997734506
733.7797544121224,-499.11214688939924,733.7797544121224
381.9999997734506,-498.8874301028198,381.9999997734506
381.9999997734506,-499.11214688939924,381.9999997734506
381.9999997734506,-498.8874301028198,381.9999997734506
381.9999997734506,-497.92817723462383,381.9999997734506
381.9999997734506,-499.11214688939924,381.9999997734506
381.9999997734506,-497.92817723462383,381.9999997734506
381.9999997734506,-498.3198263344895,381.9999997734506
381.9999997734506,-498.3198263344895,381.9999997734506
381.9999997734506,-497.92817723462383,381.9999997734506
724.5893247246224,-498.3198263344895,724.5893247246224
381.9999997734506,-498.3198263344895,381.9999997734506
724.5893247246224,-498.3198263344895,724.5893247246224
724.5893247246224,-498.76795739085134,724.5893247246224
381.9999997734506,-498.3198263344895,381.9999997734506
724.5893247246224,-498.76795739085134,724.5893247246224
381.9999997734506,-498.76795739085134,381.9999997734506
381.9999997734506,-497.92817723462383,381.9999997734506
381.9999997734506,-498.8874301028198,381.9999997734506
381.9999997734506,-497.60491010561185,381.9999997734506
381.9999997734506,-497.92817723462383,381.9999997734506
381.9999997734506,-497.60491010561185,381.9999997734506
724.5893247246224,-497.92817723462383,724.5893247246224
381.9999997734506,-497.92817723462383,381.9999997734506
724.5893247246224,-497.92817723462383,724.5893247246224
724.5893247246224,-498.3198263344895,724.5893247246224
724.5893247246224,-498.3198263344895,724.5893247246224
724.5893247246224,-497.92817723462383,724.5893247246224
726.6251523613412,-498.2082804316821,726.6251523613412
724.5893247246224,-498.3198263344895,724.5893247246224
726.6251523613412,-498.2082804316821,726.6251523613412
726.6251523613412,-498.5511849034825,726.6251523613412
724.5893247246224,-498.3198263344895,724.5893247246224
726.6251523613412,-498.5511849034825,726.6251523613412
724.5893247246224,-498.76795739085134,724.5893247246224
724.5893247246224,-497.92817723462383,724.5893247246224
381.9999997734506,-497.60491010561185,381.9999997734506
724.5893247246224,-497.60491010561185,724.5893247246224
724.5893247246224,-497.92817723462383,724.5893247246224
724.5893247246224,-497.60491010561185,724.5893247246224
726.6251523613412,-497.9252468185553,726.6251523613412
724.5893247246224,-497.92817723462383,724.5893247246224
726.6251523613412,-497.9252468185553,726.6251523613412
726.6251523613412,-498.2082804316821,726.6251523613412
726.6251523613412,-498.2082804316821,726.6251523613412
726.6251523613412,-497.9252468185553,726.6251523613412
731.2729184746224,-498.38161864662163,731.2729184746224
726.6251523613412,-498.2082804316821,726.6251523613412
731.2729184746224,-498.38161864662163,731.2729184746224
731.2729184746224,-498.60733273524374,731.2729184746224
726.6251523613412,-498.2082804316821,726.6251523613412
731.2729184746224,-498.60733273524374,731.2729184746224
726.6251523613412,-498.5511849034825,726.6251523613412
726.6251523613412,-497.9252468185553,726.6251523613412
724.5893247246224,-497.60491010561185,724.5893247246224
726.6251523613412,-497.7106844074764,726.6251523613412
726.6251523613412,-497.9252468185553,726.6251523613412
726.6251523613412,-497.7106844074764,726.6251523613412
731.2729184746224,-498.2105089127461,731.2729184746224
726.6251523613412,-497.9252468185553,726.6251523613412
731.2729184746224,-498.2105089127461,731.2729184746224
731.2729184746224,-498.38161864662163,731.2729184746224
731.2729184746224,-498.38161864662163,731.2729184746224
731.2729184746224,-498.2105089127461,731.2729184746224
733.7797544121224,-498.56133911225197,733.7797544121224
731.2729184746224,-498.38161864662163,731.2729184746224
733.7797544121224,-498.56133911225197,733.7797544121224
733.7797544121224,-498.70194894194685,733.7797544121224
731.2729184746224,-498.38161864662163,731.2729184746224
733.7797544121224,-498.70194894194685,733.7797544121224
731.2729184746224,-498.60733273524374,731.2729184746224
731.2729184746224,-498.2105089127461,731.2729184746224
726.6251523613412,-497.7106844074764,726.6251523613412
731.2729184746224,-498.09920279838343,731.2729184746224
731.2729184746224,-498.2105089127461,731.2729184746224
731.2729184746224,-498.09920279838343,731.2729184746224
733.7797544121224,-498.4698729179094,733.7797544121224
731.2729184746224,-498.2105089127461,731.2729184746224
733.7797544121224,-498.4698729179094,733.7797544121224
733.7797544121224,-498.56133911225197,733.7797544121224
733.7797544121224,-498.56133911225197,733.7797544121224
733.7797544121224,-498.4698729179094,733.7797544121224
381.9999997734506,-498.46987291790936,381.9999997734506
733.7797544121224,-498.56133911225197,733.7797544121224
381.9999997734506,-498.46987291790936,381.9999997734506
381.9999997734507,-498.56133911225197,381.9999997734507
733.7797544121224,-498.56133911225197,733.7797544121224
381.9999997734507,-498.56133911225197,381.9999997734507
733.7797544121224,-498.70194894194685,733.7797544121224
733.7797544121224,-498.4698729179094,733.7797544121224
731.2729184746224,-498.09920279838343,731.2729184746224
733.7797544121224,-498.4303295557765,733.7797544121224
733.7797544121224,-498.4698729179094,733.7797544121224
733.7797544121224,-498.4303295557765,733.7797544121224
381.9999997734506,-498.4303295557765,381.9999997734506
733.7797544121224,-498.4698729179094,733.7797544121224
381.9999997734506,-498.4303295557765,381.9999997734506
381.9999997734506,-498.46987291790936,381.9999997734506
381.9999997734506,-498.46987291790936,381.9999997734506
381.9999997734506,-498.4303295557765,381.9999997734506
381.9999997734507,-497.1315163007141,381.9999997734507
381.9999997734506,-498.46987291790936,381.9999997734506
381.9999997734507,-497.1315163007141,381.9999997734507
381.9999997734507,-497.20043471366654,381.9999997734507
381.9999997734506,-498.46987291790936,381.9999997734506
381.9999997734507,-497.20043471366654,381.9999997734507
381.9999997734507,-498.56133911225197,381.9999997734507
381.9999997734506,-498.4303295557765,381.9999997734506
733.7797544121224,-498.4303295557765,733.7797544121224
381.9999997734506,-498.4439105815994,381.9999997734506
381.9999997734506,-498.4303295557765,381.9999997734506
381.9999997734506,-498.4439105815994,381.9999997734506
381.9999997734507,-497.15518593053207,381.9999997734507
381.9999997734506,-498.4303295557765,381.9999997734506
381.9999997734507,-497.15518593053207,381.9999997734507
381.9999997734507,-497.1315163007141,381.9999997734507
381.9999997734507,-497.1315163007141,381.9999997734507
381.9999997734507,-497.15518593053207,381.9999997734507
724.5893247246224,-497.1315163007141,724.5893247246224
381.9999997734507,-497.1315163007141,381.9999997734507
724.5893247246224,-497.1315163007141,724.5893247246224
724.5893247246224,-497.20043471366654,724.5893247246224
381.9999997734507,-497.1315163007141,381.9999997734507
724.5893247246224,-497.20043471366654,724.5893247246224
381.9999997734507,-497.20043471366654,381.9999997734507
381.9999997734507,-497.15518593053207,381.9999997734507
381.9999997734506,-498.4439105815994,381.9999997734506
381.99999977345055,-497.2707244808449,381.99999977345055
381.9999997734507,-497.15518593053207,381.9999997734507
381.99999977345055,-497.2707244808449,381.99999977345055
724.5893247246224,-497.15518593053207,724.5893247246224
381.9999997734507,-497.15518593053207,381.9999997734507
724.5893247246224,-497.15518593053207,724.5893247246224
724.5893247246224,-497.1315163007141,724.5893247246224
724.5893247246224,-497.1315163007141,724.5893247246224
724.5893247246224,-497.15518593053207,724.5893247246224
726.6251523613412,-497.5314951565533,726.6251523613412
724.5893247246224,-497.1315163007141,724.5893247246224
726.6251523613412,-497.5314951565533,726.6251523613412
726.6251523613412,-497.5107715864835,726.6251523613412
724.5893247246224,-497.1315163007141,724.5893247246224
726.6251523613412,-497.5107715864835,726.6251523613412
724.5893247246224,-497.20043471366654,724.5893247246224
724.5893247246224,-497.15518593053207,724.5893247246224
381.99999977345055,-497.2707244808449,381.99999977345055
724.5893247246224,-497.2707244808449,724.5893247246224
724.5893247246224,-497.15518593053207,724.5893247246224
724.5893247246224,-497.2707244808449,724.5893247246224
726.6251523613412,-497.6326539118495,726.6251523613412
724.5893247246224,-497.15518593053207,724.5893247246224
726.6251523613412,-497.6326539118495,726.6251523613412
726.6251523613412,-497.5314951565533,726.6251523613412
726.6251523613412,-497.5314951565533,726.6251523613412
726.6251523613412,-497.6326539118495,726.6251523613412
731.2729184746224,-498.14828117722897,731.2729184746224
726.6251523613412,-497.5314951565533,726.6251523613412
731.2729184746224,-498.14828117722897,731.2729184746224
731.2729184746224,-498.06760887190654,731.2729184746224
726.6251523613412,-497.5314951565533,726.6251523613412
731.2729184746224,-498.06760887190654,731.2729184746224
726.6251523613412,-497.5107715864835,726.6251523613412
726.6251523613412,-497.6326539118495,726.6251523613412
724.5893247246224,-497.2707244808449,724.5893247246224
726.6251523613412,-497.81117400418833,726.6251523613412
726.6251523613412,-497.6326539118495,726.6251523613412
726.6251523613412,-497.81117400418833,726.6251523613412
731.2729184746224,-498.2906476708615,731.2729184746224
726.6251523613412,-497.6326539118495,726.6251523613412
731.2729184746224,-498.2906476708615,731.2729184746224
731.2729184746224,-498.14828117722897,731.2729184746224
731.2729184746224,-498.14828117722897,731.2729184746224
731.2729184746224,-498.2906476708615,731.2729184746224
733.7797544121224,-498.62719329683364,733.7797544121224
731.2729184746224,-498.14828117722897,731.2729184746224
733.7797544121224,-498.62719329683364,733.7797544121224
733.7797544121224,-498.5102032522424,733.7797544121224
731.2729184746224,-498.14828117722897,731.2729184746224
733.7797544121224,-498.5102032522424,733.7797544121224
731.2729184746224,-498.06760887190654,731.2729184746224
731.2729184746224,-498.2906476708615,731.2729184746224
726.6251523613412,-497.81117400418833,726.6251523613412
731.2729184746224,-498.4903825314995,731.2729184746224
731.2729184746224,-498.2906476708615,731.2729184746224
731.2729184746224,-498.4903825314995,731.2729184746224
733.7797544121224,-498.7913260482529,733.7797544121224
731.2729184746224,-498.2906476708615,731.2729184746224
733.7797544121224,-498.7913260482529,733.7797544121224
733.7797544121224,-498.62719329683364,733.7797544121224
733.7797544121224,-498.62719329683364,733.7797544121224
733.7797544121224,-498.7913260482529,733.7797544121224
381.9999997734506,-498.7913260482529,381.9999997734506
733.7797544121224,-498.62719329683364,733.7797544121224
381.9999997734506,-498.7913260482529,381.9999997734506
381.9999997734506,-498.62719329683364,381.9999997734506
733.7797544121224,-498.62719329683364,733.7797544121224
381.9999997734506,-498.62719329683364,381.9999997734506
733.7797544121224,-498.5102032522424,733.7797544121224
733.7797544121224,-498.7913260482529,733.7797544121224
731.2729184746224,-498.4903825314995,731.2729184746224
733.7797544121224,-498.9976144512695,733.7797544121224
733.7797544121224,-498.7913260482529,733.7797544121224
733.7797544121224,-498.9976144512695,733.7797544121224
381.9999997734506,-498.9976144512695,381.9999997734506
733.7797544121224,-498.7913260482529,733.7797544121224
381.9999997734506,-498.9976144512695,381.9999997734506
381.9999997734506,-498.7913260482529,381.9999997734506
381.9999997734506,-498.7913260482529,381.9999997734506
381.9999997734506,-498.9976144512695,381.9999997734506
381.99999977345067,-498.12021277651576,381.99999977345067
381.9999997734506,-498.7913260482529,381.9999997734506
381.99999977345067,-498.12021277651576,381.99999977345067
381.99999977345055,-497.76068149322725,381.99999977345055
381.9999997734506,-498.7913260482529,381.9999997734506
381.99999977345055,-497.76068149322725,381.99999977345055
381.9999997734506,-498.62719329683364,381.9999997734506
381.9999997734506,-498.9976144512695,381.9999997734506
733.7797544121224,-498.9976144512695,733.7797544121224
381.9999997734506,-499.23979053671826,381.9999997734506
381.9999997734506,-498.9976144512695,381.9999997734506
381.9999997734506,-499.23979053671826,381.9999997734506
381.99999977345067,-498.54229103387837,381.99999977345067
381.9999997734506,-498.9976144512695,381.9999997734506
381.99999977345067,-498.54229103387837,381.99999977345067
381.99999977345067,-498.12021277651576,381.99999977345067
381.99999977345067,-498.12021277651576,381.99999977345067
381.99999977345067,-498.54229103387837,381.99999977345067
724.5893247246224,-498.12021277651576,724.5893247246224
381.99999977345067,-498.12021277651576,381.99999977345067
724.5893247246224,-498.12021277651576,724.5893247246224
724.5893247246224,-497.7606814932273,724.5893247246224
381.99999977345067,-498.12021277651576,381.99999977345067
724.5893247246224,-497.7606814932273,724.5893247246224
381.99999977345055,-497.76068149322725,381.99999977345055
381.99999977345067,-498.54229103387837,381.99999977345067
381.9999997734506,-499.23979053671826,381.9999997734506
381.99999977345055,-499.01409178471437,381.99999977345055
381.99999977345067,-498.54229103387837,381.99999977345067
381.99999977345055,-499.01409178471437,381.99999977345055
724.5893247246224,-498.54229103387837,724.5893247246224
381.99999977345067,-498.54229103387837,381.99999977345067
724.5893247246224,-498.54229103387837,724.5893247246224
724.5893247246224,-498.12021277651576,724.5893247246224
724.5893247246224,-498.12021277651576,724.5893247246224
724.5893247246224,-498.54229103387837,724.5893247246224
726.6251523613412,-498.7459618181747,726.6251523613412
724.5893247246224,-498.12021277651576,724.5893247246224
726.6251523613412,-498.7459618181747,726.6251523613412
726.6251523613412,-498.37641527293766,726.6251523613412
724.5893247246224,-498.12021277651576,724.5893247246224
726.6251523613412,-498.37641527293766,726.6251523613412
724.5893247246224,-497.7606814932273,724.5893247246224
724.5893247246224,-498.54229103387837,724.5893247246224
381.99999977345055,-499.01409178471437,381.99999977345055
724.5893247246224,-499.01409178471437,724.5893247246224
724.5893247246224,-498.54229103387837,724.5893247246224
724.5893247246224,-499.01409178471437,724.5893247246224
726.6251523613412,-499.1590424417426,726.6251523613412
724.5893247246224,-498.54229103387837,724.5893247246224
726.6251523613412,-499.1590424417426,726.6251523613412
726.6251523613412,-498.7459618181747,726.6251523613412
726.6251523613412,-498.7459618181747,726.6251523613412
726.6251523613412,-499.1590424417426,726.6251523613412
731.2729184746224,-499.36554813712286,731.2729184746224
726.6251523613412,-498.7459618181747,726.6251523613412
731.2729184746224,-499.36554813712286,731.2729184746224
731.2729184746224,-499.03612388720694,731.2729184746224
726.6251523613412,-498.7459618181747,726.6251523613412
731.2729184746224,-499.03612388720694,731.2729184746224
726.6251523613412,-498.37641527293766,726.6251523613412
726.6251523613412,-499.1590424417426,726.6251523613412
724.5893247246224,-499.01409178471437,724.5893247246224
726.6251523613412,-499.60310578858343,726.6251523613412
726.6251523613412,-499.1590424417426,726.6251523613412
726.6251523613412,-499.60310578858343,726.6251523613412
731.2729184746224,-499.71968063544114,731.2729184746224
726.6251523613412,-499.1590424417426,726.6251523613412
731.2729184746224,-499.71968063544114,731.2729184746224
731.2729184746224,-499.36554813712286,731.2729184746224
731.2729184746224,-499.36554813712286,731.2729184746224
731.2729184746224,-499.71968063544114,731.2729184746224
733.7797544121224,-499.8015052327023,733.7797544121224
731.2729184746224,-499.36554813712286,731.2729184746224
733.7797544121224,-499.8015052327023,733.7797544121224
733.7797544121224,-499.510495880872,733.7797544121224
731.2729184746224,-499.36554813712286,731.2729184746224
733.7797544121224,-499.510495880872,733.7797544121224
731.2729184746224,-499.03612388720694,731.2729184746224
731.2729184746224,-499.71968063544114,731.2729184746224
726.6251523613412,-499.60310578858343,726.6251523613412
731.2729184746224,-500.0877611692036,731.2729184746224
731.2729184746224,-499.71968063544114,731.2729184746224
731.2729184746224,-500.0877611692036,731.2729184746224
733.7797544121224,-500.1039764543305,733.7797544121224
731.2729184746224,-499.71968063544114,731.2729184746224
733.7797544121224,-500.1039764543305,733.7797544121224
733.7797544121224,-499.8015052327023,733.7797544121224
733.7797544121224,-499.8015052327023,733.7797544121224
733.7797544121224,-500.1039764543305,733.7797544121224
381.9999997734507,-500.1039764543305,381.9999997734507
733.7797544121224,-499.8015052327023,733.7797544121224
381.9999997734507,-500.1039764543305,381.9999997734507
381.9999997734507,-499.8015052327023,381.9999997734507
733.7797544121224,-499.8015052327023,733.7797544121224
381.9999997734507,-499.8015052327023,381.9999997734507
733.7797544121224,-499.510495880872,733.7797544121224
733.7797544121224,-500.1039764543305,733.7797544121224
731.2729184746224,-500.0877611692036,731.2729184746224
733.7797544121224,-500.40871912467276,733.7797544121224
733.7797544121224,-500.1039764543305,733.7797544121224
733.7797544121224,-500.40871912467276,733.7797544121224
381.9999997734507,-500.40871912467276,381.9999997734507
733.7797544121224,-500.1039764543305,733.7797544121224
381.9999997734507,-500.40871912467276,381.9999997734507
381.9999997734507,-500.1039764543305,381.9999997734507
381.9999997734507,-500.1039764543305,381.9999997734507
381.9999997734507,-500.40871912467276,381.9999997734507
381.99999977345067,-500.57956652520284,381.99999977345067
381.9999997734507,-500.1039764543305,381.9999997734507
381.99999977345067,-500.57956652520284,381.99999977345067
381.99999977345067,-500.04844364891807,381.99999977345067
381.9999997734507,-500.1039764543305,381.9999997734507
381.99999977345067,-500.04844364891807,381.99999977345067
381.9999997734507,-499.8015052327023,381.9999997734507
381.9999997734507,-500.40871912467276,381.9999997734507
733.7797544121224,-500.40871912467276,733.7797544121224
381.9999997734507,-500.70647370108384,381.9999997734507
381.9999997734507,-500.40871912467276,381.9999997734507
381.9999997734507,-500.70647370108384,381.9999997734507
381.9999997734507,-501.0985103161772,381.9999997734507
381.9999997734507,-500.40871912467276,381.9999997734507
381.9999997734507,-501.0985103161772,381.9999997734507
381.99999977345067,-500.57956652520284,381.99999977345067
381.99999977345067,-500.57956652520284,381.99999977345067
381.9999997734507,-501.0985103161772,381.9999997734507
724.5893247246224,-500.57956652520284,724.5893247246224
381.99999977345067,-500.57956652520284,381.99999977345067
724.5893247246224,-500.57956652520284,724.5893247246224
724.5893247246224,-500.0484436489181,724.5893247246224
381.99999977345067,-500.57956652520284,381.99999977345067
724.5893247246224,-500.0484436489181,724.5893247246224
381.99999977345067,-500.04844364891807,381.99999977345067
381.9999997734507,-501.0985103161772,381.9999997734507
381.9999997734507,-500.70647370108384,381.9999997734507
381.9999997734506,-501.58950698649227,381.9999997734506
381.9999997734507,-501.0985103161772,381.9999997734507
381.9999997734506,-501.58950698649227,381.9999997734506
724.5893247246224,-501.0985103161772,724.5893247246224
381.9999997734507,-501.0985103161772,381.9999997734507
724.5893247246224,-501.0985103161772,724.5893247246224
724.5893247246224,-500.57956652520284,724.5893247246224
724.5893247246224,-500.57956652520284,724.5893247246224
724.5893247246224,-501.0985103161772,724.5893247246224
726.6251523613412,-500.98403498538295,726.6251523613412
724.5893247246224,-500.57956652520284,724.5893247246224
726.6251523613412,-500.98403498538295,726.6251523613412
726.6251523613412,-500.52967882041247,726.6251523613412
724.5893247246224,-500.57956652520284,724.5893247246224
726.6251523613412,-500.52967882041247,726.6251523613412
724.5893247246224,-500.0484436489181,724.5893247246224
724.5893247246224,-501.0985103161772,724.5893247246224
381.9999997734506,-501.58950698649227,381.9999997734506
724.5893247246224,-501.58950698649227,724.5893247246224
724.5893247246224,-501.0985103161772,724.5893247246224
724.5893247246224,-501.58950698649227,724.5893247246224
726.6251523613412,-501.4139226311472,726.6251523613412
724.5893247246224,-501.0985103161772,724.5893247246224
726.6251523613412,-501.4139226311472,726.6251523613412
726.6251523613412,-500.98403498538295,726.6251523613412
726.6251523613412,-500.98403498538295,726.6251523613412
726.6251523613412,-501.4139226311472,726.6251523613412
731.2729184746224,-501.163774023814,731.2729184746224
726.6251523613412,-500.98403498538295,726.6251523613412
731.2729184746224,-501.163774023814,731.2729184746224
731.2729184746224,-500.8209465247825,731.2729184746224
726.6251523613412,-500.98403498538295,726.6251523613412
731.2729184746224,-500.8209465247825,731.2729184746224
726.6251523613412,-500.52967882041247,726.6251523613412
726.6251523613412,-501.4139226311472,726.6251523613412
724.5893247246224,-501.58950698649227,724.5893247246224
726.6251523613412,-501.8062794738611,726.6251523613412
726.6251523613412,-501.4139226311472,726.6251523613412
726.6251523613412,-501.8062794738611,726.6251523613412
731.2729184746224,-501.4766714538881,731.2729184746224
726.6251523613412,-501.4139226311472,726.6251523613412
731.2729184746224,-501.4766714538881,731.2729184746224
731.2729184746224,-501.163774023814,731.2729184746224
731.2729184746224,-501.163774023814,731.2729184746224
731.2729184746224,-501.4766714538881,731.2729184746224
733.7797544121224,-501.24531748794436,733.7797544121224
731.2729184746224,-501.163774023814,731.2729184746224
733.7797544121224,-501.24531748794436,733.7797544121224
733.7797544121224,-500.9881931097414,733.7797544121224
731.2729184746224,-501.163774023814,731.2729184746224
733.7797544121224,-500.9881931097414,733.7797544121224
731.2729184746224,-500.8209465247825,731.2729184746224
731.2729184746224,-501.4766714538881,731.2729184746224
726.6251523613412,-501.8062794738611,726.6251523613412
731.2729184746224,-501.7501316420999,731.2729184746224
731.2729184746224,-501.4766714538881,731.2729184746224
731.2729184746224,-501.7501316420999,731.2729184746224
733.7797544121224,-501.4700342745238,733.7797544121224
731.2729184746224,-501.4766714538881,731.2729184746224
733.7797544121224,-501.4700342745238,733.7797544121224
733.7797544121224,-501.24531748794436,733.7797544121224
733.7797544121224,-501.24531748794436,733.7797544121224
733.7797544121224,-501.4700342745238,733.7797544121224
381.9999997734507,-501.4700342745238,381.9999997734507
733.7797544121224,-501.24531748794436,733.7797544121224
381.9999997734507,-501.4700342745238,381.9999997734507
381.9999997734507,-501.24531748794436,381.9999997734507
733.7797544121224,-501.24531748794436,733.7797544121224
381.9999997734507,-501.24531748794436,381.9999997734507
733.7797544121224,-500.9881931097414,733.7797544121224
733.7797544121224,-500.9881931097414,733.7797544121224
381.9999997734507,-501.24531748794436,381.9999997734507
381.9999997734507,-500.9881931097414,381.9999997734507
733.7797544121224,-500.9881931097414,733.7797544121224
381.9999997734507,-500.9881931097414,381.9999997734507
733.7797544121224,-500.70647370108384,733.7797544121224
733.7797544121224,-500.9881931097414,733.7797544121224
733.7797544121224,-500.70647370108384,733.7797544121224
731.2729184746224,-500.8209465247825,731.2729184746224
731.2729184746224,-500.8209465247825,731.2729184746224
733.7797544121224,-500.70647370108384,733.7797544121224
731.2729184746224,-500.4586058074252,731.2729184746224
731.2729184746224,-500.8209465247825,731.2729184746224
731.2729184746224,-500.4586058074252,731.2729184746224
726.6251523613412,-500.52967882041247,726.6251523613412
726.6251523613412,-500.52967882041247,726.6251523613412
731.2729184746224,-500.4586058074252,731.2729184746224
726.6251523613412,-500.0646593324086,726.6251523613412
726.6251523613412,-500.52967882041247,726.6251523613412
726.6251523613412,-500.0646593324086,726.6251523613412
724.5893247246224,-500.0484436489181,724.5893247246224
724.5893247246224,-500.0484436489181,724.5893247246224
726.6251523613412,-500.0646593324086,726.6251523613412
724.5893247246224,-499.52127959058896,724.5893247246224
724.5893247246224,-500.0484436489181,724.5893247246224
724.5893247246224,-499.52127959058896,724.5893247246224
381.99999977345067,-500.04844364891807,381.99999977345067
381.99999977345067,-500.04844364891807,381.99999977345067
724.5893247246224,-499.52127959058896,724.5893247246224
381.99999977345055,-499.52127959058896,381.99999977345055
381.99999977345067,-500.04844364891807,381.99999977345067
381.99999977345055,-499.52127959058896,381.99999977345055
381.9999997734507,-499.8015052327023,381.9999997734507
381.9999997734507,-499.8015052327023,381.9999997734507
381.99999977345055,-499.52127959058896,381.99999977345055
381.9999997734506,-499.510495880872,381.9999997734506
381.9999997734507,-499.8015052327023,381.9999997734507
381.9999997734506,-499.510495880872,381.9999997734506
733.7797544121224,-499.510495880872,733.7797544121224
733.7797544121224,-499.510495880872,733.7797544121224
381.9999997734506,-499.510495880872,381.9999997734506
733.7797544121224,-499.23979053671826,733.7797544121224
733.7797544121224,-499.510495880872,733.7797544121224
733.7797544121224,-499.23979053671826,733.7797544121224
731.2729184746224,-499.03612388720694,731.2729184746224
381.9999997734506,-499.510495880872,381.9999997734506
381.99999977345055,-499.52127959058896,381.99999977345055
381.99999977345055,-499.01409178471437,381.99999977345055
381.9999997734506,-499.510495880872,381.9999997734506
381.99999977345055,-499.01409178471437,381.99999977345055
381.9999997734506,-499.23979053671826,381.9999997734506
381.9999997734506,-499.510495880872,381.9999997734506
381.9999997734506,-499.23979053671826,381.9999997734506
733.7797544121224,-499.23979053671826,733.7797544121224
381.99999977345055,-499.52127959058896,381.99999977345055
724.5893247246224,-499.52127959058896,724.5893247246224
724.5893247246224,-499.01409178471437,724.5893247246224
381.99999977345055,-499.52127959058896,381.99999977345055
724.5893247246224,-499.01409178471437,724.5893247246224
381.99999977345055,-499.01409178471437,381.99999977345055
724.5893247246224,-499.01409178471437,724.5893247246224
724.5893247246224,-499.52127959058896,724.5893247246224
726.6251523613412,-499.60310578858343,726.6251523613412
724.5893247246224,-499.52127959058896,724.5893247246224
726.6251523613412,-500.0646593324086,726.6251523613412
726.6251523613412,-499.60310578858343,726.6251523613412
726.6251523613412,-499.60310578858343,726.6251523613412
726.6251523613412,-500.0646593324086,726.6251523613412
731.2729184746224,-500.0877611692036,731.2729184746224
726.6251523613412,-500.0646593324086,726.6251523613412
731.2729184746224,-500.4586058074252,731.2729184746224
731.2729184746224,-500.0877611692036,731.2729184746224
731.2729184746224,-500.0877611692036,731.2729184746224
731.2729184746224,-500.4586058074252,731.2729184746224
733.7797544121224,-500.40871912467276,733.7797544121224
731.2729184746224,-500.4586058074252,731.2729184746224
733.7797544121224,-500.70647370108384,733.7797544121224
733.7797544121224,-500.40871912467276,733.7797544121224
733.7797544121224,-500.40871912467276,733.7797544121224
733.7797544121224,-500.70647370108384,733.7797544121224
381.9999997734507,-500.70647370108384,381.9999997734507
733.7797544121224,-500.70647370108384,733.7797544121224
381.9999997734507,-500.9881931097414,381.9999997734507
381.9999997734507,-500.70647370108384,381.9999997734507
381.9999997734507,-500.70647370108384,381.9999997734507
381.9999997734507,-500.9881931097414,381.9999997734507
381.9999997734506,-501.58950698649227,381.9999997734506
381.9999997734506,-499.23979053671826,381.9999997734506
733.7797544121224,-498.9976144512695,733.7797544121224
733.7797544121224,-499.23979053671826,733.7797544121224
733.7797544121224,-499.23979053671826,733.7797544121224
733.7797544121224,-498.9976144512695,733.7797544121224
731.2729184746224,-498.74141720096225,731.2729184746224
733.7797544121224,-499.23979053671826,733.7797544121224
731.2729184746224,-498.74141720096225,731.2729184746224
731.2729184746224,-499.03612388720694,731.2729184746224
731.2729184746224,-499.03612388720694,731.2729184746224
731.2729184746224,-498.74141720096225,731.2729184746224
726.6251523613412,-498.37641527293766,726.6251523613412
733.7797544121224,-498.9976144512695,733.7797544121224
731.2729184746224,-498.4903825314995,731.2729184746224
731.2729184746224,-498.74141720096225,731.2729184746224
731.2729184746224,-498.74141720096225,731.2729184746224
731.2729184746224,-498.4903825314995,731.2729184746224
726.6251523613412,-498.06163103921705,726.6251523613412
731.2729184746224,-498.74141720096225,731.2729184746224
726.6251523613412,-498.06163103921705,726.6251523613412
726.6251523613412,-498.37641527293766,726.6251523613412
726.6251523613412,-498.37641527293766,726.6251523613412
726.6251523613412,-498.06163103921705,726.6251523613412
724.5893247246224,-497.7606814932273,724.5893247246224
731.2729184746224,-498.4903825314995,731.2729184746224
726.6251523613412,-497.81117400418833,726.6251523613412
726.6251523613412,-498.06163103921705,726.6251523613412
726.6251523613412,-498.06163103921705,726.6251523613412
726.6251523613412,-497.81117400418833,726.6251523613412
724.5893247246224,-497.474621410162,724.5893247246224
726.6251523613412,-498.06163103921705,726.6251523613412
724.5893247246224,-497.474621410162,724.5893247246224
724.5893247246224,-497.7606814932273,724.5893247246224
724.5893247246224,-497.7606814932273,724.5893247246224
724.5893247246224,-497.474621410162,724.5893247246224
381.99999977345055,-497.76068149322725,381.99999977345055
726.6251523613412,-497.81117400418833,726.6251523613412
724.5893247246224,-497.2707244808449,724.5893247246224
724.5893247246224,-497.474621410162,724.5893247246224
724.5893247246224,-497.474621410162,724.5893247246224
724.5893247246224,-497.2707244808449,724.5893247246224
381.99999977345067,-497.474621410162,381.99999977345067
724.5893247246224,-497.474621410162,724.5893247246224
381.99999977345067,-497.474621410162,381.99999977345067
381.99999977345055,-497.76068149322725,381.99999977345055
381.99999977345055,-497.76068149322725,381.99999977345055
381.99999977345067,-497.474621410162,381.99999977345067
381.9999997734506,-498.62719329683364,381.9999997734506
724.5893247246224,-497.2707244808449,724.5893247246224
381.99999977345055,-497.2707244808449,381.99999977345055
381.99999977345067,-497.474621410162,381.99999977345067
381.99999977345067,-497.474621410162,381.99999977345067
381.99999977345055,-497.2707244808449,381.99999977345055
381.9999997734506,-498.5102032522424,381.9999997734506
381.99999977345067,-497.474621410162,381.99999977345067
381.9999997734506,-498.5102032522424,381.9999997734506
381.9999997734506,-498.62719329683364,381.9999997734506
381.9999997734506,-498.62719329683364,381.9999997734506
381.9999997734506,-498.5102032522424,381.9999997734506
733.7797544121224,-498.5102032522424,733.7797544121224
381.99999977345055,-497.2707244808449,381.99999977345055
381.9999997734506,-498.4439105815994,381.9999997734506
381.9999997734506,-498.5102032522424,381.9999997734506
381.9999997734506,-498.5102032522424,381.9999997734506
381.9999997734506,-498.4439105815994,381.9999997734506
733.7797544121224,-498.4439105815994,733.7797544121224
381.9999997734506,-498.5102032522424,381.9999997734506
733.7797544121224,-498.4439105815994,733.7797544121224
733.7797544121224,-498.5102032522424,733.7797544121224
733.7797544121224,-498.5102032522424,733.7797544121224
733.7797544121224,-498.4439105815994,733.7797544121224
731.2729184746224,-498.06760887190654,731.2729184746224
381.9999997734506,-498.4439105815994,381.9999997734506
733.7797544121224,-498.4303295557765,733.7797544121224
733.7797544121224,-498.4439105815994,733.7797544121224
733.7797544121224,-498.4439105815994,733.7797544121224
733.7797544121224,-498.4303295557765,733.7797544121224
731.2729184746224,-498.0510821023687,731.2729184746224
733.7797544121224,-498.4439105815994,733.7797544121224
731.2729184746224,-498.0510821023687,731.2729184746224
731.2729184746224,-498.06760887190654,731.2729184746224
731.2729184746224,-498.06760887190654,731.2729184746224
731.2729184746224,-498.0510821023687,731.2729184746224
726.6251523613412,-497.5107715864835,726.6251523613412
733.7797544121224,-498.4303295557765,733.7797544121224
731.2729184746224,-498.09920279838343,731.2729184746224
731.2729184746224,-498.0510821023687,731.2729184746224
731.2729184746224,-498.0510821023687,731.2729184746224
731.2729184746224,-498.09920279838343,731.2729184746224
726.6251523613412,-497.57111229777036,726.6251523613412
731.2729184746224,-498.0510821023687,731.2729184746224
726.6251523613412,-497.57111229777036,726.6251523613412
726.6251523613412,-497.5107715864835,726.6251523613412
726.6251523613412,-497.5107715864835,726.6251523613412
726.6251523613412,-497.57111229777036,726.6251523613412
724.5893247246224,-497.20043471366654,724.5893247246224
731.2729184746224,-498.09920279838343,731.2729184746224
726.6251523613412,-497.7106844074764,726.6251523613412
726.6251523613412,-497.57111229777036,726.6251523613412
726.6251523613412,-497.57111229777036,726.6251523613412
726.6251523613412,-497.7106844074764,726.6251523613412
724.5893247246224,-497.3598471566963,724.5893247246224
726.6251523613412,-497.57111229777036,726.6251523613412
724.5893247246224,-497.3598471566963,724.5893247246224
724.5893247246224,-497.20043471366654,724.5893247246224
724.5893247246224,-497.20043471366654,724.5893247246224
724.5893247246224,-497.3598471566963,724.5893247246224
381.9999997734507,-497.20043471366654,381.9999997734507
726.6251523613412,-497.7106844074764,726.6251523613412
724.5893247246224,-497.60491010561185,724.5893247246224
724.5893247246224,-497.3598471566963,724.5893247246224
724.5893247246224,-497.3598471566963,724.5893247246224
724.5893247246224,-497.60491010561185,724.5893247246224
381.9999997734507,-497.3598471566963,381.9999997734507
724.5893247246224,-497.3598471566963,724.5893247246224
381.9999997734507,-497.3598471566963,381.9999997734507
381.9999997734507,-497.20043471366654,381.9999997734507
381.9999997734507,-497.20043471366654,381.9999997734507
381.9999997734507,-497.3598471566963,381.9999997734507
381.9999997734507,-498.56133911225197,381.9999997734507
724.5893247246224,-497.60491010561185,724.5893247246224
381.9999997734506,-497.60491010561185,381.9999997734506
381.9999997734507,-497.3598471566963,381.9999997734507
381.9999997734507,-497.3598471566963,381.9999997734507
381.9999997734506,-497.60491010561185,381.9999997734506
381.9999997734506,-498.70194894194685,381.9999997734506
381.9999997734507,-497.3598471566963,381.9999997734507
381.9999997734506,-498.70194894194685,381.9999997734506
381.9999997734507,-498.56133911225197,381.9999997734507
381.9999997734507,-498.56133911225197,381.9999997734507
381.9999997734506,-498.70194894194685,381.9999997734506
733.7797544121224,-498.70194894194685,733.7797544121224
381.9999997734506,-497.60491010561185,381.9999997734506
381.9999997734506,-498.8874301028198,381.9999997734506
381.9999997734506,-498.70194894194685,381.9999997734506
381.9999997734506,-498.70194894194685,381.9999997734506
381.9999997734506,-498.8874301028198,381.9999997734506
733.7797544121224,-498.8874301028198,733.7797544121224
381.9999997734506,-498.70194894194685,381.9999997734506
733.7797544121224,-498.8874301028198,733.7797544121224
733.7797544121224,-498.70194894194685,733.7797544121224
733.7797544121224,-498.70194894194685,733.7797544121224
733.7797544121224,-498.8874301028198,733.7797544121224
731.2729184746224,-498.60733273524374,731.2729184746224
381.9999997734506,-498.8874301028198,381.9999997734506
733.7797544121224,-499.11214688939924,733.7797544121224
733.7797544121224,-498.8874301028198,733.7797544121224
733.7797544121224,-498.8874301028198,733.7797544121224
733.7797544121224,-499.11214688939924,733.7797544121224
731.2729184746224,-498.8807929234555,731.2729184746224
733.7797544121224,-498.8874301028198,733.7797544121224
731.2729184746224,-498.8807929234555,731.2729184746224
731.2729184746224,-498.60733273524374,731.2729184746224
731.2729184746224,-498.60733273524374,731.2729184746224
731.2729184746224,-498.8807929234555,731.2729184746224
726.6251523613412,-498.5511849034825,726.6251523613412
733.7797544121224,-499.11214688939924,733.7797544121224
731.2729184746224,-499.1936903535296,731.2729184746224
731.2729184746224,-498.8807929234555,731.2729184746224
731.2729184746224,-498.8807929234555,731.2729184746224
731.2729184746224,-499.1936903535296,731.2729184746224
726.6251523613412,-498.9435417461964,726.6251523613412
731.2729184746224,-498.8807929234555,731.2729184746224
726.6251523613412,-498.9435417461964,726.6251523613412
726.6251523613412,-498.5511849034825,726.6251523613412
726.6251523613412,-498.5511849034825,726.6251523613412
726.6251523613412,-498.9435417461964,726.6251523613412
724.5893247246224,-498.76795739085134,724.5893247246224
731.2729184746224,-499.1936903535296,731.2729184746224
726.6251523613412,-499.37342939196066,726.6251523613412
726.6251523613412,-498.9435417461964,726.6251523613412
726.6251523613412,-498.9435417461964,726.6251523613412
726.6251523613412,-499.37342939196066,726.6251523613412
724.5893247246225,-499.2589540611664,724.5893247246225
726.6251523613412,-498.9435417461964,726.6251523613412
724.5893247246225,-499.2589540611664,724.5893247246225
724.5893247246224,-498.76795739085134,724.5893247246224
724.5893247246224,-498.76795739085134,724.5893247246224
724.5893247246225,-499.2589540611664,724.5893247246225
381.9999997734506,-498.76795739085134,381.9999997734506
726.6251523613412,-499.37342939196066,726.6251523613412
724.5893247246225,-499.77789785214077,724.5893247246225
724.5893247246225,-499.2589540611664,724.5893247246225
724.5893247246225,-499.2589540611664,724.5893247246225
724.5893247246225,-499.77789785214077,724.5893247246225
381.9999997734506,-499.2589540611664,381.9999997734506
724.5893247246225,-499.2589540611664,724.5893247246225
381.9999997734506,-499.2589540611664,381.9999997734506
381.9999997734506,-498.76795739085134,381.9999997734506
381.9999997734506,-498.76795739085134,381.9999997734506
381.9999997734506,-499.2589540611664,381.9999997734506
381.9999997734506,-499.65099067625977,381.9999997734506
724.5893247246225,-499.77789785214077,724.5893247246225
381.9999997734507,-499.77789785214077,381.9999997734507
381.9999997734506,-499.2589540611664,381.9999997734506
381.9999997734506,-499.2589540611664,381.9999997734506
381.9999997734507,-499.77789785214077,381.9999997734507
381.9999997734506,-499.94874525267085,381.9999997734506
381.9999997734506,-499.2589540611664,381.9999997734506
381.9999997734506,-499.94874525267085,381.9999997734506
381.9999997734506,-499.65099067625977,381.9999997734506
381.9999997734506,-499.65099067625977,381.9999997734506
381.9999997734506,-499.94874525267085,381.9999997734506
733.7797544121224,-499.94874525267085,733.7797544121224
381.9999997734507,-499.77789785214077,381.9999997734507
381.9999997734506,-500.2534879230131,381.9999997734506
381.9999997734506,-499.94874525267085,381.9999997734506
381.9999997734506,-499.94874525267085,381.9999997734506
381.9999997734506,-500.2534879230131,381.9999997734506
733.7797544121224,-500.2534879230131,733.7797544121224
381.9999997734506,-499.94874525267085,381.9999997734506
733.7797544121224,-500.2534879230131,733.7797544121224
733.7797544121224,-499.94874525267085,733.7797544121224
733.7797544121224,-499.94874525267085,733.7797544121224
733.7797544121224,-500.2534879230131,733.7797544121224
731.2729184746224,-500.26970320814,731.2729184746224
381.9999997734506,-500.2534879230131,381.9999997734506
733.7797544121224,-500.55595914464135,733.7797544121224
733.7797544121224,-500.2534879230131,733.7797544121224
733.7797544121224,-500.2534879230131,733.7797544121224
733.7797544121224,-500.55595914464135,733.7797544121224
731.2729184746224,-500.6377837419025,731.2729184746224
733.7797544121224,-500.2534879230131,733.7797544121224
731.2729184746224,-500.6377837419025,731.2729184746224
731.2729184746224,-500.26970320814,731.2729184746224
731.2729184746224,-500.26970320814,731.2729184746224
731.2729184746224,-500.6377837419025,731.2729184746224
726.6251523613413,-500.75435858876017,726.6251523613413
733.7797544121224,-500.55595914464135,733.7797544121224
731.2729184746224,-500.99191624022075,731.2729184746224
731.2729184746224,-500.6377837419025,731.2729184746224
731.2729184746224,-500.6377837419025,731.2729184746224
731.2729184746224,-500.99191624022075,731.2729184746224
726.6251523613413,-501.198421935601,726.6251523613413
731.2729184746224,-500.6377837419025,731.2729184746224
726.6251523613413,-501.198421935601,726.6251523613413
726.6251523613413,-500.75435858876017,726.6251523613413
726.6251523613413,-500.75435858876017,726.6251523613413
726.6251523613413,-501.198421935601,726.6251523613413
724.5893247246225,-501.34337259262924,724.5893247246225
731.2729184746224,-500.99191624022075,731.2729184746224
726.6251523613413,-501.61150255916897,726.6251523613413
726.6251523613413,-501.198421935601,726.6251523613413
726.6251523613413,-501.198421935601,726.6251523613413
726.6251523613413,-501.61150255916897,726.6251523613413
724.5893247246225,-501.81517334346523,724.5893247246225
726.6251523613413,-501.198421935601,726.6251523613413
724.5893247246225,-501.81517334346523,724.5893247246225
724.5893247246225,-501.34337259262924,724.5893247246225
724.5893247246225,-501.34337259262924,724.5893247246225
724.5893247246225,-501.81517334346523,724.5893247246225
381.99999977345067,-501.34337259262924,381.99999977345067
726.6251523613413,-501.61150255916897,726.6251523613413
724.5893247246225,-502.23725160082785,724.5893247246225
724.5893247246225,-501.81517334346523,724.5893247246225
724.5893247246225,-501.81517334346523,724.5893247246225
724.5893247246225,-502.23725160082785,724.5893247246225
381.99999977345067,-501.81517334346523,381.99999977345067
724.5893247246225,-501.81517334346523,724.5893247246225
381.99999977345067,-501.81517334346523,381.99999977345067
381.99999977345067,-501.34337259262924,381.99999977345067
381.99999977345067,-501.34337259262924,381.99999977345067
381.99999977345067,-501.81517334346523,381.99999977345067
381.9999997734507,-501.11767384062534,381.9999997734507
724.5893247246225,-502.23725160082785,724.5893247246225
381.99999977345067,-502.23725160082785,381.99999977345067
381.99999977345067,-501.81517334346523,381.99999977345067
381.99999977345067,-501.81517334346523,381.99999977345067
381.99999977345067,-502.23725160082785,381.99999977345067
381.9999997734506,-501.3598499260741,381.9999997734506
381.99999977345067,-501.81517334346523,381.99999977345067
381.9999997734506,-501.3598499260741,381.9999997734506
381.9999997734507,-501.11767384062534,381.9999997734507
381.9999997734507,-501.11767384062534,381.9999997734507
381.9999997734506,-501.3598499260741,381.9999997734506
733.7797544121224,-501.3598499260741,733.7797544121224
381.99999977345067,-502.23725160082785,381.99999977345067
381.9999997734506,-501.5661383290907,381.9999997734506
381.9999997734506,-501.3598499260741,381.9999997734506
381.9999997734506,-501.3598499260741,381.9999997734506
381.9999997734506,-501.5661383290907,381.9999997734506
733.7797544121224,-501.5661383290907,733.7797544121224
381.9999997734506,-501.3598499260741,381.9999997734506
733.7797544121224,-501.5661383290907,733.7797544121224
733.7797544121224,-501.3598499260741,733.7797544121224
733.7797544121224,-501.3598499260741,733.7797544121224
733.7797544121224,-501.5661383290907,733.7797544121224
731.2729184746224,-501.8670818458441,731.2729184746224
381.9999997734506,-501.5661383290907,381.9999997734506
733.7797544121224,-501.73027108050997,733.7797544121224
733.7797544121224,-501.5661383290907,733.7797544121224
733.7797544121224,-501.5661383290907,733.7797544121224
733.7797544121224,-501.73027108050997,733.7797544121224
731.2729184746224,-502.0668167064821,731.2729184746224
733.7797544121224,-501.5661383290907,733.7797544121224
731.2729184746224,-502.0668167064821,731.2729184746224
731.2729184746224,-501.8670818458441,731.2729184746224
731.2729184746224,-501.8670818458441,731.2729184746224
731.2729184746224,-502.0668167064821,731.2729184746224
726.6251523613412,-502.5462903731553,726.6251523613412
733.7797544121224,-501.73027108050997,733.7797544121224
731.2729184746224,-502.20918320011464,731.2729184746224
731.2729184746224,-502.0668167064821,731.2729184746224
731.2729184746224,-502.0668167064821,731.2729184746224
731.2729184746224,-502.20918320011464,731.2729184746224
726.6251523613412,-502.7248104654941,726.6251523613412
731.2729184746224,-502.0668167064821,731.2729184746224
726.6251523613412,-502.7248104654941,726.6251523613412
726.6251523613412,-502.5462903731553,726.6251523613412
726.6251523613412,-502.5462903731553,726.6251523613412
726.6251523613412,-502.7248104654941,726.6251523613412
724.5893247246224,-503.0867398964987,724.5893247246224
731.2729184746224,-502.20918320011464,731.2729184746224
726.6251523613412,-502.8259692207903,726.6251523613412
726.6251523613412,-502.7248104654941,726.6251523613412
726.6251523613412,-502.7248104654941,726.6251523613412
726.6251523613412,-502.8259692207903,726.6251523613412
724.5893247246224,-503.20227844681153,724.5893247246224
726.6251523613412,-502.7248104654941,726.6251523613412
724.5893247246224,-503.20227844681153,724.5893247246224
724.5893247246224,-503.0867398964987,724.5893247246224
724.5893247246224,-503.0867398964987,724.5893247246224
724.5893247246224,-503.20227844681153,724.5893247246224
381.9999997734507,-503.0867398964987,381.9999997734507
726.6251523613412,-502.8259692207903,726.6251523613412
724.5893247246224,-503.2259480766295,724.5893247246224
724.5893247246224,-503.20227844681153,724.5893247246224
724.5893247246224,-503.20227844681153,724.5893247246224
724.5893247246224,-503.2259480766295,724.5893247246224
381.9999997734507,-503.20227844681153,381.9999997734507
724.5893247246224,-503.20227844681153,724.5893247246224
381.9999997734507,-503.20227844681153,381.9999997734507
381.9999997734507,-503.0867398964987,381.9999997734507
381.9999997734507,-503.0867398964987,381.9999997734507
381.9999997734507,-503.20227844681153,381.9999997734507
381.9999997734507,-501.9135537957442,381.9999997734507
724.5893247246224,-503.2259480766295,724.5893247246224
381.9999997734506,-503.2259480766295,381.9999997734506
381.9999997734507,-503.20227844681153,381.9999997734507
381.9999997734507,-503.20227844681153,381.9999997734507
381.9999997734506,-503.2259480766295,381.9999997734506
381.9999997734507,-501.9271348215671,381.9999997734507
381.9999997734507,-503.20227844681153,381.9999997734507
381.9999997734507,-501.9271348215671,381.9999997734507
381.9999997734507,-501.9135537957442,381.9999997734507
381.9999997734507,-501.9135537957442,381.9999997734507
381.9999997734507,-501.9271348215671,381.9999997734507
733.7797544121224,-501.9271348215671,733.7797544121224
381.9999997734506,-503.2259480766295,381.9999997734506
381.9999997734507,-501.88759145943425,381.9999997734507
381.9999997734507,-501.9271348215671,381.9999997734507
381.9999997734507,-501.9271348215671,381.9999997734507
381.9999997734507,-501.88759145943425,381.9999997734507
733.7797544121224,-501.88759145943425,733.7797544121224
381.9999997734507,-501.9271348215671,381.9999997734507
733.7797544121224,-501.88759145943425,733.7797544121224
733.7797544121224,-501.9271348215671,733.7797544121224
733.7797544121224,-501.9271348215671,733.7797544121224
733.7797544121224,-501.88759145943425,733.7797544121224
731.2729184746224,-502.2582615789602,731.2729184746224
381.9999997734507,-501.88759145943425,381.9999997734507
733.7797544121224,-501.79612526509163,733.7797544121224
733.7797544121224,-501.88759145943425,733.7797544121224
733.7797544121224,-501.88759145943425,733.7797544121224
733.7797544121224,-501.79612526509163,733.7797544121224
731.2729184746224,-502.1469554645975,731.2729184746224
733.7797544121224,-501.88759145943425,733.7797544121224
731.2729184746224,-502.1469554645975,731.2729184746224
731.2729184746224,-502.2582615789602,731.2729184746224
731.2729184746224,-502.2582615789602,731.2729184746224
731.2729184746224,-502.1469554645975,731.2729184746224
726.6251523613412,-502.6467799698672,726.6251523613412
733.7797544121224,-501.79612526509163,733.7797544121224
731.2729184746224,-501.97584573072197,731.2729184746224
731.2729184746224,-502.1469554645975,731.2729184746224
731.2729184746224,-502.1469554645975,731.2729184746224
731.2729184746224,-501.97584573072197,731.2729184746224
726.6251523613412,-502.4322175587883,726.6251523613412
731.2729184746224,-502.1469554645975,731.2729184746224
726.6251523613412,-502.4322175587883,726.6251523613412
726.6251523613412,-502.6467799698672,726.6251523613412
726.6251523613412,-502.6467799698672,726.6251523613412
726.6251523613412,-502.4322175587883,726.6251523613412
724.5893247246224,-502.75255427173175,724.5893247246224
381.9999997734507,-500.9881931097414,381.9999997734507
381.9999997734507,-501.24531748794436,381.9999997734507
381.9999997734506,-502.0376380428541,381.9999997734506
381.9999997734507,-500.9881931097414,381.9999997734507
381.9999997734506,-502.0376380428541,381.9999997734506
381.9999997734506,-501.58950698649227,381.9999997734506
381.9999997734506,-501.58950698649227,381.9999997734506
381.9999997734506,-502.0376380428541,381.9999997734506
724.5893247246224,-501.58950698649227,724.5893247246224
381.9999997734507,-501.24531748794436,381.9999997734507
381.9999997734507,-501.4700342745238,381.9999997734507
381.9999997734506,-502.4292871427198,381.9999997734506
381.9999997734507,-501.24531748794436,381.9999997734507
381.9999997734506,-502.4292871427198,381.9999997734506
381.9999997734506,-502.0376380428541,381.9999997734506
381.9999997734507,-501.4700342745238,381.9999997734507
381.9999997734506,-502.75255427173175,381.9999997734506
381.9999997734506,-502.4292871427198,381.9999997734506
381.9999997734506,-502.0376380428541,381.9999997734506
381.9999997734506,-502.4292871427198,381.9999997734506
724.5893247246224,-502.0376380428541,724.5893247246224
381.9999997734506,-502.0376380428541,381.9999997734506
724.5893247246224,-502.0376380428541,724.5893247246224
724.5893247246224,-501.58950698649227,724.5893247246224
724.5893247246224,-501.58950698649227,724.5893247246224
724.5893247246224,-502.0376380428541,724.5893247246224
726.6251523613412,-501.8062794738611,726.6251523613412
381.9999997734506,-502.4292871427198,381.9999997734506
381.9999997734506,-502.75255427173175,381.9999997734506
724.5893247246224,-502.4292871427198,724.5893247246224
381.9999997734506,-502.4292871427198,381.9999997734506
724.5893247246224,-502.4292871427198,724.5893247246224
724.5893247246224,-502.0376380428541,724.5893247246224
381.9999997734506,-502.75255427173175,381.9999997734506
724.5893247246224,-502.75255427173175,724.5893247246224
724.5893247246224,-502.4292871427198,724.5893247246224
724.5893247246224,-502.75255427173175,724.5893247246224
726.6251523613412,-502.4322175587883,726.6251523613412
724.5893247246224,-502.4292871427198,724.5893247246224
724.5893247246224,-502.4292871427198,724.5893247246224
726.6251523613412,-502.4322175587883,726.6251523613412
726.6251523613412,-502.1491839456615,726.6251523613412
724.5893247246224,-502.4292871427198,724.5893247246224
726.6251523613412,-502.1491839456615,726.6251523613412
724.5893247246224,-502.0376380428541,724.5893247246224
724.5893247246224,-502.0376380428541,724.5893247246224
726.6251523613412,-502.1491839456615,726.6251523613412
726.6251523613412,-501.8062794738611,726.6251523613412
726.6251523613412,-502.4322175587883,726.6251523613412
731.2729184746224,-501.97584573072197,731.2729184746224
726.6251523613412,-502.1491839456615,726.6251523613412
726.6251523613412,-501.8062794738611,726.6251523613412
726.6251523613412,-502.1491839456615,726.6251523613412
731.2729184746224,-501.7501316420999,731.2729184746224
726.6251523613412,-502.1491839456615,726.6251523613412
731.2729184746224,-501.97584573072197,731.2729184746224
731.2729184746224,-501.7501316420999,731.2729184746224
