252.54943847656256,1132.6328887939453, 451.99999999999994
252.38598632812506,1131.9286804199219, 451.99999999999994
250.53823852539068,1132.6940460205078, 451.99999999999994
252.54943847656256,1132.6328887939453, 451.99999999999994
250.53823852539068,1132.6940460205078, 451.99999999999994
253.27624511718756,1135.7643585205078, 451.99999999999994
252.54943847656256,1132.6328887939453, 451.99999999999994
253.27624511718756,1135.7643585205078, 451.99999999999994
250.69104003906256,1133.2742462158203, 453.99999999999994
252.54943847656256,1132.6328887939453, 451.99999999999994
250.69104003906256,1133.2742462158203, 453.99999999999994
252.38598632812506,1131.9286804199219, 451.99999999999994
250.69104003906256,1133.2742462158203, 453.99999999999994
253.27624511718756,1135.7643585205078, 451.99999999999994
251.20336914062506,1136.0081939697266, 453.99999999999994
250.69104003906256,1133.2742462158203, 453.99999999999994
251.20336914062506,1136.0081939697266, 453.99999999999994
250.53823852539068,1132.6940460205078, 451.99999999999994
250.69104003906256,1133.2742462158203, 453.99999999999994
250.53823852539068,1132.6940460205078, 451.99999999999994
250.62097167968756,1132.9002838134766, 453.99999999999994
250.69104003906256,1133.2742462158203, 453.99999999999994
250.62097167968756,1132.9002838134766, 453.99999999999994
252.38598632812506,1131.9286804199219, 451.99999999999994
250.62097167968756,1132.9002838134766, 453.99999999999994
250.53823852539068,1132.6940460205078, 451.99999999999994
250.50537109375006,1132.7144927978516, 453.99999999999994
250.62097167968756,1132.9002838134766, 453.99999999999994
250.50537109375006,1132.7144927978516, 453.99999999999994
252.38598632812506,1131.9286804199219, 451.99999999999994
250.50537109375006,1132.7144927978516, 453.99999999999994
250.53823852539068,1132.6940460205078, 451.99999999999994
249.35806274414068,1130.8706817626953, 453.99999999999994
250.50537109375006,1132.7144927978516, 453.99999999999994
249.35806274414068,1130.8706817626953, 453.99999999999994
250.98803710937506,1129.7312622070312, 451.99999999999994
250.50537109375006,1132.7144927978516, 453.99999999999994
250.98803710937506,1129.7312622070312, 451.99999999999994
252.38598632812506,1131.9286804199219, 451.99999999999994
252.38598632812506,1131.9286804199219, 451.99999999999994
250.98803710937506,1129.7312622070312, 451.99999999999994
248.37051391601568,1129.4497985839844, 451.99999999999994
252.38598632812506,1131.9286804199219, 451.99999999999994
248.37051391601568,1129.4497985839844, 451.99999999999994
250.53823852539068,1132.6940460205078, 451.99999999999994
250.98803710937506,1129.7312622070312, 451.99999999999994
249.35806274414068,1130.8706817626953, 453.99999999999994
250.15597534179693,1128.423355102539, 451.99999999999994
250.98803710937506,1129.7312622070312, 451.99999999999994
250.15597534179693,1128.423355102539, 451.99999999999994
248.37051391601568,1129.4497985839844, 451.99999999999994
249.35806274414068,1130.8706817626953, 453.99999999999994
250.53823852539068,1132.6940460205078, 451.99999999999994
248.37051391601568,1129.4497985839844, 451.99999999999994
249.35806274414068,1130.8706817626953, 453.99999999999994
248.37051391601568,1129.4497985839844, 451.99999999999994
248.66580200195318,1129.7581176757812, 453.99999999999994
249.35806274414068,1130.8706817626953, 453.99999999999994
248.66580200195318,1129.7581176757812, 453.99999999999994
250.15597534179693,1128.423355102539, 451.99999999999994
248.66580200195318,1129.7581176757812, 453.99999999999994
248.37051391601568,1129.4497985839844, 451.99999999999994
248.35189819335943,1129.4700775146484, 453.99999999999994
248.66580200195318,1129.7581176757812, 453.99999999999994
248.35189819335943,1129.4700775146484, 453.99999999999994
250.15597534179693,1128.423355102539, 451.99999999999994
250.15597534179693,1128.423355102539, 451.99999999999994
248.35189819335943,1129.4700775146484, 453.99999999999994
248.7723999023438,1127.3577117919922, 451.99999999999994
250.15597534179693,1128.423355102539, 451.99999999999994
248.7723999023438,1127.3577117919922, 451.99999999999994
248.37051391601568,1129.4497985839844, 451.99999999999994
248.35189819335943,1129.4700775146484, 453.99999999999994
248.37051391601568,1129.4497985839844, 451.99999999999994
247.60327148437506,1128.7830810546875, 453.99999999999994
248.35189819335943,1129.4700775146484, 453.99999999999994
247.60327148437506,1128.7830810546875, 453.99999999999994
248.7723999023438,1127.3577117919922, 451.99999999999994
247.60327148437506,1128.7830810546875, 453.99999999999994
248.37051391601568,1129.4497985839844, 451.99999999999994
247.40908813476568,1128.6048889160156, 453.99999999999994
247.60327148437506,1128.7830810546875, 453.99999999999994
247.40908813476568,1128.6048889160156, 453.99999999999994
248.7723999023438,1127.3577117919922, 451.99999999999994
248.7723999023438,1127.3577117919922, 451.99999999999994
247.40908813476568,1128.6048889160156, 453.99999999999994
246.86398315429693,1125.8878173828125, 451.99999999999994
248.7723999023438,1127.3577117919922, 451.99999999999994
246.86398315429693,1125.8878173828125, 451.99999999999994
248.37051391601568,1129.4497985839844, 451.99999999999994
247.40908813476568,1128.6048889160156, 453.99999999999994
248.37051391601568,1129.4497985839844, 451.99999999999994
245.16763305664068,1127.4507904052734, 453.99999999999994
247.40908813476568,1128.6048889160156, 453.99999999999994
245.16763305664068,1127.4507904052734, 453.99999999999994
246.86398315429693,1125.8878173828125, 451.99999999999994
248.37051391601568,1129.4497985839844, 451.99999999999994
246.86398315429693,1125.8878173828125, 451.99999999999994
245.1262817382813,1127.2820739746094, 451.99999999999994
248.37051391601568,1129.4497985839844, 451.99999999999994
245.1262817382813,1127.2820739746094, 451.99999999999994
245.16763305664068,1127.4507904052734, 453.99999999999994
246.86398315429693,1125.8878173828125, 451.99999999999994
245.16763305664068,1127.4507904052734, 453.99999999999994
245.98019409179693,1125.6066589355469, 451.99999999999994
246.86398315429693,1125.8878173828125, 451.99999999999994
245.98019409179693,1125.6066589355469, 451.99999999999994
245.1262817382813,1127.2820739746094, 451.99999999999994
245.16763305664068,1127.4507904052734, 453.99999999999994
245.1262817382813,1127.2820739746094, 451.99999999999994
245.06628417968756,1127.3986053466797, 453.99999999999994
245.16763305664068,1127.4507904052734, 453.99999999999994
245.06628417968756,1127.3986053466797, 453.99999999999994
245.98019409179693,1125.6066589355469, 451.99999999999994
245.06628417968756,1127.3986053466797, 453.99999999999994
245.1262817382813,1127.2820739746094, 451.99999999999994
244.19332885742193,1126.9491271972656, 453.99999999999994
245.06628417968756,1127.3986053466797, 453.99999999999994
244.19332885742193,1126.9491271972656, 453.99999999999994
245.98019409179693,1125.6066589355469, 451.99999999999994
245.98019409179693,1125.6066589355469, 451.99999999999994
244.19332885742193,1126.9491271972656, 453.99999999999994
242.8975219726563,1124.6259460449219, 451.99999999999994
245.98019409179693,1125.6066589355469, 451.99999999999994
242.8975219726563,1124.6259460449219, 451.99999999999994
245.1262817382813,1127.2820739746094, 451.99999999999994
244.19332885742193,1126.9491271972656, 453.99999999999994
245.1262817382813,1127.2820739746094, 451.99999999999994
242.5402221679688,1126.7683410644531, 453.99999999999994
244.19332885742193,1126.9491271972656, 453.99999999999994
242.5402221679688,1126.7683410644531, 453.99999999999994
242.8975219726563,1124.6259460449219, 451.99999999999994
245.1262817382813,1127.2820739746094, 451.99999999999994
242.8975219726563,1124.6259460449219, 451.99999999999994
241.29943847656256,1126.5208740234375, 451.99999999999994
245.1262817382813,1127.2820739746094, 451.99999999999994
241.29943847656256,1126.5208740234375, 451.99999999999994
242.5402221679688,1126.7683410644531, 453.99999999999994
242.8975219726563,1124.6259460449219, 451.99999999999994
242.5402221679688,1126.7683410644531, 453.99999999999994
242.81069946289068,1124.628662109375, 451.99999999999994
242.8975219726563,1124.6259460449219, 451.99999999999994
242.81069946289068,1124.628662109375, 451.99999999999994
241.29943847656256,1126.5208740234375, 451.99999999999994
242.5402221679688,1126.7683410644531, 453.99999999999994
241.29943847656256,1126.5208740234375, 451.99999999999994
241.28735351562506,1126.6313171386719, 453.99999999999994
242.5402221679688,1126.7683410644531, 453.99999999999994
241.28735351562506,1126.6313171386719, 453.99999999999994
242.81069946289068,1124.628662109375, 451.99999999999994
242.81069946289068,1124.628662109375, 451.99999999999994
241.28735351562506,1126.6313171386719, 453.99999999999994
239.79187011718756,1124.7230834960938, 451.99999999999994
242.81069946289068,1124.628662109375, 451.99999999999994
239.79187011718756,1124.7230834960938, 451.99999999999994
241.29943847656256,1126.5208740234375, 451.99999999999994
241.28735351562506,1126.6313171386719, 453.99999999999994
241.29943847656256,1126.5208740234375, 451.99999999999994
240.54220581054693,1126.549819946289, 453.99999999999994
241.28735351562506,1126.6313171386719, 453.99999999999994
240.54220581054693,1126.549819946289, 453.99999999999994
239.79187011718756,1124.7230834960938, 451.99999999999994
240.54220581054693,1126.549819946289, 453.99999999999994
241.29943847656256,1126.5208740234375, 451.99999999999994
240.06118774414068,1126.6786804199219, 453.99999999999994
240.54220581054693,1126.549819946289, 453.99999999999994
240.06118774414068,1126.6786804199219, 453.99999999999994
239.79187011718756,1124.7230834960938, 451.99999999999994
239.79187011718756,1124.7230834960938, 451.99999999999994
240.06118774414068,1126.6786804199219, 453.99999999999994
238.95828247070318,1124.7491607666016, 451.99999999999994
239.79187011718756,1124.7230834960938, 451.99999999999994
238.95828247070318,1124.7491607666016, 451.99999999999994
241.29943847656256,1126.5208740234375, 451.99999999999994
240.06118774414068,1126.6786804199219, 453.99999999999994
241.29943847656256,1126.5208740234375, 451.99999999999994
237.49511718750006,1127.3661041259766, 453.99999999999994
240.06118774414068,1126.6786804199219, 453.99999999999994
237.49511718750006,1127.3661041259766, 453.99999999999994
238.95828247070318,1124.7491607666016, 451.99999999999994
241.29943847656256,1126.5208740234375, 451.99999999999994
238.95828247070318,1124.7491607666016, 451.99999999999994
237.4725952148438,1127.2820739746094, 451.99999999999994
241.29943847656256,1126.5208740234375, 451.99999999999994
237.4725952148438,1127.2820739746094, 451.99999999999994
237.49511718750006,1127.3661041259766, 453.99999999999994
238.95828247070318,1124.7491607666016, 451.99999999999994
237.49511718750006,1127.3661041259766, 453.99999999999994
236.6201782226563,1125.6584014892578, 451.99999999999994
238.95828247070318,1124.7491607666016, 451.99999999999994
236.6201782226563,1125.6584014892578, 451.99999999999994
237.4725952148438,1127.2820739746094, 451.99999999999994
237.49511718750006,1127.3661041259766, 453.99999999999994
237.4725952148438,1127.2820739746094, 451.99999999999994
237.36563110351568,1127.4008026123047, 453.99999999999994
237.49511718750006,1127.3661041259766, 453.99999999999994
237.36563110351568,1127.4008026123047, 453.99999999999994
236.6201782226563,1125.6584014892578, 451.99999999999994
237.36563110351568,1127.4008026123047, 453.99999999999994
237.4725952148438,1127.2820739746094, 451.99999999999994
236.97021484375006,1127.5067291259766, 453.99999999999994
237.36563110351568,1127.4008026123047, 453.99999999999994
236.97021484375006,1127.5067291259766, 453.99999999999994
236.6201782226563,1125.6584014892578, 451.99999999999994
236.6201782226563,1125.6584014892578, 451.99999999999994
236.97021484375006,1127.5067291259766, 453.99999999999994
235.073715209961,1126.2597961425781, 451.99999999999994
236.6201782226563,1125.6584014892578, 451.99999999999994
235.073715209961,1126.2597961425781, 451.99999999999994
237.4725952148438,1127.2820739746094, 451.99999999999994
236.97021484375006,1127.5067291259766, 453.99999999999994
237.4725952148438,1127.2820739746094, 451.99999999999994
235.04154968261724,1128.87353515625, 453.99999999999994
236.97021484375006,1127.5067291259766, 453.99999999999994
235.04154968261724,1128.87353515625, 453.99999999999994
235.073715209961,1126.2597961425781, 451.99999999999994
237.4725952148438,1127.2820739746094, 451.99999999999994
235.073715209961,1126.2597961425781, 451.99999999999994
234.22836303710943,1129.4497985839844, 451.99999999999994
237.4725952148438,1127.2820739746094, 451.99999999999994
234.22836303710943,1129.4497985839844, 451.99999999999994
235.04154968261724,1128.87353515625, 453.99999999999994
235.073715209961,1126.2597961425781, 451.99999999999994
235.04154968261724,1128.87353515625, 453.99999999999994
233.82096862792974,1127.3572845458984, 451.99999999999994
235.073715209961,1126.2597961425781, 451.99999999999994
233.82096862792974,1127.3572845458984, 451.99999999999994
234.22836303710943,1129.4497985839844, 451.99999999999994
235.04154968261724,1128.87353515625, 453.99999999999994
234.22836303710943,1129.4497985839844, 451.99999999999994
234.22836303710943,1129.4497985839844, 453.99999999999994
235.04154968261724,1128.87353515625, 453.99999999999994
234.22836303710943,1129.4497985839844, 453.99999999999994
233.82096862792974,1127.3572845458984, 451.99999999999994
233.82096862792974,1127.3572845458984, 451.99999999999994
234.22836303710943,1129.4497985839844, 453.99999999999994
231.94914245605474,1128.9971313476562, 451.99999999999994
233.82096862792974,1127.3572845458984, 451.99999999999994
231.94914245605474,1128.9971313476562, 451.99999999999994
234.22836303710943,1129.4497985839844, 451.99999999999994
234.22836303710943,1129.4497985839844, 453.99999999999994
234.22836303710943,1129.4497985839844, 451.99999999999994
233.23738098144537,1130.898696899414, 453.99999999999994
234.22836303710943,1129.4497985839844, 453.99999999999994
233.23738098144537,1130.898696899414, 453.99999999999994
231.94914245605474,1128.9971313476562, 451.99999999999994
231.94914245605474,1128.9971313476562, 451.99999999999994
233.23738098144537,1130.898696899414, 453.99999999999994
231.55480957031256,1129.7131042480469, 451.99999999999994
231.94914245605474,1128.9971313476562, 451.99999999999994
231.55480957031256,1129.7131042480469, 451.99999999999994
234.22836303710943,1129.4497985839844, 451.99999999999994
250.53823852539068,1132.6940460205078, 451.99999999999994
251.20336914062506,1136.0081939697266, 453.99999999999994
251.29943847656256,1136.5208740234375, 451.99999999999994
250.53823852539068,1132.6940460205078, 451.99999999999994
251.29943847656256,1136.5208740234375, 451.99999999999994
253.27624511718756,1135.7643585205078, 451.99999999999994
253.27624511718756,1135.7643585205078, 451.99999999999994
251.29943847656256,1136.5208740234375, 451.99999999999994
253.26281738281256,1135.885025024414, 451.99999999999994
253.27624511718756,1135.7643585205078, 451.99999999999994
253.26281738281256,1135.885025024414, 451.99999999999994
251.20336914062506,1136.0081939697266, 453.99999999999994
251.20336914062506,1136.0081939697266, 453.99999999999994
253.26281738281256,1135.885025024414, 451.99999999999994
251.29943847656256,1136.5208740234375, 453.99999999999994
251.20336914062506,1136.0081939697266, 453.99999999999994
251.29943847656256,1136.5208740234375, 453.99999999999994
251.29943847656256,1136.5208740234375, 451.99999999999994
251.29943847656256,1136.5208740234375, 453.99999999999994
253.26281738281256,1135.885025024414, 451.99999999999994
251.0454711914063,1138.0782012939453, 453.99999999999994
251.29943847656256,1136.5208740234375, 453.99999999999994
251.0454711914063,1138.0782012939453, 453.99999999999994
251.29943847656256,1136.5208740234375, 451.99999999999994
253.26281738281256,1135.885025024414, 451.99999999999994
251.29943847656256,1136.5208740234375, 451.99999999999994
252.98364257812506,1138.3964233398438, 451.99999999999994
253.26281738281256,1135.885025024414, 451.99999999999994
252.98364257812506,1138.3964233398438, 451.99999999999994
251.0454711914063,1138.0782012939453, 453.99999999999994
252.98364257812506,1138.3964233398438, 451.99999999999994
251.29943847656256,1136.5208740234375, 451.99999999999994
252.81723022460943,1139.8936462402344, 451.99999999999994
252.98364257812506,1138.3964233398438, 451.99999999999994
252.81723022460943,1139.8936462402344, 451.99999999999994
250.78158569335943,1139.696533203125, 453.99999999999994
252.98364257812506,1138.3964233398438, 451.99999999999994
250.78158569335943,1139.696533203125, 453.99999999999994
251.0454711914063,1138.0782012939453, 453.99999999999994
251.0454711914063,1138.0782012939453, 453.99999999999994
250.78158569335943,1139.696533203125, 453.99999999999994
250.53823852539068,1140.3477020263672, 451.99999999999994
251.0454711914063,1138.0782012939453, 453.99999999999994
250.53823852539068,1140.3477020263672, 451.99999999999994
251.29943847656256,1136.5208740234375, 451.99999999999994
251.29943847656256,1136.5208740234375, 451.99999999999994
250.53823852539068,1140.3477020263672, 451.99999999999994
252.81723022460943,1139.8936462402344, 451.99999999999994
250.78158569335943,1139.696533203125, 453.99999999999994
252.81723022460943,1139.8936462402344, 451.99999999999994
250.44662475585943,1140.2965698242188, 453.99999999999994
250.78158569335943,1139.696533203125, 453.99999999999994
250.44662475585943,1140.2965698242188, 453.99999999999994
250.53823852539068,1140.3477020263672, 451.99999999999994
252.81723022460943,1139.8936462402344, 451.99999999999994
250.53823852539068,1140.3477020263672, 451.99999999999994
252.0215454101563,1141.5050201416016, 451.99999999999994
252.81723022460943,1139.8936462402344, 451.99999999999994
252.0215454101563,1141.5050201416016, 451.99999999999994
250.44662475585943,1140.2965698242188, 453.99999999999994
250.44662475585943,1140.2965698242188, 453.99999999999994
252.0215454101563,1141.5050201416016, 451.99999999999994
250.2390747070313,1140.6683807373047, 453.99999999999994
250.44662475585943,1140.2965698242188, 453.99999999999994
250.2390747070313,1140.6683807373047, 453.99999999999994
250.53823852539068,1140.3477020263672, 451.99999999999994
252.0215454101563,1141.5050201416016, 451.99999999999994
250.53823852539068,1140.3477020263672, 451.99999999999994
250.97802734375006,1143.6183319091797, 451.99999999999994
252.0215454101563,1141.5050201416016, 451.99999999999994
250.97802734375006,1143.6183319091797, 451.99999999999994
250.2390747070313,1140.6683807373047, 453.99999999999994
250.53823852539068,1140.3477020263672, 451.99999999999994
250.2390747070313,1140.6683807373047, 453.99999999999994
248.37051391601568,1143.5919494628906, 451.99999999999994
250.53823852539068,1140.3477020263672, 451.99999999999994
248.37051391601568,1143.5919494628906, 451.99999999999994
250.97802734375006,1143.6183319091797, 451.99999999999994
250.2390747070313,1140.6683807373047, 453.99999999999994
250.97802734375006,1143.6183319091797, 451.99999999999994
248.9794311523438,1142.9249114990234, 453.99999999999994
250.2390747070313,1140.6683807373047, 453.99999999999994
248.9794311523438,1142.9249114990234, 453.99999999999994
248.37051391601568,1143.5919494628906, 451.99999999999994
250.97802734375006,1143.6183319091797, 451.99999999999994
248.37051391601568,1143.5919494628906, 451.99999999999994
250.2741088867188,1144.292221069336, 451.99999999999994
250.97802734375006,1143.6183319091797, 451.99999999999994
250.2741088867188,1144.292221069336, 451.99999999999994
248.9794311523438,1142.9249114990234, 453.99999999999994
248.9794311523438,1142.9249114990234, 453.99999999999994
250.2741088867188,1144.292221069336, 451.99999999999994
248.83059692382818,1143.0480499267578, 453.99999999999994
248.9794311523438,1142.9249114990234, 453.99999999999994
248.83059692382818,1143.0480499267578, 453.99999999999994
248.37051391601568,1143.5919494628906, 451.99999999999994
248.83059692382818,1143.0480499267578, 453.99999999999994
250.2741088867188,1144.292221069336, 451.99999999999994
248.29037475585943,1143.495101928711, 453.99999999999994
248.83059692382818,1143.0480499267578, 453.99999999999994
248.29037475585943,1143.495101928711, 453.99999999999994
248.37051391601568,1143.5919494628906, 451.99999999999994
250.2741088867188,1144.292221069336, 451.99999999999994
248.37051391601568,1143.5919494628906, 451.99999999999994
247.88308715820318,1146.5385437011719, 451.99999999999994
250.2741088867188,1144.292221069336, 451.99999999999994
247.88308715820318,1146.5385437011719, 451.99999999999994
247.9672241210938,1146.5005950927734, 451.99999999999994
250.2741088867188,1144.292221069336, 451.99999999999994
247.9672241210938,1146.5005950927734, 451.99999999999994
248.29037475585943,1143.495101928711, 453.99999999999994
247.9672241210938,1146.5005950927734, 451.99999999999994
247.88308715820318,1146.5385437011719, 451.99999999999994
246.7205200195313,1144.794189453125, 453.99999999999994
247.9672241210938,1146.5005950927734, 451.99999999999994
246.7205200195313,1144.794189453125, 453.99999999999994
248.29037475585943,1143.495101928711, 453.99999999999994
248.29037475585943,1143.495101928711, 453.99999999999994
246.7205200195313,1144.794189453125, 453.99999999999994
245.1262817382813,1145.7596740722656, 451.99999999999994
248.29037475585943,1143.495101928711, 453.99999999999994
245.1262817382813,1145.7596740722656, 451.99999999999994
248.37051391601568,1143.5919494628906, 451.99999999999994
246.7205200195313,1144.794189453125, 453.99999999999994
247.88308715820318,1146.5385437011719, 451.99999999999994
246.15390014648443,1145.2630615234375, 453.99999999999994
246.7205200195313,1144.794189453125, 453.99999999999994
246.15390014648443,1145.2630615234375, 453.99999999999994
245.1262817382813,1145.7596740722656, 451.99999999999994
246.15390014648443,1145.2630615234375, 453.99999999999994
247.88308715820318,1146.5385437011719, 451.99999999999994
245.08071899414068,1145.624282836914, 453.99999999999994
246.15390014648443,1145.2630615234375, 453.99999999999994
245.08071899414068,1145.624282836914, 453.99999999999994
245.1262817382813,1145.7596740722656, 451.99999999999994
247.88308715820318,1146.5385437011719, 451.99999999999994
248.37051391601568,1143.5919494628906, 451.99999999999994
244.84310913085943,1147.9092102050781, 451.99999999999994
247.88308715820318,1146.5385437011719, 451.99999999999994
244.84310913085943,1147.9092102050781, 451.99999999999994
245.08071899414068,1145.624282836914, 453.99999999999994
248.37051391601568,1143.5919494628906, 451.99999999999994
245.1262817382813,1145.7596740722656, 451.99999999999994
244.84310913085943,1147.9092102050781, 451.99999999999994
245.08071899414068,1145.624282836914, 453.99999999999994
244.84310913085943,1147.9092102050781, 451.99999999999994
244.2255249023438,1145.912124633789, 453.99999999999994
245.08071899414068,1145.624282836914, 453.99999999999994
244.2255249023438,1145.912124633789, 453.99999999999994
245.1262817382813,1145.7596740722656, 451.99999999999994
244.2255249023438,1145.912124633789, 453.99999999999994
244.84310913085943,1147.9092102050781, 451.99999999999994
242.71969604492193,1146.4189758300781, 453.99999999999994
244.2255249023438,1145.912124633789, 453.99999999999994
242.71969604492193,1146.4189758300781, 453.99999999999994
241.29943847656256,1146.5208740234375, 451.99999999999994
244.2255249023438,1145.912124633789, 453.99999999999994
241.29943847656256,1146.5208740234375, 451.99999999999994
245.1262817382813,1145.7596740722656, 451.99999999999994
244.84310913085943,1147.9092102050781, 451.99999999999994
245.1262817382813,1145.7596740722656, 451.99999999999994
244.36611938476568,1148.124267578125, 451.99999999999994
244.84310913085943,1147.9092102050781, 451.99999999999994
244.36611938476568,1148.124267578125, 451.99999999999994
242.71969604492193,1146.4189758300781, 453.99999999999994
245.1262817382813,1145.7596740722656, 451.99999999999994
241.29943847656256,1146.5208740234375, 451.99999999999994
244.36611938476568,1148.124267578125, 451.99999999999994
242.71969604492193,1146.4189758300781, 453.99999999999994
244.36611938476568,1148.124267578125, 451.99999999999994
241.53286743164068,1146.4756469726562, 453.99999999999994
242.71969604492193,1146.4189758300781, 453.99999999999994
241.53286743164068,1146.4756469726562, 453.99999999999994
241.29943847656256,1146.5208740234375, 451.99999999999994
244.36611938476568,1148.124267578125, 451.99999999999994
241.29943847656256,1146.5208740234375, 451.99999999999994
241.56869506835943,1148.3595886230469, 451.99999999999994
244.36611938476568,1148.124267578125, 451.99999999999994
241.56869506835943,1148.3595886230469, 451.99999999999994
241.53286743164068,1146.4756469726562, 453.99999999999994
241.53286743164068,1146.4756469726562, 453.99999999999994
241.56869506835943,1148.3595886230469, 451.99999999999994
241.29782104492193,1146.4868774414062, 453.99999999999994
241.53286743164068,1146.4756469726562, 453.99999999999994
241.29782104492193,1146.4868774414062, 453.99999999999994
241.29943847656256,1146.5208740234375, 451.99999999999994
241.56869506835943,1148.3595886230469, 451.99999999999994
241.29943847656256,1146.5208740234375, 451.99999999999994
240.44937133789068,1148.4537353515625, 451.99999999999994
241.56869506835943,1148.3595886230469, 451.99999999999994
240.44937133789068,1148.4537353515625, 451.99999999999994
241.29782104492193,1146.4868774414062, 453.99999999999994
241.29782104492193,1146.4868774414062, 453.99999999999994
240.44937133789068,1148.4537353515625, 451.99999999999994
240.82458496093756,1146.5094757080078, 453.99999999999994
241.29782104492193,1146.4868774414062, 453.99999999999994
240.82458496093756,1146.5094757080078, 453.99999999999994
241.29943847656256,1146.5208740234375, 451.99999999999994
240.82458496093756,1146.5094757080078, 453.99999999999994
240.44937133789068,1148.4537353515625, 451.99999999999994
240.60290527343756,1146.4567565917969, 453.99999999999994
240.82458496093756,1146.5094757080078, 453.99999999999994
240.60290527343756,1146.4567565917969, 453.99999999999994
241.29943847656256,1146.5208740234375, 451.99999999999994
240.44937133789068,1148.4537353515625, 451.99999999999994
241.29943847656256,1146.5208740234375, 451.99999999999994
240.2183227539063,1148.4731750488281, 451.99999999999994
240.44937133789068,1148.4537353515625, 451.99999999999994
240.2183227539063,1148.4731750488281, 451.99999999999994
240.60290527343756,1146.4567565917969, 453.99999999999994
240.60290527343756,1146.4567565917969, 453.99999999999994
240.2183227539063,1148.4731750488281, 451.99999999999994
237.94564819335943,1145.824722290039, 453.99999999999994
240.60290527343756,1146.4567565917969, 453.99999999999994
237.94564819335943,1145.824722290039, 453.99999999999994
241.29943847656256,1146.5208740234375, 451.99999999999994
241.29943847656256,1146.5208740234375, 451.99999999999994
237.94564819335943,1145.824722290039, 453.99999999999994
237.4725952148438,1145.7596740722656, 451.99999999999994
241.29943847656256,1146.5208740234375, 451.99999999999994
237.4725952148438,1145.7596740722656, 451.99999999999994
240.2183227539063,1148.4731750488281, 451.99999999999994
240.2183227539063,1148.4731750488281, 451.99999999999994
237.4725952148438,1145.7596740722656, 451.99999999999994
237.28115844726568,1147.677993774414, 451.99999999999994
240.2183227539063,1148.4731750488281, 451.99999999999994
237.28115844726568,1147.677993774414, 451.99999999999994
237.94564819335943,1145.824722290039, 453.99999999999994
237.94564819335943,1145.824722290039, 453.99999999999994
237.28115844726568,1147.677993774414, 451.99999999999994
237.48327636718756,1145.7147521972656, 453.99999999999994
237.94564819335943,1145.824722290039, 453.99999999999994
237.48327636718756,1145.7147521972656, 453.99999999999994
237.4725952148438,1145.7596740722656, 451.99999999999994
237.28115844726568,1147.677993774414, 451.99999999999994
237.4725952148438,1145.7596740722656, 451.99999999999994
236.20739746093756,1147.3872985839844, 451.99999999999994
237.28115844726568,1147.677993774414, 451.99999999999994
236.20739746093756,1147.3872985839844, 451.99999999999994
237.48327636718756,1145.7147521972656, 453.99999999999994
237.48327636718756,1145.7147521972656, 453.99999999999994
236.20739746093756,1147.3872985839844, 451.99999999999994
237.2258911132813,1145.6535186767578, 453.99999999999994
237.48327636718756,1145.7147521972656, 453.99999999999994
237.2258911132813,1145.6535186767578, 453.99999999999994
237.4725952148438,1145.7596740722656, 451.99999999999994
237.2258911132813,1145.6535186767578, 453.99999999999994
236.20739746093756,1147.3872985839844, 451.99999999999994
235.54272460937506,1144.4959106445312, 453.99999999999994
237.2258911132813,1145.6535186767578, 453.99999999999994
235.54272460937506,1144.4959106445312, 453.99999999999994
234.22836303710943,1143.5919494628906, 451.99999999999994
237.2258911132813,1145.6535186767578, 453.99999999999994
234.22836303710943,1143.5919494628906, 451.99999999999994
237.4725952148438,1145.7596740722656, 451.99999999999994
236.20739746093756,1147.3872985839844, 451.99999999999994
237.4725952148438,1145.7596740722656, 451.99999999999994
234.38253784179693,1146.1067504882812, 451.99999999999994
236.20739746093756,1147.3872985839844, 451.99999999999994
234.38253784179693,1146.1067504882812, 451.99999999999994
235.54272460937506,1144.4959106445312, 453.99999999999994
237.4725952148438,1145.7596740722656, 451.99999999999994
234.22836303710943,1143.5919494628906, 451.99999999999994
234.38253784179693,1146.1067504882812, 451.99999999999994
235.54272460937506,1144.4959106445312, 453.99999999999994
234.38253784179693,1146.1067504882812, 451.99999999999994
234.22836303710943,1143.5919494628906, 453.99999999999994
235.54272460937506,1144.4959106445312, 453.99999999999994
234.22836303710943,1143.5919494628906, 453.99999999999994
234.22836303710943,1143.5919494628906, 451.99999999999994
234.38253784179693,1146.1067504882812, 451.99999999999994
234.22836303710943,1143.5919494628906, 451.99999999999994
232.81416320800787,1145.0061492919922, 451.99999999999994
234.38253784179693,1146.1067504882812, 451.99999999999994
232.81416320800787,1145.0061492919922, 451.99999999999994
234.22836303710943,1143.5919494628906, 453.99999999999994
232.81416320800787,1145.0061492919922, 451.99999999999994
234.22836303710943,1143.5919494628906, 451.99999999999994
232.089340209961,1144.215087890625, 451.99999999999994
232.81416320800787,1145.0061492919922, 451.99999999999994
232.089340209961,1144.215087890625, 451.99999999999994
234.22836303710943,1143.5919494628906, 453.99999999999994
232.089340209961,1144.215087890625, 451.99999999999994
234.22836303710943,1143.5919494628906, 451.99999999999994
230.97494506835943,1142.2767639160156, 451.99999999999994
232.089340209961,1144.215087890625, 451.99999999999994
230.97494506835943,1142.2767639160156, 451.99999999999994
232.58705139160162,1141.376480102539, 453.99999999999994
232.089340209961,1144.215087890625, 451.99999999999994
232.58705139160162,1141.376480102539, 453.99999999999994
234.22836303710943,1143.5919494628906, 453.99999999999994
234.22836303710943,1143.5919494628906, 453.99999999999994
232.58705139160162,1141.376480102539, 453.99999999999994
232.06063842773443,1140.3477020263672, 451.99999999999994
234.22836303710943,1143.5919494628906, 453.99999999999994
232.06063842773443,1140.3477020263672, 451.99999999999994
234.22836303710943,1143.5919494628906, 451.99999999999994
234.22836303710943,1143.5919494628906, 451.99999999999994
232.06063842773443,1140.3477020263672, 451.99999999999994
230.97494506835943,1142.2767639160156, 451.99999999999994
232.58705139160162,1141.376480102539, 453.99999999999994
230.97494506835943,1142.2767639160156, 451.99999999999994
232.47673034667974,1141.227554321289, 453.99999999999994
232.58705139160162,1141.376480102539, 453.99999999999994
232.47673034667974,1141.227554321289, 453.99999999999994
232.06063842773443,1140.3477020263672, 451.99999999999994
232.47673034667974,1141.227554321289, 453.99999999999994
230.97494506835943,1142.2767639160156, 451.99999999999994
232.18411254882818,1140.3083953857422, 453.99999999999994
232.47673034667974,1141.227554321289, 453.99999999999994
232.18411254882818,1140.3083953857422, 453.99999999999994
232.06063842773443,1140.3477020263672, 451.99999999999994
230.97494506835943,1142.2767639160156, 451.99999999999994
232.06063842773443,1140.3477020263672, 451.99999999999994
230.01828002929693,1140.6127624511719, 451.99999999999994
230.97494506835943,1142.2767639160156, 451.99999999999994
230.01828002929693,1140.6127624511719, 451.99999999999994
232.18411254882818,1140.3083953857422, 453.99999999999994
232.18411254882818,1140.3083953857422, 453.99999999999994
230.01828002929693,1140.6127624511719, 451.99999999999994
231.688217163086,1138.750747680664, 453.99999999999994
232.18411254882818,1140.3083953857422, 453.99999999999994
231.688217163086,1138.750747680664, 453.99999999999994
232.06063842773443,1140.3477020263672, 451.99999999999994
230.01828002929693,1140.6127624511719, 451.99999999999994
232.06063842773443,1140.3477020263672, 451.99999999999994
229.77311706542974,1139.2172241210938, 451.99999999999994
230.01828002929693,1140.6127624511719, 451.99999999999994
229.77311706542974,1139.2172241210938, 451.99999999999994
231.688217163086,1138.750747680664, 453.99999999999994
231.688217163086,1138.750747680664, 453.99999999999994
229.77311706542974,1139.2172241210938, 451.99999999999994
231.37971496582037,1137.7817077636719, 453.99999999999994
231.688217163086,1138.750747680664, 453.99999999999994
231.37971496582037,1137.7817077636719, 453.99999999999994
231.29943847656256,1136.5208740234375, 451.99999999999994
231.688217163086,1138.750747680664, 453.99999999999994
231.29943847656256,1136.5208740234375, 451.99999999999994
232.06063842773443,1140.3477020263672, 451.99999999999994
231.37971496582037,1137.7817077636719, 453.99999999999994
229.77311706542974,1139.2172241210938, 451.99999999999994
231.32621765136724,1136.5197448730469, 453.99999999999994
231.37971496582037,1137.7817077636719, 453.99999999999994
231.32621765136724,1136.5197448730469, 453.99999999999994
231.29943847656256,1136.5208740234375, 451.99999999999994
229.77311706542974,1139.2172241210938, 451.99999999999994
232.06063842773443,1140.3477020263672, 451.99999999999994
229.29943847656256,1136.5208740234375, 451.99999999999994
229.77311706542974,1139.2172241210938, 451.99999999999994
229.29943847656256,1136.5208740234375, 451.99999999999994
231.32621765136724,1136.5197448730469, 453.99999999999994
232.06063842773443,1140.3477020263672, 451.99999999999994
231.29943847656256,1136.5208740234375, 451.99999999999994
229.29943847656256,1136.5208740234375, 451.99999999999994
231.32621765136724,1136.5197448730469, 453.99999999999994
229.29943847656256,1136.5208740234375, 451.99999999999994
231.3084106445313,1136.0995788574219, 453.99999999999994
231.32621765136724,1136.5197448730469, 453.99999999999994
231.3084106445313,1136.0995788574219, 453.99999999999994
231.29943847656256,1136.5208740234375, 451.99999999999994
229.29943847656256,1136.5208740234375, 451.99999999999994
231.29943847656256,1136.5208740234375, 451.99999999999994
229.39562988281256,1135.94189453125, 451.99999999999994
229.29943847656256,1136.5208740234375, 451.99999999999994
229.39562988281256,1135.94189453125, 451.99999999999994
231.3084106445313,1136.0995788574219, 453.99999999999994
231.3084106445313,1136.0995788574219, 453.99999999999994
229.39562988281256,1135.94189453125, 451.99999999999994
231.32455444335943,1136.0300903320312, 453.99999999999994
231.3084106445313,1136.0995788574219, 453.99999999999994
231.32455444335943,1136.0300903320312, 453.99999999999994
231.29943847656256,1136.5208740234375, 451.99999999999994
231.32455444335943,1136.0300903320312, 453.99999999999994
229.39562988281256,1135.94189453125, 451.99999999999994
231.95368957519537,1133.32177734375, 453.99999999999994
231.32455444335943,1136.0300903320312, 453.99999999999994
231.95368957519537,1133.32177734375, 453.99999999999994
231.29943847656256,1136.5208740234375, 451.99999999999994
231.29943847656256,1136.5208740234375, 451.99999999999994
231.95368957519537,1133.32177734375, 453.99999999999994
232.06063842773443,1132.6940460205078, 451.99999999999994
231.29943847656256,1136.5208740234375, 451.99999999999994
232.06063842773443,1132.6940460205078, 451.99999999999994
229.39562988281256,1135.94189453125, 451.99999999999994
229.39562988281256,1135.94189453125, 451.99999999999994
232.06063842773443,1132.6940460205078, 451.99999999999994
229.94274902343756,1132.648941040039, 451.99999999999994
229.39562988281256,1135.94189453125, 451.99999999999994
229.94274902343756,1132.648941040039, 451.99999999999994
231.95368957519537,1133.32177734375, 453.99999999999994
231.95368957519537,1133.32177734375, 453.99999999999994
229.94274902343756,1132.648941040039, 451.99999999999994
232.0975189208985,1132.7026062011719, 453.99999999999994
231.95368957519537,1133.32177734375, 453.99999999999994
232.0975189208985,1132.7026062011719, 453.99999999999994
232.06063842773443,1132.6940460205078, 451.99999999999994
229.94274902343756,1132.648941040039, 451.99999999999994
232.06063842773443,1132.6940460205078, 451.99999999999994
229.94482421875006,1132.6364288330078, 451.99999999999994
229.94274902343756,1132.648941040039, 451.99999999999994
229.94482421875006,1132.6364288330078, 451.99999999999994
232.0975189208985,1132.7026062011719, 453.99999999999994
232.0975189208985,1132.7026062011719, 453.99999999999994
229.94482421875006,1132.6364288330078, 451.99999999999994
232.14584350585943,1132.4945678710938, 453.99999999999994
232.0975189208985,1132.7026062011719, 453.99999999999994
232.14584350585943,1132.4945678710938, 453.99999999999994
232.06063842773443,1132.6940460205078, 451.99999999999994
232.14584350585943,1132.4945678710938, 453.99999999999994
229.94482421875006,1132.6364288330078, 451.99999999999994
233.23738098144537,1130.898696899414, 453.99999999999994
232.14584350585943,1132.4945678710938, 453.99999999999994
233.23738098144537,1130.898696899414, 453.99999999999994
234.22836303710943,1129.4497985839844, 451.99999999999994
232.14584350585943,1132.4945678710938, 453.99999999999994
234.22836303710943,1129.4497985839844, 451.99999999999994
232.06063842773443,1132.6940460205078, 451.99999999999994
233.23738098144537,1130.898696899414, 453.99999999999994
229.94482421875006,1132.6364288330078, 451.99999999999994
231.55480957031256,1129.7131042480469, 451.99999999999994
229.94482421875006,1132.6364288330078, 451.99999999999994
232.06063842773443,1132.6940460205078, 451.99999999999994
231.55480957031256,1129.7131042480469, 451.99999999999994
232.06063842773443,1132.6940460205078, 451.99999999999994
234.22836303710943,1129.4497985839844, 451.99999999999994
231.55480957031256,1129.7131042480469, 451.99999999999994
