668.0809448934175,599.8458919525146,668.0809448934175
668.0455081609708,599.8458919525146,668.0455081609708
668.2211664444891,599.8458919525146,668.2211664444891
668.2211664444891,599.8458919525146,668.2211664444891
668.0455081609708,599.8458919525146,668.0455081609708
668.2500842396945,599.8458919525146,668.2500842396945
668.2211664444891,599.8458919525146,668.2211664444891
668.2500842396945,599.8458919525146,668.2500842396945
668.2694626859585,599.8324942588806,668.2694626859585
668.2211664444891,599.8458919525146,668.2211664444891
668.2694626859585,599.8324942588806,668.2694626859585
668.1219025257499,599.8324942588806,668.1219025257499
668.2211664444891,599.8458919525146,668.2211664444891
668.1219025257499,599.8324942588806,668.1219025257499
668.0809448934175,599.8458919525146,668.0809448934175
668.0455081609708,599.8458919525146,668.0455081609708
668.0809448934175,599.8458919525146,668.0809448934175
667.8286929748238,599.8458919525146,667.8286929748238
668.0455081609708,599.8458919525146,668.0455081609708
667.9127267086458,599.8458919525146,667.9127267086458
668.2500842396945,599.8458919525146,668.2500842396945
667.9127267086458,599.8458919525146,667.9127267086458
667.492477117588,599.8458919525146,667.492477117588
667.9739020152754,599.8458919525146,667.9739020152754
667.9127267086458,599.8458919525146,667.9127267086458
667.9739020152754,599.8458919525146,667.9739020152754
668.1642098687358,599.8458919525146,668.1642098687358
667.9127267086458,599.8458919525146,667.9127267086458
668.1642098687358,599.8458919525146,668.1642098687358
668.2500842396945,599.8458919525146,668.2500842396945
668.2500842396945,599.8458919525146,668.2500842396945
668.1642098687358,599.8458919525146,668.1642098687358
668.2998940587618,599.8324942588806,668.2998940587618
668.2500842396945,599.8458919525146,668.2500842396945
668.2998940587618,599.8324942588806,668.2998940587618
668.2694626859585,599.8324942588806,668.2694626859585
668.1642098687358,599.8458919525146,668.1642098687358
667.9739020152754,599.8458919525146,667.9739020152754
668.2095251479548,599.8324942588806,668.2095251479548
668.1642098687358,599.8458919525146,668.1642098687358
668.2095251479548,599.8324942588806,668.2095251479548
668.2998940587618,599.8324942588806,668.2998940587618
668.2998940587618,599.8324942588806,668.2998940587618
668.2095251479548,599.8324942588806,668.2095251479548
668.3363571512458,599.7958917617798,668.3363571512458
668.2998940587618,599.8324942588806,668.2998940587618
668.3363571512458,599.7958917617798,668.3363571512458
668.3048184964575,599.7958917617798,668.3048184964575
668.2998940587618,599.8324942588806,668.2998940587618
668.3048184964575,599.7958917617798,668.3048184964575
668.2694626859585,599.8324942588806,668.2694626859585
668.2694626859585,599.8324942588806,668.2694626859585
668.3048184964575,599.7958917617798,668.3048184964575
668.1518857932673,599.7958917617798,668.1518857932673
668.2694626859585,599.8324942588806,668.2694626859585
668.1518857932673,599.7958917617798,668.1518857932673
668.1219025257499,599.8324942588806,668.1219025257499
668.3048184964575,599.7958917617798,668.3048184964575
668.3363571512458,599.7958917617798,668.3363571512458
668.3177592646028,599.7458915710449,668.3177592646028
668.3048184964575,599.7958917617798,668.3048184964575
668.3177592646028,599.7458915710449,668.3177592646028
668.162860495257,599.7458915710449,668.162860495257
668.3048184964575,599.7958917617798,668.3048184964575
668.162860495257,599.7458915710449,668.162860495257
668.1518857932673,599.7958917617798,668.1518857932673
668.1518857932673,599.7958917617798,668.1518857932673
668.162860495257,599.7458915710449,668.162860495257
667.9036904244797,599.7458915710449,667.9036904244797
668.1518857932673,599.7958917617798,668.1518857932673
667.9036904244797,599.7458915710449,667.9036904244797
667.8960058740159,599.7958917617798,667.8960058740159
668.1518857932673,599.7958917617798,668.1518857932673
667.8960058740159,599.7958917617798,667.8960058740159
668.1219025257499,599.8324942588806,668.1219025257499
668.1219025257499,599.8324942588806,668.1219025257499
667.8960058740159,599.7958917617798,667.8960058740159
667.875011686195,599.8324942588806,667.875011686195
668.1219025257499,599.8324942588806,668.1219025257499
667.875011686195,599.8324942588806,667.875011686195
668.0809448934175,599.8458919525146,668.0809448934175
668.0809448934175,599.8458919525146,668.0809448934175
667.875011686195,599.8324942588806,667.875011686195
667.8463326107354,599.8458919525146,667.8463326107354
668.0809448934175,599.8458919525146,668.0809448934175
667.8463326107354,599.8458919525146,667.8463326107354
667.8286929748238,599.8458919525146,667.8286929748238
667.8286929748238,599.8458919525146,667.8286929748238
667.8463326107354,599.8458919525146,667.8463326107354
667.5456273272238,599.8458919525146,667.5456273272238
667.8286929748238,599.8458919525146,667.8286929748238
667.5456273272238,599.8458919525146,667.5456273272238
667.3637299615335,599.8458919525146,667.3637299615335
667.8463326107354,599.8458919525146,667.8463326107354
667.875011686195,599.8324942588806,667.875011686195
667.5585687697186,599.8324942588806,667.5585687697186
667.8463326107354,599.8458919525146,667.8463326107354
667.5585687697186,599.8324942588806,667.5585687697186
667.5456273272238,599.8458919525146,667.5456273272238
667.875011686195,599.8324942588806,667.875011686195
667.8960058740159,599.7958917617798,667.8960058740159
667.5680410208782,599.7958917617798,667.5680410208782
667.875011686195,599.8324942588806,667.875011686195
667.5680410208782,599.7958917617798,667.5680410208782
667.5585687697186,599.8324942588806,667.5585687697186
667.8960058740159,599.7958917617798,667.8960058740159
667.9036904244797,599.7458915710449,667.9036904244797
667.5715085263396,599.7458915710449,667.5715085263396
667.8960058740159,599.7958917617798,667.8960058740159
667.5715085263396,599.7458915710449,667.5715085263396
667.5680410208782,599.7958917617798,667.5680410208782
667.3637299615335,599.8458919525146,667.3637299615335
667.5456273272238,599.8458919525146,667.5456273272238
667.2150979226918,599.8458919525146,667.2150979226918
667.3637299615335,599.8458919525146,667.3637299615335
667.2150979226918,599.8458919525146,667.2150979226918
666.8681808122149,599.8458919525146,666.8681808122149
667.5456273272238,599.8458919525146,667.5456273272238
667.5585687697186,599.8324942588806,667.5585687697186
667.2107392642807,599.8324942588806,667.2107392642807
667.5456273272238,599.8458919525146,667.5456273272238
667.2107392642807,599.8324942588806,667.2107392642807
667.2150979226918,599.8458919525146,667.2150979226918
667.5585687697186,599.8324942588806,667.5585687697186
667.5680410208782,599.7958917617798,667.5680410208782
667.2075499280148,599.7958917617798,667.2075499280148
667.5585687697186,599.8324942588806,667.5585687697186
667.2075499280148,599.7958917617798,667.2075499280148
667.2107392642807,599.8324942588806,667.2107392642807
667.5680410208782,599.7958917617798,667.5680410208782
667.5715085263396,599.7458915710449,667.5715085263396
667.2063819545689,599.7458915710449,667.2063819545689
667.5680410208782,599.7958917617798,667.5680410208782
667.2063819545689,599.7458915710449,667.2063819545689
667.2075499280148,599.7958917617798,667.2075499280148
667.2075499280148,599.7958917617798,667.2075499280148
667.2063819545689,599.7458915710449,667.2063819545689
666.8523501190103,599.7458915710449,666.8523501190103
667.2075499280148,599.7958917617798,667.2075499280148
666.8523501190103,599.7458915710449,666.8523501190103
666.8580112836054,599.7958917617798,666.8580112836054
667.2075499280148,599.7958917617798,667.2075499280148
666.8580112836054,599.7958917617798,666.8580112836054
667.2107392642807,599.8324942588806,667.2107392642807
667.2107392642807,599.8324942588806,667.2107392642807
666.8580112836054,599.7958917617798,666.8580112836054
666.8734801882686,599.8324942588806,666.8734801882686
667.2107392642807,599.8324942588806,667.2107392642807
666.8734801882686,599.8324942588806,666.8734801882686
667.2150979226918,599.8458919525146,667.2150979226918
667.2150979226918,599.8458919525146,667.2150979226918
666.8734801882686,599.8324942588806,666.8734801882686
666.8946119434007,599.8458919525146,666.8946119434007
667.2150979226918,599.8458919525146,667.2150979226918
666.8946119434007,599.8458919525146,666.8946119434007
666.8681808122149,599.8458919525146,666.8681808122149
666.8946119434007,599.8458919525146,666.8946119434007
666.8734801882686,599.8324942588806,666.8734801882686
666.587467633071,599.8324942588806,666.587467633071
666.8946119434007,599.8458919525146,666.8946119434007
666.587467633071,599.8324942588806,666.587467633071
666.6228237807447,599.8458919525146,666.6228237807447
666.8946119434007,599.8458919525146,666.8946119434007
666.6228237807447,599.8458919525146,666.6228237807447
666.8681808122149,599.8458919525146,666.8681808122149
666.8734801882686,599.8324942588806,666.8734801882686
666.8580112836054,599.7958917617798,666.8580112836054
666.5615860967804,599.7958917617798,666.5615860967804
666.8734801882686,599.8324942588806,666.8734801882686
666.5615860967804,599.7958917617798,666.5615860967804
666.587467633071,599.8324942588806,666.587467633071
666.8580112836054,599.7958917617798,666.8580112836054
666.8523501190103,599.7458915710449,666.8523501190103
666.5521128340964,599.7458915710449,666.5521128340964
666.8580112836054,599.7958917617798,666.8580112836054
666.5521128340964,599.7458915710449,666.5521128340964
666.5615860967804,599.7958917617798,666.5615860967804
666.5615860967804,599.7958917617798,666.5615860967804
666.5521128340964,599.7458915710449,666.5521128340964
666.3418850316716,599.7458915710449,666.3418850316716
666.5615860967804,599.7958917617798,666.5615860967804
666.3418850316716,599.7458915710449,666.3418850316716
666.3540263584081,599.7958917617798,666.3540263584081
666.5615860967804,599.7958917617798,666.5615860967804
666.3540263584081,599.7958917617798,666.3540263584081
666.587467633071,599.8324942588806,666.587467633071
666.587467633071,599.8324942588806,666.587467633071
666.3540263584081,599.7958917617798,666.3540263584081
666.387199636541,599.8324942588806,666.387199636541
666.587467633071,599.8324942588806,666.587467633071
666.387199636541,599.8324942588806,666.387199636541
666.6228237807447,599.8458919525146,666.6228237807447
666.6228237807447,599.8458919525146,666.6228237807447
666.387199636541,599.8324942588806,666.387199636541
666.4325155901096,599.8458919525146,666.4325155901096
666.6228237807447,599.8458919525146,666.6228237807447
666.4325155901096,599.8458919525146,666.4325155901096
666.8681808122149,599.8458919525146,666.8681808122149
666.387199636541,599.8324942588806,666.387199636541
666.3540263584081,599.7958917617798,666.3540263584081
666.2603683075996,599.7958917617798,666.2603683075996
666.387199636541,599.8324942588806,666.387199636541
666.2603683075996,599.7958917617798,666.2603683075996
666.2968307257341,599.8324942588806,666.2968307257341
666.387199636541,599.8324942588806,666.387199636541
666.2968307257341,599.8324942588806,666.2968307257341
666.4325155901096,599.8458919525146,666.4325155901096
666.3540263584081,599.7958917617798,666.3540263584081
666.3418850316716,599.7458915710449,666.3418850316716
666.2470215810164,599.7458915710449,666.2470215810164
666.3540263584081,599.7958917617798,666.3540263584081
666.2470215810164,599.7458915710449,666.2470215810164
666.2603683075996,599.7958917617798,666.2603683075996
666.2603683075996,599.7958917617798,666.2603683075996
666.2470215810164,599.7458915710449,666.2470215810164
666.2789655198931,599.7458915710449,666.2789655198931
666.2603683075996,599.7958917617798,666.2603683075996
666.2789655198931,599.7458915710449,666.2789655198931
666.2919066252132,599.7958917617798,666.2919066252132
666.2603683075996,599.7958917617798,666.2603683075996
666.2919066252132,599.7958917617798,666.2919066252132
666.2968307257341,599.8324942588806,666.2968307257341
666.2470215810164,599.7458915710449,666.2470215810164
666.3418850316716,599.7458915710449,666.3418850316716
666.3418850316716,599.4458918571472,666.3418850316716
666.2470215810164,599.7458915710449,666.2470215810164
666.3418850316716,599.4458918571472,666.3418850316716
666.2470215810164,599.4458918571472,666.2470215810164
666.2470215810164,599.7458915710449,666.2470215810164
666.2470215810164,599.4458918571472,666.2470215810164
666.2789655198931,599.7458915710449,666.2789655198931
666.3418850316716,599.7458915710449,666.3418850316716
666.5521128340964,599.7458915710449,666.5521128340964
666.5521128340964,599.4458918571472,666.5521128340964
666.3418850316716,599.7458915710449,666.3418850316716
666.5521128340964,599.4458918571472,666.5521128340964
666.3418850316716,599.4458918571472,666.3418850316716
666.5521128340964,599.7458915710449,666.5521128340964
666.8523501190103,599.7458915710449,666.8523501190103
666.8523501190103,599.4458918571472,666.8523501190103
666.5521128340964,599.7458915710449,666.5521128340964
666.8523501190103,599.4458918571472,666.8523501190103
666.5521128340964,599.4458918571472,666.5521128340964
666.8523501190103,599.7458915710449,666.8523501190103
667.2063819545689,599.7458915710449,667.2063819545689
667.2063819545689,599.4458918571472,667.2063819545689
666.8523501190103,599.7458915710449,666.8523501190103
667.2063819545689,599.4458918571472,667.2063819545689
666.8523501190103,599.4458918571472,666.8523501190103
667.2063819545689,599.7458915710449,667.2063819545689
667.5715085263396,599.7458915710449,667.5715085263396
667.5715085263396,599.4458918571472,667.5715085263396
667.2063819545689,599.7458915710449,667.2063819545689
667.5715085263396,599.4458918571472,667.5715085263396
667.2063819545689,599.4458918571472,667.2063819545689
667.5715085263396,599.7458915710449,667.5715085263396
667.9036904244797,599.7458915710449,667.9036904244797
667.9036904244797,599.4458918571472,667.9036904244797
667.5715085263396,599.7458915710449,667.5715085263396
667.9036904244797,599.4458918571472,667.9036904244797
667.5715085263396,599.4458918571472,667.5715085263396
667.9036904244797,599.7458915710449,667.9036904244797
668.162860495257,599.7458915710449,668.162860495257
668.162860495257,599.4458918571472,668.162860495257
667.9036904244797,599.7458915710449,667.9036904244797
668.162860495257,599.4458918571472,668.162860495257
667.9036904244797,599.4458918571472,667.9036904244797
668.162860495257,599.7458915710449,668.162860495257
668.3177592646028,599.7458915710449,668.3177592646028
668.3177592646028,599.4458918571472,668.3177592646028
668.162860495257,599.7458915710449,668.162860495257
668.3177592646028,599.4458918571472,668.3177592646028
668.162860495257,599.4458918571472,668.162860495257
668.162860495257,599.4458918571472,668.162860495257
668.3177592646028,599.4458918571472,668.3177592646028
668.1518857932673,599.3958916664124,668.1518857932673
668.162860495257,599.4458918571472,668.162860495257
668.1518857932673,599.3958916664124,668.1518857932673
667.8960058740159,599.3958916664124,667.8960058740159
668.162860495257,599.4458918571472,668.162860495257
667.8960058740159,599.3958916664124,667.8960058740159
667.9036904244797,599.4458918571472,667.9036904244797
667.9036904244797,599.4458918571472,667.9036904244797
667.8960058740159,599.3958916664124,667.8960058740159
667.5680410208782,599.3958916664124,667.5680410208782
667.9036904244797,599.4458918571472,667.9036904244797
667.5680410208782,599.3958916664124,667.5680410208782
667.5715085263396,599.4458918571472,667.5715085263396
667.5715085263396,599.4458918571472,667.5715085263396
667.5680410208782,599.3958916664124,667.5680410208782
667.2075499280148,599.3958916664124,667.2075499280148
667.5715085263396,599.4458918571472,667.5715085263396
667.2075499280148,599.3958916664124,667.2075499280148
667.2063819545689,599.4458918571472,667.2063819545689
667.2063819545689,599.4458918571472,667.2063819545689
667.2075499280148,599.3958916664124,667.2075499280148
666.8580112836054,599.3958916664124,666.8580112836054
667.2063819545689,599.4458918571472,667.2063819545689
666.8580112836054,599.3958916664124,666.8580112836054
666.8523501190103,599.4458918571472,666.8523501190103
666.8523501190103,599.4458918571472,666.8523501190103
666.8580112836054,599.3958916664124,666.8580112836054
666.5615860967804,599.3958916664124,666.5615860967804
666.8523501190103,599.4458918571472,666.8523501190103
666.5615860967804,599.3958916664124,666.5615860967804
666.5521128340964,599.4458918571472,666.5521128340964
666.5521128340964,599.4458918571472,666.5521128340964
666.5615860967804,599.3958916664124,666.5615860967804
666.3540263584081,599.3958916664124,666.3540263584081
666.5521128340964,599.4458918571472,666.5521128340964
666.3540263584081,599.3958916664124,666.3540263584081
666.3418850316716,599.4458918571472,666.3418850316716
666.3418850316716,599.4458918571472,666.3418850316716
666.3540263584081,599.3958916664124,666.3540263584081
666.2603683075996,599.3958916664124,666.2603683075996
666.3418850316716,599.4458918571472,666.3418850316716
666.2603683075996,599.3958916664124,666.2603683075996
666.2470215810164,599.4458918571472,666.2470215810164
666.3540263584081,599.3958916664124,666.3540263584081
666.5615860967804,599.3958916664124,666.5615860967804
666.387199636541,599.3592891693115,666.387199636541
666.3540263584081,599.3958916664124,666.3540263584081
666.387199636541,599.3592891693115,666.387199636541
666.2968307257341,599.3592891693115,666.2968307257341
666.3540263584081,599.3958916664124,666.3540263584081
666.2968307257341,599.3592891693115,666.2968307257341
666.2603683075996,599.3958916664124,666.2603683075996
666.5615860967804,599.3958916664124,666.5615860967804
666.8580112836054,599.3958916664124,666.8580112836054
666.587467633071,599.3592891693115,666.587467633071
666.5615860967804,599.3958916664124,666.5615860967804
666.587467633071,599.3592891693115,666.587467633071
666.387199636541,599.3592891693115,666.387199636541
666.8580112836054,599.3958916664124,666.8580112836054
667.2075499280148,599.3958916664124,667.2075499280148
666.8734801882686,599.3592891693115,666.8734801882686
666.8580112836054,599.3958916664124,666.8580112836054
666.8734801882686,599.3592891693115,666.8734801882686
666.587467633071,599.3592891693115,666.587467633071
667.2075499280148,599.3958916664124,667.2075499280148
667.5680410208782,599.3958916664124,667.5680410208782
667.2107392642807,599.3592891693115,667.2107392642807
667.2075499280148,599.3958916664124,667.2075499280148
667.2107392642807,599.3592891693115,667.2107392642807
666.8734801882686,599.3592891693115,666.8734801882686
667.5680410208782,599.3958916664124,667.5680410208782
667.8960058740159,599.3958916664124,667.8960058740159
667.5585687697186,599.3592891693115,667.5585687697186
667.5680410208782,599.3958916664124,667.5680410208782
667.5585687697186,599.3592891693115,667.5585687697186
667.2107392642807,599.3592891693115,667.2107392642807
667.8960058740159,599.3958916664124,667.8960058740159
668.1518857932673,599.3958916664124,668.1518857932673
667.875011686195,599.3592891693115,667.875011686195
667.8960058740159,599.3958916664124,667.8960058740159
667.875011686195,599.3592891693115,667.875011686195
667.5585687697186,599.3592891693115,667.5585687697186
667.5585687697186,599.3592891693115,667.5585687697186
667.875011686195,599.3592891693115,667.875011686195
667.5456273272238,599.3458919525146,667.5456273272238
667.5585687697186,599.3592891693115,667.5585687697186
667.5456273272238,599.3458919525146,667.5456273272238
667.2150979226918,599.3458919525146,667.2150979226918
667.5585687697186,599.3592891693115,667.5585687697186
667.2150979226918,599.3458919525146,667.2150979226918
667.2107392642807,599.3592891693115,667.2107392642807
667.2107392642807,599.3592891693115,667.2107392642807
667.2150979226918,599.3458919525146,667.2150979226918
666.8946119434007,599.3458919525146,666.8946119434007
667.2107392642807,599.3592891693115,667.2107392642807
666.8946119434007,599.3458919525146,666.8946119434007
666.8734801882686,599.3592891693115,666.8734801882686
667.2150979226918,599.3458919525146,667.2150979226918
667.5456273272238,599.3458919525146,667.5456273272238
667.29836289801,599.3458919525146,667.29836289801
667.2150979226918,599.3458919525146,667.2150979226918
667.29836289801,599.3458919525146,667.29836289801
666.8946119434007,599.3458919525146,666.8946119434007
666.8946119434007,599.3458919525146,666.8946119434007
667.29836289801,599.3458919525146,667.29836289801
666.6228237807447,599.3458919525146,666.6228237807447
666.8946119434007,599.3458919525146,666.8946119434007
666.6228237807447,599.3458919525146,666.6228237807447
666.8734801882686,599.3592891693115,666.8734801882686
666.8734801882686,599.3592891693115,666.8734801882686
666.6228237807447,599.3458919525146,666.6228237807447
666.587467633071,599.3592891693115,666.587467633071
666.6228237807447,599.3458919525146,666.6228237807447
667.29836289801,599.3458919525146,667.29836289801
666.4325155901096,599.3458919525146,666.4325155901096
666.6228237807447,599.3458919525146,666.6228237807447
666.4325155901096,599.3458919525146,666.4325155901096
666.587467633071,599.3592891693115,666.587467633071
666.587467633071,599.3592891693115,666.587467633071
666.4325155901096,599.3458919525146,666.4325155901096
666.387199636541,599.3592891693115,666.387199636541
666.4325155901096,599.3458919525146,666.4325155901096
667.29836289801,599.3458919525146,667.29836289801
666.3466412191509,599.3458919525146,666.3466412191509
666.4325155901096,599.3458919525146,666.4325155901096
666.3466412191509,599.3458919525146,666.3466412191509
666.387199636541,599.3592891693115,666.387199636541
666.387199636541,599.3592891693115,666.387199636541
666.3466412191509,599.3458919525146,666.3466412191509
666.2968307257341,599.3592891693115,666.2968307257341
666.3466412191509,599.3458919525146,666.3466412191509
667.29836289801,599.3458919525146,667.29836289801
666.3755590143563,599.3458919525146,666.3755590143563
666.3466412191509,599.3458919525146,666.3466412191509
666.3755590143563,599.3458919525146,666.3755590143563
666.2968307257341,599.3592891693115,666.2968307257341
667.5456273272238,599.3458919525146,667.5456273272238
667.875011686195,599.3592891693115,667.875011686195
667.8463326107354,599.3458919525146,667.8463326107354
667.5456273272238,599.3458919525146,667.5456273272238
667.8463326107354,599.3458919525146,667.8463326107354
667.29836289801,599.3458919525146,667.29836289801
667.875011686195,599.3592891693115,667.875011686195
668.1518857932673,599.3958916664124,668.1518857932673
668.1219025257499,599.3592891693115,668.1219025257499
667.875011686195,599.3592891693115,667.875011686195
668.1219025257499,599.3592891693115,668.1219025257499
667.8463326107354,599.3458919525146,667.8463326107354
667.8463326107354,599.3458919525146,667.8463326107354
668.1219025257499,599.3592891693115,668.1219025257499
668.0809448934175,599.3458919525146,668.0809448934175
667.8463326107354,599.3458919525146,667.8463326107354
668.0809448934175,599.3458919525146,668.0809448934175
667.29836289801,599.3458919525146,667.29836289801
666.2968307257341,599.3592891693115,666.2968307257341
666.3755590143563,599.3458919525146,666.3755590143563
666.3272631100616,599.3592891693115,666.3272631100616
666.2968307257341,599.3592891693115,666.2968307257341
666.3272631100616,599.3592891693115,666.3272631100616
666.2603683075996,599.3958916664124,666.2603683075996
666.3755590143563,599.3458919525146,666.3755590143563
667.29836289801,599.3458919525146,667.29836289801
666.5157798910784,599.3458919525146,666.5157798910784
666.3755590143563,599.3458919525146,666.3755590143563
666.5157798910784,599.3458919525146,666.5157798910784
666.3272631100616,599.3592891693115,666.3272631100616
666.2603683075996,599.3958916664124,666.2603683075996
666.3272631100616,599.3592891693115,666.3272631100616
666.2919066252132,599.3958916664124,666.2919066252132
666.2603683075996,599.3958916664124,666.2603683075996
666.2919066252132,599.3958916664124,666.2919066252132
666.2470215810164,599.4458918571472,666.2470215810164
666.3272631100616,599.3592891693115,666.3272631100616
666.5157798910784,599.3458919525146,666.5157798910784
666.474822258746,599.3592891693115,666.474822258746
666.3272631100616,599.3592891693115,666.3272631100616
666.474822258746,599.3592891693115,666.474822258746
666.2919066252132,599.3958916664124,666.2919066252132
666.5157798910784,599.3458919525146,666.5157798910784
667.29836289801,599.3458919525146,667.29836289801
666.7503921737604,599.3458919525146,666.7503921737604
666.5157798910784,599.3458919525146,666.5157798910784
666.7503921737604,599.3458919525146,666.7503921737604
666.474822258746,599.3592891693115,666.474822258746
668.1518857932673,599.3958916664124,668.1518857932673
668.3177592646028,599.4458918571472,668.3177592646028
668.3048184964575,599.3958916664124,668.3048184964575
668.1518857932673,599.3958916664124,668.1518857932673
668.3048184964575,599.3958916664124,668.3048184964575
668.1219025257499,599.3592891693115,668.1219025257499
668.1219025257499,599.3592891693115,668.1219025257499
668.3048184964575,599.3958916664124,668.3048184964575
668.2694626859585,599.3592891693115,668.2694626859585
668.1219025257499,599.3592891693115,668.1219025257499
668.2694626859585,599.3592891693115,668.2694626859585
668.0809448934175,599.3458919525146,668.0809448934175
668.0809448934175,599.3458919525146,668.0809448934175
668.2694626859585,599.3592891693115,668.2694626859585
668.2211664444891,599.3458919525146,668.2211664444891
668.0809448934175,599.3458919525146,668.0809448934175
668.2211664444891,599.3458919525146,668.2211664444891
667.29836289801,599.3458919525146,667.29836289801
668.3177592646028,599.4458918571472,668.3177592646028
668.3177592646028,599.7458915710449,668.3177592646028
668.3497032034795,599.4458918571472,668.3497032034795
668.3177592646028,599.4458918571472,668.3177592646028
668.3497032034795,599.4458918571472,668.3497032034795
668.3048184964575,599.3958916664124,668.3048184964575
668.3048184964575,599.3958916664124,668.3048184964575
668.3497032034795,599.4458918571472,668.3497032034795
668.3363571512458,599.3958916664124,668.3363571512458
668.3048184964575,599.3958916664124,668.3048184964575
668.3363571512458,599.3958916664124,668.3363571512458
668.2694626859585,599.3592891693115,668.2694626859585
668.2694626859585,599.3592891693115,668.2694626859585
668.3363571512458,599.3958916664124,668.3363571512458
668.2998940587618,599.3592891693115,668.2998940587618
668.2694626859585,599.3592891693115,668.2694626859585
668.2998940587618,599.3592891693115,668.2998940587618
668.2211664444891,599.3458919525146,668.2211664444891
668.2211664444891,599.3458919525146,668.2211664444891
668.2998940587618,599.3592891693115,668.2998940587618
668.2500842396945,599.3458919525146,668.2500842396945
668.2211664444891,599.3458919525146,668.2211664444891
668.2500842396945,599.3458919525146,668.2500842396945
667.29836289801,599.3458919525146,667.29836289801
666.2470215810164,599.4458918571472,666.2470215810164
666.2919066252132,599.3958916664124,666.2919066252132
666.2789655198931,599.4458918571472,666.2789655198931
666.2470215810164,599.4458918571472,666.2470215810164
666.2789655198931,599.4458918571472,666.2789655198931
666.2789655198931,599.7458915710449,666.2789655198931
666.2919066252132,599.3958916664124,666.2919066252132
666.474822258746,599.3592891693115,666.474822258746
666.4448393284033,599.3958916664124,666.4448393284033
666.2919066252132,599.3958916664124,666.2919066252132
666.4448393284033,599.3958916664124,666.4448393284033
666.2789655198931,599.4458918571472,666.2789655198931
666.474822258746,599.3592891693115,666.474822258746
666.7503921737604,599.3458919525146,666.7503921737604
666.7217130983008,599.3592891693115,666.7217130983008
666.474822258746,599.3592891693115,666.474822258746
666.7217130983008,599.3592891693115,666.7217130983008
666.4448393284033,599.3958916664124,666.4448393284033
666.7503921737604,599.3458919525146,666.7503921737604
667.29836289801,599.3458919525146,667.29836289801
667.0510981316216,599.3458919525146,667.0510981316216
666.7503921737604,599.3458919525146,666.7503921737604
667.0510981316216,599.3458919525146,667.0510981316216
666.7217130983008,599.3592891693115,666.7217130983008
666.2789655198931,599.7458915710449,666.2789655198931
666.2789655198931,599.4458918571472,666.2789655198931
666.4338649635885,599.7458915710449,666.4338649635885
666.2789655198931,599.7458915710449,666.2789655198931
666.4338649635885,599.7458915710449,666.4338649635885
666.2919066252132,599.7958917617798,666.2919066252132
666.2789655198931,599.4458918571472,666.2789655198931
666.4448393284033,599.3958916664124,666.4448393284033
666.4338649635885,599.4458918571472,666.4338649635885
666.2789655198931,599.4458918571472,666.2789655198931
666.4338649635885,599.4458918571472,666.4338649635885
666.4338649635885,599.7458915710449,666.4338649635885
666.4448393284033,599.3958916664124,666.4448393284033
666.7217130983008,599.3592891693115,666.7217130983008
666.7007192476547,599.3958916664124,666.7007192476547
666.4448393284033,599.3958916664124,666.4448393284033
666.7007192476547,599.3958916664124,666.7007192476547
666.4338649635885,599.4458918571472,666.4338649635885
666.7217130983008,599.3592891693115,666.7217130983008
667.0510981316216,599.3458919525146,667.0510981316216
667.0381570263015,599.3592891693115,667.0381570263015
666.7217130983008,599.3592891693115,666.7217130983008
667.0381570263015,599.3592891693115,667.0381570263015
666.7007192476547,599.3958916664124,666.7007192476547
667.0510981316216,599.3458919525146,667.0510981316216
667.29836289801,599.3458919525146,667.29836289801
667.3816275361536,599.3458919525146,667.3816275361536
667.0510981316216,599.3458919525146,667.0510981316216
667.3816275361536,599.3458919525146,667.3816275361536
667.0381570263015,599.3592891693115,667.0381570263015
668.3177592646028,599.7458915710449,668.3177592646028
668.3363571512458,599.7958917617798,668.3363571512458
668.3497032034795,599.7458915710449,668.3497032034795
668.3177592646028,599.7458915710449,668.3177592646028
668.3497032034795,599.7458915710449,668.3497032034795
668.3497032034795,599.4458918571472,668.3497032034795
668.3497032034795,599.4458918571472,668.3497032034795
668.3497032034795,599.7458915710449,668.3497032034795
668.2548407643486,599.4458918571472,668.2548407643486
668.3497032034795,599.4458918571472,668.3497032034795
668.2548407643486,599.4458918571472,668.2548407643486
668.3363571512458,599.3958916664124,668.3363571512458
668.3363571512458,599.3958916664124,668.3363571512458
668.2548407643486,599.4458918571472,668.2548407643486
668.2426984260878,599.3958916664124,668.2426984260878
668.3363571512458,599.3958916664124,668.3363571512458
668.2426984260878,599.3958916664124,668.2426984260878
668.2998940587618,599.3592891693115,668.2998940587618
668.2998940587618,599.3592891693115,668.2998940587618
668.2426984260878,599.3958916664124,668.2426984260878
668.2095251479548,599.3592891693115,668.2095251479548
668.2998940587618,599.3592891693115,668.2998940587618
668.2095251479548,599.3592891693115,668.2095251479548
668.2500842396945,599.3458919525146,668.2500842396945
668.2500842396945,599.3458919525146,668.2500842396945
668.2095251479548,599.3592891693115,668.2095251479548
668.1642098687358,599.3458919525146,668.1642098687358
668.2500842396945,599.3458919525146,668.2500842396945
668.1642098687358,599.3458919525146,668.1642098687358
667.29836289801,599.3458919525146,667.29836289801
668.3363571512458,599.7958917617798,668.3363571512458
668.2095251479548,599.8324942588806,668.2095251479548
668.2426984260878,599.7958917617798,668.2426984260878
668.3363571512458,599.7958917617798,668.3363571512458
668.2426984260878,599.7958917617798,668.2426984260878
668.3497032034795,599.7458915710449,668.3497032034795
668.3497032034795,599.7458915710449,668.3497032034795
668.2426984260878,599.7958917617798,668.2426984260878
668.2548407643486,599.7458915710449,668.2548407643486
668.3497032034795,599.7458915710449,668.3497032034795
668.2548407643486,599.7458915710449,668.2548407643486
668.2548407643486,599.4458918571472,668.2548407643486
668.2548407643486,599.4458918571472,668.2548407643486
668.2548407643486,599.7458915710449,668.2548407643486
668.0446129619237,599.4458918571472,668.0446129619237
668.2548407643486,599.4458918571472,668.2548407643486
668.0446129619237,599.4458918571472,668.0446129619237
668.2426984260878,599.3958916664124,668.2426984260878
668.2426984260878,599.3958916664124,668.2426984260878
668.0446129619237,599.4458918571472,668.0446129619237
668.0351390248902,599.3958916664124,668.0351390248902
668.2426984260878,599.3958916664124,668.2426984260878
668.0351390248902,599.3958916664124,668.0351390248902
668.2095251479548,599.3592891693115,668.2095251479548
668.2095251479548,599.3592891693115,668.2095251479548
668.0351390248902,599.3958916664124,668.0351390248902
668.0092574885996,599.3592891693115,668.0092574885996
668.2095251479548,599.3592891693115,668.2095251479548
668.0092574885996,599.3592891693115,668.0092574885996
668.1642098687358,599.3458919525146,668.1642098687358
668.1642098687358,599.3458919525146,668.1642098687358
668.0092574885996,599.3592891693115,668.0092574885996
667.9739020152754,599.3458919525146,667.9739020152754
668.1642098687358,599.3458919525146,668.1642098687358
667.9739020152754,599.3458919525146,667.9739020152754
667.29836289801,599.3458919525146,667.29836289801
667.29836289801,599.3458919525146,667.29836289801
667.9739020152754,599.3458919525146,667.9739020152754
667.7021135154447,599.3458919525146,667.7021135154447
667.29836289801,599.3458919525146,667.29836289801
667.7021135154447,599.3458919525146,667.7021135154447
667.3816275361536,599.3458919525146,667.3816275361536
667.9739020152754,599.3458919525146,667.9739020152754
668.0092574885996,599.3592891693115,668.0092574885996
667.7232445962273,599.3592891693115,667.7232445962273
667.9739020152754,599.3458919525146,667.9739020152754
667.7232445962273,599.3592891693115,667.7232445962273
667.7021135154447,599.3458919525146,667.7021135154447
667.7021135154447,599.3458919525146,667.7021135154447
667.7232445962273,599.3592891693115,667.7232445962273
667.3859855202151,599.3592891693115,667.3859855202151
667.7021135154447,599.3458919525146,667.7021135154447
667.3859855202151,599.3592891693115,667.3859855202151
667.3816275361536,599.3458919525146,667.3816275361536
667.3816275361536,599.3458919525146,667.3816275361536
667.3859855202151,599.3592891693115,667.3859855202151
667.0381570263015,599.3592891693115,667.0381570263015
668.0092574885996,599.3592891693115,668.0092574885996
668.0351390248902,599.3958916664124,668.0351390248902
667.7387135008904,599.3958916664124,667.7387135008904
668.0092574885996,599.3592891693115,668.0092574885996
667.7387135008904,599.3958916664124,667.7387135008904
667.7232445962273,599.3592891693115,667.7232445962273
667.7232445962273,599.3592891693115,667.7232445962273
667.7387135008904,599.3958916664124,667.7387135008904
667.3891755308306,599.3958916664124,667.3891755308306
667.7232445962273,599.3592891693115,667.7232445962273
667.3891755308306,599.3958916664124,667.3891755308306
667.3859855202151,599.3592891693115,667.3859855202151
667.3859855202151,599.3592891693115,667.3859855202151
667.3891755308306,599.3958916664124,667.3891755308306
667.0286841007924,599.3958916664124,667.0286841007924
667.3859855202151,599.3592891693115,667.3859855202151
667.0286841007924,599.3958916664124,667.0286841007924
667.0381570263015,599.3592891693115,667.0381570263015
667.0381570263015,599.3592891693115,667.0381570263015
667.0286841007924,599.3958916664124,667.0286841007924
666.7007192476547,599.3958916664124,666.7007192476547
668.0351390248902,599.3958916664124,668.0351390248902
668.0446129619237,599.4458918571472,668.0446129619237
667.7443756770099,599.4458918571472,667.7443756770099
668.0351390248902,599.3958916664124,668.0351390248902
667.7443756770099,599.4458918571472,667.7443756770099
667.7387135008904,599.3958916664124,667.7387135008904
667.7387135008904,599.3958916664124,667.7387135008904
667.7443756770099,599.4458918571472,667.7443756770099
667.3903428299269,599.4458918571472,667.3903428299269
667.7387135008904,599.3958916664124,667.7387135008904
667.3903428299269,599.4458918571472,667.3903428299269
667.3891755308306,599.3958916664124,667.3891755308306
667.3891755308306,599.3958916664124,667.3891755308306
667.3903428299269,599.4458918571472,667.3903428299269
667.0252162581562,599.4458918571472,667.0252162581562
667.3891755308306,599.3958916664124,667.3891755308306
667.0252162581562,599.4458918571472,667.0252162581562
667.0286841007924,599.3958916664124,667.0286841007924
667.0286841007924,599.3958916664124,667.0286841007924
667.0252162581562,599.4458918571472,667.0252162581562
666.6930350343657,599.4458918571472,666.6930350343657
667.0286841007924,599.3958916664124,667.0286841007924
666.6930350343657,599.4458918571472,666.6930350343657
666.7007192476547,599.3958916664124,666.7007192476547
666.7007192476547,599.3958916664124,666.7007192476547
666.6930350343657,599.4458918571472,666.6930350343657
666.4338649635885,599.4458918571472,666.4338649635885
668.0446129619237,599.4458918571472,668.0446129619237
668.2548407643486,599.7458915710449,668.2548407643486
668.0446129619237,599.7458915710449,668.0446129619237
668.0446129619237,599.4458918571472,668.0446129619237
668.0446129619237,599.7458915710449,668.0446129619237
667.7443756770099,599.4458918571472,667.7443756770099
667.7443756770099,599.4458918571472,667.7443756770099
668.0446129619237,599.7458915710449,668.0446129619237
667.7443756770099,599.7458915710449,667.7443756770099
667.7443756770099,599.4458918571472,667.7443756770099
667.7443756770099,599.7458915710449,667.7443756770099
667.3903428299269,599.4458918571472,667.3903428299269
667.3903428299269,599.4458918571472,667.3903428299269
667.7443756770099,599.7458915710449,667.7443756770099
667.3903428299269,599.7458915710449,667.3903428299269
667.3903428299269,599.4458918571472,667.3903428299269
667.3903428299269,599.7458915710449,667.3903428299269
667.0252162581562,599.4458918571472,667.0252162581562
667.0252162581562,599.4458918571472,667.0252162581562
667.3903428299269,599.7458915710449,667.3903428299269
667.0252162581562,599.7458915710449,667.0252162581562
667.0252162581562,599.4458918571472,667.0252162581562
667.0252162581562,599.7458915710449,667.0252162581562
666.6930350343657,599.4458918571472,666.6930350343657
666.6930350343657,599.4458918571472,666.6930350343657
667.0252162581562,599.7458915710449,667.0252162581562
666.6930350343657,599.7458915710449,666.6930350343657
666.6930350343657,599.4458918571472,666.6930350343657
666.6930350343657,599.7458915710449,666.6930350343657
666.4338649635885,599.4458918571472,666.4338649635885
666.4338649635885,599.4458918571472,666.4338649635885
666.6930350343657,599.7458915710449,666.6930350343657
666.4338649635885,599.7458915710449,666.4338649635885
668.2548407643486,599.7458915710449,668.2548407643486
668.2426984260878,599.7958917617798,668.2426984260878
668.0351390248902,599.7958917617798,668.0351390248902
668.2548407643486,599.7458915710449,668.2548407643486
668.0351390248902,599.7958917617798,668.0351390248902
668.0446129619237,599.7458915710449,668.0446129619237
668.0446129619237,599.7458915710449,668.0446129619237
668.0351390248902,599.7958917617798,668.0351390248902
667.7387135008904,599.7958917617798,667.7387135008904
668.0446129619237,599.7458915710449,668.0446129619237
667.7387135008904,599.7958917617798,667.7387135008904
667.7443756770099,599.7458915710449,667.7443756770099
667.7443756770099,599.7458915710449,667.7443756770099
667.7387135008904,599.7958917617798,667.7387135008904
667.3891755308306,599.7958917617798,667.3891755308306
667.7443756770099,599.7458915710449,667.7443756770099
667.3891755308306,599.7958917617798,667.3891755308306
667.3903428299269,599.7458915710449,667.3903428299269
667.3903428299269,599.7458915710449,667.3903428299269
667.3891755308306,599.7958917617798,667.3891755308306
667.0286841007924,599.7958917617798,667.0286841007924
667.3903428299269,599.7458915710449,667.3903428299269
667.0286841007924,599.7958917617798,667.0286841007924
667.0252162581562,599.7458915710449,667.0252162581562
667.0252162581562,599.7458915710449,667.0252162581562
667.0286841007924,599.7958917617798,667.0286841007924
666.7007192476547,599.7958917617798,666.7007192476547
667.0252162581562,599.7458915710449,667.0252162581562
666.7007192476547,599.7958917617798,666.7007192476547
666.6930350343657,599.7458915710449,666.6930350343657
666.6930350343657,599.7458915710449,666.6930350343657
666.7007192476547,599.7958917617798,666.7007192476547
666.4448393284033,599.7958917617798,666.4448393284033
666.6930350343657,599.7458915710449,666.6930350343657
666.4448393284033,599.7958917617798,666.4448393284033
666.4338649635885,599.7458915710449,666.4338649635885
666.4338649635885,599.7458915710449,666.4338649635885
666.4448393284033,599.7958917617798,666.4448393284033
666.2919066252132,599.7958917617798,666.2919066252132
668.2426984260878,599.7958917617798,668.2426984260878
668.2095251479548,599.8324942588806,668.2095251479548
668.0092574885996,599.8324942588806,668.0092574885996
668.2426984260878,599.7958917617798,668.2426984260878
668.0092574885996,599.8324942588806,668.0092574885996
668.0351390248902,599.7958917617798,668.0351390248902
668.2095251479548,599.8324942588806,668.2095251479548
667.9739020152754,599.8458919525146,667.9739020152754
668.0092574885996,599.8324942588806,668.0092574885996
666.8681808122149,599.8458919525146,666.8681808122149
666.4325155901096,599.8458919525146,666.4325155901096
666.5739186016184,599.8458919525146,666.5739186016184
668.0351390248902,599.7958917617798,668.0351390248902
668.0092574885996,599.8324942588806,668.0092574885996
667.7232445962273,599.8324942588806,667.7232445962273
668.0351390248902,599.7958917617798,668.0351390248902
667.7232445962273,599.8324942588806,667.7232445962273
667.7387135008904,599.7958917617798,667.7387135008904
668.0092574885996,599.8324942588806,668.0092574885996
667.9739020152754,599.8458919525146,667.9739020152754
667.7021135154447,599.8458919525146,667.7021135154447
668.0092574885996,599.8324942588806,668.0092574885996
667.7021135154447,599.8458919525146,667.7021135154447
667.7232445962273,599.8324942588806,667.7232445962273
667.9739020152754,599.8458919525146,667.9739020152754
667.492477117588,599.8458919525146,667.492477117588
667.7021135154447,599.8458919525146,667.7021135154447
667.7021135154447,599.8458919525146,667.7021135154447
667.492477117588,599.8458919525146,667.492477117588
667.3816275361536,599.8458919525146,667.3816275361536
667.7021135154447,599.8458919525146,667.7021135154447
667.3816275361536,599.8458919525146,667.3816275361536
667.7232445962273,599.8324942588806,667.7232445962273
667.7232445962273,599.8324942588806,667.7232445962273
667.3816275361536,599.8458919525146,667.3816275361536
667.3859855202151,599.8324942588806,667.3859855202151
667.7232445962273,599.8324942588806,667.7232445962273
667.3859855202151,599.8324942588806,667.3859855202151
667.7387135008904,599.7958917617798,667.7387135008904
667.7387135008904,599.7958917617798,667.7387135008904
667.3859855202151,599.8324942588806,667.3859855202151
667.3891755308306,599.7958917617798,667.3891755308306
667.3816275361536,599.8458919525146,667.3816275361536
667.492477117588,599.8458919525146,667.492477117588
667.0510981316216,599.8458919525146,667.0510981316216
667.3816275361536,599.8458919525146,667.3816275361536
667.0510981316216,599.8458919525146,667.0510981316216
667.3859855202151,599.8324942588806,667.3859855202151
667.492477117588,599.8458919525146,667.492477117588
666.9813987093203,599.8458919525146,666.9813987093203
667.0510981316216,599.8458919525146,667.0510981316216
667.3859855202151,599.8324942588806,667.3859855202151
667.0510981316216,599.8458919525146,667.0510981316216
667.0381570263015,599.8324942588806,667.0381570263015
667.3859855202151,599.8324942588806,667.3859855202151
667.0381570263015,599.8324942588806,667.0381570263015
667.3891755308306,599.7958917617798,667.3891755308306
667.3891755308306,599.7958917617798,667.3891755308306
667.0381570263015,599.8324942588806,667.0381570263015
667.0286841007924,599.7958917617798,667.0286841007924
667.0510981316216,599.8458919525146,667.0510981316216
666.9813987093203,599.8458919525146,666.9813987093203
666.7503921737604,599.8458919525146,666.7503921737604
667.0510981316216,599.8458919525146,667.0510981316216
666.7503921737604,599.8458919525146,666.7503921737604
667.0381570263015,599.8324942588806,667.0381570263015
667.0381570263015,599.8324942588806,667.0381570263015
666.7503921737604,599.8458919525146,666.7503921737604
666.7217130983008,599.8324942588806,666.7217130983008
667.0381570263015,599.8324942588806,667.0381570263015
666.7217130983008,599.8324942588806,666.7217130983008
667.0286841007924,599.7958917617798,667.0286841007924
667.0286841007924,599.7958917617798,667.0286841007924
666.7217130983008,599.8324942588806,666.7217130983008
666.7007192476547,599.7958917617798,666.7007192476547
666.7503921737604,599.8458919525146,666.7503921737604
666.9813987093203,599.8458919525146,666.9813987093203
666.5157798910784,599.8458919525146,666.5157798910784
666.7503921737604,599.8458919525146,666.7503921737604
666.5157798910784,599.8458919525146,666.5157798910784
666.7217130983008,599.8324942588806,666.7217130983008
666.9813987093203,599.8458919525146,666.9813987093203
666.6186316866763,599.8458919525146,666.6186316866763
666.5157798910784,599.8458919525146,666.5157798910784
666.7217130983008,599.8324942588806,666.7217130983008
666.5157798910784,599.8458919525146,666.5157798910784
666.474822258746,599.8324942588806,666.474822258746
666.7217130983008,599.8324942588806,666.7217130983008
666.474822258746,599.8324942588806,666.474822258746
666.7007192476547,599.7958917617798,666.7007192476547
666.7007192476547,599.7958917617798,666.7007192476547
666.474822258746,599.8324942588806,666.474822258746
666.4448393284033,599.7958917617798,666.4448393284033
666.5157798910784,599.8458919525146,666.5157798910784
666.6186316866763,599.8458919525146,666.6186316866763
666.3755590143563,599.8458919525146,666.3755590143563
666.5157798910784,599.8458919525146,666.5157798910784
666.3755590143563,599.8458919525146,666.3755590143563
666.474822258746,599.8324942588806,666.474822258746
666.474822258746,599.8324942588806,666.474822258746
666.3755590143563,599.8458919525146,666.3755590143563
666.3272631100616,599.8324942588806,666.3272631100616
666.474822258746,599.8324942588806,666.474822258746
666.3272631100616,599.8324942588806,666.3272631100616
666.4448393284033,599.7958917617798,666.4448393284033
666.4448393284033,599.7958917617798,666.4448393284033
666.3272631100616,599.8324942588806,666.3272631100616
666.2919066252132,599.7958917617798,666.2919066252132
666.2919066252132,599.7958917617798,666.2919066252132
666.3272631100616,599.8324942588806,666.3272631100616
666.2968307257341,599.8324942588806,666.2968307257341
666.3272631100616,599.8324942588806,666.3272631100616
666.3755590143563,599.8458919525146,666.3755590143563
666.3466412191509,599.8458919525146,666.3466412191509
666.3272631100616,599.8324942588806,666.3272631100616
666.3466412191509,599.8458919525146,666.3466412191509
666.2968307257341,599.8324942588806,666.2968307257341
666.3755590143563,599.8458919525146,666.3755590143563
666.6186316866763,599.8458919525146,666.6186316866763
666.3466412191509,599.8458919525146,666.3466412191509
666.2968307257341,599.8324942588806,666.2968307257341
666.3466412191509,599.8458919525146,666.3466412191509
666.4325155901096,599.8458919525146,666.4325155901096
666.4325155901096,599.8458919525146,666.4325155901096
666.3466412191509,599.8458919525146,666.3466412191509
666.5739186016184,599.8458919525146,666.5739186016184
666.3466412191509,599.8458919525146,666.3466412191509
666.6186316866763,599.8458919525146,666.6186316866763
666.5739186016184,599.8458919525146,666.5739186016184
666.5512166235251,616.6841907501221,666.5512166235251
666.3466412191509,616.6841907501221,666.3466412191509
666.4325155901096,616.6841907501221,666.4325155901096
666.3466412191509,616.6841907501221,666.3466412191509
666.5512166235251,616.6841907501221,666.5512166235251
666.3755590143563,616.6841907501221,666.3755590143563
666.3466412191509,616.6841907501221,666.3466412191509
666.3755590143563,616.6841907501221,666.3755590143563
666.2968307257341,616.697587966919,666.2968307257341
666.3466412191509,616.6841907501221,666.3466412191509
666.2968307257341,616.697587966919,666.2968307257341
666.387199636541,616.697587966919,666.387199636541
666.3466412191509,616.6841907501221,666.3466412191509
666.387199636541,616.697587966919,666.387199636541
666.4325155901096,616.6841907501221,666.4325155901096
666.387199636541,616.697587966919,666.387199636541
666.2968307257341,616.697587966919,666.2968307257341
666.3540263584081,616.7341899871826,666.3540263584081
666.387199636541,616.697587966919,666.387199636541
666.3540263584081,616.7341899871826,666.3540263584081
666.5615860967804,616.7341899871826,666.5615860967804
666.387199636541,616.697587966919,666.387199636541
666.5615860967804,616.7341899871826,666.5615860967804
666.587467633071,616.697587966919,666.587467633071
666.387199636541,616.697587966919,666.387199636541
666.587467633071,616.697587966919,666.587467633071
666.4325155901096,616.6841907501221,666.4325155901096
666.2968307257341,616.697587966919,666.2968307257341
666.3755590143563,616.6841907501221,666.3755590143563
666.3272631100616,616.697587966919,666.3272631100616
666.2968307257341,616.697587966919,666.2968307257341
666.3272631100616,616.697587966919,666.3272631100616
666.2603683075996,616.7341899871826,666.2603683075996
666.2968307257341,616.697587966919,666.2968307257341
666.2603683075996,616.7341899871826,666.2603683075996
666.3540263584081,616.7341899871826,666.3540263584081
666.3540263584081,616.7341899871826,666.3540263584081
666.2603683075996,616.7341899871826,666.2603683075996
666.3418850316716,616.7841911315918,666.3418850316716
666.3540263584081,616.7341899871826,666.3540263584081
666.3418850316716,616.7841911315918,666.3418850316716
666.5521128340964,616.7841911315918,666.5521128340964
666.3540263584081,616.7341899871826,666.3540263584081
666.5521128340964,616.7841911315918,666.5521128340964
666.5615860967804,616.7341899871826,666.5615860967804
666.2603683075996,616.7341899871826,666.2603683075996
666.3272631100616,616.697587966919,666.3272631100616
666.2919066252132,616.7341899871826,666.2919066252132
666.2603683075996,616.7341899871826,666.2603683075996
666.2919066252132,616.7341899871826,666.2919066252132
666.2470215810164,616.7841911315918,666.2470215810164
666.2603683075996,616.7341899871826,666.2603683075996
666.2470215810164,616.7841911315918,666.2470215810164
666.3418850316716,616.7841911315918,666.3418850316716
666.3418850316716,616.7841911315918,666.3418850316716
666.2470215810164,616.7841911315918,666.2470215810164
666.2470215810164,617.0841903686523,666.2470215810164
666.3418850316716,616.7841911315918,666.3418850316716
666.2470215810164,617.0841903686523,666.2470215810164
666.3418850316716,617.0841903686523,666.3418850316716
666.3418850316716,616.7841911315918,666.3418850316716
666.3418850316716,617.0841903686523,666.3418850316716
666.5521128340964,616.7841911315918,666.5521128340964
666.2470215810164,616.7841911315918,666.2470215810164
666.2919066252132,616.7341899871826,666.2919066252132
666.2789655198931,616.7841911315918,666.2789655198931
666.2470215810164,616.7841911315918,666.2470215810164
666.2789655198931,616.7841911315918,666.2789655198931
666.2789655198931,617.0841903686523,666.2789655198931
666.2470215810164,616.7841911315918,666.2470215810164
666.2789655198931,617.0841903686523,666.2789655198931
666.2470215810164,617.0841903686523,666.2470215810164
666.2470215810164,617.0841903686523,666.2470215810164
666.2789655198931,617.0841903686523,666.2789655198931
666.2603683075996,617.1341896057129,666.2603683075996
666.2470215810164,617.0841903686523,666.2470215810164
666.2603683075996,617.1341896057129,666.2603683075996
666.3540263584081,617.1341896057129,666.3540263584081
666.2470215810164,617.0841903686523,666.2470215810164
666.3540263584081,617.1341896057129,666.3540263584081
666.3418850316716,617.0841903686523,666.3418850316716
666.2789655198931,617.0841903686523,666.2789655198931
666.2789655198931,616.7841911315918,666.2789655198931
666.4338649635885,617.0841903686523,666.4338649635885
666.2789655198931,617.0841903686523,666.2789655198931
666.4338649635885,617.0841903686523,666.4338649635885
666.2919066252132,617.1341896057129,666.2919066252132
666.2789655198931,617.0841903686523,666.2789655198931
666.2919066252132,617.1341896057129,666.2919066252132
666.2603683075996,617.1341896057129,666.2603683075996
666.2603683075996,617.1341896057129,666.2603683075996
666.2919066252132,617.1341896057129,666.2919066252132
666.2968307257341,617.1707935333252,666.2968307257341
666.2603683075996,617.1341896057129,666.2603683075996
666.2968307257341,617.1707935333252,666.2968307257341
666.387199636541,617.1707935333252,666.387199636541
666.2603683075996,617.1341896057129,666.2603683075996
666.387199636541,617.1707935333252,666.387199636541
666.3540263584081,617.1341896057129,666.3540263584081
666.2919066252132,617.1341896057129,666.2919066252132
666.4338649635885,617.0841903686523,666.4338649635885
666.4448393284033,617.1341896057129,666.4448393284033
666.2919066252132,617.1341896057129,666.2919066252132
666.4448393284033,617.1341896057129,666.4448393284033
666.3272631100616,617.1707935333252,666.3272631100616
666.2919066252132,617.1341896057129,666.2919066252132
666.3272631100616,617.1707935333252,666.3272631100616
666.2968307257341,617.1707935333252,666.2968307257341
666.2968307257341,617.1707935333252,666.2968307257341
666.3272631100616,617.1707935333252,666.3272631100616
666.3466412191509,617.1841907501221,666.3466412191509
666.2968307257341,617.1707935333252,666.2968307257341
666.3466412191509,617.1841907501221,666.3466412191509
666.4325155901096,617.1841907501221,666.4325155901096
666.2968307257341,617.1707935333252,666.2968307257341
666.4325155901096,617.1841907501221,666.4325155901096
666.387199636541,617.1707935333252,666.387199636541
666.4325155901096,617.1841907501221,666.4325155901096
666.3466412191509,617.1841907501221,666.3466412191509
667.29836289801,617.1841907501221,667.29836289801
666.4325155901096,617.1841907501221,666.4325155901096
667.29836289801,617.1841907501221,667.29836289801
666.6228237807447,617.1841907501221,666.6228237807447
666.4325155901096,617.1841907501221,666.4325155901096
666.6228237807447,617.1841907501221,666.6228237807447
666.387199636541,617.1707935333252,666.387199636541
666.3466412191509,617.1841907501221,666.3466412191509
666.3272631100616,617.1707935333252,666.3272631100616
666.3755590143563,617.1841907501221,666.3755590143563
666.3466412191509,617.1841907501221,666.3466412191509
666.3755590143563,617.1841907501221,666.3755590143563
667.29836289801,617.1841907501221,667.29836289801
666.3272631100616,617.1707935333252,666.3272631100616
666.4448393284033,617.1341896057129,666.4448393284033
666.474822258746,617.1707935333252,666.474822258746
666.3272631100616,617.1707935333252,666.3272631100616
666.474822258746,617.1707935333252,666.474822258746
666.3755590143563,617.1841907501221,666.3755590143563
666.3755590143563,617.1841907501221,666.3755590143563
666.474822258746,617.1707935333252,666.474822258746
666.5157798910784,617.1841907501221,666.5157798910784
666.3755590143563,617.1841907501221,666.3755590143563
666.5157798910784,617.1841907501221,666.5157798910784
667.29836289801,617.1841907501221,667.29836289801
666.387199636541,617.1707935333252,666.387199636541
666.6228237807447,617.1841907501221,666.6228237807447
666.587467633071,617.1707935333252,666.587467633071
666.387199636541,617.1707935333252,666.387199636541
666.587467633071,617.1707935333252,666.587467633071
666.3540263584081,617.1341896057129,666.3540263584081
666.6228237807447,617.1841907501221,666.6228237807447
667.29836289801,617.1841907501221,667.29836289801
666.8946119434007,617.1841907501221,666.8946119434007
666.6228237807447,617.1841907501221,666.6228237807447
666.8946119434007,617.1841907501221,666.8946119434007
666.587467633071,617.1707935333252,666.587467633071
666.3540263584081,617.1341896057129,666.3540263584081
666.587467633071,617.1707935333252,666.587467633071
666.5615860967804,617.1341896057129,666.5615860967804
666.3540263584081,617.1341896057129,666.3540263584081
666.5615860967804,617.1341896057129,666.5615860967804
666.3418850316716,617.0841903686523,666.3418850316716
666.587467633071,617.1707935333252,666.587467633071
666.8946119434007,617.1841907501221,666.8946119434007
666.8734801882686,617.1707935333252,666.8734801882686
666.587467633071,617.1707935333252,666.587467633071
666.8734801882686,617.1707935333252,666.8734801882686
666.5615860967804,617.1341896057129,666.5615860967804
666.8946119434007,617.1841907501221,666.8946119434007
667.29836289801,617.1841907501221,667.29836289801
667.2150979226918,617.1841907501221,667.2150979226918
666.8946119434007,617.1841907501221,666.8946119434007
667.2150979226918,617.1841907501221,667.2150979226918
666.8734801882686,617.1707935333252,666.8734801882686
666.3418850316716,617.0841903686523,666.3418850316716
666.5615860967804,617.1341896057129,666.5615860967804
666.5521128340964,617.0841903686523,666.5521128340964
666.3418850316716,617.0841903686523,666.3418850316716
666.5521128340964,617.0841903686523,666.5521128340964
666.5521128340964,616.7841911315918,666.5521128340964
666.5615860967804,617.1341896057129,666.5615860967804
666.8734801882686,617.1707935333252,666.8734801882686
666.8580112836054,617.1341896057129,666.8580112836054
666.5615860967804,617.1341896057129,666.5615860967804
666.8580112836054,617.1341896057129,666.8580112836054
666.5521128340964,617.0841903686523,666.5521128340964
666.8734801882686,617.1707935333252,666.8734801882686
667.2150979226918,617.1841907501221,667.2150979226918
667.2107392642807,617.1707935333252,667.2107392642807
666.8734801882686,617.1707935333252,666.8734801882686
667.2107392642807,617.1707935333252,667.2107392642807
666.8580112836054,617.1341896057129,666.8580112836054
667.2150979226918,617.1841907501221,667.2150979226918
667.29836289801,617.1841907501221,667.29836289801
667.5456273272238,617.1841907501221,667.5456273272238
667.2150979226918,617.1841907501221,667.2150979226918
667.5456273272238,617.1841907501221,667.5456273272238
667.2107392642807,617.1707935333252,667.2107392642807
666.5521128340964,616.7841911315918,666.5521128340964
666.5521128340964,617.0841903686523,666.5521128340964
666.8523501190103,616.7841911315918,666.8523501190103
666.5521128340964,616.7841911315918,666.5521128340964
666.8523501190103,616.7841911315918,666.8523501190103
666.5615860967804,616.7341899871826,666.5615860967804
666.5521128340964,617.0841903686523,666.5521128340964
666.8580112836054,617.1341896057129,666.8580112836054
666.8523501190103,617.0841903686523,666.8523501190103
666.5521128340964,617.0841903686523,666.5521128340964
666.8523501190103,617.0841903686523,666.8523501190103
666.8523501190103,616.7841911315918,666.8523501190103
666.8580112836054,617.1341896057129,666.8580112836054
667.2107392642807,617.1707935333252,667.2107392642807
667.2075499280148,617.1341896057129,667.2075499280148
666.8580112836054,617.1341896057129,666.8580112836054
667.2075499280148,617.1341896057129,667.2075499280148
666.8523501190103,617.0841903686523,666.8523501190103
667.2107392642807,617.1707935333252,667.2107392642807
667.5456273272238,617.1841907501221,667.5456273272238
667.5585687697186,617.1707935333252,667.5585687697186
667.2107392642807,617.1707935333252,667.2107392642807
667.5585687697186,617.1707935333252,667.5585687697186
667.2075499280148,617.1341896057129,667.2075499280148
667.5456273272238,617.1841907501221,667.5456273272238
667.29836289801,617.1841907501221,667.29836289801
667.8463326107354,617.1841907501221,667.8463326107354
667.5456273272238,617.1841907501221,667.5456273272238
667.8463326107354,617.1841907501221,667.8463326107354
667.5585687697186,617.1707935333252,667.5585687697186
666.5615860967804,616.7341899871826,666.5615860967804
666.8523501190103,616.7841911315918,666.8523501190103
666.8580112836054,616.7341899871826,666.8580112836054
666.5615860967804,616.7341899871826,666.5615860967804
666.8580112836054,616.7341899871826,666.8580112836054
666.587467633071,616.697587966919,666.587467633071
666.8523501190103,616.7841911315918,666.8523501190103
666.8523501190103,617.0841903686523,666.8523501190103
667.2063819545689,616.7841911315918,667.2063819545689
666.8523501190103,616.7841911315918,666.8523501190103
667.2063819545689,616.7841911315918,667.2063819545689
666.8580112836054,616.7341899871826,666.8580112836054
666.8523501190103,617.0841903686523,666.8523501190103
667.2075499280148,617.1341896057129,667.2075499280148
667.2063819545689,617.0841903686523,667.2063819545689
666.8523501190103,617.0841903686523,666.8523501190103
667.2063819545689,617.0841903686523,667.2063819545689
667.2063819545689,616.7841911315918,667.2063819545689
667.2075499280148,617.1341896057129,667.2075499280148
667.5585687697186,617.1707935333252,667.5585687697186
667.5680410208782,617.1341896057129,667.5680410208782
667.2075499280148,617.1341896057129,667.2075499280148
667.5680410208782,617.1341896057129,667.5680410208782
667.2063819545689,617.0841903686523,667.2063819545689
667.5585687697186,617.1707935333252,667.5585687697186
667.8463326107354,617.1841907501221,667.8463326107354
667.875011686195,617.1707935333252,667.875011686195
667.5585687697186,617.1707935333252,667.5585687697186
667.875011686195,617.1707935333252,667.875011686195
667.5680410208782,617.1341896057129,667.5680410208782
667.8463326107354,617.1841907501221,667.8463326107354
667.29836289801,617.1841907501221,667.29836289801
668.0809448934175,617.1841907501221,668.0809448934175
667.8463326107354,617.1841907501221,667.8463326107354
668.0809448934175,617.1841907501221,668.0809448934175
667.875011686195,617.1707935333252,667.875011686195
668.0809448934175,617.1841907501221,668.0809448934175
667.29836289801,617.1841907501221,667.29836289801
668.2211664444891,617.1841907501221,668.2211664444891
668.0809448934175,617.1841907501221,668.0809448934175
668.2211664444891,617.1841907501221,668.2211664444891
668.1219025257499,617.1707935333252,668.1219025257499
668.0809448934175,617.1841907501221,668.0809448934175
668.1219025257499,617.1707935333252,668.1219025257499
667.875011686195,617.1707935333252,667.875011686195
667.875011686195,617.1707935333252,667.875011686195
668.1219025257499,617.1707935333252,668.1219025257499
667.8960058740159,617.1341896057129,667.8960058740159
667.875011686195,617.1707935333252,667.875011686195
667.8960058740159,617.1341896057129,667.8960058740159
667.5680410208782,617.1341896057129,667.5680410208782
667.5680410208782,617.1341896057129,667.5680410208782
667.8960058740159,617.1341896057129,667.8960058740159
667.5715085263396,617.0841903686523,667.5715085263396
667.5680410208782,617.1341896057129,667.5680410208782
667.5715085263396,617.0841903686523,667.5715085263396
667.2063819545689,617.0841903686523,667.2063819545689
667.2063819545689,617.0841903686523,667.2063819545689
667.5715085263396,617.0841903686523,667.5715085263396
667.5715085263396,616.7841911315918,667.5715085263396
667.2063819545689,617.0841903686523,667.2063819545689
667.5715085263396,616.7841911315918,667.5715085263396
667.2063819545689,616.7841911315918,667.2063819545689
667.2063819545689,616.7841911315918,667.2063819545689
667.5715085263396,616.7841911315918,667.5715085263396
667.2075499280148,616.7341899871826,667.2075499280148
667.2063819545689,616.7841911315918,667.2063819545689
667.2075499280148,616.7341899871826,667.2075499280148
666.8580112836054,616.7341899871826,666.8580112836054
666.8580112836054,616.7341899871826,666.8580112836054
667.2075499280148,616.7341899871826,667.2075499280148
666.8734801882686,616.697587966919,666.8734801882686
666.8580112836054,616.7341899871826,666.8580112836054
666.8734801882686,616.697587966919,666.8734801882686
666.587467633071,616.697587966919,666.587467633071
666.587467633071,616.697587966919,666.587467633071
666.8734801882686,616.697587966919,666.8734801882686
666.6228237807447,616.6841907501221,666.6228237807447
666.587467633071,616.697587966919,666.587467633071
666.6228237807447,616.6841907501221,666.6228237807447
666.4325155901096,616.6841907501221,666.4325155901096
666.8734801882686,616.697587966919,666.8734801882686
667.2075499280148,616.7341899871826,667.2075499280148
667.2107392642807,616.697587966919,667.2107392642807
666.8734801882686,616.697587966919,666.8734801882686
667.2107392642807,616.697587966919,667.2107392642807
666.8946119434007,616.6841907501221,666.8946119434007
666.8734801882686,616.697587966919,666.8734801882686
666.8946119434007,616.6841907501221,666.8946119434007
666.6228237807447,616.6841907501221,666.6228237807447
667.2075499280148,616.7341899871826,667.2075499280148
667.5715085263396,616.7841911315918,667.5715085263396
667.5680410208782,616.7341899871826,667.5680410208782
667.2075499280148,616.7341899871826,667.2075499280148
667.5680410208782,616.7341899871826,667.5680410208782
667.2107392642807,616.697587966919,667.2107392642807
667.5715085263396,616.7841911315918,667.5715085263396
667.5715085263396,617.0841903686523,667.5715085263396
667.9036904244797,616.7841911315918,667.9036904244797
667.5715085263396,616.7841911315918,667.5715085263396
667.9036904244797,616.7841911315918,667.9036904244797
667.5680410208782,616.7341899871826,667.5680410208782
667.5715085263396,617.0841903686523,667.5715085263396
667.8960058740159,617.1341896057129,667.8960058740159
667.9036904244797,617.0841903686523,667.9036904244797
667.5715085263396,617.0841903686523,667.5715085263396
667.9036904244797,617.0841903686523,667.9036904244797
667.9036904244797,616.7841911315918,667.9036904244797
667.8960058740159,617.1341896057129,667.8960058740159
668.1219025257499,617.1707935333252,668.1219025257499
668.1518857932673,617.1341896057129,668.1518857932673
667.8960058740159,617.1341896057129,667.8960058740159
668.1518857932673,617.1341896057129,668.1518857932673
667.9036904244797,617.0841903686523,667.9036904244797
668.1219025257499,617.1707935333252,668.1219025257499
668.2211664444891,617.1841907501221,668.2211664444891
668.2694626859585,617.1707935333252,668.2694626859585
668.1219025257499,617.1707935333252,668.1219025257499
668.2694626859585,617.1707935333252,668.2694626859585
668.1518857932673,617.1341896057129,668.1518857932673
668.2211664444891,617.1841907501221,668.2211664444891
667.29836289801,617.1841907501221,667.29836289801
668.2500842396945,617.1841907501221,668.2500842396945
668.2211664444891,617.1841907501221,668.2211664444891
668.2500842396945,617.1841907501221,668.2500842396945
668.2694626859585,617.1707935333252,668.2694626859585
668.2500842396945,617.1841907501221,668.2500842396945
667.29836289801,617.1841907501221,667.29836289801
668.1642098687358,617.1841907501221,668.1642098687358
668.2500842396945,617.1841907501221,668.2500842396945
668.1642098687358,617.1841907501221,668.1642098687358
668.2998940587618,617.1707935333252,668.2998940587618
668.2500842396945,617.1841907501221,668.2500842396945
668.2998940587618,617.1707935333252,668.2998940587618
668.2694626859585,617.1707935333252,668.2694626859585
668.2694626859585,617.1707935333252,668.2694626859585
668.2998940587618,617.1707935333252,668.2998940587618
668.3048184964575,617.1341896057129,668.3048184964575
668.2694626859585,617.1707935333252,668.2694626859585
668.3048184964575,617.1341896057129,668.3048184964575
668.1518857932673,617.1341896057129,668.1518857932673
668.1518857932673,617.1341896057129,668.1518857932673
668.3048184964575,617.1341896057129,668.3048184964575
668.162860495257,617.0841903686523,668.162860495257
668.1518857932673,617.1341896057129,668.1518857932673
668.162860495257,617.0841903686523,668.162860495257
667.9036904244797,617.0841903686523,667.9036904244797
667.9036904244797,617.0841903686523,667.9036904244797
668.162860495257,617.0841903686523,668.162860495257
668.162860495257,616.7841911315918,668.162860495257
667.9036904244797,617.0841903686523,667.9036904244797
668.162860495257,616.7841911315918,668.162860495257
667.9036904244797,616.7841911315918,667.9036904244797
667.9036904244797,616.7841911315918,667.9036904244797
668.162860495257,616.7841911315918,668.162860495257
667.8960058740159,616.7341899871826,667.8960058740159
667.9036904244797,616.7841911315918,667.9036904244797
667.8960058740159,616.7341899871826,667.8960058740159
667.5680410208782,616.7341899871826,667.5680410208782
667.5680410208782,616.7341899871826,667.5680410208782
667.8960058740159,616.7341899871826,667.8960058740159
667.5585687697186,616.697587966919,667.5585687697186
667.5680410208782,616.7341899871826,667.5680410208782
667.5585687697186,616.697587966919,667.5585687697186
667.2107392642807,616.697587966919,667.2107392642807
667.2107392642807,616.697587966919,667.2107392642807
667.5585687697186,616.697587966919,667.5585687697186
667.2150979226918,616.6841907501221,667.2150979226918
667.2107392642807,616.697587966919,667.2107392642807
667.2150979226918,616.6841907501221,667.2150979226918
666.8946119434007,616.6841907501221,666.8946119434007
666.8946119434007,616.6841907501221,666.8946119434007
667.2150979226918,616.6841907501221,667.2150979226918
667.2329958344867,616.6841907501221,667.2329958344867
666.8946119434007,616.6841907501221,666.8946119434007
667.2329958344867,616.6841907501221,667.2329958344867
666.6228237807447,616.6841907501221,666.6228237807447
666.6228237807447,616.6841907501221,666.6228237807447
667.2329958344867,616.6841907501221,667.2329958344867
666.7680328211964,616.6841907501221,666.7680328211964
666.6228237807447,616.6841907501221,666.6228237807447
666.7680328211964,616.6841907501221,666.7680328211964
666.4325155901096,616.6841907501221,666.4325155901096
667.2150979226918,616.6841907501221,667.2150979226918
667.5585687697186,616.697587966919,667.5585687697186
667.5456273272238,616.6841907501221,667.5456273272238
667.2150979226918,616.6841907501221,667.2150979226918
667.5456273272238,616.6841907501221,667.5456273272238
667.7285446466306,616.6841907501221,667.7285446466306
667.2150979226918,616.6841907501221,667.2150979226918
667.7285446466306,616.6841907501221,667.7285446466306
667.2329958344867,616.6841907501221,667.2329958344867
667.5585687697186,616.697587966919,667.5585687697186
667.8960058740159,616.7341899871826,667.8960058740159
667.875011686195,616.697587966919,667.875011686195
667.5585687697186,616.697587966919,667.5585687697186
667.875011686195,616.697587966919,667.875011686195
667.5456273272238,616.6841907501221,667.5456273272238
667.5456273272238,616.6841907501221,667.5456273272238
667.875011686195,616.697587966919,667.875011686195
667.8463326107354,616.6841907501221,667.8463326107354
667.5456273272238,616.6841907501221,667.5456273272238
667.8463326107354,616.6841907501221,667.8463326107354
667.7285446466306,616.6841907501221,667.7285446466306
667.8960058740159,616.7341899871826,667.8960058740159
668.162860495257,616.7841911315918,668.162860495257
668.1518857932673,616.7341899871826,668.1518857932673
667.8960058740159,616.7341899871826,667.8960058740159
668.1518857932673,616.7341899871826,668.1518857932673
667.875011686195,616.697587966919,667.875011686195
667.875011686195,616.697587966919,667.875011686195
668.1518857932673,616.7341899871826,668.1518857932673
668.1219025257499,616.697587966919,668.1219025257499
667.875011686195,616.697587966919,667.875011686195
668.1219025257499,616.697587966919,668.1219025257499
667.8463326107354,616.6841907501221,667.8463326107354
668.162860495257,616.7841911315918,668.162860495257
668.162860495257,617.0841903686523,668.162860495257
668.3177592646028,616.7841911315918,668.3177592646028
668.162860495257,616.7841911315918,668.162860495257
668.3177592646028,616.7841911315918,668.3177592646028
668.1518857932673,616.7341899871826,668.1518857932673
668.1518857932673,616.7341899871826,668.1518857932673
668.3177592646028,616.7841911315918,668.3177592646028
668.3048184964575,616.7341899871826,668.3048184964575
668.1518857932673,616.7341899871826,668.1518857932673
668.3048184964575,616.7341899871826,668.3048184964575
668.1219025257499,616.697587966919,668.1219025257499
668.162860495257,617.0841903686523,668.162860495257
668.3048184964575,617.1341896057129,668.3048184964575
668.3177592646028,617.0841903686523,668.3177592646028
668.162860495257,617.0841903686523,668.162860495257
668.3177592646028,617.0841903686523,668.3177592646028
668.3177592646028,616.7841911315918,668.3177592646028
668.3177592646028,616.7841911315918,668.3177592646028
668.3177592646028,617.0841903686523,668.3177592646028
668.3497032034795,616.7841911315918,668.3497032034795
668.3177592646028,616.7841911315918,668.3177592646028
668.3497032034795,616.7841911315918,668.3497032034795
668.3048184964575,616.7341899871826,668.3048184964575
668.3048184964575,617.1341896057129,668.3048184964575
668.2998940587618,617.1707935333252,668.2998940587618
668.3363571512458,617.1341896057129,668.3363571512458
668.3048184964575,617.1341896057129,668.3048184964575
668.3363571512458,617.1341896057129,668.3363571512458
668.3177592646028,617.0841903686523,668.3177592646028
668.3177592646028,617.0841903686523,668.3177592646028
668.3363571512458,617.1341896057129,668.3363571512458
668.3497032034795,617.0841903686523,668.3497032034795
668.3177592646028,617.0841903686523,668.3177592646028
668.3497032034795,617.0841903686523,668.3497032034795
668.3497032034795,616.7841911315918,668.3497032034795
668.2998940587618,617.1707935333252,668.2998940587618
668.1642098687358,617.1841907501221,668.1642098687358
668.2095251479548,617.1707935333252,668.2095251479548
668.2998940587618,617.1707935333252,668.2998940587618
668.2095251479548,617.1707935333252,668.2095251479548
668.3363571512458,617.1341896057129,668.3363571512458
668.3363571512458,617.1341896057129,668.3363571512458
668.2095251479548,617.1707935333252,668.2095251479548
668.2426984260878,617.1341896057129,668.2426984260878
668.3363571512458,617.1341896057129,668.3363571512458
668.2426984260878,617.1341896057129,668.2426984260878
668.3497032034795,617.0841903686523,668.3497032034795
668.1642098687358,617.1841907501221,668.1642098687358
667.29836289801,617.1841907501221,667.29836289801
667.9739020152754,617.1841907501221,667.9739020152754
668.1642098687358,617.1841907501221,668.1642098687358
667.9739020152754,617.1841907501221,667.9739020152754
668.2095251479548,617.1707935333252,668.2095251479548
668.2095251479548,617.1707935333252,668.2095251479548
667.9739020152754,617.1841907501221,667.9739020152754
668.0092574885996,617.1707935333252,668.0092574885996
668.2095251479548,617.1707935333252,668.2095251479548
668.0092574885996,617.1707935333252,668.0092574885996
668.2426984260878,617.1341896057129,668.2426984260878
667.9739020152754,617.1841907501221,667.9739020152754
667.29836289801,617.1841907501221,667.29836289801
667.7021135154447,617.1841907501221,667.7021135154447
667.9739020152754,617.1841907501221,667.9739020152754
667.7021135154447,617.1841907501221,667.7021135154447
668.0092574885996,617.1707935333252,668.0092574885996
667.7021135154447,617.1841907501221,667.7021135154447
667.29836289801,617.1841907501221,667.29836289801
667.3816275361536,617.1841907501221,667.3816275361536
667.7021135154447,617.1841907501221,667.7021135154447
667.3816275361536,617.1841907501221,667.3816275361536
667.7232445962273,617.1707935333252,667.7232445962273
667.7021135154447,617.1841907501221,667.7021135154447
667.7232445962273,617.1707935333252,667.7232445962273
668.0092574885996,617.1707935333252,668.0092574885996
668.0092574885996,617.1707935333252,668.0092574885996
667.7232445962273,617.1707935333252,667.7232445962273
668.0351390248902,617.1341896057129,668.0351390248902
668.0092574885996,617.1707935333252,668.0092574885996
668.0351390248902,617.1341896057129,668.0351390248902
668.2426984260878,617.1341896057129,668.2426984260878
668.2426984260878,617.1341896057129,668.2426984260878
668.0351390248902,617.1341896057129,668.0351390248902
668.2548407643486,617.0841903686523,668.2548407643486
668.2426984260878,617.1341896057129,668.2426984260878
668.2548407643486,617.0841903686523,668.2548407643486
668.3497032034795,617.0841903686523,668.3497032034795
668.3497032034795,617.0841903686523,668.3497032034795
668.2548407643486,617.0841903686523,668.2548407643486
668.2548407643486,616.7841911315918,668.2548407643486
668.3497032034795,617.0841903686523,668.3497032034795
668.2548407643486,616.7841911315918,668.2548407643486
668.3497032034795,616.7841911315918,668.3497032034795
668.3497032034795,616.7841911315918,668.3497032034795
668.2548407643486,616.7841911315918,668.2548407643486
668.3363571512458,616.7341899871826,668.3363571512458
668.3497032034795,616.7841911315918,668.3497032034795
668.3363571512458,616.7341899871826,668.3363571512458
668.3048184964575,616.7341899871826,668.3048184964575
668.3048184964575,616.7341899871826,668.3048184964575
668.3363571512458,616.7341899871826,668.3363571512458
668.2694626859585,616.697587966919,668.2694626859585
668.3048184964575,616.7341899871826,668.3048184964575
668.2694626859585,616.697587966919,668.2694626859585
668.1219025257499,616.697587966919,668.1219025257499
668.1219025257499,616.697587966919,668.1219025257499
668.2694626859585,616.697587966919,668.2694626859585
668.0809448934175,616.6841907501221,668.0809448934175
668.1219025257499,616.697587966919,668.1219025257499
668.0809448934175,616.6841907501221,668.0809448934175
667.8463326107354,616.6841907501221,667.8463326107354
667.8463326107354,616.6841907501221,667.8463326107354
668.0809448934175,616.6841907501221,668.0809448934175
668.0228071944017,616.6841907501221,668.0228071944017
667.8463326107354,616.6841907501221,667.8463326107354
668.0228071944017,616.6841907501221,668.0228071944017
667.7285446466306,616.6841907501221,667.7285446466306
668.0809448934175,616.6841907501221,668.0809448934175
668.2694626859585,616.697587966919,668.2694626859585
668.2211664444891,616.6841907501221,668.2211664444891
668.0809448934175,616.6841907501221,668.0809448934175
668.2211664444891,616.6841907501221,668.2211664444891
668.0228071944017,616.6841907501221,668.0228071944017
668.2694626859585,616.697587966919,668.2694626859585
668.3363571512458,616.7341899871826,668.3363571512458
668.2998940587618,616.697587966919,668.2998940587618
668.2694626859585,616.697587966919,668.2694626859585
668.2998940587618,616.697587966919,668.2998940587618
668.2211664444891,616.6841907501221,668.2211664444891
668.3363571512458,616.7341899871826,668.3363571512458
668.2548407643486,616.7841911315918,668.2548407643486
668.2426984260878,616.7341899871826,668.2426984260878
668.3363571512458,616.7341899871826,668.3363571512458
668.2426984260878,616.7341899871826,668.2426984260878
668.2998940587618,616.697587966919,668.2998940587618
668.2548407643486,616.7841911315918,668.2548407643486
668.2548407643486,617.0841903686523,668.2548407643486
668.0446129619237,616.7841911315918,668.0446129619237
668.2548407643486,616.7841911315918,668.2548407643486
668.0446129619237,616.7841911315918,668.0446129619237
668.2426984260878,616.7341899871826,668.2426984260878
668.2548407643486,617.0841903686523,668.2548407643486
668.0351390248902,617.1341896057129,668.0351390248902
668.0446129619237,617.0841903686523,668.0446129619237
668.2548407643486,617.0841903686523,668.2548407643486
668.0446129619237,617.0841903686523,668.0446129619237
668.0446129619237,616.7841911315918,668.0446129619237
668.0351390248902,617.1341896057129,668.0351390248902
667.7232445962273,617.1707935333252,667.7232445962273
667.7387135008904,617.1341896057129,667.7387135008904
668.0351390248902,617.1341896057129,668.0351390248902
667.7387135008904,617.1341896057129,667.7387135008904
668.0446129619237,617.0841903686523,668.0446129619237
667.7232445962273,617.1707935333252,667.7232445962273
667.3816275361536,617.1841907501221,667.3816275361536
667.3859855202151,617.1707935333252,667.3859855202151
667.7232445962273,617.1707935333252,667.7232445962273
667.3859855202151,617.1707935333252,667.3859855202151
667.7387135008904,617.1341896057129,667.7387135008904
667.3816275361536,617.1841907501221,667.3816275361536
667.29836289801,617.1841907501221,667.29836289801
667.0510981316216,617.1841907501221,667.0510981316216
667.3816275361536,617.1841907501221,667.3816275361536
667.0510981316216,617.1841907501221,667.0510981316216
667.3859855202151,617.1707935333252,667.3859855202151
667.29836289801,617.1841907501221,667.29836289801
666.5157798910784,617.1841907501221,666.5157798910784
666.7503921737604,617.1841907501221,666.7503921737604
667.29836289801,617.1841907501221,667.29836289801
666.7503921737604,617.1841907501221,666.7503921737604
667.0510981316216,617.1841907501221,667.0510981316216
667.0510981316216,617.1841907501221,667.0510981316216
666.7503921737604,617.1841907501221,666.7503921737604
667.0381570263015,617.1707935333252,667.0381570263015
667.0510981316216,617.1841907501221,667.0510981316216
667.0381570263015,617.1707935333252,667.0381570263015
667.3859855202151,617.1707935333252,667.3859855202151
666.7503921737604,617.1841907501221,666.7503921737604
666.5157798910784,617.1841907501221,666.5157798910784
666.7217130983008,617.1707935333252,666.7217130983008
666.7503921737604,617.1841907501221,666.7503921737604
666.7217130983008,617.1707935333252,666.7217130983008
667.0381570263015,617.1707935333252,667.0381570263015
666.5157798910784,617.1841907501221,666.5157798910784
666.474822258746,617.1707935333252,666.474822258746
666.7217130983008,617.1707935333252,666.7217130983008
667.3859855202151,617.1707935333252,667.3859855202151
667.0381570263015,617.1707935333252,667.0381570263015
667.3891755308306,617.1341896057129,667.3891755308306
667.3859855202151,617.1707935333252,667.3859855202151
667.3891755308306,617.1341896057129,667.3891755308306
667.7387135008904,617.1341896057129,667.7387135008904
667.0381570263015,617.1707935333252,667.0381570263015
666.7217130983008,617.1707935333252,666.7217130983008
667.0286841007924,617.1341896057129,667.0286841007924
667.0381570263015,617.1707935333252,667.0381570263015
667.0286841007924,617.1341896057129,667.0286841007924
667.3891755308306,617.1341896057129,667.3891755308306
666.7217130983008,617.1707935333252,666.7217130983008
666.474822258746,617.1707935333252,666.474822258746
666.7007192476547,617.1341896057129,666.7007192476547
666.7217130983008,617.1707935333252,666.7217130983008
666.7007192476547,617.1341896057129,666.7007192476547
667.0286841007924,617.1341896057129,667.0286841007924
666.474822258746,617.1707935333252,666.474822258746
666.4448393284033,617.1341896057129,666.4448393284033
666.7007192476547,617.1341896057129,666.7007192476547
667.7387135008904,617.1341896057129,667.7387135008904
667.3891755308306,617.1341896057129,667.3891755308306
667.7443756770099,617.0841903686523,667.7443756770099
667.7387135008904,617.1341896057129,667.7387135008904
667.7443756770099,617.0841903686523,667.7443756770099
668.0446129619237,617.0841903686523,668.0446129619237
667.3891755308306,617.1341896057129,667.3891755308306
667.0286841007924,617.1341896057129,667.0286841007924
667.3903428299269,617.0841903686523,667.3903428299269
667.3891755308306,617.1341896057129,667.3891755308306
667.3903428299269,617.0841903686523,667.3903428299269
667.7443756770099,617.0841903686523,667.7443756770099
667.0286841007924,617.1341896057129,667.0286841007924
666.7007192476547,617.1341896057129,666.7007192476547
667.0252162581562,617.0841903686523,667.0252162581562
667.0286841007924,617.1341896057129,667.0286841007924
667.0252162581562,617.0841903686523,667.0252162581562
667.3903428299269,617.0841903686523,667.3903428299269
666.7007192476547,617.1341896057129,666.7007192476547
666.4448393284033,617.1341896057129,666.4448393284033
666.6930350343657,617.0841903686523,666.6930350343657
666.7007192476547,617.1341896057129,666.7007192476547
666.6930350343657,617.0841903686523,666.6930350343657
667.0252162581562,617.0841903686523,667.0252162581562
666.4448393284033,617.1341896057129,666.4448393284033
666.4338649635885,617.0841903686523,666.4338649635885
666.6930350343657,617.0841903686523,666.6930350343657
668.0446129619237,617.0841903686523,668.0446129619237
667.7443756770099,617.0841903686523,667.7443756770099
667.7443756770099,616.7841911315918,667.7443756770099
668.0446129619237,617.0841903686523,668.0446129619237
667.7443756770099,616.7841911315918,667.7443756770099
668.0446129619237,616.7841911315918,668.0446129619237
667.7443756770099,617.0841903686523,667.7443756770099
667.3903428299269,617.0841903686523,667.3903428299269
667.3903428299269,616.7841911315918,667.3903428299269
667.7443756770099,617.0841903686523,667.7443756770099
667.3903428299269,616.7841911315918,667.3903428299269
667.7443756770099,616.7841911315918,667.7443756770099
667.3903428299269,617.0841903686523,667.3903428299269
667.0252162581562,617.0841903686523,667.0252162581562
667.0252162581562,616.7841911315918,667.0252162581562
667.3903428299269,617.0841903686523,667.3903428299269
667.0252162581562,616.7841911315918,667.0252162581562
667.3903428299269,616.7841911315918,667.3903428299269
667.0252162581562,617.0841903686523,667.0252162581562
666.6930350343657,617.0841903686523,666.6930350343657
666.6930350343657,616.7841911315918,666.6930350343657
667.0252162581562,617.0841903686523,667.0252162581562
666.6930350343657,616.7841911315918,666.6930350343657
667.0252162581562,616.7841911315918,667.0252162581562
666.6930350343657,617.0841903686523,666.6930350343657
666.4338649635885,617.0841903686523,666.4338649635885
666.4338649635885,616.7841911315918,666.4338649635885
666.6930350343657,617.0841903686523,666.6930350343657
666.4338649635885,616.7841911315918,666.4338649635885
666.6930350343657,616.7841911315918,666.6930350343657
666.4338649635885,617.0841903686523,666.4338649635885
666.2789655198931,616.7841911315918,666.2789655198931
666.4338649635885,616.7841911315918,666.4338649635885
668.0446129619237,616.7841911315918,668.0446129619237
667.7443756770099,616.7841911315918,667.7443756770099
668.0351390248902,616.7341899871826,668.0351390248902
668.0446129619237,616.7841911315918,668.0446129619237
668.0351390248902,616.7341899871826,668.0351390248902
668.2426984260878,616.7341899871826,668.2426984260878
667.7443756770099,616.7841911315918,667.7443756770099
667.3903428299269,616.7841911315918,667.3903428299269
667.7387135008904,616.7341899871826,667.7387135008904
667.7443756770099,616.7841911315918,667.7443756770099
667.7387135008904,616.7341899871826,667.7387135008904
668.0351390248902,616.7341899871826,668.0351390248902
667.3903428299269,616.7841911315918,667.3903428299269
667.0252162581562,616.7841911315918,667.0252162581562
667.3891755308306,616.7341899871826,667.3891755308306
667.3903428299269,616.7841911315918,667.3903428299269
667.3891755308306,616.7341899871826,667.3891755308306
667.7387135008904,616.7341899871826,667.7387135008904
667.0252162581562,616.7841911315918,667.0252162581562
666.6930350343657,616.7841911315918,666.6930350343657
667.0286841007924,616.7341899871826,667.0286841007924
667.0252162581562,616.7841911315918,667.0252162581562
667.0286841007924,616.7341899871826,667.0286841007924
667.3891755308306,616.7341899871826,667.3891755308306
666.6930350343657,616.7841911315918,666.6930350343657
666.4338649635885,616.7841911315918,666.4338649635885
666.7007192476547,616.7341899871826,666.7007192476547
666.6930350343657,616.7841911315918,666.6930350343657
666.7007192476547,616.7341899871826,666.7007192476547
667.0286841007924,616.7341899871826,667.0286841007924
666.4338649635885,616.7841911315918,666.4338649635885
666.2789655198931,616.7841911315918,666.2789655198931
666.4448393284033,616.7341899871826,666.4448393284033
666.4338649635885,616.7841911315918,666.4338649635885
666.4448393284033,616.7341899871826,666.4448393284033
666.7007192476547,616.7341899871826,666.7007192476547
666.2789655198931,616.7841911315918,666.2789655198931
666.2919066252132,616.7341899871826,666.2919066252132
666.4448393284033,616.7341899871826,666.4448393284033
668.2426984260878,616.7341899871826,668.2426984260878
668.0351390248902,616.7341899871826,668.0351390248902
668.2095251479548,616.697587966919,668.2095251479548
668.2426984260878,616.7341899871826,668.2426984260878
668.2095251479548,616.697587966919,668.2095251479548
668.2998940587618,616.697587966919,668.2998940587618
668.0351390248902,616.7341899871826,668.0351390248902
667.7387135008904,616.7341899871826,667.7387135008904
668.0092574885996,616.697587966919,668.0092574885996
668.0351390248902,616.7341899871826,668.0351390248902
668.0092574885996,616.697587966919,668.0092574885996
668.2095251479548,616.697587966919,668.2095251479548
667.7387135008904,616.7341899871826,667.7387135008904
667.3891755308306,616.7341899871826,667.3891755308306
667.7232445962273,616.697587966919,667.7232445962273
667.7387135008904,616.7341899871826,667.7387135008904
667.7232445962273,616.697587966919,667.7232445962273
668.0092574885996,616.697587966919,668.0092574885996
667.3891755308306,616.7341899871826,667.3891755308306
667.0286841007924,616.7341899871826,667.0286841007924
667.3859855202151,616.697587966919,667.3859855202151
667.3891755308306,616.7341899871826,667.3891755308306
667.3859855202151,616.697587966919,667.3859855202151
667.7232445962273,616.697587966919,667.7232445962273
667.0286841007924,616.7341899871826,667.0286841007924
666.7007192476547,616.7341899871826,666.7007192476547
667.0381570263015,616.697587966919,667.0381570263015
667.0286841007924,616.7341899871826,667.0286841007924
667.0381570263015,616.697587966919,667.0381570263015
667.3859855202151,616.697587966919,667.3859855202151
666.7007192476547,616.7341899871826,666.7007192476547
666.4448393284033,616.7341899871826,666.4448393284033
666.7217130983008,616.697587966919,666.7217130983008
666.7007192476547,616.7341899871826,666.7007192476547
666.7217130983008,616.697587966919,666.7217130983008
667.0381570263015,616.697587966919,667.0381570263015
666.4448393284033,616.7341899871826,666.4448393284033
666.2919066252132,616.7341899871826,666.2919066252132
666.474822258746,616.697587966919,666.474822258746
666.4448393284033,616.7341899871826,666.4448393284033
666.474822258746,616.697587966919,666.474822258746
666.7217130983008,616.697587966919,666.7217130983008
666.2919066252132,616.7341899871826,666.2919066252132
666.3272631100616,616.697587966919,666.3272631100616
666.474822258746,616.697587966919,666.474822258746
666.4325155901096,616.6841907501221,666.4325155901096
666.7680328211964,616.6841907501221,666.7680328211964
666.5512166235251,616.6841907501221,666.5512166235251
668.2998940587618,616.697587966919,668.2998940587618
668.2095251479548,616.697587966919,668.2095251479548
668.2500842396945,616.6841907501221,668.2500842396945
668.2998940587618,616.697587966919,668.2998940587618
668.2500842396945,616.6841907501221,668.2500842396945
668.2211664444891,616.6841907501221,668.2211664444891
668.2095251479548,616.697587966919,668.2095251479548
668.0092574885996,616.697587966919,668.0092574885996
668.1642098687358,616.6841907501221,668.1642098687358
668.2095251479548,616.697587966919,668.2095251479548
668.1642098687358,616.6841907501221,668.1642098687358
668.2500842396945,616.6841907501221,668.2500842396945
668.2500842396945,616.6841907501221,668.2500842396945
668.1642098687358,616.6841907501221,668.1642098687358
667.9780934349944,616.6841907501221,667.9780934349944
668.2500842396945,616.6841907501221,668.2500842396945
667.9780934349944,616.6841907501221,667.9780934349944
668.2211664444891,616.6841907501221,668.2211664444891
668.2211664444891,616.6841907501221,668.2211664444891
667.9780934349944,616.6841907501221,667.9780934349944
668.0228071944017,616.6841907501221,668.0228071944017
668.1642098687358,616.6841907501221,668.1642098687358
668.0092574885996,616.697587966919,668.0092574885996
667.9739020152754,616.6841907501221,667.9739020152754
668.1642098687358,616.6841907501221,668.1642098687358
667.9739020152754,616.6841907501221,667.9739020152754
667.9780934349944,616.6841907501221,667.9780934349944
668.0092574885996,616.697587966919,668.0092574885996
667.7232445962273,616.697587966919,667.7232445962273
667.9739020152754,616.6841907501221,667.9739020152754
667.7232445962273,616.697587966919,667.7232445962273
667.3859855202151,616.697587966919,667.3859855202151
667.7021135154447,616.6841907501221,667.7021135154447
667.7232445962273,616.697587966919,667.7232445962273
667.7021135154447,616.6841907501221,667.7021135154447
667.9739020152754,616.6841907501221,667.9739020152754
667.9739020152754,616.6841907501221,667.9739020152754
667.7021135154447,616.6841907501221,667.7021135154447
667.6153260751755,616.6841907501221,667.6153260751755
667.9739020152754,616.6841907501221,667.9739020152754
667.6153260751755,616.6841907501221,667.6153260751755
667.9780934349944,616.6841907501221,667.9780934349944
667.7021135154447,616.6841907501221,667.7021135154447
667.3859855202151,616.697587966919,667.3859855202151
667.3816275361536,616.6841907501221,667.3816275361536
667.7021135154447,616.6841907501221,667.7021135154447
667.3816275361536,616.6841907501221,667.3816275361536
667.6153260751755,616.6841907501221,667.6153260751755
667.3859855202151,616.697587966919,667.3859855202151
667.0381570263015,616.697587966919,667.0381570263015
667.3816275361536,616.6841907501221,667.3816275361536
667.0381570263015,616.697587966919,667.0381570263015
666.7217130983008,616.697587966919,666.7217130983008
667.0510981316216,616.6841907501221,667.0510981316216
667.0381570263015,616.697587966919,667.0381570263015
667.0510981316216,616.6841907501221,667.0510981316216
667.3816275361536,616.6841907501221,667.3816275361536
667.3816275361536,616.6841907501221,667.3816275361536
667.0510981316216,616.6841907501221,667.0510981316216
667.1042483412574,616.6841907501221,667.1042483412574
667.3816275361536,616.6841907501221,667.3816275361536
667.1042483412574,616.6841907501221,667.1042483412574
667.6153260751755,616.6841907501221,667.6153260751755
667.0510981316216,616.6841907501221,667.0510981316216
666.7217130983008,616.697587966919,666.7217130983008
666.7503921737604,616.6841907501221,666.7503921737604
667.0510981316216,616.6841907501221,667.0510981316216
666.7503921737604,616.6841907501221,666.7503921737604
667.1042483412574,616.6841907501221,667.1042483412574
666.7217130983008,616.697587966919,666.7217130983008
666.474822258746,616.697587966919,666.474822258746
666.7503921737604,616.6841907501221,666.7503921737604
666.474822258746,616.697587966919,666.474822258746
666.3272631100616,616.697587966919,666.3272631100616
666.5157798910784,616.6841907501221,666.5157798910784
666.474822258746,616.697587966919,666.474822258746
666.5157798910784,616.6841907501221,666.5157798910784
666.7503921737604,616.6841907501221,666.7503921737604
666.3272631100616,616.697587966919,666.3272631100616
666.3755590143563,616.6841907501221,666.3755590143563
666.5157798910784,616.6841907501221,666.5157798910784
666.5157798910784,616.6841907501221,666.5157798910784
666.3755590143563,616.6841907501221,666.3755590143563
666.6839984130248,616.6841907501221,666.6839984130248
666.5157798910784,616.6841907501221,666.5157798910784
666.6839984130248,616.6841907501221,666.6839984130248
666.7503921737604,616.6841907501221,666.7503921737604
666.7503921737604,616.6841907501221,666.7503921737604
666.6839984130248,616.6841907501221,666.6839984130248
667.1042483412574,616.6841907501221,667.1042483412574
666.3755590143563,616.6841907501221,666.3755590143563
666.5512166235251,616.6841907501221,666.5512166235251
666.6839984130248,616.6841907501221,666.6839984130248
666.6839984130248,616.6841907501221,666.6839984130248
666.5512166235251,616.6841907501221,666.5512166235251
666.6839984130248,599.8458919525146,666.6839984130248
666.6839984130248,616.6841907501221,666.6839984130248
666.6839984130248,599.8458919525146,666.6839984130248
667.1042483412574,599.8458919525146,667.1042483412574
666.6839984130248,616.6841907501221,666.6839984130248
667.1042483412574,599.8458919525146,667.1042483412574
667.1042483412574,616.6841907501221,667.1042483412574
667.1042483412574,599.8458919525146,667.1042483412574
667.6153260751755,599.8458919525146,667.6153260751755
667.1042483412574,616.6841907501221,667.1042483412574
666.6839984130248,599.8458919525146,666.6839984130248
666.5512166235251,616.6841907501221,666.5512166235251
666.5512166235251,599.8458919525146,666.5512166235251
667.1042483412574,616.6841907501221,667.1042483412574
667.6153260751755,599.8458919525146,667.6153260751755
667.6153260751755,616.6841907501221,667.6153260751755
667.6153260751755,599.8458919525146,667.6153260751755
667.9780934349944,599.8458919525146,667.9780934349944
667.6153260751755,616.6841907501221,667.6153260751755
667.6153260751755,616.6841907501221,667.6153260751755
667.9780934349944,599.8458919525146,667.9780934349944
667.9780934349944,616.6841907501221,667.9780934349944
667.9780934349944,599.8458919525146,667.9780934349944
668.0228071944017,599.8458919525146,668.0228071944017
667.9780934349944,616.6841907501221,667.9780934349944
667.9780934349944,616.6841907501221,667.9780934349944
668.0228071944017,599.8458919525146,668.0228071944017
668.0228071944017,616.6841907501221,668.0228071944017
668.0228071944017,599.8458919525146,668.0228071944017
667.8286929748238,599.8458919525146,667.8286929748238
668.0228071944017,616.6841907501221,668.0228071944017
668.0228071944017,616.6841907501221,668.0228071944017
667.8286929748238,599.8458919525146,667.8286929748238
667.7285446466306,616.6841907501221,667.7285446466306
667.8286929748238,599.8458919525146,667.8286929748238
667.7285446466306,599.8458919525146,667.7285446466306
667.7285446466306,616.6841907501221,667.7285446466306
667.7285446466306,599.8458919525146,667.7285446466306
667.2329958344867,599.8458919525146,667.2329958344867
667.7285446466306,616.6841907501221,667.7285446466306
667.7285446466306,616.6841907501221,667.7285446466306
667.2329958344867,599.8458919525146,667.2329958344867
667.2329958344867,616.6841907501221,667.2329958344867
667.2329958344867,599.8458919525146,667.2329958344867
666.7680328211964,599.8458919525146,666.7680328211964
667.2329958344867,616.6841907501221,667.2329958344867
667.2329958344867,616.6841907501221,667.2329958344867
666.7680328211964,599.8458919525146,666.7680328211964
666.7680328211964,616.6841907501221,666.7680328211964
666.7680328211964,599.8458919525146,666.7680328211964
666.5512166235251,599.8458919525146,666.5512166235251
666.7680328211964,616.6841907501221,666.7680328211964
666.5512166235251,599.8458919525146,666.5512166235251
666.5512166235251,616.6841907501221,666.5512166235251
666.7680328211964,616.6841907501221,666.7680328211964
