0.10116956869023852,0.34694958917680196,1.095293277874589
0.10238450471661054,0.347557057189988,1.095293277874589
0.10238450471661054,0.347557057189988,0.8492687400430441
0.030703279160661623,0.2242410505132284,0.8492687400430441
0.030703279160661623,0.2242410505132284,1.095293277874589
0.03131074717384763,0.2321381346846465,1.095293277874589
0.2639709962240886,0.3275106127548497,1.095293277874589
0.25425150801311247,0.3341927608998958,1.095293277874589
0.25425150801311247,0.3341927608998958,0.8492687400430441
0.20747647099778987,0.36881843765149824,0.5648353081196547
0.21962583126151003,0.3663885655987542,0.5648353081196547
0.23177519152523018,0.3633512255328242,0.5648353081196547
0.1947196427208837,0.37064084169105627,0.5648353081196547
0.20747647099778987,0.36881843765149824,0.5648353081196547
0.18196281444397755,0.37064084169105627,0.5648353081196547
0.14490726563963108,0.3663885655987542,0.5648353081196547
0.15705662590335123,0.36881843765149824,0.5648353081196547
0.13275790537591092,0.3633512255328242,0.5648353081196547
0.3332223497272935,0.2321381346846465,1.095293277874589
0.3338298177404795,0.2242410505132284,1.095293277874589
0.3338298177404795,0.2242410505132284,0.8492687400430441
0.10056210067705251,0.3275106127548497,1.095293277874589
0.11028158888802864,0.3341927608998958,0.8492687400430441
0.11028158888802864,0.3341927608998958,1.095293277874589
0.04710491551668383,0.20723194614402018,1.095293277874589
0.046497447503497824,0.21391409428906627,0.8492687400430441
0.046497447503497824,0.21391409428906627,1.095293277874589
0.12789816127042286,0.09485036370460875,1.095293277874589
0.11878614107263274,0.09910263979691081,0.8492687400430441
0.11878614107263274,0.09910263979691081,1.095293277874589
0.23663493563071825,0.09485036370460875,1.095293277874589
0.24574695582850836,0.09910263979691081,1.095293277874589
0.24574695582850836,0.09910263979691081,0.8492687400430441
0.2639709962240886,0.11064453204744495,1.095293277874589
0.25425150801311247,0.10396238390239887,0.8492687400430441
0.25425150801311247,0.10396238390239887,1.095293277874589
0.3174281813844573,0.20723194614402018,1.095293277874589
0.3180356493976433,0.21391409428906627,1.095293277874589
0.3180356493976433,0.21391409428906627,0.8492687400430441
0.20808393901097588,0.06569189907168038,0.7610320914536715
0.19532711073406972,0.06447696304530837,0.7610320914536715
0.18196281444397755,0.06386949503212236,0.7610320914536715
0.030703279160661623,0.21391409428906627,0.8492687400430441
0.046497447503497824,0.21391409428906627,0.8492687400430441
0.030703279160661623,0.2242410505132284,0.8492687400430441
0.046497447503497824,0.2242410505132284,0.8492687400430441
0.030703279160661623,0.21391409428906627,1.095293277874589
0.046497447503497824,0.21391409428906627,1.095293277874589
0.030703279160661623,0.21391409428906627,0.8492687400430441
0.046497447503497824,0.21391409428906627,0.8492687400430441
0.030703279160661623,0.2242410505132284,0.8492687400430441
0.046497447503497824,0.2242410505132284,0.8492687400430441
0.030703279160661623,0.2242410505132284,1.095293277874589
0.046497447503497824,0.2242410505132284,1.095293277874589
0.11088905690121464,0.08573834350681864,0.8492687400430441
0.11878614107263274,0.09910263979691081,0.8492687400430441
0.10238450471661054,0.0905980876123067,0.8492687400430441
0.11028158888802864,0.10396238390239887,0.8492687400430441
0.11088905690121464,0.08573834350681864,1.095293277874589
0.11878614107263274,0.09910263979691081,1.095293277874589
0.11088905690121464,0.08573834350681864,0.8492687400430441
0.11878614107263274,0.09910263979691081,0.8492687400430441
0.10238450471661054,0.0905980876123067,0.8492687400430441
0.11028158888802864,0.10396238390239887,0.8492687400430441
0.10238450471661054,0.0905980876123067,1.095293277874589
0.11028158888802864,0.10396238390239887,1.095293277874589
0.26214859218453057,0.0905980876123067,0.8492687400430441
0.25425150801311247,0.10396238390239887,0.8492687400430441
0.25364403999992646,0.08573834350681864,0.8492687400430441
0.24574695582850836,0.09910263979691081,0.8492687400430441
0.26214859218453057,0.0905980876123067,1.095293277874589
0.25425150801311247,0.10396238390239887,1.095293277874589
0.26214859218453057,0.0905980876123067,0.8492687400430441
0.25425150801311247,0.10396238390239887,0.8492687400430441
0.25364403999992646,0.08573834350681864,0.8492687400430441
0.24574695582850836,0.09910263979691081,0.8492687400430441
0.25364403999992646,0.08573834350681864,1.095293277874589
0.24574695582850836,0.09910263979691081,1.095293277874589
0.3338298177404795,0.2242410505132284,0.8492687400430441
0.3180356493976433,0.2242410505132284,0.8492687400430441
0.3338298177404795,0.21391409428906627,0.8492687400430441
0.3180356493976433,0.21391409428906627,0.8492687400430441
0.3338298177404795,0.2242410505132284,1.095293277874589
0.3180356493976433,0.2242410505132284,1.095293277874589
0.3338298177404795,0.2242410505132284,0.8492687400430441
0.3180356493976433,0.2242410505132284,0.8492687400430441
0.3338298177404795,0.21391409428906627,0.8492687400430441
0.3180356493976433,0.21391409428906627,0.8492687400430441
0.3338298177404795,0.21391409428906627,1.095293277874589
0.3180356493976433,0.21391409428906627,1.095293277874589
0.25364403999992646,0.35241680129547603,0.8492687400430441
0.24574695582850836,0.33905250500538386,0.8492687400430441
0.26214859218453057,0.347557057189988,0.8492687400430441
0.25425150801311247,0.3341927608998958,0.8492687400430441
0.25364403999992646,0.35241680129547603,1.095293277874589
0.24574695582850836,0.33905250500538386,1.095293277874589
0.25364403999992646,0.35241680129547603,0.8492687400430441
0.24574695582850836,0.33905250500538386,0.8492687400430441
0.26214859218453057,0.347557057189988,0.8492687400430441
0.25425150801311247,0.3341927608998958,0.8492687400430441
0.26214859218453057,0.347557057189988,1.095293277874589
0.25425150801311247,0.3341927608998958,1.095293277874589
0.10238450471661054,0.347557057189988,0.8492687400430441
0.11028158888802864,0.3341927608998958,0.8492687400430441
0.11088905690121464,0.35241680129547603,0.8492687400430441
0.11878614107263274,0.33905250500538386,0.8492687400430441
0.10238450471661054,0.347557057189988,1.095293277874589
0.11028158888802864,0.3341927608998958,1.095293277874589
0.10238450471661054,0.347557057189988,0.8492687400430441
0.11028158888802864,0.3341927608998958,0.8492687400430441
0.11088905690121464,0.35241680129547603,0.8492687400430441
0.11878614107263274,0.33905250500538386,0.8492687400430441
0.11088905690121464,0.35241680129547603,1.095293277874589
0.11878614107263274,0.33905250500538386,1.095293277874589
0.25425150801311247,0.3341927608998958,1.095293277874589
0.2639709962240886,0.3275106127548497,1.095293277874589
0.26214859218453057,0.347557057189988,1.095293277874589
0.2639709962240886,0.34694958917680196,1.095293277874589
0.11028158888802864,0.10396238390239887,1.095293277874589
0.10056210067705251,0.11064453204744495,1.095293277874589
0.10238450471661054,0.0905980876123067,1.095293277874589
0.10056210067705251,0.0912055556254927,1.095293277874589
0.10238450471661054,0.0905980876123067,1.095293277874589
0.10056210067705251,0.0912055556254927,1.095293277874589
0.10238450471661054,0.0905980876123067,0.8492687400430441
0.0914500804792624,0.09788770377053879,1.095293277874589
0.0914500804792624,0.09788770377053879,0.8399260360747576
0.0914500804792624,0.09788770377053879,1.095293277874589
0.07444097611005418,0.11246693608700298,0.8399260360747576
0.07444097611005418,0.11246693608700298,1.095293277874589
0.06107667981996201,0.12826110442983918,0.8399260360747576
0.06107667981996201,0.12826110442983918,1.095293277874589
0.05074972359579988,0.1446627407858614,0.8399260360747576
0.05074972359579988,0.1446627407858614,1.095293277874589
0.05074972359579988,0.1446627407858614,0.8399260360747576
0.04224517141119577,0.1610643771418836,1.095293277874589
0.04224517141119577,0.1610643771418836,0.8399260360747576
0.0367779592925217,0.1768585454847198,1.095293277874589
0.0367779592925217,0.1768585454847198,0.8399260360747576
0.0367779592925217,0.1768585454847198,1.095293277874589
0.033133151213405654,0.19204524581437,0.8399260360747576
0.033133151213405654,0.19204524581437,1.095293277874589
0.03131074717384763,0.20601701011764817,0.8399260360747576
0.03131074717384763,0.20601701011764817,1.095293277874589
0.030703279160661623,0.21391409428906627,0.8492687400430441
0.030703279160661623,0.21391409428906627,1.095293277874589
0.26214859218453057,0.347557057189988,1.095293277874589
0.2639709962240886,0.34694958917680196,1.095293277874589
0.26214859218453057,0.347557057189988,0.8492687400430441
0.2639709962240886,0.34694958917680196,0.8399260360747576
0.26214859218453057,0.347557057189988,0.8492687400430441
0.25364403999992646,0.35241680129547603,0.8399260360747576
0.25364403999992646,0.35241680129547603,0.8492687400430441
0.24270961576257832,0.3578840134141501,0.8399260360747576
0.24270961576257832,0.3578840134141501,1.095293277874589
0.23116772351204418,0.36213628950645216,0.8399260360747576
0.23116772351204418,0.36213628950645216,1.095293277874589
0.23116772351204418,0.36213628950645216,0.8399260360747576
0.21962583126151003,0.3657810975855682,1.095293277874589
0.21962583126151003,0.3657810975855682,0.8399260360747576
0.20747647099778987,0.36821096963831224,1.095293277874589
0.20747647099778987,0.36821096963831224,0.8399260360747576
0.1947196427208837,0.37003337367787026,1.095293277874589
0.1947196427208837,0.37003337367787026,0.8399260360747576
0.1947196427208837,0.37003337367787026,1.095293277874589
0.18196281444397755,0.37064084169105627,0.8399260360747576
0.18196281444397755,0.37064084169105627,1.095293277874589
0.18196281444397755,0.37064084169105627,0.8399260360747576
0.1698134541802574,0.37003337367787026,1.095293277874589
0.1698134541802574,0.37003337367787026,0.8399260360747576
0.1698134541802574,0.37003337367787026,1.095293277874589
0.15705662590335123,0.36821096963831224,0.8399260360747576
0.15705662590335123,0.36821096963831224,1.095293277874589
0.14490726563963108,0.3657810975855682,0.8399260360747576
0.14490726563963108,0.3657810975855682,1.095293277874589
0.14490726563963108,0.3657810975855682,0.8399260360747576
0.13336537338909693,0.36213628950645216,1.095293277874589
0.13336537338909693,0.36213628950645216,0.8399260360747576
0.12182348113856278,0.3578840134141501,1.095293277874589
0.12182348113856278,0.3578840134141501,0.8399260360747576
0.11088905690121464,0.35241680129547603,0.8492687400430441
0.11088905690121464,0.35241680129547603,0.8399260360747576
0.10238450471661054,0.347557057189988,0.8492687400430441
0.10056210067705251,0.34694958917680196,0.8399260360747576
0.10116956869023852,0.34694958917680196,1.095293277874589
0.10056210067705251,0.34694958917680196,0.8399260360747576
0.0914500804792624,0.3402674410317559,1.095293277874589
0.0914500804792624,0.3402674410317559,0.8399260360747576
0.0914500804792624,0.3402674410317559,1.095293277874589
0.07444097611005418,0.3256882087152917,0.8399260360747576
0.07444097611005418,0.3256882087152917,1.095293277874589
0.06107667981996201,0.3098940403724555,0.8399260360747576
0.06107667981996201,0.3098940403724555,1.095293277874589
0.05074972359579988,0.2934924040164333,0.8399260360747576
0.05074972359579988,0.2934924040164333,1.095293277874589
0.05074972359579988,0.2934924040164333,0.8399260360747576
0.04224517141119577,0.2770907676604111,1.095293277874589
0.04224517141119577,0.2770907676604111,0.8399260360747576
0.0367779592925217,0.2612965993175749,1.095293277874589
0.0367779592925217,0.2612965993175749,0.8399260360747576
0.033133151213405654,0.24610989898792468,1.095293277874589
0.033133151213405654,0.24610989898792468,0.8399260360747576
0.03131074717384763,0.2321381346846465,1.095293277874589
0.03131074717384763,0.2321381346846465,0.8399260360747576
0.030703279160661623,0.2242410505132284,0.8492687400430441
0.030703279160661623,0.21877383839455433,0.8399260360747576
0.030703279160661623,0.21391409428906627,0.8492687400430441
0.03131074717384763,0.20601701011764817,0.8399260360747576
0.24574695582850836,0.33905250500538386,1.095293277874589
0.23663493563071825,0.3433047810976859,1.095293277874589
0.24574695582850836,0.33905250500538386,0.8492687400430441
0.23663493563071825,0.3433047810976859,0.8399260360747576
0.24574695582850836,0.33905250500538386,0.8492687400430441
0.24635442384169437,0.33905250500538386,0.8399260360747576
0.25425150801311247,0.3341927608998958,0.8492687400430441
0.2639709962240886,0.3275106127548497,0.8399260360747576
0.2639709962240886,0.3275106127548497,1.095293277874589
0.2639709962240886,0.3275106127548497,0.8399260360747576
0.2785502285405528,0.31475378447794355,1.095293277874589
0.2785502285405528,0.31475378447794355,0.8399260360747576
0.29069958880427293,0.3007820201746654,1.095293277874589
0.29069958880427293,0.3007820201746654,0.8399260360747576
0.30041907701524906,0.2855953198450152,1.095293277874589
0.30041907701524906,0.2855953198450152,0.8399260360747576
0.30770869317348115,0.271016087528551,1.095293277874589
0.30770869317348115,0.271016087528551,0.8399260360747576
0.30770869317348115,0.271016087528551,1.095293277874589
0.3125684372789692,0.2570443232252728,0.8399260360747576
0.3125684372789692,0.2570443232252728,1.095293277874589
0.31560577734489925,0.24368002693518065,0.8399260360747576
0.31560577734489925,0.24368002693518065,1.095293277874589
0.3174281813844573,0.2309231986582745,0.8399260360747576
0.3174281813844573,0.2309231986582745,1.095293277874589
0.3180356493976433,0.2242410505132284,0.8492687400430441
0.3180356493976433,0.2242410505132284,1.095293277874589
0.23663493563071825,0.3433047810976859,0.8399260360747576
0.23663493563071825,0.3433047810976859,1.095293277874589
0.22630797940655611,0.347557057189988,0.8399260360747576
0.22630797940655611,0.347557057189988,1.095293277874589
0.21537355516920798,0.350594397255918,0.8399260360747576
0.21537355516920798,0.350594397255918,1.095293277874589
0.20443913093185984,0.35302426930866204,0.8399260360747576
0.20443913093185984,0.35302426930866204,1.095293277874589
0.1935047066945117,0.35423920533503406,0.8399260360747576
0.1935047066945117,0.35423920533503406,1.095293277874589
0.18196281444397755,0.35484667334822007,0.8399260360747576
0.18196281444397755,0.35484667334822007,1.095293277874589
0.1710283902066294,0.35423920533503406,0.8399260360747576
0.1710283902066294,0.35423920533503406,1.095293277874589
0.16009396596928127,0.35302426930866204,0.8399260360747576
0.16009396596928127,0.35302426930866204,1.095293277874589
0.14915954173193313,0.350594397255918,0.8399260360747576
0.14915954173193313,0.350594397255918,1.095293277874589
0.138225117494585,0.347557057189988,0.8399260360747576
0.138225117494585,0.347557057189988,1.095293277874589
0.12789816127042286,0.3433047810976859,0.8399260360747576
0.12789816127042286,0.3433047810976859,1.095293277874589
0.11878614107263274,0.33905250500538386,0.8492687400430441
0.11878614107263274,0.33905250500538386,1.095293277874589
0.25364403999992646,0.35241680129547603,1.095293277874589
0.24270961576257832,0.3578840134141501,1.095293277874589
0.25364403999992646,0.35241680129547603,1.095293277874589
0.24270961576257832,0.3578840134141501,1.095293277874589
0.24574695582850836,0.33905250500538386,1.095293277874589
0.24270961576257832,0.3578840134141501,1.095293277874589
0.23663493563071825,0.3433047810976859,1.095293277874589
0.24270961576257832,0.3578840134141501,1.095293277874589
0.22630797940655611,0.347557057189988,1.095293277874589
0.23177519152523018,0.36274375751963817,1.095293277874589
0.21598102318239398,0.351201865269104,1.095293277874589
0.21962583126151003,0.3663885655987542,1.095293277874589
0.21598102318239398,0.351201865269104,1.095293277874589
0.20747647099778987,0.36942590566468425,1.095293277874589
0.20504659894504584,0.35363173732184805,1.095293277874589
0.20747647099778987,0.36942590566468425,1.095293277874589
0.1935047066945117,0.3554541413614061,1.095293277874589
0.1947196427208837,0.3712483097042423,1.095293277874589
0.1935047066945117,0.3554541413614061,1.095293277874589
0.18196281444397755,0.3718557777174283,1.095293277874589
0.18196281444397755,0.3560616093745921,1.095293277874589
0.1698134541802574,0.3712483097042423,1.095293277874589
0.1710283902066294,0.3554541413614061,1.095293277874589
0.15705662590335123,0.36942590566468425,1.095293277874589
0.15948649795609526,0.35363173732184805,1.095293277874589
0.15705662590335123,0.36942590566468425,1.095293277874589
0.14855207371874712,0.351201865269104,1.095293277874589
0.14490726563963108,0.3663885655987542,1.095293277874589
0.138225117494585,0.347557057189988,1.095293277874589
0.13275790537591092,0.36274375751963817,1.095293277874589
0.138225117494585,0.347557057189988,1.095293277874589
0.12182348113856278,0.3578840134141501,1.095293277874589
0.12789816127042286,0.3433047810976859,1.095293277874589
0.12182348113856278,0.3578840134141501,1.095293277874589
0.11878614107263274,0.33905250500538386,1.095293277874589
0.12182348113856278,0.3578840134141501,1.095293277874589
0.11088905690121464,0.35241680129547603,1.095293277874589
0.11088905690121464,0.35241680129547603,1.095293277874589
0.2730830164218787,0.3402674410317559,1.095293277874589
0.2639709962240886,0.34694958917680196,1.095293277874589
0.2900921207910869,0.3262956767284777,1.095293277874589
0.2639709962240886,0.3275106127548497,1.095293277874589
0.2900921207910869,0.3262956767284777,1.095293277874589
0.2791576965537388,0.31475378447794355,1.095293277874589
0.2900921207910869,0.3262956767284777,1.095293277874589
0.29130705681745894,0.3007820201746654,1.095293277874589
0.3040638850943651,0.3105015083856415,1.095293277874589
0.29130705681745894,0.3007820201746654,1.095293277874589
0.31499830933171324,0.2940998720296193,1.095293277874589
0.30102654502843507,0.2862027878582012,1.095293277874589
0.31499830933171324,0.2940998720296193,1.095293277874589
0.30831616118666716,0.271623555541737,1.095293277874589
0.32289539350313134,0.2776982356735971,1.095293277874589
0.30831616118666716,0.271623555541737,1.095293277874589
0.3283626056218054,0.2619040673307609,1.095293277874589
0.3131759052921552,0.2570443232252728,1.095293277874589
0.3283626056218054,0.2619040673307609,1.095293277874589
0.31621324535808526,0.24368002693518065,1.095293277874589
0.33139994568773545,0.2467173670011107,1.095293277874589
0.31621324535808526,0.24368002693518065,1.095293277874589
0.3332223497272935,0.2321381346846465,1.095293277874589
0.3174281813844573,0.2309231986582745,1.095293277874589
0.3332223497272935,0.2321381346846465,1.095293277874589
0.3180356493976433,0.2242410505132284,1.095293277874589
0.3338298177404795,0.2242410505132284,1.095293277874589
0.2730830164218787,0.09788770377053879,1.095293277874589
0.2900921207910869,0.11185946807381697,1.095293277874589
0.2639709962240886,0.0912055556254927,1.095293277874589
0.2639709962240886,0.11064453204744495,1.095293277874589
0.26214859218453057,0.0905980876123067,1.095293277874589
0.25425150801311247,0.10396238390239887,1.095293277874589
0.11088905690121464,0.08573834350681864,1.095293277874589
0.12182348113856278,0.08027113138814457,1.095293277874589
0.11088905690121464,0.08573834350681864,1.095293277874589
0.12182348113856278,0.08027113138814457,1.095293277874589
0.11878614107263274,0.09910263979691081,1.095293277874589
0.12182348113856278,0.08027113138814457,1.095293277874589
0.12789816127042286,0.09485036370460875,1.095293277874589
0.12182348113856278,0.08027113138814457,1.095293277874589
0.138225117494585,0.0905980876123067,1.095293277874589
0.13275790537591092,0.0754113872826565,1.095293277874589
0.14855207371874712,0.08695327953319065,1.095293277874589
0.14490726563963108,0.07176657920354046,1.095293277874589
0.14855207371874712,0.08695327953319065,1.095293277874589
0.15705662590335123,0.06872923913761042,1.095293277874589
0.15948649795609526,0.08452340748044662,1.095293277874589
0.15705662590335123,0.06872923913761042,1.095293277874589
0.1710283902066294,0.0827010034408886,1.095293277874589
0.1698134541802574,0.0669068350980524,1.095293277874589
0.1710283902066294,0.0827010034408886,1.095293277874589
0.18196281444397755,0.06629936708486639,1.095293277874589
0.18196281444397755,0.08209353542770259,1.095293277874589
0.1947196427208837,0.0669068350980524,1.095293277874589
0.1935047066945117,0.0827010034408886,1.095293277874589
0.20747647099778987,0.06872923913761042,1.095293277874589
0.20504659894504584,0.08452340748044662,1.095293277874589
0.20747647099778987,0.06872923913761042,1.095293277874589
0.21598102318239398,0.08695327953319065,1.095293277874589
0.21962583126151003,0.07176657920354046,1.095293277874589
0.22630797940655611,0.0905980876123067,1.095293277874589
0.23177519152523018,0.0754113872826565,1.095293277874589
0.22630797940655611,0.0905980876123067,1.095293277874589
0.24270961576257832,0.08027113138814457,1.095293277874589
0.23663493563071825,0.09485036370460875,1.095293277874589
0.24270961576257832,0.08027113138814457,1.095293277874589
0.24574695582850836,0.09910263979691081,1.095293277874589
0.24270961576257832,0.08027113138814457,1.095293277874589
0.25364403999992646,0.08573834350681864,1.095293277874589
0.25364403999992646,0.08573834350681864,1.095293277874589
0.0914500804792624,0.09788770377053879,1.095293277874589
0.10056210067705251,0.0912055556254927,1.095293277874589
0.07444097611005418,0.11185946807381697,1.095293277874589
0.10056210067705251,0.11064453204744495,1.095293277874589
0.07444097611005418,0.11185946807381697,1.095293277874589
0.08537540034740232,0.12340136032435112,1.095293277874589
0.07444097611005418,0.11185946807381697,1.095293277874589
0.07322604008368216,0.1373731246276293,1.095293277874589
0.060469211806776,0.12765363641665317,1.095293277874589
0.07322604008368216,0.1373731246276293,1.095293277874589
0.04953478756942786,0.14405527277267538,1.095293277874589
0.06350655187270604,0.15195235694409348,1.095293277874589
0.04953478756942786,0.14405527277267538,1.095293277874589
0.05621693571447395,0.16653158926055767,1.095293277874589
0.04163770339800976,0.1604569091286976,1.095293277874589
0.05621693571447395,0.16653158926055767,1.095293277874589
0.03617049127933569,0.1762510774715338,1.095293277874589
0.051357191608985886,0.18111082157702185,1.095293277874589
0.03617049127933569,0.1762510774715338,1.095293277874589
0.04831985154305585,0.19447511786711402,1.095293277874589
0.033133151213405654,0.19143777780118398,1.095293277874589
0.04831985154305585,0.19447511786711402,1.095293277874589
0.03131074717384763,0.20601701011764817,1.095293277874589
0.04710491551668383,0.20723194614402018,1.095293277874589
0.03131074717384763,0.20601701011764817,1.095293277874589
0.046497447503497824,0.21391409428906627,1.095293277874589
0.030703279160661623,0.21391409428906627,1.095293277874589
0.0914500804792624,0.3402674410317559,1.095293277874589
0.07444097611005418,0.3262956767284777,1.095293277874589
0.10056210067705251,0.34694958917680196,1.095293277874589
0.10056210067705251,0.3275106127548497,1.095293277874589
0.10238450471661054,0.347557057189988,1.095293277874589
0.11028158888802864,0.3341927608998958,1.095293277874589
0.2639709962240886,0.0905980876123067,0.5648353081196547
0.25364403999992646,0.08452340748044662,0.5648353081196547
0.2736904844350647,0.09728023575735278,0.5648353081196547
0.24331708377576433,0.07966366337495856,0.5648353081196547
0.2900921207910869,0.11246693608700298,0.5648353081196547
0.23177519152523018,0.0748039192694705,0.5648353081196547
0.3040638850943651,0.12765363641665317,0.5648353081196547
0.23116772351204418,0.17078386535285972,0.5648353081196547
0.31499830933171324,0.14405527277267538,0.5648353081196547
0.23724240364390425,0.1774660134979058,0.5648353081196547
0.32289539350313134,0.1604569091286976,0.5648353081196547
0.23724240364390425,0.1774660134979058,0.5648353081196547
0.3283626056218054,0.1762510774715338,0.5648353081196547
0.24210214774939232,0.1853630976693239,0.5648353081196547
0.3283626056218054,0.1762510774715338,0.5648353081196547
0.24574695582850836,0.192652713827556,0.5648353081196547
0.33200741370092146,0.19143777780118398,0.5648353081196547
0.24999923192081042,0.20662447813083418,0.5648353081196547
0.3338298177404795,0.20601701011764817,0.5648353081196547
0.25121416794718243,0.21877383839455433,0.5648353081196547
0.3338298177404795,0.21877383839455433,0.5648353081196547
0.25121416794718243,0.21877383839455433,0.5648353081196547
0.3338298177404795,0.2321381346846465,0.5648353081196547
0.24999923192081042,0.2315306666714605,0.5648353081196547
0.3338298177404795,0.2321381346846465,0.5648353081196547
0.24574695582850836,0.24550243097473867,0.5648353081196547
0.33200741370092146,0.2467173670011107,0.5648353081196547
0.24574695582850836,0.24550243097473867,0.5648353081196547
0.3283626056218054,0.2619040673307609,0.5648353081196547
0.24210214774939232,0.25279204713297077,0.5648353081196547
0.3283626056218054,0.2619040673307609,0.5648353081196547
0.23724240364390425,0.26068913130438887,0.5648353081196547
0.3283626056218054,0.2619040673307609,0.5648353081196547
0.23116772351204418,0.26737127944943495,0.5648353081196547
0.23177519152523018,0.3633512255328242,0.5648353081196547
0.22387810735381208,0.27405342759448104,0.5648353081196547
0.23177519152523018,0.3633512255328242,0.5648353081196547
0.21476608715602197,0.2801281077263411,0.5648353081196547
0.23177519152523018,0.3633512255328242,0.5648353081196547
0.20443913093185984,0.28438038381864317,0.5648353081196547
0.20747647099778987,0.36881843765149824,0.5648353081196547
0.1935047066945117,0.2868102558713872,0.5648353081196547
0.20747647099778987,0.36881843765149824,0.5648353081196547
0.18196281444397755,0.2880251918977592,0.5648353081196547
0.18196281444397755,0.37064084169105627,0.5648353081196547
0.15705662590335123,0.36881843765149824,0.5648353081196547
0.1698134541802574,0.37064084169105627,0.5648353081196547
0.2639709962240886,0.11064453204744495,1.095293277874589
0.2900921207910869,0.11185946807381697,1.095293277874589
0.2791576965537388,0.12340136032435112,1.095293277874589
0.2900921207910869,0.11185946807381697,1.095293277874589
0.29130705681745894,0.1373731246276293,1.095293277874589
0.3040638850943651,0.12765363641665317,1.095293277874589
0.29130705681745894,0.1373731246276293,1.095293277874589
0.31499830933171324,0.14405527277267538,1.095293277874589
0.30102654502843507,0.15195235694409348,1.095293277874589
0.31499830933171324,0.14405527277267538,1.095293277874589
0.30831616118666716,0.16653158926055767,1.095293277874589
0.32289539350313134,0.1604569091286976,1.095293277874589
0.30831616118666716,0.16653158926055767,1.095293277874589
0.3283626056218054,0.1762510774715338,1.095293277874589
0.3131759052921552,0.18111082157702185,1.095293277874589
0.3283626056218054,0.1762510774715338,1.095293277874589
0.31621324535808526,0.19447511786711402,1.095293277874589
0.33139994568773545,0.19143777780118398,1.095293277874589
0.31621324535808526,0.19447511786711402,1.095293277874589
0.3332223497272935,0.20601701011764817,1.095293277874589
0.3174281813844573,0.20723194614402018,1.095293277874589
0.3332223497272935,0.20601701011764817,1.095293277874589
0.3180356493976433,0.21391409428906627,1.095293277874589
0.3338298177404795,0.21391409428906627,1.095293277874589
0.18196281444397755,0.2880251918977592,0.5648353081196547
0.1710283902066294,0.2868102558713872,0.5648353081196547
0.15705662590335123,0.36881843765149824,0.5648353081196547
0.16009396596928127,0.28438038381864317,0.5648353081196547
0.13275790537591092,0.3633512255328242,0.5648353081196547
0.14976700974511914,0.2801281077263411,0.5648353081196547
0.13275790537591092,0.3633512255328242,0.5648353081196547
0.14065498954732902,0.27405342759448104,0.5648353081196547
0.13275790537591092,0.3633512255328242,0.5648353081196547
0.13336537338909693,0.26737127944943495,0.5648353081196547
0.060469211806776,0.3105015083856415,0.5648353081196547
0.13336537338909693,0.26737127944943495,0.5648353081196547
0.04953478756942786,0.2940998720296193,0.5648353081196547
0.12729069325723685,0.26068913130438887,0.5648353081196547
0.04163770339800976,0.2776982356735971,0.5648353081196547
0.12729069325723685,0.26068913130438887,0.5648353081196547
0.03617049127933569,0.2619040673307609,0.5648353081196547
0.12243094915174879,0.25279204713297077,0.5648353081196547
0.03617049127933569,0.2619040673307609,0.5648353081196547
0.11878614107263274,0.24550243097473867,0.5648353081196547
0.032525683200219646,0.2467173670011107,0.5648353081196547
0.11453386498033069,0.2315306666714605,0.5648353081196547
0.030703279160661623,0.2321381346846465,0.5648353081196547
0.11331892895395868,0.21877383839455433,0.5648353081196547
0.030703279160661623,0.21877383839455433,0.5648353081196547
0.11453386498033069,0.20662447813083418,0.5648353081196547
0.030703279160661623,0.20601701011764817,0.5648353081196547
0.03617049127933569,0.1762510774715338,0.5648353081196547
0.032525683200219646,0.19143777780118398,0.5648353081196547
0.21962583126151003,0.07176657920354046,0.5648353081196547
0.20747647099778987,0.06933670715079643,0.5648353081196547
0.23177519152523018,0.0748039192694705,0.5648353081196547
0.20443913093185984,0.1537747609836515,0.5648353081196547
0.23177519152523018,0.0748039192694705,0.5648353081196547
0.21476608715602197,0.15802703707595356,0.5648353081196547
0.23177519152523018,0.0748039192694705,0.5648353081196547
0.22387810735381208,0.16410171720781364,0.5648353081196547
0.23116772351204418,0.17078386535285972,0.5648353081196547
0.14490726563963108,0.07176657920354046,0.5648353081196547
0.13275790537591092,0.0748039192694705,0.5648353081196547
0.15705662590335123,0.06933670715079643,0.5648353081196547
0.16009396596928127,0.1537747609836515,0.5648353081196547
0.15705662590335123,0.06933670715079643,0.5648353081196547
0.1710283902066294,0.15134488893090747,0.5648353081196547
0.1698134541802574,0.0675143031112384,0.5648353081196547
0.18196281444397755,0.15012995290453546,0.5648353081196547
0.18196281444397755,0.0675143031112384,0.5648353081196547
0.1935047066945117,0.15134488893090747,0.5648353081196547
0.1947196427208837,0.0675143031112384,0.5648353081196547
0.20443913093185984,0.1537747609836515,0.5648353081196547
0.20747647099778987,0.06933670715079643,0.5648353081196547
0.060469211806776,0.12765363641665317,0.5648353081196547
0.04953478756942786,0.14405527277267538,0.5648353081196547
0.07444097611005418,0.11246693608700298,0.5648353081196547
0.04163770339800976,0.1604569091286976,0.5648353081196547
0.09084261246607639,0.09728023575735278,0.5648353081196547
0.03617049127933569,0.1762510774715338,0.5648353081196547
0.10056210067705251,0.0905980876123067,0.5648353081196547
0.12729069325723685,0.1774660134979058,0.5648353081196547
0.11088905690121464,0.08452340748044662,0.5648353081196547
0.13336537338909693,0.17078386535285972,0.5648353081196547
0.12121601312537678,0.07966366337495856,0.5648353081196547
0.13336537338909693,0.17078386535285972,0.5648353081196547
0.13275790537591092,0.0748039192694705,0.5648353081196547
0.14065498954732902,0.16410171720781364,0.5648353081196547
0.13275790537591092,0.0748039192694705,0.5648353081196547
0.14976700974511914,0.15802703707595356,0.5648353081196547
0.16009396596928127,0.1537747609836515,0.5648353081196547
0.10056210067705251,0.347557057189988,0.5648353081196547
0.11088905690121464,0.35363173732184805,0.5648353081196547
0.09084261246607639,0.3408749090449419,0.5648353081196547
0.12121601312537678,0.3584914814273361,0.5648353081196547
0.07444097611005418,0.3256882087152917,0.5648353081196547
0.13275790537591092,0.3633512255328242,0.5648353081196547
0.060469211806776,0.3105015083856415,0.5648353081196547
0.3338298177404795,0.21391409428906627,1.095293277874589
0.3332223497272935,0.20601701011764817,1.095293277874589
0.3338298177404795,0.21391409428906627,0.8492687400430441
0.3332223497272935,0.20601701011764817,0.8399260360747576
0.3338298177404795,0.21391409428906627,0.8492687400430441
0.3338298177404795,0.21877383839455433,0.8399260360747576
0.3338298177404795,0.21877383839455433,0.8492687400430441
0.3338298177404795,0.21877383839455433,0.8399260360747576
0.3338298177404795,0.2242410505132284,0.8492687400430441
0.3332223497272935,0.2321381346846465,0.8399260360747576
0.3332223497272935,0.2321381346846465,1.095293277874589
0.3332223497272935,0.2321381346846465,0.8399260360747576
0.33139994568773545,0.24610989898792468,1.095293277874589
0.33139994568773545,0.24610989898792468,0.8399260360747576
0.3277551376086194,0.2612965993175749,1.095293277874589
0.3277551376086194,0.2612965993175749,0.8399260360747576
0.3277551376086194,0.2612965993175749,1.095293277874589
0.32228792548994534,0.2770907676604111,0.8399260360747576
0.32228792548994534,0.2770907676604111,1.095293277874589
0.31378337330534123,0.2934924040164333,0.8399260360747576
0.31378337330534123,0.2934924040164333,1.095293277874589
0.31378337330534123,0.2934924040164333,0.8399260360747576
0.3034564170811791,0.3098940403724555,1.095293277874589
0.3034564170811791,0.3098940403724555,0.8399260360747576
0.2900921207910869,0.3256882087152917,1.095293277874589
0.2900921207910869,0.3256882087152917,0.8399260360747576
0.2730830164218787,0.3402674410317559,1.095293277874589
0.2730830164218787,0.3402674410317559,0.8399260360747576
0.2639709962240886,0.34694958917680196,1.095293277874589
0.2639709962240886,0.34694958917680196,0.8399260360747576
0.046497447503497824,0.2242410505132284,1.095293277874589
0.046497447503497824,0.2242410505132284,0.8492687400430441
0.04710491551668383,0.2309231986582745,1.095293277874589
0.04710491551668383,0.2309231986582745,0.8399260360747576
0.04710491551668383,0.2309231986582745,1.095293277874589
0.048927319556241855,0.24368002693518065,0.8399260360747576
0.048927319556241855,0.24368002693518065,1.095293277874589
0.051964659622171894,0.2570443232252728,0.8399260360747576
0.051964659622171894,0.2570443232252728,1.095293277874589
0.056824403727659956,0.271016087528551,0.8399260360747576
0.056824403727659956,0.271016087528551,1.095293277874589
0.06411401988589205,0.2855953198450152,0.8399260360747576
0.06411401988589205,0.2855953198450152,1.095293277874589
0.07383350809686817,0.3007820201746654,0.8399260360747576
0.07383350809686817,0.3007820201746654,1.095293277874589
0.07383350809686817,0.3007820201746654,0.8399260360747576
0.08598286836058833,0.31475378447794355,1.095293277874589
0.08598286836058833,0.31475378447794355,0.8399260360747576
0.10056210067705251,0.3275106127548497,1.095293277874589
0.10056210067705251,0.3275106127548497,0.8399260360747576
0.11028158888802864,0.3341927608998958,0.8492687400430441
0.11817867305944674,0.33905250500538386,0.8399260360747576
0.11878614107263274,0.33905250500538386,0.8492687400430441
0.12789816127042286,0.3433047810976859,0.8399260360747576
0.30770869317348115,0.16653158926055767,0.8399260360747576
0.3131759052921552,0.18111082157702185,0.8399260360747576
0.30041907701524906,0.15195235694409348,0.8399260360747576
0.31621324535808526,0.19447511786711402,0.8399260360747576
0.29069958880427293,0.1373731246276293,0.8399260360747576
0.24574695582850836,0.192652713827556,0.8399260360747576
0.2785502285405528,0.12340136032435112,0.8399260360747576
0.24635442384169437,0.09910263979691081,0.8399260360747576
0.2639709962240886,0.11064453204744495,0.8399260360747576
0.3332223497272935,0.20601701011764817,0.8399260360747576
0.3332223497272935,0.20601701011764817,1.095293277874589
0.33139994568773545,0.19204524581437,0.8399260360747576
0.33139994568773545,0.19204524581437,1.095293277874589
0.3277551376086194,0.1768585454847198,0.8399260360747576
0.3277551376086194,0.1768585454847198,1.095293277874589
0.32228792548994534,0.1610643771418836,0.8399260360747576
0.32228792548994534,0.1610643771418836,1.095293277874589
0.31378337330534123,0.1446627407858614,0.8399260360747576
0.31378337330534123,0.1446627407858614,1.095293277874589
0.31378337330534123,0.1446627407858614,0.8399260360747576
0.3034564170811791,0.12826110442983918,1.095293277874589
0.3034564170811791,0.12826110442983918,0.8399260360747576
0.2900921207910869,0.11246693608700298,1.095293277874589
0.2900921207910869,0.11246693608700298,0.8399260360747576
0.2730830164218787,0.09788770377053879,1.095293277874589
0.2730830164218787,0.09788770377053879,0.8399260360747576
0.2730830164218787,0.09788770377053879,1.095293277874589
0.2639709962240886,0.0912055556254927,0.8399260360747576
0.2633635282109026,0.0912055556254927,1.095293277874589
0.26214859218453057,0.0905980876123067,0.8492687400430441
0.26214859218453057,0.0905980876123067,1.095293277874589
0.22630797940655611,0.347557057189988,0.8399260360747576
0.21598102318239398,0.351201865269104,0.8399260360747576
0.23663493563071825,0.3439122491108719,0.8399260360747576
0.22387810735381208,0.27405342759448104,0.8399260360747576
0.23663493563071825,0.3439122491108719,0.8399260360747576
0.23116772351204418,0.26737127944943495,0.8399260360747576
0.23663493563071825,0.3439122491108719,0.8399260360747576
0.23724240364390425,0.26068913130438887,0.8399260360747576
0.23663493563071825,0.3439122491108719,0.8399260360747576
0.24210214774939232,0.25279204713297077,0.8399260360747576
0.24635442384169437,0.33905250500538386,0.8399260360747576
0.24574695582850836,0.24550243097473867,0.8399260360747576
0.2639709962240886,0.3275106127548497,0.8399260360747576
0.31621324535808526,0.24368002693518065,0.8399260360747576
0.2785502285405528,0.31475378447794355,0.8399260360747576
0.3131759052921552,0.2570443232252728,0.8399260360747576
0.29069958880427293,0.3007820201746654,0.8399260360747576
0.30770869317348115,0.271623555541737,0.8399260360747576
0.30041907701524906,0.2862027878582012,0.8399260360747576
0.24574695582850836,0.192652713827556,0.8399260360747576
0.31621324535808526,0.19447511786711402,0.8399260360747576
0.24999923192081042,0.20662447813083418,0.8399260360747576
0.3174281813844573,0.20723194614402018,0.8399260360747576
0.24999923192081042,0.20662447813083418,0.8399260360747576
0.3180356493976433,0.21877383839455433,0.8399260360747576
0.25121416794718243,0.21877383839455433,0.8399260360747576
0.3174281813844573,0.2309231986582745,0.8399260360747576
0.24999923192081042,0.2315306666714605,0.8399260360747576
0.31621324535808526,0.24368002693518065,0.8399260360747576
0.24574695582850836,0.24550243097473867,0.8399260360747576
0.04710491551668383,0.2309231986582745,0.8399260360747576
0.046497447503497824,0.2242410505132284,0.8492687400430441
0.046497447503497824,0.21877383839455433,0.8399260360747576
0.046497447503497824,0.21877383839455433,0.8492687400430441
0.046497447503497824,0.21877383839455433,0.8399260360747576
0.046497447503497824,0.21391409428906627,0.8492687400430441
0.04710491551668383,0.20723194614402018,0.8399260360747576
0.04710491551668383,0.20723194614402018,1.095293277874589
0.04710491551668383,0.20723194614402018,0.8399260360747576
0.048927319556241855,0.19447511786711402,1.095293277874589
0.048927319556241855,0.19447511786711402,0.8399260360747576
0.051964659622171894,0.18111082157702185,1.095293277874589
0.051964659622171894,0.18111082157702185,0.8399260360747576
0.056824403727659956,0.16713905727374367,1.095293277874589
0.056824403727659956,0.16713905727374367,0.8399260360747576
0.056824403727659956,0.16713905727374367,1.095293277874589
0.06411401988589205,0.1525598249572795,0.8399260360747576
0.06411401988589205,0.1525598249572795,1.095293277874589
0.07383350809686817,0.1373731246276293,0.8399260360747576
0.07383350809686817,0.1373731246276293,1.095293277874589
0.08598286836058833,0.12340136032435112,0.8399260360747576
0.08598286836058833,0.12340136032435112,1.095293277874589
0.10056210067705251,0.11064453204744495,0.8399260360747576
0.10056210067705251,0.11064453204744495,1.095293277874589
0.11028158888802864,0.10396238390239887,0.8492687400430441
0.11028158888802864,0.10396238390239887,1.095293277874589
0.1935047066945117,0.35423920533503406,0.8399260360747576
0.18196281444397755,0.35484667334822007,0.8399260360747576
0.20504659894504584,0.35302426930866204,0.8399260360747576
0.1935047066945117,0.2868102558713872,0.8399260360747576
0.21598102318239398,0.351201865269104,0.8399260360747576
0.20443913093185984,0.28438038381864317,0.8399260360747576
0.21598102318239398,0.351201865269104,0.8399260360747576
0.21476608715602197,0.2801281077263411,0.8399260360747576
0.22387810735381208,0.27405342759448104,0.8399260360747576
0.138225117494585,0.0905980876123067,0.8399260360747576
0.14855207371874712,0.08695327953319065,0.8399260360747576
0.12789816127042286,0.09424289569142275,0.8399260360747576
0.14065498954732902,0.16410171720781364,0.8399260360747576
0.12789816127042286,0.09424289569142275,0.8399260360747576
0.13336537338909693,0.17078386535285972,0.8399260360747576
0.12789816127042286,0.09424289569142275,0.8399260360747576
0.12729069325723685,0.1774660134979058,0.8399260360747576
0.12789816127042286,0.09424289569142275,0.8399260360747576
0.12243094915174879,0.1853630976693239,0.8399260360747576
0.11817867305944674,0.09910263979691081,0.8399260360747576
0.11878614107263274,0.192652713827556,0.8399260360747576
0.10056210067705251,0.11064453204744495,0.8399260360747576
0.04831985154305585,0.19447511786711402,0.8399260360747576
0.08598286836058833,0.12340136032435112,0.8399260360747576
0.051357191608985886,0.18111082157702185,0.8399260360747576
0.07383350809686817,0.1373731246276293,0.8399260360747576
0.056824403727659956,0.16653158926055767,0.8399260360747576
0.06411401988589205,0.15195235694409348,0.8399260360747576
0.20504659894504584,0.08513087549363263,0.8399260360747576
0.21598102318239398,0.08695327953319065,0.8399260360747576
0.1935047066945117,0.08391593946726061,0.8399260360747576
0.15948649795609526,0.08513087549363263,0.8399260360747576
0.18196281444397755,0.0833084714540746,0.8399260360747576
0.1710283902066294,0.08391593946726061,0.8399260360747576
0.051357191608985886,0.2570443232252728,0.8399260360747576
0.04831985154305585,0.24368002693518065,0.8399260360747576
0.056824403727659956,0.271623555541737,0.8399260360747576
0.11878614107263274,0.24550243097473867,0.8399260360747576
0.06411401988589205,0.2862027878582012,0.8399260360747576
0.11817867305944674,0.33905250500538386,0.8399260360747576
0.07383350809686817,0.3007820201746654,0.8399260360747576
0.10056210067705251,0.3275106127548497,0.8399260360747576
0.08598286836058833,0.31475378447794355,0.8399260360747576
0.14065498954732902,0.16410171720781364,0.8399260360747576
0.14855207371874712,0.08695327953319065,0.8399260360747576
0.14976700974511914,0.15802703707595356,0.8399260360747576
0.14855207371874712,0.08695327953319065,0.8399260360747576
0.16009396596928127,0.1537747609836515,0.8399260360747576
0.14855207371874712,0.08695327953319065,0.8399260360747576
0.1710283902066294,0.15134488893090747,0.8399260360747576
0.15948649795609526,0.08513087549363263,0.8399260360747576
0.18196281444397755,0.15012995290453546,0.8399260360747576
0.15948649795609526,0.08513087549363263,0.8399260360747576
0.1935047066945117,0.15134488893090747,0.8399260360747576
0.21598102318239398,0.08695327953319065,0.8399260360747576
0.20443913093185984,0.1537747609836515,0.8399260360747576
0.21598102318239398,0.08695327953319065,0.8399260360747576
0.21476608715602197,0.15802703707595356,0.8399260360747576
0.22630797940655611,0.0905980876123067,0.8399260360747576
0.21476608715602197,0.15802703707595356,0.8399260360747576
0.23663493563071825,0.09424289569142275,0.8399260360747576
0.22387810735381208,0.16410171720781364,0.8399260360747576
0.23663493563071825,0.09424289569142275,0.8399260360747576
0.23116772351204418,0.17078386535285972,0.8399260360747576
0.23663493563071825,0.09424289569142275,0.8399260360747576
0.23724240364390425,0.1774660134979058,0.8399260360747576
0.23663493563071825,0.09424289569142275,0.8399260360747576
0.24210214774939232,0.1853630976693239,0.8399260360747576
0.24635442384169437,0.09910263979691081,0.8399260360747576
0.24574695582850836,0.192652713827556,0.8399260360747576
0.11878614107263274,0.192652713827556,0.8399260360747576
0.11453386498033069,0.20662447813083418,0.8399260360747576
0.04831985154305585,0.19447511786711402,0.8399260360747576
0.11453386498033069,0.20662447813083418,0.8399260360747576
0.04710491551668383,0.20723194614402018,0.8399260360747576
0.11453386498033069,0.20662447813083418,0.8399260360747576
0.046497447503497824,0.21877383839455433,0.8399260360747576
0.11331892895395868,0.21877383839455433,0.8399260360747576
0.046497447503497824,0.21877383839455433,0.8399260360747576
0.11453386498033069,0.2315306666714605,0.8399260360747576
0.04710491551668383,0.2309231986582745,0.8399260360747576
0.11878614107263274,0.24550243097473867,0.8399260360747576
0.04831985154305585,0.24368002693518065,0.8399260360747576
0.10056210067705251,0.11064453204744495,0.8399260360747576
0.11028158888802864,0.10396238390239887,0.8492687400430441
0.11817867305944674,0.09910263979691081,0.8399260360747576
0.11878614107263274,0.09910263979691081,0.8492687400430441
0.12789816127042286,0.09485036370460875,0.8399260360747576
0.12789816127042286,0.09485036370460875,1.095293277874589
0.12789816127042286,0.09485036370460875,0.8399260360747576
0.138225117494585,0.0905980876123067,1.095293277874589
0.138225117494585,0.0905980876123067,0.8399260360747576
0.14915954173193313,0.08756074754637666,1.095293277874589
0.14915954173193313,0.08756074754637666,0.8399260360747576
0.16009396596928127,0.08513087549363263,1.095293277874589
0.16009396596928127,0.08513087549363263,0.8399260360747576
0.1710283902066294,0.08391593946726061,1.095293277874589
0.1710283902066294,0.08391593946726061,0.8399260360747576
0.18196281444397755,0.0833084714540746,1.095293277874589
0.18196281444397755,0.0833084714540746,0.8399260360747576
0.1935047066945117,0.08391593946726061,1.095293277874589
0.1935047066945117,0.08391593946726061,0.8399260360747576
0.20443913093185984,0.08513087549363263,1.095293277874589
0.20443913093185984,0.08513087549363263,0.8399260360747576
0.21537355516920798,0.08756074754637666,1.095293277874589
0.21537355516920798,0.08756074754637666,0.8399260360747576
0.22630797940655611,0.0905980876123067,1.095293277874589
0.22630797940655611,0.0905980876123067,0.8399260360747576
0.23663493563071825,0.09485036370460875,1.095293277874589
0.23663493563071825,0.09485036370460875,0.8399260360747576
0.24574695582850836,0.09910263979691081,0.8492687400430441
0.24635442384169437,0.09910263979691081,0.8399260360747576
0.25425150801311247,0.10396238390239887,0.8492687400430441
0.2639709962240886,0.11064453204744495,0.8399260360747576
0.2639709962240886,0.11064453204744495,1.095293277874589
0.2785502285405528,0.12340136032435112,0.8399260360747576
0.2785502285405528,0.12340136032435112,1.095293277874589
0.29069958880427293,0.1373731246276293,0.8399260360747576
0.29069958880427293,0.1373731246276293,1.095293277874589
0.29069958880427293,0.1373731246276293,0.8399260360747576
0.30041907701524906,0.1525598249572795,1.095293277874589
0.30041907701524906,0.1525598249572795,0.8399260360747576
0.30770869317348115,0.16713905727374367,1.095293277874589
0.30770869317348115,0.16713905727374367,0.8399260360747576
0.3125684372789692,0.18111082157702185,1.095293277874589
0.3125684372789692,0.18111082157702185,0.8399260360747576
0.31560577734489925,0.19447511786711402,1.095293277874589
0.31560577734489925,0.19447511786711402,0.8399260360747576
0.3174281813844573,0.20723194614402018,1.095293277874589
0.3174281813844573,0.20723194614402018,0.8399260360747576
0.3180356493976433,0.21391409428906627,0.8492687400430441
0.3180356493976433,0.21877383839455433,0.8399260360747576
0.3180356493976433,0.2242410505132284,0.8492687400430441
0.3174281813844573,0.2309231986582745,0.8399260360747576
0.2736904844350647,0.3408749090449419,0.5648353081196547
0.2900921207910869,0.3256882087152917,0.5648353081196547
0.2639709962240886,0.347557057189988,0.5648353081196547
0.3040638850943651,0.3105015083856415,0.5648353081196547
0.25364403999992646,0.35363173732184805,0.5648353081196547
0.31499830933171324,0.2940998720296193,0.5648353081196547
0.24331708377576433,0.3584914814273361,0.5648353081196547
0.32289539350313134,0.2776982356735971,0.5648353081196547
0.23177519152523018,0.3633512255328242,0.5648353081196547
0.3283626056218054,0.2619040673307609,0.5648353081196547
0.12729069325723685,0.1774660134979058,0.5648353081196547
0.03617049127933569,0.1762510774715338,0.5648353081196547
0.12243094915174879,0.1853630976693239,0.5648353081196547
0.03617049127933569,0.1762510774715338,0.5648353081196547
0.11878614107263274,0.192652713827556,0.5648353081196547
0.11453386498033069,0.20662447813083418,0.5648353081196547
0.11878614107263274,0.24550243097473867,0.8399260360747576
0.12243094915174879,0.25279204713297077,0.8399260360747576
0.11817867305944674,0.33905250500538386,0.8399260360747576
0.12243094915174879,0.25279204713297077,0.8399260360747576
0.12789816127042286,0.3439122491108719,0.8399260360747576
0.12729069325723685,0.26068913130438887,0.8399260360747576
0.12789816127042286,0.3439122491108719,0.8399260360747576
0.13336537338909693,0.26737127944943495,0.8399260360747576
0.12789816127042286,0.3439122491108719,0.8399260360747576
0.14065498954732902,0.27405342759448104,0.8399260360747576
0.12789816127042286,0.3439122491108719,0.8399260360747576
0.14976700974511914,0.2801281077263411,0.8399260360747576
0.138225117494585,0.347557057189988,0.8399260360747576
0.14976700974511914,0.2801281077263411,0.8399260360747576
0.14855207371874712,0.351201865269104,0.8399260360747576
0.16009396596928127,0.28438038381864317,0.8399260360747576
0.15948649795609526,0.35302426930866204,0.8399260360747576
0.1710283902066294,0.2868102558713872,0.8399260360747576
0.15948649795609526,0.35302426930866204,0.8399260360747576
0.18196281444397755,0.2880251918977592,0.8399260360747576
0.1710283902066294,0.35423920533503406,0.8399260360747576
0.18196281444397755,0.2880251918977592,0.8399260360747576
0.18196281444397755,0.35484667334822007,0.8399260360747576
0.1935047066945117,0.2868102558713872,0.8399260360747576
0.032525683200219646,0.2625115353439469,0.7610320914536715
0.038600363332079723,0.2789131716999691,0.7610320914536715
0.029488343134289607,0.2473248350142967,0.7610320914536715
0.032525683200219646,0.2467173670011107,0.7610320914536715
0.029488343134289607,0.2473248350142967,0.7610320914536715
0.030703279160661623,0.2321381346846465,0.7610320914536715
0.027665939094731584,0.2327456026978325,0.7610320914536715
0.030703279160661623,0.21877383839455433,0.7610320914536715
0.027058471081545576,0.21877383839455433,0.7610320914536715
0.030703279160661623,0.21877383839455433,0.7610320914536715
0.027665939094731584,0.20540954210446216,0.7610320914536715
0.030703279160661623,0.20601701011764817,0.7610320914536715
0.027665939094731584,0.20540954210446216,0.7610320914536715
0.032525683200219646,0.19143777780118398,0.7610320914536715
0.029488343134289607,0.19083030978799798,0.7610320914536715
0.032525683200219646,0.19143777780118398,0.7610320914536715
0.032525683200219646,0.17564360945834778,0.7610320914536715
0.03617049127933569,0.1762510774715338,0.7610320914536715
0.038600363332079723,0.15924197310232557,0.7610320914536715
0.04163770339800976,0.1604569091286976,0.7610320914536715
0.046497447503497824,0.14223286873311736,0.7610320914536715
0.04953478756942786,0.14405527277267538,0.7610320914536715
0.05803933975403197,0.12583123237709515,0.7610320914536715
0.060469211806776,0.12765363641665317,0.7610320914536715
0.05803933975403197,0.12583123237709515,0.7610320914536715
0.07444097611005418,0.11246693608700298,0.7610320914536715
0.07201110405731015,0.10942959602107294,0.7610320914536715
0.07444097611005418,0.11246693608700298,0.7610320914536715
0.08902020842651837,0.09485036370460875,0.7610320914536715
0.09084261246607639,0.09728023575735278,0.7610320914536715
0.08902020842651837,0.09485036370460875,0.7610320914536715
0.10056210067705251,0.0905980876123067,0.7610320914536715
0.09873969663749449,0.08756074754637666,0.7610320914536715
0.10056210067705251,0.0905980876123067,0.7610320914536715
0.10906665286165662,0.08148606741451658,0.7610320914536715
0.11088905690121464,0.08452340748044662,0.7610320914536715
0.10906665286165662,0.08148606741451658,0.7610320914536715
0.12121601312537678,0.07966366337495856,0.7610320914536715
0.12000107709900476,0.07601885529584251,0.7610320914536715
0.13275790537591092,0.0748039192694705,0.7610320914536715
0.1315429693495389,0.07176657920354046,0.7610320914536715
0.14490726563963108,0.07176657920354046,0.7610320914536715
0.14369232961325906,0.06812177112442441,0.7610320914536715
0.14490726563963108,0.07176657920354046,0.7610320914536715
0.15644915789016522,0.06569189907168038,0.7610320914536715
0.15705662590335123,0.06933670715079643,0.7610320914536715
0.15644915789016522,0.06569189907168038,0.7610320914536715
0.1698134541802574,0.0675143031112384,0.7610320914536715
0.1692059861670714,0.06447696304530837,0.7610320914536715
0.18196281444397755,0.0675143031112384,0.7610320914536715
0.18196281444397755,0.06386949503212236,0.7610320914536715
0.1947196427208837,0.0675143031112384,0.7610320914536715
0.18196281444397755,0.06386949503212236,0.7610320914536715
0.20747647099778987,0.06933670715079643,0.7610320914536715
0.20808393901097588,0.06569189907168038,0.7610320914536715
0.21962583126151003,0.07176657920354046,0.7610320914536715
0.22084076728788204,0.06812177112442441,0.7610320914536715
0.21962583126151003,0.07176657920354046,0.7610320914536715
0.2329901275516022,0.07176657920354046,0.7610320914536715
0.23177519152523018,0.0748039192694705,0.7610320914536715
0.2329901275516022,0.07176657920354046,0.7610320914536715
0.24331708377576433,0.07966366337495856,0.7610320914536715
0.24453201980213635,0.07601885529584251,0.7610320914536715
0.25364403999992646,0.08452340748044662,0.7610320914536715
0.2554664440394845,0.08148606741451658,0.7610320914536715
0.25364403999992646,0.08452340748044662,0.7610320914536715
0.2657934002636466,0.08756074754637666,0.7610320914536715
0.2639709962240886,0.0905980876123067,0.7610320914536715
0.27551288847462274,0.09485036370460875,0.7610320914536715
0.2736904844350647,0.09728023575735278,0.7610320914536715
0.27551288847462274,0.09485036370460875,0.7610320914536715
0.2900921207910869,0.11246693608700298,0.7610320914536715
0.29252199284383096,0.10942959602107294,0.7610320914536715
0.2900921207910869,0.11246693608700298,0.7610320914536715
0.30649375714710914,0.12583123237709515,0.7610320914536715
0.3040638850943651,0.12765363641665317,0.7610320914536715
0.3180356493976433,0.14223286873311736,0.7610320914536715
0.31499830933171324,0.14405527277267538,0.7610320914536715
0.3180356493976433,0.14223286873311736,0.7610320914536715
0.32289539350313134,0.1604569091286976,0.7610320914536715
0.3259327335690614,0.15924197310232557,0.7610320914536715
0.3283626056218054,0.1762510774715338,0.7610320914536715
0.3259327335690614,0.15924197310232557,0.7610320914536715
0.33200741370092146,0.19143777780118398,0.7610320914536715
0.33200741370092146,0.17564360945834778,0.7610320914536715
0.33200741370092146,0.19143777780118398,0.7610320914536715
0.3350447537668515,0.19083030978799798,0.7610320914536715
0.33200741370092146,0.19143777780118398,0.7610320914536715
0.3368671578064095,0.20540954210446216,0.7610320914536715
0.3338298177404795,0.20601701011764817,0.7610320914536715
0.3368671578064095,0.20540954210446216,0.7610320914536715
0.3338298177404795,0.21877383839455433,0.7610320914536715
0.33747462581959553,0.21877383839455433,0.7610320914536715
0.3338298177404795,0.21877383839455433,0.7610320914536715
0.3368671578064095,0.2327456026978325,0.7610320914536715
0.3338298177404795,0.2321381346846465,0.7610320914536715
0.3368671578064095,0.2327456026978325,0.7610320914536715
0.33200741370092146,0.2467173670011107,0.7610320914536715
0.3350447537668515,0.2473248350142967,0.7610320914536715
0.33200741370092146,0.2467173670011107,0.7610320914536715
0.33200741370092146,0.2625115353439469,0.7610320914536715
0.3283626056218054,0.2619040673307609,0.7610320914536715
0.3259327335690614,0.2789131716999691,0.7610320914536715
0.32289539350313134,0.2776982356735971,0.7610320914536715
0.3180356493976433,0.2959222760691773,0.7610320914536715
0.31499830933171324,0.2940998720296193,0.7610320914536715
0.3180356493976433,0.2959222760691773,0.7610320914536715
0.3040638850943651,0.3105015083856415,0.7610320914536715
0.30649375714710914,0.3123239124251995,0.7610320914536715
0.3040638850943651,0.3105015083856415,0.7610320914536715
0.29252199284383096,0.32872554878122173,0.7610320914536715
0.2900921207910869,0.3256882087152917,0.7610320914536715
0.29252199284383096,0.32872554878122173,0.7610320914536715
0.2736904844350647,0.3408749090449419,0.7610320914536715
0.27551288847462274,0.3433047810976859,0.7610320914536715
0.2736904844350647,0.3408749090449419,0.7610320914536715
0.2657934002636466,0.350594397255918,0.7610320914536715
0.2639709962240886,0.347557057189988,0.7610320914536715
0.2657934002636466,0.350594397255918,0.7610320914536715
0.25364403999992646,0.35363173732184805,0.7610320914536715
0.2554664440394845,0.3566690773877781,0.7610320914536715
0.24331708377576433,0.3584914814273361,0.7610320914536715
0.24453201980213635,0.36213628950645216,0.7610320914536715
0.23177519152523018,0.3633512255328242,0.7610320914536715
0.2329901275516022,0.3663885655987542,0.7610320914536715
0.21962583126151003,0.3663885655987542,0.7610320914536715
0.22084076728788204,0.37003337367787026,0.7610320914536715
0.21962583126151003,0.3663885655987542,0.7610320914536715
0.20808393901097588,0.3724632457306143,0.7610320914536715
0.20747647099778987,0.36881843765149824,0.7610320914536715
0.20808393901097588,0.3724632457306143,0.7610320914536715
0.1947196427208837,0.37064084169105627,0.7610320914536715
0.19532711073406972,0.3736781817569863,0.7610320914536715
0.18196281444397755,0.37064084169105627,0.7610320914536715
0.18196281444397755,0.3742856497701723,0.7610320914536715
0.18196281444397755,0.37064084169105627,0.7610320914536715
0.1692059861670714,0.3736781817569863,0.7610320914536715
0.1698134541802574,0.37064084169105627,0.7610320914536715
0.1692059861670714,0.3736781817569863,0.7610320914536715
0.15705662590335123,0.36881843765149824,0.7610320914536715
0.15644915789016522,0.3724632457306143,0.7610320914536715
0.14490726563963108,0.3663885655987542,0.7610320914536715
0.14369232961325906,0.37003337367787026,0.7610320914536715
0.14490726563963108,0.3663885655987542,0.7610320914536715
0.1315429693495389,0.3663885655987542,0.7610320914536715
0.13275790537591092,0.3633512255328242,0.7610320914536715
0.1315429693495389,0.3663885655987542,0.7610320914536715
0.12121601312537678,0.3584914814273361,0.7610320914536715
0.12000107709900476,0.36213628950645216,0.7610320914536715
0.11088905690121464,0.35363173732184805,0.7610320914536715
0.10906665286165662,0.3566690773877781,0.7610320914536715
0.10056210067705251,0.347557057189988,0.7610320914536715
0.09873969663749449,0.350594397255918,0.7610320914536715
0.10056210067705251,0.347557057189988,0.7610320914536715
0.08902020842651837,0.3433047810976859,0.7610320914536715
0.09084261246607639,0.3408749090449419,0.7610320914536715
0.07201110405731015,0.32872554878122173,0.7610320914536715
0.07444097611005418,0.3256882087152917,0.7610320914536715
0.07201110405731015,0.32872554878122173,0.7610320914536715
0.060469211806776,0.3105015083856415,0.7610320914536715
0.05803933975403197,0.3123239124251995,0.7610320914536715
0.060469211806776,0.3105015083856415,0.7610320914536715
0.046497447503497824,0.2959222760691773,0.7610320914536715
0.04953478756942786,0.2940998720296193,0.7610320914536715
0.038600363332079723,0.2789131716999691,0.7610320914536715
0.04163770339800976,0.2776982356735971,0.7610320914536715
0.038600363332079723,0.2789131716999691,0.7610320914536715
0.03617049127933569,0.2619040673307609,0.7610320914536715
0.032525683200219646,0.2467173670011107,0.7610320914536715
0.030703279160661623,0.2242410505132284,1.095293277874589
0.046497447503497824,0.2242410505132284,1.095293277874589
0.03131074717384763,0.2321381346846465,1.095293277874589
0.04710491551668383,0.2309231986582745,1.095293277874589
0.03131074717384763,0.2321381346846465,1.095293277874589
0.04831985154305585,0.24368002693518065,1.095293277874589
0.033133151213405654,0.2467173670011107,1.095293277874589
0.04831985154305585,0.24368002693518065,1.095293277874589
0.03617049127933569,0.2619040673307609,1.095293277874589
0.051357191608985886,0.2570443232252728,1.095293277874589
0.03617049127933569,0.2619040673307609,1.095293277874589
0.05621693571447395,0.271623555541737,1.095293277874589
0.04163770339800976,0.2776982356735971,1.095293277874589
0.05621693571447395,0.271623555541737,1.095293277874589
0.04953478756942786,0.2940998720296193,1.095293277874589
0.06350655187270604,0.2862027878582012,1.095293277874589
0.04953478756942786,0.2940998720296193,1.095293277874589
0.07322604008368216,0.3007820201746654,1.095293277874589
0.060469211806776,0.3105015083856415,1.095293277874589
0.07322604008368216,0.3007820201746654,1.095293277874589
0.07444097611005418,0.3262956767284777,1.095293277874589
0.08537540034740232,0.31475378447794355,1.095293277874589
0.10056210067705251,0.3275106127548497,1.095293277874589
0.0914500804792624,0.09788770377053879,0.8399260360747576
0.10056210067705251,0.0912055556254927,0.8399260360747576
0.10238450471661054,0.0905980876123067,0.8492687400430441
0.11088905690121464,0.08573834350681864,0.8399260360747576
0.11088905690121464,0.08573834350681864,0.8492687400430441
0.11088905690121464,0.08573834350681864,0.8399260360747576
0.11088905690121464,0.08573834350681864,1.095293277874589
0.11088905690121464,0.08573834350681864,0.8399260360747576
0.11088905690121464,0.08573834350681864,1.095293277874589
0.12182348113856278,0.08027113138814457,0.8399260360747576
0.12182348113856278,0.08027113138814457,1.095293277874589
0.12182348113856278,0.08027113138814457,0.8399260360747576
0.13336537338909693,0.07601885529584251,1.095293277874589
0.13336537338909693,0.07601885529584251,0.8399260360747576
0.13336537338909693,0.07601885529584251,1.095293277874589
0.14490726563963108,0.07237404721672647,0.8399260360747576
0.14490726563963108,0.07237404721672647,1.095293277874589
0.14490726563963108,0.07237404721672647,0.8399260360747576
0.15705662590335123,0.06994417516398244,1.095293277874589
0.15705662590335123,0.06994417516398244,0.8399260360747576
0.1698134541802574,0.06812177112442441,1.095293277874589
0.1698134541802574,0.06812177112442441,0.8399260360747576
0.18196281444397755,0.0675143031112384,1.095293277874589
0.18196281444397755,0.0675143031112384,0.8399260360747576
0.18196281444397755,0.0675143031112384,1.095293277874589
0.1947196427208837,0.06812177112442441,0.8399260360747576
0.1947196427208837,0.06812177112442441,1.095293277874589
0.1947196427208837,0.06812177112442441,0.8399260360747576
0.20747647099778987,0.06994417516398244,1.095293277874589
0.20747647099778987,0.06994417516398244,0.8399260360747576
0.21962583126151003,0.07237404721672647,1.095293277874589
0.21962583126151003,0.07237404721672647,0.8399260360747576
0.21962583126151003,0.07237404721672647,1.095293277874589
0.23116772351204418,0.07601885529584251,0.8399260360747576
0.23116772351204418,0.07601885529584251,1.095293277874589
0.24270961576257832,0.08027113138814457,0.8399260360747576
0.24270961576257832,0.08027113138814457,1.095293277874589
0.25364403999992646,0.08573834350681864,0.8492687400430441
0.25364403999992646,0.08573834350681864,1.095293277874589
0.25364403999992646,0.08573834350681864,1.095293277874589
0.2639709962240886,0.0912055556254927,0.8399260360747576
0.26214859218453057,0.0905980876123067,0.8492687400430441
0.25364403999992646,0.08573834350681864,0.8399260360747576
0.25364403999992646,0.08573834350681864,0.8492687400430441
0.24270961576257832,0.08027113138814457,0.8399260360747576
0.23724240364390425,0.26008166329120286,0.5648353081196547
0.23116772351204418,0.26737127944943495,0.8399260360747576
0.23116772351204418,0.26737127944943495,0.5648353081196547
0.22327063934062608,0.27405342759448104,0.8399260360747576
0.22327063934062608,0.27405342759448104,0.5648353081196547
0.22327063934062608,0.27405342759448104,0.8399260360747576
0.21476608715602197,0.2795206397131551,0.5648353081196547
0.21476608715602197,0.2795206397131551,0.8399260360747576
0.21476608715602197,0.2795206397131551,0.5648353081196547
0.20443913093185984,0.28438038381864317,0.8399260360747576
0.20443913093185984,0.28438038381864317,0.5648353081196547
0.1935047066945117,0.2868102558713872,0.8399260360747576
0.1935047066945117,0.2868102558713872,0.5648353081196547
0.1935047066945117,0.2868102558713872,0.8399260360747576
0.18196281444397755,0.2880251918977592,0.5648353081196547
0.18196281444397755,0.2880251918977592,0.8399260360747576
0.1710283902066294,0.2868102558713872,0.5648353081196547
0.1710283902066294,0.2868102558713872,0.8399260360747576
0.1710283902066294,0.2868102558713872,0.5648353081196547
0.16009396596928127,0.28438038381864317,0.8399260360747576
0.16009396596928127,0.28438038381864317,0.5648353081196547
0.16009396596928127,0.28438038381864317,0.8399260360747576
0.14976700974511914,0.2795206397131551,0.5648353081196547
0.14976700974511914,0.2795206397131551,0.8399260360747576
0.14976700974511914,0.2795206397131551,0.5648353081196547
0.14126245756051503,0.27405342759448104,0.8399260360747576
0.14126245756051503,0.27405342759448104,0.5648353081196547
0.13336537338909693,0.26737127944943495,0.8399260360747576
0.13336537338909693,0.26737127944943495,0.5648353081196547
0.13336537338909693,0.26737127944943495,0.8399260360747576
0.12729069325723685,0.26008166329120286,0.5648353081196547
0.12729069325723685,0.26008166329120286,0.8399260360747576
0.12729069325723685,0.26008166329120286,0.5648353081196547
0.12243094915174879,0.25279204713297077,0.8399260360747576
0.12243094915174879,0.25279204713297077,0.5648353081196547
0.12243094915174879,0.25279204713297077,0.8399260360747576
0.11878614107263274,0.24550243097473867,0.5648353081196547
0.11878614107263274,0.24550243097473867,0.8399260360747576
0.11878614107263274,0.24550243097473867,0.5648353081196547
0.11453386498033069,0.2315306666714605,0.8399260360747576
0.11453386498033069,0.2315306666714605,0.5648353081196547
0.11453386498033069,0.2315306666714605,0.8399260360747576
0.11331892895395868,0.21877383839455433,0.5648353081196547
0.11331892895395868,0.21877383839455433,0.8399260360747576
0.11331892895395868,0.21877383839455433,0.5648353081196547
0.11453386498033069,0.20662447813083418,0.8399260360747576
0.11453386498033069,0.20662447813083418,0.5648353081196547
0.11453386498033069,0.20662447813083418,0.8399260360747576
0.11878614107263274,0.192652713827556,0.5648353081196547
0.11878614107263274,0.192652713827556,0.8399260360747576
0.12243094915174879,0.1853630976693239,0.5648353081196547
0.12243094915174879,0.1853630976693239,0.8399260360747576
0.12243094915174879,0.1853630976693239,0.5648353081196547
0.12729069325723685,0.1780734815110918,0.8399260360747576
0.12729069325723685,0.1780734815110918,0.5648353081196547
0.13336537338909693,0.17078386535285972,0.8399260360747576
0.13336537338909693,0.17078386535285972,0.5648353081196547
0.14126245756051503,0.16410171720781364,0.8399260360747576
0.14126245756051503,0.16410171720781364,0.5648353081196547
0.14126245756051503,0.16410171720781364,0.8399260360747576
0.14976700974511914,0.15863450508913957,0.5648353081196547
0.14976700974511914,0.15863450508913957,0.8399260360747576
0.14976700974511914,0.15863450508913957,0.5648353081196547
0.16009396596928127,0.1537747609836515,0.8399260360747576
0.16009396596928127,0.1537747609836515,0.5648353081196547
0.16009396596928127,0.1537747609836515,0.8399260360747576
0.1710283902066294,0.15134488893090747,0.5648353081196547
0.1710283902066294,0.15134488893090747,0.8399260360747576
0.1710283902066294,0.15134488893090747,0.5648353081196547
0.18196281444397755,0.15012995290453546,0.8399260360747576
0.18196281444397755,0.15012995290453546,0.5648353081196547
0.1935047066945117,0.15134488893090747,0.8399260360747576
0.1935047066945117,0.15134488893090747,0.5648353081196547
0.1935047066945117,0.15134488893090747,0.8399260360747576
0.20443913093185984,0.1537747609836515,0.5648353081196547
0.20443913093185984,0.1537747609836515,0.8399260360747576
0.20443913093185984,0.1537747609836515,0.5648353081196547
0.21476608715602197,0.15863450508913957,0.8399260360747576
0.21476608715602197,0.15863450508913957,0.5648353081196547
0.22327063934062608,0.16410171720781364,0.8399260360747576
0.22327063934062608,0.16410171720781364,0.5648353081196547
0.22327063934062608,0.16410171720781364,0.8399260360747576
0.23116772351204418,0.17078386535285972,0.5648353081196547
0.23116772351204418,0.17078386535285972,0.8399260360747576
0.23116772351204418,0.17078386535285972,0.5648353081196547
0.23724240364390425,0.1780734815110918,0.8399260360747576
0.23724240364390425,0.1780734815110918,0.5648353081196547
0.23724240364390425,0.1780734815110918,0.8399260360747576
0.24210214774939232,0.1853630976693239,0.5648353081196547
0.24210214774939232,0.1853630976693239,0.8399260360747576
0.24210214774939232,0.1853630976693239,0.5648353081196547
0.24574695582850836,0.192652713827556,0.8399260360747576
0.24574695582850836,0.192652713827556,0.5648353081196547
0.24574695582850836,0.192652713827556,0.8399260360747576
0.24999923192081042,0.20662447813083418,0.5648353081196547
0.24999923192081042,0.20662447813083418,0.8399260360747576
0.24999923192081042,0.20662447813083418,0.5648353081196547
0.25121416794718243,0.21877383839455433,0.8399260360747576
0.25121416794718243,0.21877383839455433,0.5648353081196547
0.24999923192081042,0.2315306666714605,0.8399260360747576
0.24999923192081042,0.2315306666714605,0.5648353081196547
0.24574695582850836,0.24550243097473867,0.8399260360747576
0.24574695582850836,0.24550243097473867,0.5648353081196547
0.24574695582850836,0.24550243097473867,0.8399260360747576
0.24210214774939232,0.25279204713297077,0.5648353081196547
0.24210214774939232,0.25279204713297077,0.8399260360747576
0.24210214774939232,0.25279204713297077,0.5648353081196547
0.23724240364390425,0.26008166329120286,0.8399260360747576
0.23724240364390425,0.26008166329120286,0.5648353081196547
0.23116772351204418,0.26737127944943495,0.8399260360747576
0.2900921207910869,0.11246693608700298,0.8399260360747576
0.29252199284383096,0.10942959602107294,0.8399260360747576
0.3034564170811791,0.12826110442983918,0.8399260360747576
0.30649375714710914,0.12583123237709515,0.8399260360747576
0.3034564170811791,0.12826110442983918,0.8399260360747576
0.3180356493976433,0.14223286873311736,0.8399260360747576
0.31439084131852724,0.14405527277267538,0.8399260360747576
0.3259327335690614,0.15924197310232557,0.8399260360747576
0.32228792548994534,0.1604569091286976,0.8399260360747576
0.3259327335690614,0.15924197310232557,0.8399260360747576
0.3277551376086194,0.1768585454847198,0.8399260360747576
0.3259327335690614,0.15924197310232557,0.8399260360747576
0.33139994568773545,0.19143777780118398,0.8399260360747576
0.33200741370092146,0.17564360945834778,0.8399260360747576
0.33139994568773545,0.19143777780118398,0.8399260360747576
0.3350447537668515,0.19083030978799798,0.8399260360747576
0.33139994568773545,0.19143777780118398,0.8399260360747576
0.3368671578064095,0.20540954210446216,0.8399260360747576
0.3332223497272935,0.20601701011764817,0.8399260360747576
0.3368671578064095,0.20540954210446216,0.8399260360747576
0.3338298177404795,0.21877383839455433,0.8399260360747576
0.33747462581959553,0.21877383839455433,0.8399260360747576
0.3338298177404795,0.21877383839455433,0.8399260360747576
0.3368671578064095,0.2327456026978325,0.8399260360747576
0.3332223497272935,0.2321381346846465,0.8399260360747576
0.3350447537668515,0.2473248350142967,0.8399260360747576
0.33139994568773545,0.24610989898792468,0.8399260360747576
0.33200741370092146,0.2625115353439469,0.8399260360747576
0.3277551376086194,0.2612965993175749,0.8399260360747576
0.3259327335690614,0.2789131716999691,0.8399260360747576
0.32228792548994534,0.2776982356735971,0.8399260360747576
0.3180356493976433,0.2959222760691773,0.8399260360747576
0.31439084131852724,0.2940998720296193,0.8399260360747576
0.3180356493976433,0.2959222760691773,0.8399260360747576
0.3034564170811791,0.3098940403724555,0.8399260360747576
0.30649375714710914,0.3123239124251995,0.8399260360747576
0.3034564170811791,0.3098940403724555,0.8399260360747576
0.29252199284383096,0.32872554878122173,0.8399260360747576
0.2900921207910869,0.3256882087152917,0.8399260360747576
0.29252199284383096,0.32872554878122173,0.8399260360747576
0.2730830164218787,0.3402674410317559,0.8399260360747576
0.27551288847462274,0.3433047810976859,0.8399260360747576
0.2730830164218787,0.3402674410317559,0.8399260360747576
0.2657934002636466,0.350594397255918,0.8399260360747576
0.2639709962240886,0.34694958917680196,0.8399260360747576
0.2554664440394845,0.3566690773877781,0.8399260360747576
0.25364403999992646,0.35302426930866204,0.8399260360747576
0.24453201980213635,0.36213628950645216,0.8399260360747576
0.24270961576257832,0.3584914814273361,0.8399260360747576
0.2329901275516022,0.3663885655987542,0.8399260360747576
0.23177519152523018,0.36274375751963817,0.8399260360747576
0.22084076728788204,0.37003337367787026,0.8399260360747576
0.21962583126151003,0.3663885655987542,0.8399260360747576
0.20808393901097588,0.3724632457306143,0.8399260360747576
0.20747647099778987,0.36881843765149824,0.8399260360747576
0.19532711073406972,0.3736781817569863,0.8399260360747576
0.1947196427208837,0.37003337367787026,0.8399260360747576
0.18196281444397755,0.3742856497701723,0.8399260360747576
0.18196281444397755,0.37064084169105627,0.8399260360747576
0.1692059861670714,0.3736781817569863,0.8399260360747576
0.1698134541802574,0.37003337367787026,0.8399260360747576
0.15644915789016522,0.3724632457306143,0.8399260360747576
0.15705662590335123,0.36881843765149824,0.8399260360747576
0.14369232961325906,0.37003337367787026,0.8399260360747576
0.14490726563963108,0.3663885655987542,0.8399260360747576
0.1315429693495389,0.3663885655987542,0.8399260360747576
0.13275790537591092,0.36274375751963817,0.8399260360747576
0.12000107709900476,0.36213628950645216,0.8399260360747576
0.12182348113856278,0.3584914814273361,0.8399260360747576
0.10906665286165662,0.3566690773877781,0.8399260360747576
0.11088905690121464,0.35302426930866204,0.8399260360747576
0.09873969663749449,0.350594397255918,0.8399260360747576
0.10056210067705251,0.34694958917680196,0.8399260360747576
0.08902020842651837,0.3433047810976859,0.8399260360747576
0.0914500804792624,0.3402674410317559,0.8399260360747576
0.07201110405731015,0.32872554878122173,0.8399260360747576
0.07504844412324019,0.3256882087152917,0.8399260360747576
0.07201110405731015,0.32872554878122173,0.8399260360747576
0.06107667981996201,0.3098940403724555,0.8399260360747576
0.05803933975403197,0.3123239124251995,0.8399260360747576
0.06107667981996201,0.3098940403724555,0.8399260360747576
0.046497447503497824,0.2959222760691773,0.8399260360747576
0.05014225558261387,0.2940998720296193,0.8399260360747576
0.046497447503497824,0.2959222760691773,0.8399260360747576
0.04224517141119577,0.2776982356735971,0.8399260360747576
0.038600363332079723,0.2789131716999691,0.8399260360747576
0.0367779592925217,0.2612965993175749,0.8399260360747576
0.032525683200219646,0.2625115353439469,0.8399260360747576
0.0367779592925217,0.2612965993175749,0.8399260360747576
0.029488343134289607,0.2473248350142967,0.8399260360747576
0.033133151213405654,0.2467173670011107,0.8399260360747576
0.027665939094731584,0.2327456026978325,0.8399260360747576
0.03131074717384763,0.2321381346846465,0.8399260360747576
0.027058471081545576,0.21877383839455433,0.8399260360747576
0.030703279160661623,0.21877383839455433,0.8399260360747576
0.027665939094731584,0.20540954210446216,0.8399260360747576
0.03131074717384763,0.20601701011764817,0.8399260360747576
0.029488343134289607,0.19083030978799798,0.8399260360747576
0.033133151213405654,0.19143777780118398,0.8399260360747576
0.032525683200219646,0.17564360945834778,0.8399260360747576
0.0367779592925217,0.1768585454847198,0.8399260360747576
0.038600363332079723,0.15924197310232557,0.8399260360747576
0.04224517141119577,0.1604569091286976,0.8399260360747576
0.046497447503497824,0.14223286873311736,0.8399260360747576
0.05014225558261387,0.14405527277267538,0.8399260360747576
0.05803933975403197,0.12583123237709515,0.8399260360747576
0.06107667981996201,0.12826110442983918,0.8399260360747576
0.07201110405731015,0.10942959602107294,0.8399260360747576
0.07504844412324019,0.11246693608700298,0.8399260360747576
0.07201110405731015,0.10942959602107294,0.8399260360747576
0.0914500804792624,0.09788770377053879,0.8399260360747576
0.08902020842651837,0.09485036370460875,0.8399260360747576
0.0914500804792624,0.09788770377053879,0.8399260360747576
0.09873969663749449,0.08756074754637666,0.8399260360747576
0.10056210067705251,0.0912055556254927,0.8399260360747576
0.10906665286165662,0.08148606741451658,0.8399260360747576
0.11088905690121464,0.08513087549363263,0.8399260360747576
0.12000107709900476,0.07601885529584251,0.8399260360747576
0.12182348113856278,0.07966366337495856,0.8399260360747576
0.1315429693495389,0.07176657920354046,0.8399260360747576
0.13275790537591092,0.0754113872826565,0.8399260360747576
0.14369232961325906,0.06812177112442441,0.8399260360747576
0.14490726563963108,0.07176657920354046,0.8399260360747576
0.15644915789016522,0.06569189907168038,0.8399260360747576
0.15705662590335123,0.06933670715079643,0.8399260360747576
0.1692059861670714,0.06447696304530837,0.8399260360747576
0.1698134541802574,0.06812177112442441,0.8399260360747576
0.18196281444397755,0.06386949503212236,0.8399260360747576
0.18196281444397755,0.0675143031112384,0.8399260360747576
0.18196281444397755,0.06386949503212236,0.8399260360747576
0.1947196427208837,0.06812177112442441,0.8399260360747576
0.19532711073406972,0.06447696304530837,0.8399260360747576
0.1947196427208837,0.06812177112442441,0.8399260360747576
0.20808393901097588,0.06569189907168038,0.8399260360747576
0.20747647099778987,0.06933670715079643,0.8399260360747576
0.22084076728788204,0.06812177112442441,0.8399260360747576
0.21962583126151003,0.07176657920354046,0.8399260360747576
0.2329901275516022,0.07176657920354046,0.8399260360747576
0.23177519152523018,0.0754113872826565,0.8399260360747576
0.24453201980213635,0.07601885529584251,0.8399260360747576
0.24270961576257832,0.07966366337495856,0.8399260360747576
0.2554664440394845,0.08148606741451658,0.8399260360747576
0.25364403999992646,0.08513087549363263,0.8399260360747576
0.2657934002636466,0.08756074754637666,0.8399260360747576
0.2639709962240886,0.0912055556254927,0.8399260360747576
0.27551288847462274,0.09485036370460875,0.8399260360747576
0.2730830164218787,0.09788770377053879,0.8399260360747576
0.29252199284383096,0.10942959602107294,0.8399260360747576
0.2900921207910869,0.11246693608700298,0.8399260360747576
0.27551288847462274,0.09485036370460875,0.7610320914536715
0.27551288847462274,0.09485036370460875,0.8399260360747576
0.2657934002636466,0.08816821555956267,0.7610320914536715
0.2657934002636466,0.08816821555956267,0.8399260360747576
0.2657934002636466,0.08816821555956267,0.7610320914536715
0.2554664440394845,0.08209353542770259,0.8399260360747576
0.2554664440394845,0.08209353542770259,0.7610320914536715
0.2554664440394845,0.08209353542770259,0.8399260360747576
0.24453201980213635,0.07662632330902852,0.7610320914536715
0.24453201980213635,0.07662632330902852,0.8399260360747576
0.2323826595384162,0.07237404721672647,0.7610320914536715
0.2323826595384162,0.07237404721672647,0.8399260360747576
0.22023329927469604,0.06872923913761042,0.7610320914536715
0.22023329927469604,0.06872923913761042,0.8399260360747576
0.20808393901097588,0.06569189907168038,0.7610320914536715
0.20808393901097588,0.06569189907168038,0.8399260360747576
0.19532711073406972,0.06447696304530837,0.7610320914536715
0.19532711073406972,0.06447696304530837,0.8399260360747576
0.19532711073406972,0.06447696304530837,0.7610320914536715
0.18196281444397755,0.06386949503212236,0.8399260360747576
0.18196281444397755,0.06386949503212236,0.7610320914536715
0.18196281444397755,0.06386949503212236,0.8399260360747576
0.1692059861670714,0.06447696304530837,0.7610320914536715
0.1692059861670714,0.06447696304530837,0.8399260360747576
0.15644915789016522,0.06569189907168038,0.7610320914536715
0.15644915789016522,0.06569189907168038,0.8399260360747576
0.14429979762644507,0.06872923913761042,0.7610320914536715
0.14429979762644507,0.06872923913761042,0.8399260360747576
0.13215043736272492,0.07237404721672647,0.7610320914536715
0.13215043736272492,0.07237404721672647,0.8399260360747576
0.12000107709900476,0.07662632330902852,0.7610320914536715
0.12000107709900476,0.07662632330902852,0.8399260360747576
0.10906665286165662,0.08209353542770259,0.7610320914536715
0.10906665286165662,0.08209353542770259,0.8399260360747576
0.09873969663749449,0.08816821555956267,0.7610320914536715
0.09873969663749449,0.08816821555956267,0.8399260360747576
0.08902020842651837,0.09485036370460875,0.7610320914536715
0.08902020842651837,0.09485036370460875,0.8399260360747576
0.07201110405731015,0.10942959602107294,0.7610320914536715
0.07201110405731015,0.10942959602107294,0.8399260360747576
0.05803933975403197,0.12583123237709515,0.7610320914536715
0.05803933975403197,0.12583123237709515,0.8399260360747576
0.04710491551668383,0.14284033674630336,0.7610320914536715
0.04710491551668383,0.14284033674630336,0.8399260360747576
0.038600363332079723,0.15924197310232557,0.7610320914536715
0.038600363332079723,0.15924197310232557,0.8399260360747576
0.033133151213405654,0.17564360945834778,0.7610320914536715
0.033133151213405654,0.17564360945834778,0.8399260360747576
0.029488343134289607,0.19083030978799798,0.7610320914536715
0.029488343134289607,0.19083030978799798,0.8399260360747576
0.027665939094731584,0.20540954210446216,0.7610320914536715
0.027665939094731584,0.20540954210446216,0.8399260360747576
0.027058471081545576,0.21877383839455433,0.7610320914536715
0.027058471081545576,0.21877383839455433,0.8399260360747576
0.027665939094731584,0.2327456026978325,0.7610320914536715
0.027665939094731584,0.2327456026978325,0.8399260360747576
0.029488343134289607,0.2473248350142967,0.7610320914536715
0.029488343134289607,0.2473248350142967,0.8399260360747576
0.033133151213405654,0.2625115353439469,0.7610320914536715
0.033133151213405654,0.2625115353439469,0.8399260360747576
0.038600363332079723,0.2789131716999691,0.7610320914536715
0.038600363332079723,0.2789131716999691,0.8399260360747576
0.04710491551668383,0.2953148080559913,0.7610320914536715
0.04710491551668383,0.2953148080559913,0.8399260360747576
0.05803933975403197,0.3123239124251995,0.7610320914536715
0.05803933975403197,0.3123239124251995,0.8399260360747576
0.07201110405731015,0.32872554878122173,0.7610320914536715
0.07201110405731015,0.32872554878122173,0.8399260360747576
0.08902020842651837,0.3433047810976859,0.7610320914536715
0.08902020842651837,0.3433047810976859,0.8399260360747576
0.09873969663749449,0.349986929242732,0.7610320914536715
0.09873969663749449,0.349986929242732,0.8399260360747576
0.10906665286165662,0.3560616093745921,0.7610320914536715
0.10906665286165662,0.3560616093745921,0.8399260360747576
0.12000107709900476,0.36152882149326615,0.7610320914536715
0.12000107709900476,0.36152882149326615,0.8399260360747576
0.13215043736272492,0.3657810975855682,0.7610320914536715
0.13215043736272492,0.3657810975855682,0.8399260360747576
0.14429979762644507,0.36942590566468425,0.7610320914536715
0.14429979762644507,0.36942590566468425,0.8399260360747576
0.15644915789016522,0.3724632457306143,0.7610320914536715
0.15644915789016522,0.3724632457306143,0.8399260360747576
0.1692059861670714,0.3736781817569863,0.7610320914536715
0.1692059861670714,0.3736781817569863,0.8399260360747576
0.18196281444397755,0.3742856497701723,0.7610320914536715
0.18196281444397755,0.3742856497701723,0.8399260360747576
0.19532711073406972,0.3736781817569863,0.7610320914536715
0.19532711073406972,0.3736781817569863,0.8399260360747576
0.19532711073406972,0.3736781817569863,0.7610320914536715
0.20808393901097588,0.3724632457306143,0.8399260360747576
0.20808393901097588,0.3724632457306143,0.7610320914536715
0.20808393901097588,0.3724632457306143,0.8399260360747576
0.22023329927469604,0.36942590566468425,0.7610320914536715
0.22023329927469604,0.36942590566468425,0.8399260360747576
0.2323826595384162,0.3657810975855682,0.7610320914536715
0.2323826595384162,0.3657810975855682,0.8399260360747576
0.24453201980213635,0.36152882149326615,0.7610320914536715
0.24453201980213635,0.36152882149326615,0.8399260360747576
0.24453201980213635,0.36152882149326615,0.7610320914536715
0.2554664440394845,0.3560616093745921,0.8399260360747576
0.2554664440394845,0.3560616093745921,0.7610320914536715
0.2554664440394845,0.3560616093745921,0.8399260360747576
0.2657934002636466,0.349986929242732,0.7610320914536715
0.2657934002636466,0.349986929242732,0.8399260360747576
0.27551288847462274,0.3433047810976859,0.7610320914536715
0.27551288847462274,0.3433047810976859,0.8399260360747576
0.29252199284383096,0.32872554878122173,0.7610320914536715
0.29252199284383096,0.32872554878122173,0.8399260360747576
0.30649375714710914,0.3123239124251995,0.7610320914536715
0.30649375714710914,0.3123239124251995,0.8399260360747576
0.3174281813844573,0.2953148080559913,0.7610320914536715
0.3174281813844573,0.2953148080559913,0.8399260360747576
0.3259327335690614,0.2789131716999691,0.7610320914536715
0.3259327335690614,0.2789131716999691,0.8399260360747576
0.33139994568773545,0.2625115353439469,0.7610320914536715
0.33139994568773545,0.2625115353439469,0.8399260360747576
0.3350447537668515,0.2473248350142967,0.7610320914536715
0.3350447537668515,0.2473248350142967,0.8399260360747576
0.3368671578064095,0.2327456026978325,0.7610320914536715
0.3368671578064095,0.2327456026978325,0.8399260360747576
0.3368671578064095,0.2327456026978325,0.7610320914536715
0.33747462581959553,0.21877383839455433,0.8399260360747576
0.33747462581959553,0.21877383839455433,0.7610320914536715
0.33747462581959553,0.21877383839455433,0.8399260360747576
0.3368671578064095,0.20540954210446216,0.7610320914536715
0.3368671578064095,0.20540954210446216,0.8399260360747576
0.3350447537668515,0.19083030978799798,0.7610320914536715
0.3350447537668515,0.19083030978799798,0.8399260360747576
0.33139994568773545,0.17564360945834778,0.7610320914536715
0.33139994568773545,0.17564360945834778,0.8399260360747576
0.3259327335690614,0.15924197310232557,0.7610320914536715
0.3259327335690614,0.15924197310232557,0.8399260360747576
0.3259327335690614,0.15924197310232557,0.7610320914536715
0.3174281813844573,0.14284033674630336,0.8399260360747576
0.3174281813844573,0.14284033674630336,0.7610320914536715
0.3174281813844573,0.14284033674630336,0.8399260360747576
0.30649375714710914,0.12583123237709515,0.7610320914536715
0.30649375714710914,0.12583123237709515,0.8399260360747576
0.29252199284383096,0.10942959602107294,0.7610320914536715
0.29252199284383096,0.10942959602107294,0.8399260360747576
0.27551288847462274,0.09485036370460875,0.7610320914536715
0.27551288847462274,0.09485036370460875,0.8399260360747576
0.1947196427208837,0.0675143031112384,0.5648353081196547
0.1947196427208837,0.0675143031112384,0.7610320914536715
0.18196281444397755,0.0675143031112384,0.5648353081196547
0.18196281444397755,0.0675143031112384,0.7610320914536715
0.1698134541802574,0.0675143031112384,0.5648353081196547
0.1698134541802574,0.0675143031112384,0.7610320914536715
0.15705662590335123,0.06933670715079643,0.5648353081196547
0.15705662590335123,0.06933670715079643,0.7610320914536715
0.14490726563963108,0.07176657920354046,0.5648353081196547
0.14490726563963108,0.07176657920354046,0.7610320914536715
0.13275790537591092,0.0754113872826565,0.5648353081196547
0.13275790537591092,0.0754113872826565,0.7610320914536715
0.12182348113856278,0.07966366337495856,0.5648353081196547
0.12182348113856278,0.07966366337495856,0.7610320914536715
0.11088905690121464,0.08513087549363263,0.5648353081196547
0.11088905690121464,0.08513087549363263,0.7610320914536715
0.10056210067705251,0.0912055556254927,0.5648353081196547
0.10056210067705251,0.0912055556254927,0.7610320914536715
0.0914500804792624,0.09788770377053879,0.5648353081196547
0.0914500804792624,0.09788770377053879,0.7610320914536715
0.07444097611005418,0.11246693608700298,0.5648353081196547
0.07444097611005418,0.11246693608700298,0.7610320914536715
0.06107667981996201,0.12826110442983918,0.5648353081196547
0.06107667981996201,0.12826110442983918,0.7610320914536715
0.06107667981996201,0.12826110442983918,0.5648353081196547
0.05014225558261387,0.14405527277267538,0.7610320914536715
0.05014225558261387,0.14405527277267538,0.5648353081196547
0.05014225558261387,0.14405527277267538,0.7610320914536715
0.04224517141119577,0.1604569091286976,0.5648353081196547
0.04224517141119577,0.1604569091286976,0.7610320914536715
0.0367779592925217,0.1768585454847198,0.5648353081196547
0.0367779592925217,0.1768585454847198,0.7610320914536715
0.033133151213405654,0.19143777780118398,0.5648353081196547
0.033133151213405654,0.19143777780118398,0.7610320914536715
0.03131074717384763,0.20601701011764817,0.5648353081196547
0.03131074717384763,0.20601701011764817,0.7610320914536715
0.03131074717384763,0.20601701011764817,0.5648353081196547
0.030703279160661623,0.21877383839455433,0.7610320914536715
0.030703279160661623,0.21877383839455433,0.5648353081196547
0.03131074717384763,0.2321381346846465,0.7610320914536715
0.03131074717384763,0.2321381346846465,0.5648353081196547
0.03131074717384763,0.2321381346846465,0.7610320914536715
0.033133151213405654,0.2467173670011107,0.5648353081196547
0.033133151213405654,0.2467173670011107,0.7610320914536715
0.033133151213405654,0.2467173670011107,0.5648353081196547
0.0367779592925217,0.2612965993175749,0.7610320914536715
0.0367779592925217,0.2612965993175749,0.5648353081196547
0.0367779592925217,0.2612965993175749,0.7610320914536715
0.04224517141119577,0.2776982356735971,0.5648353081196547
0.04224517141119577,0.2776982356735971,0.7610320914536715
0.04224517141119577,0.2776982356735971,0.5648353081196547
0.05014225558261387,0.2940998720296193,0.7610320914536715
0.05014225558261387,0.2940998720296193,0.5648353081196547
0.06107667981996201,0.3098940403724555,0.7610320914536715
0.06107667981996201,0.3098940403724555,0.5648353081196547
0.06107667981996201,0.3098940403724555,0.7610320914536715
0.07444097611005418,0.3256882087152917,0.5648353081196547
0.07444097611005418,0.3256882087152917,0.7610320914536715
0.07444097611005418,0.3256882087152917,0.5648353081196547
0.0914500804792624,0.3402674410317559,0.7610320914536715
0.0914500804792624,0.3402674410317559,0.5648353081196547
0.10056210067705251,0.34694958917680196,0.7610320914536715
0.10056210067705251,0.34694958917680196,0.5648353081196547
0.10056210067705251,0.34694958917680196,0.7610320914536715
0.11088905690121464,0.35302426930866204,0.5648353081196547
0.11088905690121464,0.35302426930866204,0.7610320914536715
0.11088905690121464,0.35302426930866204,0.5648353081196547
0.12182348113856278,0.3584914814273361,0.7610320914536715
0.12182348113856278,0.3584914814273361,0.5648353081196547
0.13275790537591092,0.36274375751963817,0.7610320914536715
0.13275790537591092,0.36274375751963817,0.5648353081196547
0.13275790537591092,0.36274375751963817,0.7610320914536715
0.14490726563963108,0.3663885655987542,0.5648353081196547
0.14490726563963108,0.3663885655987542,0.7610320914536715
0.15705662590335123,0.36881843765149824,0.5648353081196547
0.15705662590335123,0.36881843765149824,0.7610320914536715
0.15705662590335123,0.36881843765149824,0.5648353081196547
0.1698134541802574,0.37064084169105627,0.7610320914536715
0.1698134541802574,0.37064084169105627,0.5648353081196547
0.1698134541802574,0.37064084169105627,0.7610320914536715
0.18196281444397755,0.37064084169105627,0.5648353081196547
0.18196281444397755,0.37064084169105627,0.7610320914536715
0.18196281444397755,0.37064084169105627,0.5648353081196547
0.1947196427208837,0.37064084169105627,0.7610320914536715
0.1947196427208837,0.37064084169105627,0.5648353081196547
0.20747647099778987,0.36881843765149824,0.7610320914536715
0.20747647099778987,0.36881843765149824,0.5648353081196547
0.20747647099778987,0.36881843765149824,0.7610320914536715
0.21962583126151003,0.3663885655987542,0.5648353081196547
0.21962583126151003,0.3663885655987542,0.7610320914536715
0.21962583126151003,0.3663885655987542,0.5648353081196547
0.23177519152523018,0.36274375751963817,0.7610320914536715
0.23177519152523018,0.36274375751963817,0.5648353081196547
0.24270961576257832,0.3584914814273361,0.7610320914536715
0.24270961576257832,0.3584914814273361,0.5648353081196547
0.25364403999992646,0.35302426930866204,0.7610320914536715
0.25364403999992646,0.35302426930866204,0.5648353081196547
0.2639709962240886,0.34694958917680196,0.7610320914536715
0.2639709962240886,0.34694958917680196,0.5648353081196547
0.2639709962240886,0.34694958917680196,0.7610320914536715
0.2730830164218787,0.3402674410317559,0.5648353081196547
0.2730830164218787,0.3402674410317559,0.7610320914536715
0.2730830164218787,0.3402674410317559,0.5648353081196547
0.2900921207910869,0.3256882087152917,0.7610320914536715
0.2900921207910869,0.3256882087152917,0.5648353081196547
0.3034564170811791,0.3098940403724555,0.7610320914536715
0.3034564170811791,0.3098940403724555,0.5648353081196547
0.31439084131852724,0.2940998720296193,0.7610320914536715
0.31439084131852724,0.2940998720296193,0.5648353081196547
0.31439084131852724,0.2940998720296193,0.7610320914536715
0.32228792548994534,0.2776982356735971,0.5648353081196547
0.32228792548994534,0.2776982356735971,0.7610320914536715
0.3277551376086194,0.2612965993175749,0.5648353081196547
0.3277551376086194,0.2612965993175749,0.7610320914536715
0.3277551376086194,0.2612965993175749,0.5648353081196547
0.33139994568773545,0.2467173670011107,0.7610320914536715
0.33139994568773545,0.2467173670011107,0.5648353081196547
0.3332223497272935,0.2321381346846465,0.7610320914536715
0.3332223497272935,0.2321381346846465,0.5648353081196547
0.3332223497272935,0.2321381346846465,0.7610320914536715
0.3338298177404795,0.21877383839455433,0.5648353081196547
0.3338298177404795,0.21877383839455433,0.7610320914536715
0.3332223497272935,0.20601701011764817,0.5648353081196547
0.3332223497272935,0.20601701011764817,0.7610320914536715
0.3332223497272935,0.20601701011764817,0.5648353081196547
0.33139994568773545,0.19143777780118398,0.7610320914536715
0.33139994568773545,0.19143777780118398,0.5648353081196547
0.3277551376086194,0.1768585454847198,0.7610320914536715
0.3277551376086194,0.1768585454847198,0.5648353081196547
0.3277551376086194,0.1768585454847198,0.7610320914536715
0.32228792548994534,0.1604569091286976,0.5648353081196547
0.32228792548994534,0.1604569091286976,0.7610320914536715
0.31439084131852724,0.14405527277267538,0.5648353081196547
0.31439084131852724,0.14405527277267538,0.7610320914536715
0.31439084131852724,0.14405527277267538,0.5648353081196547
0.3034564170811791,0.12826110442983918,0.7610320914536715
0.3034564170811791,0.12826110442983918,0.5648353081196547
0.3034564170811791,0.12826110442983918,0.7610320914536715
0.2900921207910869,0.11246693608700298,0.5648353081196547
0.2900921207910869,0.11246693608700298,0.7610320914536715
0.2900921207910869,0.11246693608700298,0.5648353081196547
0.2730830164218787,0.09788770377053879,0.7610320914536715
0.2730830164218787,0.09788770377053879,0.5648353081196547
0.2730830164218787,0.09788770377053879,0.7610320914536715
0.2639709962240886,0.0912055556254927,0.5648353081196547
0.2639709962240886,0.0912055556254927,0.7610320914536715
0.25364403999992646,0.08513087549363263,0.5648353081196547
0.25364403999992646,0.08513087549363263,0.7610320914536715
0.24270961576257832,0.07966366337495856,0.5648353081196547
0.24270961576257832,0.07966366337495856,0.7610320914536715
0.24270961576257832,0.07966366337495856,0.5648353081196547
0.23177519152523018,0.0754113872826565,0.7610320914536715
0.23177519152523018,0.0754113872826565,0.5648353081196547
0.23177519152523018,0.0754113872826565,0.7610320914536715
0.21962583126151003,0.07176657920354046,0.5648353081196547
0.21962583126151003,0.07176657920354046,0.7610320914536715
0.21962583126151003,0.07176657920354046,0.5648353081196547
0.20747647099778987,0.06933670715079643,0.7610320914536715
0.20747647099778987,0.06933670715079643,0.5648353081196547
0.20747647099778987,0.06933670715079643,0.7610320914536715
0.1947196427208837,0.0675143031112384,0.5648353081196547
0.1947196427208837,0.0675143031112384,0.7610320914536715
0.25364403999992646,0.35241680129547603,1.095293277874589
0.25364403999992646,0.35241680129547603,0.8492687400430441
0.25364403999992646,0.35241680129547603,1.095293277874589
0.24270961576257832,0.3578840134141501,1.095293277874589
0.11088905690121464,0.35241680129547603,1.095293277874589
0.11088905690121464,0.35241680129547603,1.095293277874589
0.11088905690121464,0.35241680129547603,0.8492687400430441
0.12182348113856278,0.3578840134141501,1.095293277874589
