637.8458651139549,-669.8402412630996,637.8458651139549
637.2747124959978,-669.82231789433,637.2747124959978
640.4987575570661,-669.8221966801419,640.4987575570661
640.4987575570661,-669.8221966801419,640.4987575570661
637.2747124959978,-669.82231789433,637.2747124959978
639.6321859831985,-669.8063611226696,639.6321859831985
640.4987575570661,-669.8221966801419,640.4987575570661
639.6321859831985,-669.8063611226696,639.6321859831985
640.3706486857499,-670.3225061055034,640.3706486857499
640.4987575570661,-669.8221966801419,640.4987575570661
640.3706486857499,-670.3225061055034,640.3706486857499
640.7101176684213,-670.3393837901943,640.7101176684213
640.4987575570661,-669.8221966801419,640.4987575570661
640.7101176684213,-670.3393837901943,640.7101176684213
640.8440088465027,-669.8393618940638,640.8440088465027
640.4987575570661,-669.8221966801419,640.4987575570661
640.8440088465027,-669.8393618940638,640.8440088465027
637.8458651139549,-669.8402412630996,637.8458651139549
640.8440088465027,-669.8393618940638,640.8440088465027
640.7101176684213,-670.3393837901943,640.7101176684213
640.5138618206272,-670.3564186053867,640.5138618206272
640.8440088465027,-669.8393618940638,640.8440088465027
640.5138618206272,-670.3564186053867,640.5138618206272
640.6444104771048,-669.8566869148402,640.6444104771048
640.8440088465027,-669.8393618940638,640.8440088465027
640.6444104771048,-669.8566869148402,640.6444104771048
637.8458651139549,-669.8402412630996,637.8458651139549
640.7101176684213,-670.3393837901943,640.7101176684213
640.3706486857499,-670.3225061055034,640.3706486857499
640.3443182244071,-670.7055033326366,640.3443182244071
640.7101176684213,-670.3393837901943,640.7101176684213
640.3443182244071,-670.7055033326366,640.3443182244071
640.1571950509353,-670.7217455395271,640.1571950509353
640.7101176684213,-670.3393837901943,640.7101176684213
640.1571950509353,-670.7217455395271,640.1571950509353
640.5138618206272,-670.3564186053867,640.5138618206272
640.5138618206272,-670.3564186053867,640.5138618206272
640.1571950509353,-670.7217455395271,640.1571950509353
639.4720271011685,-670.7370306212524,639.4720271011685
640.5138618206272,-670.3564186053867,640.5138618206272
639.4720271011685,-670.7370306212524,639.4720271011685
639.7952550411201,-670.3724497276254,639.7952550411201
640.5138618206272,-670.3564186053867,640.5138618206272
639.7952550411201,-670.3724497276254,639.7952550411201
640.6444104771048,-669.8566869148402,640.6444104771048
640.1571950509353,-670.7217455395271,640.1571950509353
640.3443182244071,-670.7055033326366,640.3443182244071
639.6699796247696,-670.8547796605725,639.6699796247696
640.1571950509353,-670.7217455395271,640.1571950509353
639.6699796247696,-670.8547796605725,639.6699796247696
639.03048896647,-670.8690457370172,639.03048896647
640.1571950509353,-670.7217455395271,640.1571950509353
639.03048896647,-670.8690457370172,639.03048896647
639.4720271011685,-670.7370306212524,639.4720271011685
639.03048896647,-670.8690457370172,639.03048896647
639.6699796247696,-670.8547796605725,639.6699796247696
632.8489598461211,-670.841672128372,632.8489598461211
639.03048896647,-670.8690457370172,639.03048896647
632.8489598461211,-670.841672128372,632.8489598461211
637.9697384284401,-670.8814462954522,637.9697384284401
639.03048896647,-670.8690457370172,639.03048896647
637.9697384284401,-670.8814462954522,637.9697384284401
639.4720271011685,-670.7370306212524,639.4720271011685
639.6699796247696,-670.8547796605725,639.6699796247696
640.3443182244071,-670.7055033326366,640.3443182244071
639.8446276023151,-670.8396202675679,639.8446276023151
639.6699796247696,-670.8547796605725,639.6699796247696
639.8446276023151,-670.8396202675679,639.8446276023151
632.8489598461211,-670.841672128372,632.8489598461211
639.4720271011685,-670.7370306212524,639.4720271011685
637.9697384284401,-670.8814462954522,637.9697384284401
638.3355080892374,-670.7503170067416,638.3355080892374
639.4720271011685,-670.7370306212524,639.4720271011685
638.3355080892374,-670.7503170067416,638.3355080892374
639.7952550411201,-670.3724497276254,639.7952550411201
637.9697384284401,-670.8814462954522,637.9697384284401
632.8489598461211,-670.841672128372,632.8489598461211
636.5600156452209,-670.8911364843291,636.5600156452209
637.9697384284401,-670.8814462954522,637.9697384284401
636.5600156452209,-670.8911364843291,636.5600156452209
638.3355080892374,-670.7503170067416,638.3355080892374
640.3443182244071,-670.7055033326366,640.3443182244071
640.3706486857499,-670.3225061055034,640.3706486857499
640.0206454383991,-670.6894109444975,640.0206454383991
640.3443182244071,-670.7055033326366,640.3443182244071
640.0206454383991,-670.6894109444975,640.0206454383991
639.8446276023151,-670.8396202675679,639.8446276023151
639.8446276023151,-670.8396202675679,639.8446276023151
640.0206454383991,-670.6894109444975,640.0206454383991
639.5425333197358,-670.8246007052115,639.5425333197358
639.8446276023151,-670.8396202675679,639.8446276023151
639.5425333197358,-670.8246007052115,639.5425333197358
632.8489598461211,-670.841672128372,632.8489598461211
640.3706486857499,-670.3225061055034,640.3706486857499
639.6321859831985,-669.8063611226696,639.6321859831985
639.5185879120106,-670.3069356671194,639.5185879120106
640.3706486857499,-670.3225061055034,640.3706486857499
639.5185879120106,-670.3069356671194,639.5185879120106
640.0206454383991,-670.6894109444975,640.0206454383991
640.0206454383991,-670.6894109444975,640.0206454383991
639.5185879120106,-670.3069356671194,639.5185879120106
639.2082340517883,-670.6745651095243,639.2082340517883
640.0206454383991,-670.6894109444975,640.0206454383991
639.2082340517883,-670.6745651095243,639.2082340517883
639.5425333197358,-670.8246007052115,639.5425333197358
639.5425333197358,-670.8246007052115,639.5425333197358
639.2082340517883,-670.6745651095243,639.2082340517883
638.7842821203818,-670.8107445927377,638.7842821203818
639.5425333197358,-670.8246007052115,639.5425333197358
638.7842821203818,-670.8107445927377,638.7842821203818
632.8489598461211,-670.841672128372,632.8489598461211
639.6321859831985,-669.8063611226696,639.6321859831985
637.2747124959978,-669.82231789433,637.2747124959978
638.3033479185741,-669.7929342336744,638.3033479185741
639.6321859831985,-669.8063611226696,639.6321859831985
638.3033479185741,-669.7929342336744,638.3033479185741
639.5185879120106,-670.3069356671194,639.5185879120106
639.5185879120106,-670.3069356671194,639.5185879120106
638.3033479185741,-669.7929342336744,638.3033479185741
638.2120046418682,-670.2937337072052,638.2120046418682
639.5185879120106,-670.3069356671194,639.5185879120106
638.2120046418682,-670.2937337072052,638.2120046418682
639.2082340517883,-670.6745651095243,639.2082340517883
639.2082340517883,-670.6745651095243,639.2082340517883
638.2120046418682,-670.2937337072052,638.2120046418682
637.9624485154116,-670.6619774646695,637.9624485154116
639.2082340517883,-670.6745651095243,639.2082340517883
637.9624485154116,-670.6619774646695,637.9624485154116
638.7842821203818,-670.8107445927377,638.7842821203818
638.7842821203818,-670.8107445927377,638.7842821203818
637.9624485154116,-670.6619774646695,637.9624485154116
637.6215495286486,-670.7989960646572,637.6215495286486
638.7842821203818,-670.8107445927377,638.7842821203818
637.6215495286486,-670.7989960646572,637.6215495286486
632.8489598461211,-670.841672128372,632.8489598461211
637.6215495286486,-670.7989960646572,637.6215495286486
637.9624485154116,-670.6619774646695,637.9624485154116
636.3681879258353,-670.6525057990397,636.3681879258353
637.6215495286486,-670.7989960646572,637.6215495286486
636.3681879258353,-670.6525057990397,636.3681879258353
636.1335727562996,-670.7901559113312,636.1335727562996
637.6215495286486,-670.7989960646572,637.6215495286486
636.1335727562996,-670.7901559113312,636.1335727562996
632.8489598461211,-670.841672128372,632.8489598461211
637.9624485154116,-670.6619774646695,637.9624485154116
638.2120046418682,-670.2937337072052,638.2120046418682
636.5399375313317,-670.2837998091281,636.5399375313317
637.9624485154116,-670.6619774646695,637.9624485154116
636.5399375313317,-670.2837998091281,636.5399375313317
636.3681879258353,-670.6525057990397,636.3681879258353
638.2120046418682,-670.2937337072052,638.2120046418682
638.3033479185741,-669.7929342336744,638.3033479185741
636.6028030953746,-669.7828311831066,636.6028030953746
638.2120046418682,-670.2937337072052,638.2120046418682
636.6028030953746,-669.7828311831066,636.6028030953746
636.5399375313317,-670.2837998091281,636.5399375313317
638.3033479185741,-669.7929342336744,638.3033479185741
637.2747124959978,-669.82231789433,637.2747124959978
635.8269849926138,-669.8082346877003,635.8269849926138
638.3033479185741,-669.7929342336744,638.3033479185741
635.8269849926138,-669.8082346877003,635.8269849926138
636.6028030953746,-669.7828311831066,636.6028030953746
636.6028030953746,-669.7828311831066,636.6028030953746
635.8269849926138,-669.8082346877003,635.8269849926138
633.7894224188112,-669.8007810883671,633.7894224188112
636.6028030953746,-669.7828311831066,636.6028030953746
633.7894224188112,-669.8007810883671,633.7894224188112
634.6464377469856,-669.7767403441911,634.6464377469856
636.6028030953746,-669.7828311831066,636.6028030953746
634.6464377469856,-669.7767403441911,634.6464377469856
636.5399375313317,-670.2837998091281,636.5399375313317
636.5399375313317,-670.2837998091281,636.5399375313317
634.6464377469856,-669.7767403441911,634.6464377469856
634.6163371644864,-670.2778109529282,634.6163371644864
636.5399375313317,-670.2837998091281,636.5399375313317
634.6163371644864,-670.2778109529282,634.6163371644864
636.3681879258353,-670.6525057990397,636.3681879258353
634.6464377469856,-669.7767403441911,634.6464377469856
633.7894224188112,-669.8007810883671,633.7894224188112
632.567580593454,-669.7750769987033,632.567580593454
634.6464377469856,-669.7767403441911,634.6464377469856
632.567580593454,-669.7750769987033,632.567580593454
634.6163371644864,-670.2778109529282,634.6163371644864
636.3681879258353,-670.6525057990397,636.3681879258353
634.6163371644864,-670.2778109529282,634.6163371644864
634.5340952891152,-670.6467956932614,634.5340952891152
636.3681879258353,-670.6525057990397,636.3681879258353
634.5340952891152,-670.6467956932614,634.5340952891152
636.1335727562996,-670.7901559113312,636.1335727562996
634.6163371644864,-670.2778109529282,634.6163371644864
632.567580593454,-669.7750769987033,632.567580593454
632.5722927170142,-670.2761754426199,632.5722927170142
634.6163371644864,-670.2778109529282,634.6163371644864
632.5722927170142,-670.2761754426199,632.5722927170142
634.5340952891152,-670.6467956932614,634.5340952891152
636.1335727562996,-670.7901559113312,636.1335727562996
634.5340952891152,-670.6467956932614,634.5340952891152
634.4217542007285,-670.784826411045,634.4217542007285
636.1335727562996,-670.7901559113312,636.1335727562996
634.4217542007285,-670.784826411045,634.4217542007285
632.8489598461211,-670.841672128372,632.8489598461211
634.5340952891152,-670.6467956932614,634.5340952891152
632.5722927170142,-670.2761754426199,632.5722927170142
632.5851667967416,-670.6452362432185,632.5851667967416
634.5340952891152,-670.6467956932614,634.5340952891152
632.5851667967416,-670.6452362432185,632.5851667967416
634.4217542007285,-670.784826411045,634.4217542007285
634.4217542007285,-670.784826411045,634.4217542007285
632.5851667967416,-670.6452362432185,632.5851667967416
632.602753000033,-670.7833709840925,632.602753000033
634.4217542007285,-670.784826411045,634.4217542007285
632.602753000033,-670.7833709840925,632.602753000033
632.8489598461211,-670.841672128372,632.8489598461211
632.602753000033,-670.7833709840925,632.602753000033
632.5851667967416,-670.6452362432185,632.5851667967416
630.654213310598,-670.647933680089,630.654213310598
632.602753000033,-670.7833709840925,632.602753000033
630.654213310598,-670.647933680089,630.654213310598
630.8005297500002,-670.7858885324566,630.8005297500002
632.602753000033,-670.7833709840925,632.602753000033
630.8005297500002,-670.7858885324566,630.8005297500002
632.8489598461211,-670.841672128372,632.8489598461211
632.5851667967416,-670.6452362432185,632.5851667967416
632.5722927170142,-670.2761754426199,632.5722927170142
630.5471021306764,-670.279004477858,630.5471021306764
632.5851667967416,-670.6452362432185,632.5851667967416
630.5471021306764,-670.279004477858,630.5471021306764
630.654213310598,-670.647933680089,630.654213310598
632.5722927170142,-670.2761754426199,632.5722927170142
632.567580593454,-669.7750769987033,632.567580593454
630.5078963345112,-669.7779541969935,630.5078963345112
632.5722927170142,-670.2761754426199,632.5722927170142
630.5078963345112,-669.7779541969935,630.5078963345112
630.5471021306764,-670.279004477858,630.5471021306764
632.567580593454,-669.7750769987033,632.567580593454
633.7894224188112,-669.8007810883671,633.7894224188112
631.5655890907418,-669.8014333486801,631.5655890907418
632.567580593454,-669.7750769987033,632.567580593454
631.5655890907418,-669.8014333486801,631.5655890907418
630.5078963345112,-669.7779541969935,630.5078963345112
630.5078963345112,-669.7779541969935,630.5078963345112
631.5655890907418,-669.8014333486801,631.5655890907418
628.6077531419139,-669.7851761672022,628.6077531419139
630.5078963345112,-669.7779541969935,630.5078963345112
628.6077531419139,-669.7851761672022,628.6077531419139
630.5471021306764,-670.279004477858,630.5471021306764
630.5471021306764,-670.279004477858,630.5471021306764
628.6077531419139,-669.7851761672022,628.6077531419139
628.6787787559499,-670.2861055223392,628.6787787559499
630.5471021306764,-670.279004477858,630.5471021306764
628.6787787559499,-670.2861055223392,628.6787787559499
630.654213310598,-670.647933680089,630.654213310598
630.654213310598,-670.647933680089,630.654213310598
628.6787787559499,-670.2861055223392,628.6787787559499
628.8728285944659,-670.6547042216292,628.8728285944659
630.654213310598,-670.647933680089,630.654213310598
628.8728285944659,-670.6547042216292,628.8728285944659
630.8005297500002,-670.7858885324566,630.8005297500002
630.8005297500002,-670.7858885324566,630.8005297500002
628.8728285944659,-670.6547042216292,628.8728285944659
629.1379040470215,-670.7922077724148,629.1379040470215
630.8005297500002,-670.7858885324566,630.8005297500002
629.1379040470215,-670.7922077724148,629.1379040470215
632.8489598461211,-670.841672128372,632.8489598461211
629.1379040470215,-670.7922077724148,629.1379040470215
628.8728285944659,-670.6547042216292,628.8728285944659
627.3624106499221,-670.6650865034311,627.3624106499221
629.1379040470215,-670.7922077724148,629.1379040470215
627.3624106499221,-670.6650865034311,627.3624106499221
627.7281788209455,-670.8018978347644,627.7281788209455
629.1379040470215,-670.7922077724148,629.1379040470215
627.7281788209455,-670.8018978347644,627.7281788209455
632.8489598461211,-670.841672128372,632.8489598461211
628.8728285944659,-670.6547042216292,628.8728285944659
628.6787787559499,-670.2861055223392,628.6787787559499
627.0946479084643,-670.2969944779167,627.0946479084643
628.8728285944659,-670.6547042216292,628.8728285944659
627.0946479084643,-670.2969944779167,627.0946479084643
627.3624106499221,-670.6650865034311,627.3624106499221
628.6787787559499,-670.2861055223392,628.6787787559499
628.6077531419139,-669.7851761672022,628.6077531419139
626.9966400360456,-669.796250541929,626.9966400360456
628.6787787559499,-670.2861055223392,628.6787787559499
626.9966400360456,-669.796250541929,626.9966400360456
627.0946479084643,-670.2969944779167,627.0946479084643
628.6077531419139,-669.7851761672022,628.6077531419139
631.5655890907418,-669.8014333486801,631.5655890907418
629.5959433520893,-669.8100622802269,629.5959433520893
628.6077531419139,-669.7851761672022,628.6077531419139
629.5959433520893,-669.8100622802269,629.5959433520893
626.9966400360456,-669.796250541929,626.9966400360456
626.9966400360456,-669.796250541929,626.9966400360456
629.5959433520893,-669.8100622802269,629.5959433520893
625.7843535032974,-669.810422754193,625.7843535032974
626.9966400360456,-669.796250541929,626.9966400360456
625.7843535032974,-669.810422754193,625.7843535032974
627.0946479084643,-670.2969944779167,627.0946479084643
627.0946479084643,-670.2969944779167,627.0946479084643
625.7843535032974,-669.810422754193,625.7843535032974
625.9026617918746,-670.310929279465,625.9026617918746
627.0946479084643,-670.2969944779167,627.0946479084643
625.9026617918746,-670.310929279465,625.9026617918746
627.3624106499221,-670.6650865034311,627.3624106499221
627.3624106499221,-670.6650865034311,627.3624106499221
625.9026617918746,-670.310929279465,625.9026617918746
626.2258906849067,-670.6783728891999,626.2258906849067
627.3624106499221,-670.6650865034311,627.3624106499221
626.2258906849067,-670.6783728891999,626.2258906849067
627.7281788209455,-670.8018978347644,627.7281788209455
627.7281788209455,-670.8018978347644,627.7281788209455
626.2258906849067,-670.6783728891999,626.2258906849067
626.6674278665197,-670.8142985205653,626.6674278665197
627.7281788209455,-670.8018978347644,627.7281788209455
626.6674278665197,-670.8142985205653,626.6674278665197
632.8489598461211,-670.841672128372,632.8489598461211
626.6674278665197,-670.8142985205653,626.6674278665197
626.2258906849067,-670.6783728891999,626.2258906849067
625.5407236882241,-670.6936579706456,625.5407236882241
626.6674278665197,-670.8142985205653,626.6674278665197
625.5407236882241,-670.6936579706456,625.5407236882241
626.0279381613043,-670.8285645967305,626.0279381613043
626.6674278665197,-670.8142985205653,626.6674278665197
626.0279381613043,-670.8285645967305,626.0279381613043
632.8489598461211,-670.841672128372,632.8489598461211
626.2258906849067,-670.6783728891999,626.2258906849067
625.9026617918746,-670.310929279465,625.9026617918746
625.1840569185359,-670.3269604011448,625.1840569185359
626.2258906849067,-670.6783728891999,626.2258906849067
625.1840569185359,-670.3269604011448,625.1840569185359
625.5407236882241,-670.6936579706456,625.5407236882241
625.9026617918746,-670.310929279465,625.9026617918746
625.7843535032974,-669.810422754193,625.7843535032974
625.0535073089791,-669.8267268414786,625.0535073089791
625.9026617918746,-670.310929279465,625.9026617918746
625.0535073089791,-669.8267268414786,625.0535073089791
625.1840569185359,-670.3269604011448,625.1840569185359
625.7843535032974,-669.810422754193,625.7843535032974
629.5959433520893,-669.8100622802269,629.5959433520893
628.2705989157141,-669.8249588413238,628.2705989157141
625.7843535032974,-669.810422754193,625.7843535032974
628.2705989157141,-669.8249588413238,628.2705989157141
625.0535073089791,-669.8267268414786,625.0535073089791
625.0535073089791,-669.8267268414786,625.0535073089791
628.2705989157141,-669.8249588413238,628.2705989157141
627.8520536252132,-669.8431724929396,627.8520536252132
625.0535073089791,-669.8267268414786,625.0535073089791
627.8520536252132,-669.8431724929396,627.8520536252132
624.8539098926655,-669.8440518619755,624.8539098926655
625.0535073089791,-669.8267268414786,625.0535073089791
624.8539098926655,-669.8440518619755,624.8539098926655
625.1840569185359,-670.3269604011448,625.1840569185359
625.1840569185359,-670.3269604011448,625.1840569185359
624.8539098926655,-669.8440518619755,624.8539098926655
624.9878010707419,-670.343995216337,624.9878010707419
625.1840569185359,-670.3269604011448,625.1840569185359
624.9878010707419,-670.343995216337,624.9878010707419
625.5407236882241,-670.6936579706456,625.5407236882241
624.8539098926655,-669.8440518619755,624.8539098926655
627.8520536252132,-669.8431724929396,627.8520536252132
625.1991602290177,-669.8612170761769,625.1991602290177
624.8539098926655,-669.8440518619755,624.8539098926655
625.1991602290177,-669.8612170761769,625.1991602290177
624.9878010707419,-670.343995216337,624.9878010707419
625.5407236882241,-670.6936579706456,625.5407236882241
624.9878010707419,-670.343995216337,624.9878010707419
625.3536005147524,-670.7099001775362,625.3536005147524
625.5407236882241,-670.6936579706456,625.5407236882241
625.3536005147524,-670.7099001775362,625.3536005147524
626.0279381613043,-670.8285645967305,626.0279381613043
624.9878010707419,-670.343995216337,624.9878010707419
625.1991602290177,-669.8612170761769,625.1991602290177
625.3272700534133,-670.360872901028,625.3272700534133
624.9878010707419,-670.343995216337,624.9878010707419
625.3272700534133,-670.360872901028,625.3272700534133
625.3536005147524,-670.7099001775362,625.3536005147524
626.0279381613043,-670.8285645967305,626.0279381613043
625.3536005147524,-670.7099001775362,625.3536005147524
625.853291136843,-670.8437239894556,625.853291136843
626.0279381613043,-670.8285645967305,626.0279381613043
625.853291136843,-670.8437239894556,625.853291136843
632.8489598461211,-670.841672128372,632.8489598461211
625.3536005147524,-670.7099001775362,625.3536005147524
625.3272700534133,-670.360872901028,625.3272700534133
625.6772733007604,-670.7259925656754,625.6772733007604
625.3536005147524,-670.7099001775362,625.3536005147524
625.6772733007604,-670.7259925656754,625.6772733007604
625.853291136843,-670.8437239894556,625.853291136843
625.853291136843,-670.8437239894556,625.853291136843
625.6772733007604,-670.7259925656754,625.6772733007604
626.1553844663381,-670.8587435520915,626.1553844663381
625.853291136843,-670.8437239894556,625.853291136843
626.1553844663381,-670.8587435520915,626.1553844663381
632.8489598461211,-670.841672128372,632.8489598461211
626.1553844663381,-670.8587435520915,626.1553844663381
625.6772733007604,-670.7259925656754,625.6772733007604
626.4896837342869,-670.7408384009279,626.4896837342869
626.1553844663381,-670.8587435520915,626.1553844663381
626.4896837342869,-670.7408384009279,626.4896837342869
626.9136347126079,-670.8725996648449,626.9136347126079
626.1553844663381,-670.8587435520915,626.1553844663381
626.9136347126079,-670.8725996648449,626.9136347126079
632.8489598461211,-670.841672128372,632.8489598461211
625.6772733007604,-670.7259925656754,625.6772733007604
625.3272700534133,-670.360872901028,625.3272700534133
626.1793289209841,-670.376443339971,626.1793289209841
625.6772733007604,-670.7259925656754,625.6772733007604
626.1793289209841,-670.376443339971,626.1793289209841
626.4896837342869,-670.7408384009279,626.4896837342869
625.3272700534133,-670.360872901028,625.3272700534133
625.1991602290177,-669.8612170761769,625.1991602290177
626.0657327559696,-669.8770526333697,626.0657327559696
625.3272700534133,-670.360872901028,625.3272700534133
626.0657327559696,-669.8770526333697,626.0657327559696
626.1793289209841,-670.376443339971,626.1793289209841
625.1991602290177,-669.8612170761769,625.1991602290177
627.8520536252132,-669.8431724929396,627.8520536252132
628.4232062431703,-669.8610958617093,628.4232062431703
625.1991602290177,-669.8612170761769,625.1991602290177
628.4232062431703,-669.8610958617093,628.4232062431703
626.0657327559696,-669.8770526333697,626.0657327559696
626.0657327559696,-669.8770526333697,626.0657327559696
628.4232062431703,-669.8610958617093,628.4232062431703
627.3945702839058,-669.8904793952786,627.3945702839058
626.0657327559696,-669.8770526333697,626.0657327559696
627.3945702839058,-669.8904793952786,627.3945702839058
626.1793289209841,-670.376443339971,626.1793289209841
626.1793289209841,-670.376443339971,626.1793289209841
627.3945702839058,-669.8904793952786,627.3945702839058
627.4859140972949,-670.3896452993262,627.4859140972949
626.1793289209841,-670.376443339971,626.1793289209841
627.4859140972949,-670.3896452993262,627.4859140972949
626.4896837342869,-670.7408384009279,626.4896837342869
626.4896837342869,-670.7408384009279,626.4896837342869
627.4859140972949,-670.3896452993262,627.4859140972949
627.7354702237479,-670.7534260455034,627.7354702237479
626.4896837342869,-670.7408384009279,626.4896837342869
627.7354702237479,-670.7534260455034,627.7354702237479
626.9136347126079,-670.8725996648449,626.9136347126079
626.9136347126079,-670.8725996648449,626.9136347126079
627.7354702237479,-670.7534260455034,627.7354702237479
628.0763677207369,-670.8843480655594,628.0763677207369
626.9136347126079,-670.8725996648449,626.9136347126079
628.0763677207369,-670.8843480655594,628.0763677207369
632.8489598461211,-670.841672128372,632.8489598461211
628.0763677207369,-670.8843480655594,628.0763677207369
627.7354702237479,-670.7534260455034,627.7354702237479
629.3297317664085,-670.7628977108535,629.3297317664085
628.0763677207369,-670.8843480655594,628.0763677207369
629.3297317664085,-670.7628977108535,629.3297317664085
629.5643469359428,-670.8931883454127,629.5643469359428
628.0763677207369,-670.8843480655594,628.0763677207369
629.5643469359428,-670.8931883454127,629.5643469359428
632.8489598461211,-670.841672128372,632.8489598461211
627.7354702237479,-670.7534260455034,627.7354702237479
627.4859140972949,-670.3896452993262,627.4859140972949
629.1579802547473,-670.3995791976828,629.1579802547473
627.7354702237479,-670.7534260455034,627.7354702237479
629.1579802547473,-670.3995791976828,629.1579802547473
629.3297317664085,-670.7628977108535,629.3297317664085
627.4859140972949,-670.3896452993262,627.4859140972949
627.3945702839058,-669.8904793952786,627.3945702839058
629.0951165968778,-669.9005825726531,629.0951165968778
627.4859140972949,-670.3896452993262,627.4859140972949
629.0951165968778,-669.9005825726531,629.0951165968778
629.1579802547473,-670.3995791976828,629.1579802547473
627.3945702839058,-669.8904793952786,627.3945702839058
628.4232062431703,-669.8610958617093,628.4232062431703
629.8709322567818,-669.8751789415322,629.8709322567818
627.3945702839058,-669.8904793952786,627.3945702839058
629.8709322567818,-669.8751789415322,629.8709322567818
629.0951165968778,-669.9005825726531,629.0951165968778
629.0951165968778,-669.9005825726531,629.0951165968778
629.8709322567818,-669.8751789415322,629.8709322567818
631.9084948305843,-669.8826325408654,631.9084948305843
629.0951165968778,-669.9005825726531,629.0951165968778
631.9084948305843,-669.8826325408654,631.9084948305843
631.05147950241,-669.9066732850413,631.05147950241
629.0951165968778,-669.9005825726531,629.0951165968778
631.05147950241,-669.9066732850413,631.05147950241
629.1579802547473,-670.3995791976828,629.1579802547473
629.1579802547473,-670.3995791976828,629.1579802547473
631.05147950241,-669.9066732850413,631.05147950241
631.0815819910727,-670.4055679262373,631.0815819910727
629.1579802547473,-670.3995791976828,629.1579802547473
631.0815819910727,-670.4055679262373,631.0815819910727
629.3297317664085,-670.7628977108535,629.3297317664085
631.05147950241,-669.9066732850413,631.05147950241
631.9084948305843,-669.8826325408654,631.9084948305843
633.1303390987983,-669.9083367570565,633.1303390987983
631.05147950241,-669.9066732850413,631.05147950241
633.1303390987983,-669.9083367570565,633.1303390987983
631.0815819910727,-670.4055679262373,631.0815819910727
629.3297317664085,-670.7628977108535,629.3297317664085
631.0815819910727,-670.4055679262373,631.0815819910727
631.16382249696,-670.7686078171909,631.16382249696
629.3297317664085,-670.7628977108535,629.3297317664085
631.16382249696,-670.7686078171909,631.16382249696
629.5643469359428,-670.8931883454127,629.5643469359428
631.0815819910727,-670.4055679262373,631.0815819910727
633.1303390987983,-669.9083367570565,633.1303390987983
633.1256269752331,-670.4072035636319,633.1256269752331
631.0815819910727,-670.4055679262373,631.0815819910727
633.1256269752331,-670.4072035636319,633.1256269752331
631.16382249696,-670.7686078171909,631.16382249696
629.5643469359428,-670.8931883454127,629.5643469359428
631.16382249696,-670.7686078171909,631.16382249696
631.2761649548255,-670.8985177186127,631.2761649548255
629.5643469359428,-670.8931883454127,629.5643469359428
631.2761649548255,-670.8985177186127,631.2761649548255
632.8489598461211,-670.841672128372,632.8489598461211
631.16382249696,-670.7686078171909,631.16382249696
633.1256269752331,-670.4072035636319,633.1256269752331
633.112752895502,-670.7701672666747,633.112752895502
631.16382249696,-670.7686078171909,631.16382249696
633.112752895502,-670.7701672666747,633.112752895502
631.2761649548255,-670.8985177186127,631.2761649548255
631.2761649548255,-670.8985177186127,631.2761649548255
633.112752895502,-670.7701672666747,633.112752895502
633.0951666922093,-670.8999732726516,633.0951666922093
631.2761649548255,-670.8985177186127,631.2761649548255
633.0951666922093,-670.8999732726516,633.0951666922093
632.8489598461211,-670.841672128372,632.8489598461211
632.8489598461211,-670.841672128372,632.8489598461211
633.0951666922093,-670.8999732726516,633.0951666922093
634.8973894055538,-670.8974555972009,634.8973894055538
632.8489598461211,-670.841672128372,632.8489598461211
634.8973894055538,-670.8974555972009,634.8973894055538
636.5600156452209,-670.8911364843291,636.5600156452209
633.0951666922093,-670.8999732726516,633.0951666922093
633.112752895502,-670.7701672666747,633.112752895502
635.0437044754772,-670.7674698303633,635.0437044754772
633.0951666922093,-670.8999732726516,633.0951666922093
635.0437044754772,-670.7674698303633,635.0437044754772
634.8973894055538,-670.8974555972009,634.8973894055538
634.8973894055538,-670.8974555972009,634.8973894055538
635.0437044754772,-670.7674698303633,635.0437044754772
636.8250910977779,-670.7606992882639,636.8250910977779
634.8973894055538,-670.8974555972009,634.8973894055538
636.8250910977779,-670.7606992882639,636.8250910977779
636.5600156452209,-670.8911364843291,636.5600156452209
636.5600156452209,-670.8911364843291,636.5600156452209
636.8250910977779,-670.7606992882639,636.8250910977779
638.3355080892374,-670.7503170067416,638.3355080892374
633.112752895502,-670.7701672666747,633.112752895502
633.1256269752331,-670.4072035636319,633.1256269752331
635.1508170248826,-670.4043744013073,635.1508170248826
633.112752895502,-670.7701672666747,633.112752895502
635.1508170248826,-670.4043744013073,635.1508170248826
635.0437044754772,-670.7674698303633,635.0437044754772
635.0437044754772,-670.7674698303633,635.0437044754772
635.1508170248826,-670.4043744013073,635.1508170248826
637.019139030129,-670.3972734844717,637.019139030129
635.0437044754772,-670.7674698303633,635.0437044754772
637.019139030129,-670.3972734844717,637.019139030129
636.8250910977779,-670.7606992882639,636.8250910977779
636.8250910977779,-670.7606992882639,636.8250910977779
637.019139030129,-670.3972734844717,637.019139030129
638.6032708306989,-670.3863845286147,638.6032708306989
636.8250910977779,-670.7606992882639,636.8250910977779
638.6032708306989,-670.3863845286147,638.6032708306989
638.3355080892374,-670.7503170067416,638.3355080892374
638.3355080892374,-670.7503170067416,638.3355080892374
638.6032708306989,-670.3863845286147,638.6032708306989
639.7952550411201,-670.3724497276254,639.7952550411201
633.1256269752331,-670.4072035636319,633.1256269752331
633.1303390987983,-669.9083367570565,633.1303390987983
635.1900209148844,-669.9054594322389,635.1900209148844
633.1256269752331,-670.4072035636319,633.1256269752331
635.1900209148844,-669.9054594322389,635.1900209148844
635.1508170248826,-670.4043744013073,635.1508170248826
635.1508170248826,-670.4043744013073,635.1508170248826
635.1900209148844,-669.9054594322389,635.1900209148844
637.0901665503385,-669.8982375885575,637.0901665503385
635.1508170248826,-670.4043744013073,635.1508170248826
637.0901665503385,-669.8982375885575,637.0901665503385
637.019139030129,-670.3972734844717,637.019139030129
635.1900209148844,-669.9054594322389,635.1900209148844
633.1303390987983,-669.9083367570565,633.1303390987983
634.1323281586538,-669.8819802805523,634.1323281586538
635.1900209148844,-669.9054594322389,635.1900209148844
634.1323281586538,-669.8819802805523,634.1323281586538
637.0901665503385,-669.8982375885575,637.0901665503385
633.1303390987983,-669.9083367570565,633.1303390987983
631.9084948305843,-669.8826325408654,631.9084948305843
634.1323281586538,-669.8819802805523,634.1323281586538
637.019139030129,-670.3972734844717,637.019139030129
637.0901665503385,-669.8982375885575,637.0901665503385
638.7012781664341,-669.8871630870239,638.7012781664341
637.019139030129,-670.3972734844717,637.019139030129
638.7012781664341,-669.8871630870239,638.7012781664341
638.6032708306989,-670.3863845286147,638.6032708306989
637.0901665503385,-669.8982375885575,637.0901665503385
634.1323281586538,-669.8819802805523,634.1323281586538
636.1019738973063,-669.8733513490055,636.1019738973063
637.0901665503385,-669.8982375885575,637.0901665503385
636.1019738973063,-669.8733513490055,636.1019738973063
638.7012781664341,-669.8871630870239,638.7012781664341
638.7012781664341,-669.8871630870239,638.7012781664341
636.1019738973063,-669.8733513490055,636.1019738973063
639.9135652358707,-669.8729910018462,639.9135652358707
638.7012781664341,-669.8871630870239,638.7012781664341
639.9135652358707,-669.8729910018462,639.9135652358707
638.6032708306989,-670.3863845286147,638.6032708306989
638.6032708306989,-670.3863845286147,638.6032708306989
639.9135652358707,-669.8729910018462,639.9135652358707
639.7952550411201,-670.3724497276254,639.7952550411201
639.7952550411201,-670.3724497276254,639.7952550411201
639.9135652358707,-669.8729910018462,639.9135652358707
640.6444104771048,-669.8566869148402,640.6444104771048
639.9135652358707,-669.8729910018462,639.9135652358707
636.1019738973063,-669.8733513490055,636.1019738973063
637.427319823454,-669.8584549147155,637.427319823454
639.9135652358707,-669.8729910018462,639.9135652358707
637.427319823454,-669.8584549147155,637.427319823454
640.6444104771048,-669.8566869148402,640.6444104771048
640.6444104771048,-669.8566869148402,640.6444104771048
637.427319823454,-669.8584549147155,637.427319823454
637.8458651139549,-669.8402412630996,637.8458651139549
637.427319823454,-669.8584549147155,637.427319823454
636.1019738973063,-669.8733513490055,636.1019738973063
637.427319823579,-644.8593236524131,637.427319823579
637.427319823454,-669.8584549147155,637.427319823454
637.427319823579,-644.8593236524131,637.427319823579
637.8458651140797,-644.8411100007972,637.8458651140797
637.427319823454,-669.8584549147155,637.427319823454
637.8458651140797,-644.8411100007972,637.8458651140797
637.8458651139549,-669.8402412630996,637.8458651139549
636.1019738973063,-669.8733513490055,636.1019738973063
634.1323281586538,-669.8819802805523,634.1323281586538
636.1019738974312,-644.8742200867031,636.1019738974312
636.1019738973063,-669.8733513490055,636.1019738973063
636.1019738974312,-644.8742200867031,636.1019738974312
637.427319823579,-644.8593236524131,637.427319823579
634.1323281586538,-669.8819802805523,634.1323281586538
631.9084948305843,-669.8826325408654,631.9084948305843
634.1323281587787,-644.8828490182499,634.1323281587787
634.1323281586538,-669.8819802805523,634.1323281586538
634.1323281587787,-644.8828490182499,634.1323281587787
636.1019738974312,-644.8742200867031,636.1019738974312
631.9084948305843,-669.8826325408654,631.9084948305843
629.8709322567818,-669.8751789415322,629.8709322567818
631.9084948307093,-644.883501278563,631.9084948307093
631.9084948305843,-669.8826325408654,631.9084948305843
631.9084948307093,-644.883501278563,631.9084948307093
634.1323281587787,-644.8828490182499,634.1323281587787
629.8709322567818,-669.8751789415322,629.8709322567818
628.4232062431703,-669.8610958617093,628.4232062431703
629.8709322569067,-644.8760476792298,629.8709322569067
629.8709322567818,-669.8751789415322,629.8709322567818
629.8709322569067,-644.8760476792298,629.8709322569067
631.9084948307093,-644.883501278563,631.9084948307093
628.4232062431703,-669.8610958617093,628.4232062431703
627.8520536252132,-669.8431724929396,627.8520536252132
628.4232062432951,-644.8619645994069,628.4232062432951
628.4232062431703,-669.8610958617093,628.4232062431703
628.4232062432951,-644.8619645994069,628.4232062432951
629.8709322569067,-644.8760476792298,629.8709322569067
627.8520536252132,-669.8431724929396,627.8520536252132
628.2705989157141,-669.8249588413238,628.2705989157141
627.8520536253382,-644.8440412306372,627.8520536253382
627.8520536252132,-669.8431724929396,627.8520536252132
627.8520536253382,-644.8440412306372,627.8520536253382
628.4232062432951,-644.8619645994069,628.4232062432951
628.2705989157141,-669.8249588413238,628.2705989157141
629.5959433520893,-669.8100622802269,629.5959433520893
628.270598915839,-644.8258275790214,628.270598915839
628.2705989157141,-669.8249588413238,628.2705989157141
628.270598915839,-644.8258275790214,628.270598915839
627.8520536253382,-644.8440412306372,627.8520536253382
629.5959433520893,-669.8100622802269,629.5959433520893
631.5655890907418,-669.8014333486801,631.5655890907418
629.5959433522141,-644.8109310179245,629.5959433522141
629.5959433520893,-669.8100622802269,629.5959433520893
629.5959433522141,-644.8109310179245,629.5959433522141
628.270598915839,-644.8258275790214,628.270598915839
631.5655890907418,-669.8014333486801,631.5655890907418
633.7894224188112,-669.8007810883671,633.7894224188112
631.5655890908666,-644.8023020863777,631.5655890908666
631.5655890907418,-669.8014333486801,631.5655890907418
631.5655890908666,-644.8023020863777,631.5655890908666
629.5959433522141,-644.8109310179245,629.5959433522141
633.7894224188112,-669.8007810883671,633.7894224188112
635.8269849926138,-669.8082346877003,635.8269849926138
633.789422418936,-644.8016498260647,633.789422418936
633.7894224188112,-669.8007810883671,633.7894224188112
633.789422418936,-644.8016498260647,633.789422418936
631.5655890908666,-644.8023020863777,631.5655890908666
635.8269849926138,-669.8082346877003,635.8269849926138
637.2747124959978,-669.82231789433,637.2747124959978
635.8269849927386,-644.8091034253979,635.8269849927386
635.8269849926138,-669.8082346877003,635.8269849926138
635.8269849927386,-644.8091034253979,635.8269849927386
633.789422418936,-644.8016498260647,633.789422418936
637.2747124959978,-669.82231789433,637.2747124959978
637.8458651139549,-669.8402412630996,637.8458651139549
637.2747124961228,-644.8231866320276,637.2747124961228
637.2747124959978,-669.82231789433,637.2747124959978
637.2747124961228,-644.8231866320276,637.2747124961228
635.8269849927386,-644.8091034253979,635.8269849927386
637.8458651139549,-669.8402412630996,637.8458651139549
637.8458651140797,-644.8411100007972,637.8458651140797
637.2747124961228,-644.8231866320276,637.2747124961228
637.2747124961228,-644.8231866320276,637.2747124961228
637.8458651140797,-644.8411100007972,637.8458651140797
640.4987575571911,-644.8230654178395,640.4987575571911
637.2747124961228,-644.8231866320276,637.2747124961228
640.4987575571911,-644.8230654178395,640.4987575571911
639.6321859833233,-644.8072298603672,639.6321859833233
637.2747124961228,-644.8231866320276,637.2747124961228
639.6321859833233,-644.8072298603672,639.6321859833233
635.8269849927386,-644.8091034253979,635.8269849927386
635.8269849927386,-644.8091034253979,635.8269849927386
639.6321859833233,-644.8072298603672,639.6321859833233
638.3033479186989,-644.793802971372,638.3033479186989
635.8269849927386,-644.8091034253979,635.8269849927386
638.3033479186989,-644.793802971372,638.3033479186989
636.6028030954994,-644.7836999208042,636.6028030954994
635.8269849927386,-644.8091034253979,635.8269849927386
636.6028030954994,-644.7836999208042,636.6028030954994
633.789422418936,-644.8016498260647,633.789422418936
638.3033479186989,-644.793802971372,638.3033479186989
639.6321859833233,-644.8072298603672,639.6321859833233
638.2120046419982,-644.2946371944107,638.2120046419982
638.3033479186989,-644.793802971372,638.3033479186989
638.2120046419982,-644.2946371944107,638.2120046419982
636.5399375314615,-644.2847032963336,636.5399375314615
638.3033479186989,-644.793802971372,638.3033479186989
636.5399375314615,-644.2847032963336,636.5399375314615
636.6028030954994,-644.7836999208042,636.6028030954994
639.6321859833233,-644.8072298603672,639.6321859833233
640.4987575571911,-644.8230654178395,640.4987575571911
639.5185879121404,-644.3078391543249,639.5185879121404
639.6321859833233,-644.8072298603672,639.6321859833233
639.5185879121404,-644.3078391543249,639.5185879121404
638.2120046419982,-644.2946371944107,638.2120046419982
638.2120046419982,-644.2946371944107,638.2120046419982
639.5185879121404,-644.3078391543249,639.5185879121404
637.9624485155451,-643.9308564482336,637.9624485155451
638.2120046419982,-644.2946371944107,638.2120046419982
637.9624485155451,-643.9308564482336,637.9624485155451
636.3681879259688,-643.9213847826038,636.3681879259688
638.2120046419982,-644.2946371944107,638.2120046419982
636.3681879259688,-643.9213847826038,636.3681879259688
636.5399375314615,-644.2847032963336,636.5399375314615
639.5185879121404,-644.3078391543249,639.5185879121404
640.4987575571911,-644.8230654178395,640.4987575571911
640.3706486858798,-644.3234095927089,640.3706486858798
639.5185879121404,-644.3078391543249,639.5185879121404
640.3706486858798,-644.3234095927089,640.3706486858798
639.2082340519219,-643.9434440930885,639.2082340519219
639.5185879121404,-644.3078391543249,639.5185879121404
639.2082340519219,-643.9434440930885,639.2082340519219
637.9624485155451,-643.9308564482336,637.9624485155451
640.4987575571911,-644.8230654178395,640.4987575571911
637.8458651140797,-644.8411100007972,637.8458651140797
640.8440088466275,-644.8402306317614,640.8440088466275
640.4987575571911,-644.8230654178395,640.4987575571911
640.8440088466275,-644.8402306317614,640.8440088466275
640.3706486858798,-644.3234095927089,640.3706486858798
640.8440088466275,-644.8402306317614,640.8440088466275
637.8458651140797,-644.8411100007972,637.8458651140797
640.6444104772297,-644.8575556525378,640.6444104772297
640.8440088466275,-644.8402306317614,640.8440088466275
640.6444104772297,-644.8575556525378,640.6444104772297
640.7101176685511,-644.3402872773999,640.7101176685511
640.8440088466275,-644.8402306317614,640.8440088466275
640.7101176685511,-644.3402872773999,640.7101176685511
640.3706486858798,-644.3234095927089,640.3706486858798
640.3706486858798,-644.3234095927089,640.3706486858798
640.7101176685511,-644.3402872773999,640.7101176685511
640.0206454385327,-643.9582899280616,640.0206454385327
640.3706486858798,-644.3234095927089,640.3706486858798
640.0206454385327,-643.9582899280616,640.0206454385327
639.2082340519219,-643.9434440930885,639.2082340519219
640.7101176685511,-644.3402872773999,640.7101176685511
640.6444104772297,-644.8575556525378,640.6444104772297
640.5138618207571,-644.3573220925922,640.5138618207571
640.7101176685511,-644.3402872773999,640.7101176685511
640.5138618207571,-644.3573220925922,640.5138618207571
640.3443182245405,-643.9743823162007,640.3443182245405
640.7101176685511,-644.3402872773999,640.7101176685511
640.3443182245405,-643.9743823162007,640.3443182245405
640.0206454385327,-643.9582899280616,640.0206454385327
640.0206454385327,-643.9582899280616,640.0206454385327
640.3443182245405,-643.9743823162007,640.3443182245405
639.5425333198707,-643.825538941925,639.5425333198707
640.0206454385327,-643.9582899280616,640.0206454385327
639.5425333198707,-643.825538941925,639.5425333198707
638.7842821205167,-643.8116828294511,638.7842821205167
640.0206454385327,-643.9582899280616,640.0206454385327
638.7842821205167,-643.8116828294511,638.7842821205167
639.2082340519219,-643.9434440930885,639.2082340519219
639.2082340519219,-643.9434440930885,639.2082340519219
638.7842821205167,-643.8116828294511,638.7842821205167
637.6215495287835,-643.7999343013706,637.6215495287835
639.2082340519219,-643.9434440930885,639.2082340519219
637.6215495287835,-643.7999343013706,637.6215495287835
637.9624485155451,-643.9308564482336,637.9624485155451
638.7842821205167,-643.8116828294511,638.7842821205167
639.5425333198707,-643.825538941925,639.5425333198707
632.8489598462561,-643.8426103650854,632.8489598462561
638.7842821205167,-643.8116828294511,638.7842821205167
632.8489598462561,-643.8426103650854,632.8489598462561
637.6215495287835,-643.7999343013706,637.6215495287835
637.6215495287835,-643.7999343013706,637.6215495287835
632.8489598462561,-643.8426103650854,632.8489598462561
636.1335727564344,-643.7910941480446,636.1335727564344
637.6215495287835,-643.7999343013706,637.6215495287835
636.1335727564344,-643.7910941480446,636.1335727564344
637.9624485155451,-643.9308564482336,637.9624485155451
637.9624485155451,-643.9308564482336,637.9624485155451
636.1335727564344,-643.7910941480446,636.1335727564344
636.3681879259688,-643.9213847826038,636.3681879259688
636.1335727564344,-643.7910941480446,636.1335727564344
632.8489598462561,-643.8426103650854,632.8489598462561
634.4217542008633,-643.7857646477584,634.4217542008633
636.1335727564344,-643.7910941480446,636.1335727564344
634.4217542008633,-643.7857646477584,634.4217542008633
636.3681879259688,-643.9213847826038,636.3681879259688
639.5425333198707,-643.825538941925,639.5425333198707
640.3443182245405,-643.9743823162007,640.3443182245405
639.8446276024499,-643.8405585042813,639.8446276024499
639.5425333198707,-643.825538941925,639.5425333198707
639.8446276024499,-643.8405585042813,639.8446276024499
632.8489598462561,-643.8426103650854,632.8489598462561
640.3443182245405,-643.9743823162007,640.3443182245405
640.5138618207571,-644.3573220925922,640.5138618207571
640.1571950510689,-643.9906245230912,640.1571950510689
640.3443182245405,-643.9743823162007,640.3443182245405
640.1571950510689,-643.9906245230912,640.1571950510689
639.8446276024499,-643.8405585042813,639.8446276024499
639.8446276024499,-643.8405585042813,639.8446276024499
640.1571950510689,-643.9906245230912,640.1571950510689
639.6699796249045,-643.8557178972859,639.6699796249045
639.8446276024499,-643.8405585042813,639.8446276024499
639.6699796249045,-643.8557178972859,639.6699796249045
632.8489598462561,-643.8426103650854,632.8489598462561
636.3681879259688,-643.9213847826038,636.3681879259688
634.4217542008633,-643.7857646477584,634.4217542008633
634.5340952892487,-643.9156746768256,634.5340952892487
636.3681879259688,-643.9213847826038,636.3681879259688
634.5340952892487,-643.9156746768256,634.5340952892487
636.5399375314615,-644.2847032963336,636.5399375314615
634.4217542008633,-643.7857646477584,634.4217542008633
632.8489598462561,-643.8426103650854,632.8489598462561
632.6027530001679,-643.7843092208059,632.6027530001679
634.4217542008633,-643.7857646477584,634.4217542008633
632.6027530001679,-643.7843092208059,632.6027530001679
634.5340952892487,-643.9156746768256,634.5340952892487
636.5399375314615,-644.2847032963336,636.5399375314615
634.5340952892487,-643.9156746768256,634.5340952892487
634.6163371646162,-644.2787144401337,634.6163371646162
636.5399375314615,-644.2847032963336,636.5399375314615
634.6163371646162,-644.2787144401337,634.6163371646162
636.6028030954994,-644.7836999208042,636.6028030954994
634.5340952892487,-643.9156746768256,634.5340952892487
632.6027530001679,-643.7843092208059,632.6027530001679
632.5851667968752,-643.9141152267827,632.5851667968752
634.5340952892487,-643.9156746768256,634.5340952892487
632.5851667968752,-643.9141152267827,632.5851667968752
634.6163371646162,-644.2787144401337,634.6163371646162
632.6027530001679,-643.7843092208059,632.6027530001679
632.8489598462561,-643.8426103650854,632.8489598462561
630.8005297501351,-643.78682676917,630.8005297501351
632.6027530001679,-643.7843092208059,632.6027530001679
630.8005297501351,-643.78682676917,630.8005297501351
632.5851667968752,-643.9141152267827,632.5851667968752
636.6028030954994,-644.7836999208042,636.6028030954994
634.6163371646162,-644.2787144401337,634.6163371646162
634.6464377471106,-644.7776090818887,634.6464377471106
636.6028030954994,-644.7836999208042,636.6028030954994
634.6464377471106,-644.7776090818887,634.6464377471106
633.789422418936,-644.8016498260647,633.789422418936
634.6163371646162,-644.2787144401337,634.6163371646162
632.5851667968752,-643.9141152267827,632.5851667968752
632.5722927171441,-644.2770789298254,632.5722927171441
634.6163371646162,-644.2787144401337,634.6163371646162
632.5722927171441,-644.2770789298254,632.5722927171441
634.6464377471106,-644.7776090818887,634.6464377471106
634.6464377471106,-644.7776090818887,634.6464377471106
632.5722927171441,-644.2770789298254,632.5722927171441
632.5675805935789,-644.7759457364009,632.5675805935789
634.6464377471106,-644.7776090818887,634.6464377471106
632.5675805935789,-644.7759457364009,632.5675805935789
633.789422418936,-644.8016498260647,633.789422418936
633.789422418936,-644.8016498260647,633.789422418936
632.5675805935789,-644.7759457364009,632.5675805935789
631.5655890908666,-644.8023020863777,631.5655890908666
632.5851667968752,-643.9141152267827,632.5851667968752
630.8005297501351,-643.78682676917,630.8005297501351
630.6542133107316,-643.9168126636531,630.6542133107316
632.5851667968752,-643.9141152267827,632.5851667968752
630.6542133107316,-643.9168126636531,630.6542133107316
632.5722927171441,-644.2770789298254,632.5722927171441
632.5722927171441,-644.2770789298254,632.5722927171441
630.6542133107316,-643.9168126636531,630.6542133107316
630.5471021308063,-644.2799079650636,630.5471021308063
632.5722927171441,-644.2770789298254,632.5722927171441
630.5471021308063,-644.2799079650636,630.5471021308063
632.5675805935789,-644.7759457364009,632.5675805935789
632.5675805935789,-644.7759457364009,632.5675805935789
630.5471021308063,-644.2799079650636,630.5471021308063
630.5078963346361,-644.7788229346911,630.5078963346361
632.5675805935789,-644.7759457364009,632.5675805935789
630.5078963346361,-644.7788229346911,630.5078963346361
631.5655890908666,-644.8023020863777,631.5655890908666
630.8005297501351,-643.78682676917,630.8005297501351
632.8489598462561,-643.8426103650854,632.8489598462561
629.1379040471563,-643.7931460091282,629.1379040471563
630.8005297501351,-643.78682676917,630.8005297501351
629.1379040471563,-643.7931460091282,629.1379040471563
630.6542133107316,-643.9168126636531,630.6542133107316
630.6542133107316,-643.9168126636531,630.6542133107316
629.1379040471563,-643.7931460091282,629.1379040471563
628.8728285945994,-643.9235832051934,628.8728285945994
630.6542133107316,-643.9168126636531,630.6542133107316
628.8728285945994,-643.9235832051934,628.8728285945994
630.5471021308063,-644.2799079650636,630.5471021308063
629.1379040471563,-643.7931460091282,629.1379040471563
632.8489598462561,-643.8426103650854,632.8489598462561
627.7281788210803,-643.8028360714778,627.7281788210803
629.1379040471563,-643.7931460091282,629.1379040471563
627.7281788210803,-643.8028360714778,627.7281788210803
628.8728285945994,-643.9235832051934,628.8728285945994
630.5471021308063,-644.2799079650636,630.5471021308063
628.8728285945994,-643.9235832051934,628.8728285945994
628.6787787560797,-644.2870090095447,628.6787787560797
630.5471021308063,-644.2799079650636,630.5471021308063
628.6787787560797,-644.2870090095447,628.6787787560797
630.5078963346361,-644.7788229346911,630.5078963346361
628.8728285945994,-643.9235832051934,628.8728285945994
627.7281788210803,-643.8028360714778,627.7281788210803
627.3624106500556,-643.9339654869952,627.3624106500556
628.8728285945994,-643.9235832051934,628.8728285945994
627.3624106500556,-643.9339654869952,627.3624106500556
628.6787787560797,-644.2870090095447,628.6787787560797
627.7281788210803,-643.8028360714778,627.7281788210803
632.8489598462561,-643.8426103650854,632.8489598462561
626.6674278666546,-643.8152367572787,626.6674278666546
627.7281788210803,-643.8028360714778,627.7281788210803
626.6674278666546,-643.8152367572787,626.6674278666546
627.3624106500556,-643.9339654869952,627.3624106500556
630.5078963346361,-644.7788229346911,630.5078963346361
628.6787787560797,-644.2870090095447,628.6787787560797
628.6077531420387,-644.7860449048998,628.6077531420387
630.5078963346361,-644.7788229346911,630.5078963346361
628.6077531420387,-644.7860449048998,628.6077531420387
631.5655890908666,-644.8023020863777,631.5655890908666
631.5655890908666,-644.8023020863777,631.5655890908666
628.6077531420387,-644.7860449048998,628.6077531420387
629.5959433522141,-644.8109310179245,629.5959433522141
628.6787787560797,-644.2870090095447,628.6787787560797
627.3624106500556,-643.9339654869952,627.3624106500556
627.0946479085941,-644.2978979651222,627.0946479085941
628.6787787560797,-644.2870090095447,628.6787787560797
627.0946479085941,-644.2978979651222,627.0946479085941
628.6077531420387,-644.7860449048998,628.6077531420387
628.6077531420387,-644.7860449048998,628.6077531420387
627.0946479085941,-644.2978979651222,627.0946479085941
626.9966400361706,-644.7971192796266,626.9966400361706
628.6077531420387,-644.7860449048998,628.6077531420387
626.9966400361706,-644.7971192796266,626.9966400361706
629.5959433522141,-644.8109310179245,629.5959433522141
629.5959433522141,-644.8109310179245,629.5959433522141
626.9966400361706,-644.7971192796266,626.9966400361706
628.270598915839,-644.8258275790214,628.270598915839
627.3624106500556,-643.9339654869952,627.3624106500556
626.6674278666546,-643.8152367572787,626.6674278666546
626.2258906850403,-643.947251872764,626.2258906850403
627.3624106500556,-643.9339654869952,627.3624106500556
626.2258906850403,-643.947251872764,626.2258906850403
627.0946479085941,-644.2978979651222,627.0946479085941
627.0946479085941,-644.2978979651222,627.0946479085941
626.2258906850403,-643.947251872764,626.2258906850403
625.9026617920046,-644.3118327666705,625.9026617920046
627.0946479085941,-644.2978979651222,627.0946479085941
625.9026617920046,-644.3118327666705,625.9026617920046
626.9966400361706,-644.7971192796266,626.9966400361706
626.9966400361706,-644.7971192796266,626.9966400361706
625.9026617920046,-644.3118327666705,625.9026617920046
625.7843535034224,-644.8112914918906,625.7843535034224
626.9966400361706,-644.7971192796266,626.9966400361706
625.7843535034224,-644.8112914918906,625.7843535034224
628.270598915839,-644.8258275790214,628.270598915839
626.6674278666546,-643.8152367572787,626.6674278666546
632.8489598462561,-643.8426103650854,632.8489598462561
626.0279381614392,-643.8295028334439,626.0279381614392
626.6674278666546,-643.8152367572787,626.6674278666546
626.0279381614392,-643.8295028334439,626.0279381614392
626.2258906850403,-643.947251872764,626.2258906850403
626.2258906850403,-643.947251872764,626.2258906850403
626.0279381614392,-643.8295028334439,626.0279381614392
625.5407236883576,-643.9625369542098,625.5407236883576
626.2258906850403,-643.947251872764,626.2258906850403
625.5407236883576,-643.9625369542098,625.5407236883576
625.9026617920046,-644.3118327666705,625.9026617920046
626.0279381614392,-643.8295028334439,626.0279381614392
632.8489598462561,-643.8426103650854,632.8489598462561
625.853291136978,-643.844662226169,625.853291136978
626.0279381614392,-643.8295028334439,626.0279381614392
625.853291136978,-643.844662226169,625.853291136978
625.5407236883576,-643.9625369542098,625.5407236883576
625.9026617920046,-644.3118327666705,625.9026617920046
625.5407236883576,-643.9625369542098,625.5407236883576
625.1840569186658,-644.3278638883503,625.1840569186658
625.9026617920046,-644.3118327666705,625.9026617920046
625.1840569186658,-644.3278638883503,625.1840569186658
625.7843535034224,-644.8112914918906,625.7843535034224
625.5407236883576,-643.9625369542098,625.5407236883576
625.853291136978,-643.844662226169,625.853291136978
625.353600514886,-643.9787791611003,625.353600514886
625.5407236883576,-643.9625369542098,625.5407236883576
625.353600514886,-643.9787791611003,625.353600514886
625.1840569186658,-644.3278638883503,625.1840569186658
625.853291136978,-643.844662226169,625.853291136978
632.8489598462561,-643.8426103650854,632.8489598462561
626.155384466473,-643.8596817888049,626.155384466473
625.853291136978,-643.844662226169,625.853291136978
626.155384466473,-643.8596817888049,626.155384466473
625.353600514886,-643.9787791611003,625.353600514886
625.7843535034224,-644.8112914918906,625.7843535034224
625.1840569186658,-644.3278638883503,625.1840569186658
625.053507309104,-644.8275955791762,625.053507309104
625.7843535034224,-644.8112914918906,625.7843535034224
625.053507309104,-644.8275955791762,625.053507309104
628.270598915839,-644.8258275790214,628.270598915839
628.270598915839,-644.8258275790214,628.270598915839
625.053507309104,-644.8275955791762,625.053507309104
627.8520536253382,-644.8440412306372,627.8520536253382
637.8458651140797,-644.8411100007972,637.8458651140797
637.427319823579,-644.8593236524131,637.427319823579
640.6444104772297,-644.8575556525378,640.6444104772297
625.1840569186658,-644.3278638883503,625.1840569186658
625.353600514886,-643.9787791611003,625.353600514886
624.9878010708718,-644.3448987035425,624.9878010708718
625.1840569186658,-644.3278638883503,625.1840569186658
624.9878010708718,-644.3448987035425,624.9878010708718
625.053507309104,-644.8275955791762,625.053507309104
625.053507309104,-644.8275955791762,625.053507309104
624.9878010708718,-644.3448987035425,624.9878010708718
624.8539098927904,-644.8449205996731,624.8539098927904
625.053507309104,-644.8275955791762,625.053507309104
624.8539098927904,-644.8449205996731,624.8539098927904
627.8520536253382,-644.8440412306372,627.8520536253382
625.353600514886,-643.9787791611003,625.353600514886
626.155384466473,-643.8596817888049,626.155384466473
625.6772733008938,-643.9948715492395,625.6772733008938
625.353600514886,-643.9787791611003,625.353600514886
625.6772733008938,-643.9948715492395,625.6772733008938
624.9878010708718,-644.3448987035425,624.9878010708718
624.9878010708718,-644.3448987035425,624.9878010708718
625.6772733008938,-643.9948715492395,625.6772733008938
625.3272700535431,-644.3617763882335,625.3272700535431
624.9878010708718,-644.3448987035425,624.9878010708718
625.3272700535431,-644.3617763882335,625.3272700535431
624.8539098927904,-644.8449205996731,624.8539098927904
624.8539098927904,-644.8449205996731,624.8539098927904
625.3272700535431,-644.3617763882335,625.3272700535431
625.1991602291426,-644.8620858138745,625.1991602291426
624.8539098927904,-644.8449205996731,624.8539098927904
625.1991602291426,-644.8620858138745,625.1991602291426
627.8520536253382,-644.8440412306372,627.8520536253382
627.8520536253382,-644.8440412306372,627.8520536253382
625.1991602291426,-644.8620858138745,625.1991602291426
628.4232062432951,-644.8619645994069,628.4232062432951
626.155384466473,-643.8596817888049,626.155384466473
632.8489598462561,-643.8426103650854,632.8489598462561
626.9136347127428,-643.8735379015583,626.9136347127428
626.155384466473,-643.8596817888049,626.155384466473
626.9136347127428,-643.8735379015583,626.9136347127428
625.6772733008938,-643.9948715492395,625.6772733008938
625.6772733008938,-643.9948715492395,625.6772733008938
626.9136347127428,-643.8735379015583,626.9136347127428
626.4896837344205,-644.0097173844921,626.4896837344205
625.6772733008938,-643.9948715492395,625.6772733008938
626.4896837344205,-644.0097173844921,626.4896837344205
625.3272700535431,-644.3617763882335,625.3272700535431
626.9136347127428,-643.8735379015583,626.9136347127428
632.8489598462561,-643.8426103650854,632.8489598462561
628.0763677208719,-643.8852863022728,628.0763677208719
626.9136347127428,-643.8735379015583,626.9136347127428
628.0763677208719,-643.8852863022728,628.0763677208719
626.4896837344205,-644.0097173844921,626.4896837344205
625.3272700535431,-644.3617763882335,625.3272700535431
626.4896837344205,-644.0097173844921,626.4896837344205
626.179328921114,-644.3773468271766,626.179328921114
625.3272700535431,-644.3617763882335,625.3272700535431
626.179328921114,-644.3773468271766,626.179328921114
625.1991602291426,-644.8620858138745,625.1991602291426
626.4896837344205,-644.0097173844921,626.4896837344205
628.0763677208719,-643.8852863022728,628.0763677208719
627.7354702238814,-644.0223050290675,627.7354702238814
626.4896837344205,-644.0097173844921,626.4896837344205
627.7354702238814,-644.0223050290675,627.7354702238814
626.179328921114,-644.3773468271766,626.179328921114
628.0763677208719,-643.8852863022728,628.0763677208719
632.8489598462561,-643.8426103650854,632.8489598462561
629.5643469360776,-643.8941265821261,629.5643469360776
628.0763677208719,-643.8852863022728,628.0763677208719
629.5643469360776,-643.8941265821261,629.5643469360776
627.7354702238814,-644.0223050290675,627.7354702238814
625.1991602291426,-644.8620858138745,625.1991602291426
626.179328921114,-644.3773468271766,626.179328921114
626.0657327560946,-644.8779213710673,626.0657327560946
625.1991602291426,-644.8620858138745,625.1991602291426
626.0657327560946,-644.8779213710673,626.0657327560946
628.4232062432951,-644.8619645994069,628.4232062432951
628.4232062432951,-644.8619645994069,628.4232062432951
626.0657327560946,-644.8779213710673,626.0657327560946
629.8709322569067,-644.8760476792298,629.8709322569067
626.179328921114,-644.3773468271766,626.179328921114
627.7354702238814,-644.0223050290675,627.7354702238814
627.4859140974247,-644.3905487865317,627.4859140974247
626.179328921114,-644.3773468271766,626.179328921114
627.4859140974247,-644.3905487865317,627.4859140974247
626.0657327560946,-644.8779213710673,626.0657327560946
626.0657327560946,-644.8779213710673,626.0657327560946
627.4859140974247,-644.3905487865317,627.4859140974247
627.3945702840306,-644.8913481329762,627.3945702840306
626.0657327560946,-644.8779213710673,626.0657327560946
627.3945702840306,-644.8913481329762,627.3945702840306
629.8709322569067,-644.8760476792298,629.8709322569067
627.7354702238814,-644.0223050290675,627.7354702238814
629.5643469360776,-643.8941265821261,629.5643469360776
629.329731766542,-644.0317766944177,629.329731766542
627.7354702238814,-644.0223050290675,627.7354702238814
629.329731766542,-644.0317766944177,629.329731766542
627.4859140974247,-644.3905487865317,627.4859140974247
627.4859140974247,-644.3905487865317,627.4859140974247
629.329731766542,-644.0317766944177,629.329731766542
629.1579802548771,-644.4004826848883,629.1579802548771
627.4859140974247,-644.3905487865317,627.4859140974247
629.1579802548771,-644.4004826848883,629.1579802548771
627.3945702840306,-644.8913481329762,627.3945702840306
627.3945702840306,-644.8913481329762,627.3945702840306
629.1579802548771,-644.4004826848883,629.1579802548771
629.0951165970026,-644.9014513103507,629.0951165970026
627.3945702840306,-644.8913481329762,627.3945702840306
629.0951165970026,-644.9014513103507,629.0951165970026
629.8709322569067,-644.8760476792298,629.8709322569067
629.8709322569067,-644.8760476792298,629.8709322569067
629.0951165970026,-644.9014513103507,629.0951165970026
631.9084948307093,-644.883501278563,631.9084948307093
629.5643469360776,-643.8941265821261,629.5643469360776
632.8489598462561,-643.8426103650854,632.8489598462561
631.2761649549604,-643.8994559553261,631.2761649549604
629.5643469360776,-643.8941265821261,629.5643469360776
631.2761649549604,-643.8994559553261,631.2761649549604
629.329731766542,-644.0317766944177,629.329731766542
629.329731766542,-644.0317766944177,629.329731766542
631.2761649549604,-643.8994559553261,631.2761649549604
631.1638224970936,-644.037486800755,631.1638224970936
629.329731766542,-644.0317766944177,629.329731766542
631.1638224970936,-644.037486800755,631.1638224970936
629.1579802548771,-644.4004826848883,629.1579802548771
631.2761649549604,-643.8994559553261,631.2761649549604
632.8489598462561,-643.8426103650854,632.8489598462561
633.0951666923443,-643.900911509365,633.0951666923443
631.2761649549604,-643.8994559553261,631.2761649549604
633.0951666923443,-643.900911509365,633.0951666923443
631.1638224970936,-644.037486800755,631.1638224970936
629.1579802548771,-644.4004826848883,629.1579802548771
631.1638224970936,-644.037486800755,631.1638224970936
631.0815819912026,-644.4064714134428,631.0815819912026
629.1579802548771,-644.4004826848883,629.1579802548771
631.0815819912026,-644.4064714134428,631.0815819912026
629.0951165970026,-644.9014513103507,629.0951165970026
631.1638224970936,-644.037486800755,631.1638224970936
633.0951666923443,-643.900911509365,633.0951666923443
633.1127528956356,-644.0390462502388,633.1127528956356
631.1638224970936,-644.037486800755,631.1638224970936
633.1127528956356,-644.0390462502388,633.1127528956356
631.0815819912026,-644.4064714134428,631.0815819912026
633.0951666923443,-643.900911509365,633.0951666923443
632.8489598462561,-643.8426103650854,632.8489598462561
634.8973894056887,-643.8983938339143,634.8973894056887
633.0951666923443,-643.900911509365,633.0951666923443
634.8973894056887,-643.8983938339143,634.8973894056887
633.1127528956356,-644.0390462502388,633.1127528956356
629.0951165970026,-644.9014513103507,629.0951165970026
631.0815819912026,-644.4064714134428,631.0815819912026
631.0514795025348,-644.9075420227389,631.0514795025348
629.0951165970026,-644.9014513103507,629.0951165970026
631.0514795025348,-644.9075420227389,631.0514795025348
631.9084948307093,-644.883501278563,631.9084948307093
631.0815819912026,-644.4064714134428,631.0815819912026
633.1127528956356,-644.0390462502388,633.1127528956356
633.125626975363,-644.4081070508374,633.125626975363
631.0815819912026,-644.4064714134428,631.0815819912026
633.125626975363,-644.4081070508374,633.125626975363
631.0514795025348,-644.9075420227389,631.0514795025348
631.0514795025348,-644.9075420227389,631.0514795025348
633.125626975363,-644.4081070508374,633.125626975363
633.1303390989233,-644.9092054947541,633.1303390989233
631.0514795025348,-644.9075420227389,631.0514795025348
633.1303390989233,-644.9092054947541,633.1303390989233
631.9084948307093,-644.883501278563,631.9084948307093
631.9084948307093,-644.883501278563,631.9084948307093
633.1303390989233,-644.9092054947541,633.1303390989233
634.1323281587787,-644.8828490182499,634.1323281587787
633.1127528956356,-644.0390462502388,633.1127528956356
634.8973894056887,-643.8983938339143,634.8973894056887
635.0437044756108,-644.0363488139275,635.0437044756108
633.1127528956356,-644.0390462502388,633.1127528956356
635.0437044756108,-644.0363488139275,635.0437044756108
633.125626975363,-644.4081070508374,633.125626975363
633.125626975363,-644.4081070508374,633.125626975363
635.0437044756108,-644.0363488139275,635.0437044756108
635.1508170250125,-644.4052778885128,635.1508170250125
633.125626975363,-644.4081070508374,633.125626975363
635.1508170250125,-644.4052778885128,635.1508170250125
633.1303390989233,-644.9092054947541,633.1303390989233
633.1303390989233,-644.9092054947541,633.1303390989233
635.1508170250125,-644.4052778885128,635.1508170250125
635.1900209150092,-644.9063281699365,635.1900209150092
633.1303390989233,-644.9092054947541,633.1303390989233
635.1900209150092,-644.9063281699365,635.1900209150092
634.1323281587787,-644.8828490182499,634.1323281587787
634.8973894056887,-643.8983938339143,634.8973894056887
632.8489598462561,-643.8426103650854,632.8489598462561
636.5600156453557,-643.8920747210425,636.5600156453557
634.8973894056887,-643.8983938339143,634.8973894056887
636.5600156453557,-643.8920747210425,636.5600156453557
635.0437044756108,-644.0363488139275,635.0437044756108
635.0437044756108,-644.0363488139275,635.0437044756108
636.5600156453557,-643.8920747210425,636.5600156453557
636.8250910979114,-644.0295782718281,636.8250910979114
635.0437044756108,-644.0363488139275,635.0437044756108
636.8250910979114,-644.0295782718281,636.8250910979114
635.1508170250125,-644.4052778885128,635.1508170250125
636.5600156453557,-643.8920747210425,636.5600156453557
632.8489598462561,-643.8426103650854,632.8489598462561
637.969738428575,-643.8823845321656,637.969738428575
636.5600156453557,-643.8920747210425,636.5600156453557
637.969738428575,-643.8823845321656,637.969738428575
636.8250910979114,-644.0295782718281,636.8250910979114
635.1508170250125,-644.4052778885128,635.1508170250125
636.8250910979114,-644.0295782718281,636.8250910979114
637.0191390302589,-644.3981769716772,637.0191390302589
635.1508170250125,-644.4052778885128,635.1508170250125
637.0191390302589,-644.3981769716772,637.0191390302589
635.1900209150092,-644.9063281699365,635.1900209150092
636.8250910979114,-644.0295782718281,636.8250910979114
637.969738428575,-643.8823845321656,637.969738428575
638.3355080893709,-644.0191959903058,638.3355080893709
636.8250910979114,-644.0295782718281,636.8250910979114
638.3355080893709,-644.0191959903058,638.3355080893709
637.0191390302589,-644.3981769716772,637.0191390302589
637.969738428575,-643.8823845321656,637.969738428575
632.8489598462561,-643.8426103650854,632.8489598462561
639.0304889666048,-643.8699839737307,639.0304889666048
637.969738428575,-643.8823845321656,637.969738428575
639.0304889666048,-643.8699839737307,639.0304889666048
638.3355080893709,-644.0191959903058,638.3355080893709
632.8489598462561,-643.8426103650854,632.8489598462561
639.6699796249045,-643.8557178972859,639.6699796249045
639.0304889666048,-643.8699839737307,639.0304889666048
639.0304889666048,-643.8699839737307,639.0304889666048
639.6699796249045,-643.8557178972859,639.6699796249045
639.472027101302,-644.0059096048166,639.472027101302
639.0304889666048,-643.8699839737307,639.0304889666048
639.472027101302,-644.0059096048166,639.472027101302
638.3355080893709,-644.0191959903058,638.3355080893709
639.6699796249045,-643.8557178972859,639.6699796249045
640.1571950510689,-643.9906245230912,640.1571950510689
639.472027101302,-644.0059096048166,639.472027101302
638.3355080893709,-644.0191959903058,638.3355080893709
639.472027101302,-644.0059096048166,639.472027101302
638.6032708308288,-644.3872880158202,638.6032708308288
638.3355080893709,-644.0191959903058,638.3355080893709
638.6032708308288,-644.3872880158202,638.6032708308288
637.0191390302589,-644.3981769716772,637.0191390302589
639.472027101302,-644.0059096048166,639.472027101302
640.1571950510689,-643.9906245230912,640.1571950510689
639.7952550412499,-644.3733532148309,639.7952550412499
639.472027101302,-644.0059096048166,639.472027101302
639.7952550412499,-644.3733532148309,639.7952550412499
638.6032708308288,-644.3872880158202,638.6032708308288
640.1571950510689,-643.9906245230912,640.1571950510689
640.5138618207571,-644.3573220925922,640.5138618207571
639.7952550412499,-644.3733532148309,639.7952550412499
637.0191390302589,-644.3981769716772,637.0191390302589
638.6032708308288,-644.3872880158202,638.6032708308288
637.0901665504633,-644.8991063262552,637.0901665504633
637.0191390302589,-644.3981769716772,637.0191390302589
637.0901665504633,-644.8991063262552,637.0901665504633
635.1900209150092,-644.9063281699365,635.1900209150092
635.1900209150092,-644.9063281699365,635.1900209150092
637.0901665504633,-644.8991063262552,637.0901665504633
634.1323281587787,-644.8828490182499,634.1323281587787
634.1323281587787,-644.8828490182499,634.1323281587787
637.0901665504633,-644.8991063262552,637.0901665504633
636.1019738974312,-644.8742200867031,636.1019738974312
637.0901665504633,-644.8991063262552,637.0901665504633
638.6032708308288,-644.3872880158202,638.6032708308288
638.7012781665591,-644.8880318247215,638.7012781665591
637.0901665504633,-644.8991063262552,637.0901665504633
638.7012781665591,-644.8880318247215,638.7012781665591
636.1019738974312,-644.8742200867031,636.1019738974312
638.6032708308288,-644.3872880158202,638.6032708308288
639.7952550412499,-644.3733532148309,639.7952550412499
638.7012781665591,-644.8880318247215,638.7012781665591
636.1019738974312,-644.8742200867031,636.1019738974312
638.7012781665591,-644.8880318247215,638.7012781665591
637.427319823579,-644.8593236524131,637.427319823579
638.7012781665591,-644.8880318247215,638.7012781665591
639.7952550412499,-644.3733532148309,639.7952550412499
639.9135652359955,-644.8738597395438,639.9135652359955
638.7012781665591,-644.8880318247215,638.7012781665591
639.9135652359955,-644.8738597395438,639.9135652359955
637.427319823579,-644.8593236524131,637.427319823579
639.7952550412499,-644.3733532148309,639.7952550412499
640.5138618207571,-644.3573220925922,640.5138618207571
639.9135652359955,-644.8738597395438,639.9135652359955
640.5138618207571,-644.3573220925922,640.5138618207571
640.6444104772297,-644.8575556525378,640.6444104772297
639.9135652359955,-644.8738597395438,639.9135652359955
639.9135652359955,-644.8738597395438,639.9135652359955
640.6444104772297,-644.8575556525378,640.6444104772297
637.427319823579,-644.8593236524131,637.427319823579
