274.29937744140625,1383.0283126831055, 16.00004386901844
274.20147705078125,1386.0283126831055, 16.61807823181141
274.20147705078125,1383.0283126831055, 16.61807823181141
274.20147705078125,1383.0283126831055, 16.61807823181141
274.20147705078125,1386.0283126831055, 16.61807823181141
273.91741943359375,1386.0283126831055, 17.175611495971566
274.20147705078125,1383.0283126831055, 16.61807823181141
273.91741943359375,1386.0283126831055, 17.175611495971566
273.91741943359375,1383.0283126831055, 17.175611495971566
274.20147705078125,1383.0283126831055, 16.61807823181141
273.91741943359375,1383.0283126831055, 17.175611495971566
265.6509704589844,1383.0283126831055, 10.103178024291879
274.20147705078125,1383.0283126831055, 16.61807823181141
265.6509704589844,1383.0283126831055, 10.103178024291879
266.1887512207031,1383.0283126831055, 9.637197494506722
274.20147705078125,1383.0283126831055, 16.61807823181141
266.1887512207031,1383.0283126831055, 9.637197494506722
274.29937744140625,1383.0283126831055, 16.00004386901844
273.91741943359375,1383.0283126831055, 17.175611495971566
273.91741943359375,1386.0283126831055, 17.175611495971566
273.4749450683594,1386.0283126831055, 17.61807823181141
273.91741943359375,1383.0283126831055, 17.175611495971566
273.4749450683594,1386.0283126831055, 17.61807823181141
273.4749450683594,1383.0283126831055, 17.61807823181141
273.91741943359375,1383.0283126831055, 17.175611495971566
273.4749450683594,1383.0283126831055, 17.61807823181141
265.6509704589844,1383.0283126831055, 10.103178024291879
273.91741943359375,1386.0283126831055, 17.175611495971566
274.20147705078125,1386.0283126831055, 16.61807823181141
266.1887512207031,1386.0283126831055, 9.637197494506722
273.91741943359375,1386.0283126831055, 17.175611495971566
266.1887512207031,1386.0283126831055, 9.637197494506722
273.4749450683594,1386.0283126831055, 17.61807823181141
273.4749450683594,1386.0283126831055, 17.61807823181141
266.1887512207031,1386.0283126831055, 9.637197494506722
272.91741943359375,1386.0283126831055, 17.902158737182504
273.4749450683594,1386.0283126831055, 17.61807823181141
272.91741943359375,1386.0283126831055, 17.902158737182504
273.4749450683594,1383.0283126831055, 17.61807823181141
273.4749450683594,1383.0283126831055, 17.61807823181141
272.91741943359375,1386.0283126831055, 17.902158737182504
272.91741943359375,1383.0283126831055, 17.902158737182504
273.4749450683594,1383.0283126831055, 17.61807823181141
272.91741943359375,1383.0283126831055, 17.902158737182504
265.6509704589844,1383.0283126831055, 10.103178024291879
272.91741943359375,1386.0283126831055, 17.902158737182504
266.1887512207031,1386.0283126831055, 9.637197494506722
272.29937744140625,1386.0283126831055, 18.00004386901844
272.91741943359375,1386.0283126831055, 17.902158737182504
272.29937744140625,1386.0283126831055, 18.00004386901844
272.91741943359375,1383.0283126831055, 17.902158737182504
272.91741943359375,1383.0283126831055, 17.902158737182504
272.29937744140625,1386.0283126831055, 18.00004386901844
272.29937744140625,1383.0283126831055, 18.00004386901844
272.91741943359375,1383.0283126831055, 17.902158737182504
272.29937744140625,1383.0283126831055, 18.00004386901844
265.6509704589844,1383.0283126831055, 10.103178024291879
274.20147705078125,1386.0283126831055, 16.61807823181141
274.29937744140625,1383.0283126831055, 16.00004386901844
274.29937744140625,1386.0283126831055, 16.00004386901844
274.20147705078125,1386.0283126831055, 16.61807823181141
274.29937744140625,1386.0283126831055, 16.00004386901844
266.5734558105469,1386.0283126831055, 9.038579940795785
274.20147705078125,1386.0283126831055, 16.61807823181141
266.5734558105469,1386.0283126831055, 9.038579940795785
266.1887512207031,1386.0283126831055, 9.637197494506722
266.5734558105469,1386.0283126831055, 9.038579940795785
274.29937744140625,1386.0283126831055, 16.00004386901844
266.77392578125,1386.0283126831055, 8.355829238891488
266.5734558105469,1386.0283126831055, 9.038579940795785
266.77392578125,1386.0283126831055, 8.355829238891488
266.77392578125,1383.0283126831055, 8.355829238891488
266.5734558105469,1386.0283126831055, 9.038579940795785
266.77392578125,1383.0283126831055, 8.355829238891488
266.5734558105469,1383.0283126831055, 9.038579940795785
266.5734558105469,1386.0283126831055, 9.038579940795785
266.5734558105469,1383.0283126831055, 9.038579940795785
266.1887512207031,1386.0283126831055, 9.637197494506722
266.5734558105469,1383.0283126831055, 9.038579940795785
266.77392578125,1383.0283126831055, 8.355829238891488
274.29937744140625,1383.0283126831055, 16.00004386901844
266.5734558105469,1383.0283126831055, 9.038579940795785
274.29937744140625,1383.0283126831055, 16.00004386901844
266.1887512207031,1383.0283126831055, 9.637197494506722
266.5734558105469,1383.0283126831055, 9.038579940795785
266.1887512207031,1383.0283126831055, 9.637197494506722
266.1887512207031,1386.0283126831055, 9.637197494506722
266.1887512207031,1386.0283126831055, 9.637197494506722
266.1887512207031,1383.0283126831055, 9.637197494506722
265.6509704589844,1386.0283126831055, 10.103178024291879
266.1887512207031,1386.0283126831055, 9.637197494506722
265.6509704589844,1386.0283126831055, 10.103178024291879
272.29937744140625,1386.0283126831055, 18.00004386901844
266.1887512207031,1383.0283126831055, 9.637197494506722
265.6509704589844,1383.0283126831055, 10.103178024291879
265.6509704589844,1386.0283126831055, 10.103178024291879
265.6509704589844,1386.0283126831055, 10.103178024291879
265.6509704589844,1383.0283126831055, 10.103178024291879
265.00372314453125,1386.0283126831055, 10.398775100707894
265.6509704589844,1386.0283126831055, 10.103178024291879
265.00372314453125,1386.0283126831055, 10.398775100707894
272.29937744140625,1386.0283126831055, 18.00004386901844
265.6509704589844,1383.0283126831055, 10.103178024291879
272.29937744140625,1383.0283126831055, 18.00004386901844
265.00372314453125,1383.0283126831055, 10.398775100707894
265.6509704589844,1383.0283126831055, 10.103178024291879
265.00372314453125,1383.0283126831055, 10.398775100707894
265.00372314453125,1386.0283126831055, 10.398775100707894
265.00372314453125,1386.0283126831055, 10.398775100707894
265.00372314453125,1383.0283126831055, 10.398775100707894
264.29937744140625,1386.0283126831055, 10.500043869018441
265.00372314453125,1386.0283126831055, 10.398775100707894
264.29937744140625,1386.0283126831055, 10.500043869018441
272.29937744140625,1386.0283126831055, 18.00004386901844
265.00372314453125,1383.0283126831055, 10.398775100707894
272.29937744140625,1383.0283126831055, 18.00004386901844
264.29937744140625,1383.0283126831055, 10.500043869018441
265.00372314453125,1383.0283126831055, 10.398775100707894
264.29937744140625,1383.0283126831055, 10.500043869018441
264.29937744140625,1386.0283126831055, 10.500043869018441
272.29937744140625,1386.0283126831055, 18.00004386901844
264.29937744140625,1386.0283126831055, 10.500043869018441
254.29937744140625,1386.0283126831055, 18.00004386901844
272.29937744140625,1386.0283126831055, 18.00004386901844
254.29937744140625,1386.0283126831055, 18.00004386901844
272.29937744140625,1383.0283126831055, 18.00004386901844
264.29937744140625,1386.0283126831055, 10.500043869018441
264.29937744140625,1383.0283126831055, 10.500043869018441
263.59503173828125,1386.0283126831055, 10.398775100707894
264.29937744140625,1386.0283126831055, 10.500043869018441
263.59503173828125,1386.0283126831055, 10.398775100707894
254.29937744140625,1386.0283126831055, 18.00004386901844
264.29937744140625,1383.0283126831055, 10.500043869018441
272.29937744140625,1383.0283126831055, 18.00004386901844
263.59503173828125,1383.0283126831055, 10.398775100707894
264.29937744140625,1383.0283126831055, 10.500043869018441
263.59503173828125,1383.0283126831055, 10.398775100707894
263.59503173828125,1386.0283126831055, 10.398775100707894
263.59503173828125,1386.0283126831055, 10.398775100707894
263.59503173828125,1383.0283126831055, 10.398775100707894
262.9477844238281,1386.0283126831055, 10.103178024291879
263.59503173828125,1386.0283126831055, 10.398775100707894
262.9477844238281,1386.0283126831055, 10.103178024291879
254.29937744140625,1386.0283126831055, 18.00004386901844
272.29937744140625,1383.0283126831055, 18.00004386901844
254.29937744140625,1386.0283126831055, 18.00004386901844
254.29937744140625,1383.0283126831055, 18.00004386901844
272.29937744140625,1383.0283126831055, 18.00004386901844
254.29937744140625,1383.0283126831055, 18.00004386901844
263.59503173828125,1383.0283126831055, 10.398775100707894
263.59503173828125,1383.0283126831055, 10.398775100707894
254.29937744140625,1383.0283126831055, 18.00004386901844
262.9477844238281,1383.0283126831055, 10.103178024291879
263.59503173828125,1383.0283126831055, 10.398775100707894
262.9477844238281,1383.0283126831055, 10.103178024291879
262.9477844238281,1386.0283126831055, 10.103178024291879
262.9477844238281,1386.0283126831055, 10.103178024291879
262.9477844238281,1383.0283126831055, 10.103178024291879
262.4100036621094,1386.0283126831055, 9.637197494506722
262.9477844238281,1386.0283126831055, 10.103178024291879
262.4100036621094,1386.0283126831055, 9.637197494506722
254.29937744140625,1386.0283126831055, 18.00004386901844
262.9477844238281,1383.0283126831055, 10.103178024291879
254.29937744140625,1383.0283126831055, 18.00004386901844
262.4100036621094,1383.0283126831055, 9.637197494506722
262.9477844238281,1383.0283126831055, 10.103178024291879
262.4100036621094,1383.0283126831055, 9.637197494506722
262.4100036621094,1386.0283126831055, 9.637197494506722
262.4100036621094,1386.0283126831055, 9.637197494506722
262.4100036621094,1383.0283126831055, 9.637197494506722
262.0252990722656,1386.0283126831055, 9.038579940795785
262.4100036621094,1386.0283126831055, 9.637197494506722
262.0252990722656,1386.0283126831055, 9.038579940795785
254.29937744140625,1386.0283126831055, 18.00004386901844
262.4100036621094,1383.0283126831055, 9.637197494506722
254.29937744140625,1383.0283126831055, 18.00004386901844
262.0252990722656,1383.0283126831055, 9.038579940795785
262.4100036621094,1383.0283126831055, 9.637197494506722
262.0252990722656,1383.0283126831055, 9.038579940795785
262.0252990722656,1386.0283126831055, 9.038579940795785
262.0252990722656,1386.0283126831055, 9.038579940795785
262.0252990722656,1383.0283126831055, 9.038579940795785
261.8248291015625,1386.0283126831055, 8.355829238891488
262.0252990722656,1386.0283126831055, 9.038579940795785
261.8248291015625,1386.0283126831055, 8.355829238891488
254.29937744140625,1386.0283126831055, 18.00004386901844
262.0252990722656,1383.0283126831055, 9.038579940795785
254.29937744140625,1383.0283126831055, 18.00004386901844
261.8248291015625,1383.0283126831055, 8.355829238891488
262.0252990722656,1383.0283126831055, 9.038579940795785
261.8248291015625,1383.0283126831055, 8.355829238891488
261.8248291015625,1386.0283126831055, 8.355829238891488
261.8248291015625,1386.0283126831055, 8.355829238891488
261.8248291015625,1383.0283126831055, 8.355829238891488
261.79937744140625,1386.0283126831055, 8.000043869018441
261.8248291015625,1386.0283126831055, 8.355829238891488
261.79937744140625,1386.0283126831055, 8.000043869018441
254.29937744140625,1386.0283126831055, 18.00004386901844
261.8248291015625,1383.0283126831055, 8.355829238891488
254.29937744140625,1383.0283126831055, 18.00004386901844
261.8248291015625,1383.0283126831055, 7.644258499145394
261.8248291015625,1383.0283126831055, 8.355829238891488
261.8248291015625,1383.0283126831055, 7.644258499145394
261.79937744140625,1386.0283126831055, 8.000043869018441
254.29937744140625,1383.0283126831055, 18.00004386901844
254.29937744140625,1386.0283126831055, 18.00004386901844
254.29937744140625,1383.0283126831055, -1.999956130981559
254.29937744140625,1383.0283126831055, 18.00004386901844
254.29937744140625,1383.0283126831055, -1.999956130981559
261.8248291015625,1383.0283126831055, 7.644258499145394
254.29937744140625,1386.0283126831055, 18.00004386901844
261.79937744140625,1386.0283126831055, 8.000043869018441
254.29937744140625,1386.0283126831055, -1.999956130981559
254.29937744140625,1386.0283126831055, 18.00004386901844
254.29937744140625,1386.0283126831055, -1.999956130981559
254.29937744140625,1383.0283126831055, -1.999956130981559
261.79937744140625,1386.0283126831055, 8.000043869018441
261.8248291015625,1383.0283126831055, 7.644258499145394
261.8248291015625,1386.0283126831055, 7.644258499145394
261.79937744140625,1386.0283126831055, 8.000043869018441
261.8248291015625,1386.0283126831055, 7.644258499145394
254.29937744140625,1386.0283126831055, -1.999956130981559
261.8248291015625,1386.0283126831055, 7.644258499145394
261.8248291015625,1383.0283126831055, 7.644258499145394
262.0252990722656,1386.0283126831055, 6.961507797241097
261.8248291015625,1386.0283126831055, 7.644258499145394
262.0252990722656,1386.0283126831055, 6.961507797241097
254.29937744140625,1386.0283126831055, -1.999956130981559
261.8248291015625,1383.0283126831055, 7.644258499145394
254.29937744140625,1383.0283126831055, -1.999956130981559
262.0252990722656,1383.0283126831055, 6.961507797241097
261.8248291015625,1383.0283126831055, 7.644258499145394
262.0252990722656,1383.0283126831055, 6.961507797241097
262.0252990722656,1386.0283126831055, 6.961507797241097
262.0252990722656,1386.0283126831055, 6.961507797241097
262.0252990722656,1383.0283126831055, 6.961507797241097
262.4100036621094,1386.0283126831055, 6.36289024353016
262.0252990722656,1386.0283126831055, 6.961507797241097
262.4100036621094,1386.0283126831055, 6.36289024353016
254.29937744140625,1386.0283126831055, -1.999956130981559
262.0252990722656,1383.0283126831055, 6.961507797241097
254.29937744140625,1383.0283126831055, -1.999956130981559
262.4100036621094,1383.0283126831055, 6.36289024353016
262.0252990722656,1383.0283126831055, 6.961507797241097
262.4100036621094,1383.0283126831055, 6.36289024353016
262.4100036621094,1386.0283126831055, 6.36289024353016
262.4100036621094,1386.0283126831055, 6.36289024353016
262.4100036621094,1383.0283126831055, 6.36289024353016
262.9477844238281,1386.0283126831055, 5.8969097137450035
262.4100036621094,1386.0283126831055, 6.36289024353016
262.9477844238281,1386.0283126831055, 5.8969097137450035
254.29937744140625,1386.0283126831055, -1.999956130981559
262.4100036621094,1383.0283126831055, 6.36289024353016
254.29937744140625,1383.0283126831055, -1.999956130981559
262.9477844238281,1383.0283126831055, 5.8969097137450035
262.4100036621094,1383.0283126831055, 6.36289024353016
262.9477844238281,1383.0283126831055, 5.8969097137450035
262.9477844238281,1386.0283126831055, 5.8969097137450035
262.9477844238281,1386.0283126831055, 5.8969097137450035
262.9477844238281,1383.0283126831055, 5.8969097137450035
263.59503173828125,1386.0283126831055, 5.601312637328988
262.9477844238281,1386.0283126831055, 5.8969097137450035
263.59503173828125,1386.0283126831055, 5.601312637328988
254.29937744140625,1386.0283126831055, -1.999956130981559
262.9477844238281,1383.0283126831055, 5.8969097137450035
254.29937744140625,1383.0283126831055, -1.999956130981559
263.59503173828125,1383.0283126831055, 5.601312637328988
262.9477844238281,1383.0283126831055, 5.8969097137450035
263.59503173828125,1383.0283126831055, 5.601312637328988
263.59503173828125,1386.0283126831055, 5.601312637328988
254.29937744140625,1386.0283126831055, -1.999956130981559
263.59503173828125,1386.0283126831055, 5.601312637328988
272.29937744140625,1386.0283126831055, -1.999956130981559
254.29937744140625,1386.0283126831055, -1.999956130981559
272.29937744140625,1386.0283126831055, -1.999956130981559
254.29937744140625,1383.0283126831055, -1.999956130981559
263.59503173828125,1386.0283126831055, 5.601312637328988
263.59503173828125,1383.0283126831055, 5.601312637328988
264.29937744140625,1386.0283126831055, 5.500043869018441
263.59503173828125,1386.0283126831055, 5.601312637328988
264.29937744140625,1386.0283126831055, 5.500043869018441
272.29937744140625,1386.0283126831055, -1.999956130981559
263.59503173828125,1383.0283126831055, 5.601312637328988
254.29937744140625,1383.0283126831055, -1.999956130981559
264.29937744140625,1383.0283126831055, 5.500043869018441
263.59503173828125,1383.0283126831055, 5.601312637328988
264.29937744140625,1383.0283126831055, 5.500043869018441
264.29937744140625,1386.0283126831055, 5.500043869018441
264.29937744140625,1386.0283126831055, 5.500043869018441
264.29937744140625,1383.0283126831055, 5.500043869018441
265.00372314453125,1386.0283126831055, 5.601312637328988
264.29937744140625,1386.0283126831055, 5.500043869018441
265.00372314453125,1386.0283126831055, 5.601312637328988
272.29937744140625,1386.0283126831055, -1.999956130981559
254.29937744140625,1383.0283126831055, -1.999956130981559
272.29937744140625,1386.0283126831055, -1.999956130981559
272.29937744140625,1383.0283126831055, -1.999956130981559
254.29937744140625,1383.0283126831055, -1.999956130981559
272.29937744140625,1383.0283126831055, -1.999956130981559
264.29937744140625,1383.0283126831055, 5.500043869018441
264.29937744140625,1383.0283126831055, 5.500043869018441
272.29937744140625,1383.0283126831055, -1.999956130981559
265.00372314453125,1383.0283126831055, 5.601312637328988
264.29937744140625,1383.0283126831055, 5.500043869018441
265.00372314453125,1383.0283126831055, 5.601312637328988
265.00372314453125,1386.0283126831055, 5.601312637328988
265.00372314453125,1386.0283126831055, 5.601312637328988
265.00372314453125,1383.0283126831055, 5.601312637328988
265.6509704589844,1386.0283126831055, 5.8969097137450035
265.00372314453125,1386.0283126831055, 5.601312637328988
265.6509704589844,1386.0283126831055, 5.8969097137450035
272.29937744140625,1386.0283126831055, -1.999956130981559
265.00372314453125,1383.0283126831055, 5.601312637328988
272.29937744140625,1383.0283126831055, -1.999956130981559
265.6509704589844,1383.0283126831055, 5.8969097137450035
265.00372314453125,1383.0283126831055, 5.601312637328988
265.6509704589844,1383.0283126831055, 5.8969097137450035
265.6509704589844,1386.0283126831055, 5.8969097137450035
272.29937744140625,1386.0283126831055, -1.999956130981559
265.6509704589844,1386.0283126831055, 5.8969097137450035
272.91741943359375,1386.0283126831055, -1.9020709991456215
272.29937744140625,1386.0283126831055, -1.999956130981559
272.91741943359375,1386.0283126831055, -1.9020709991456215
272.29937744140625,1383.0283126831055, -1.999956130981559
272.29937744140625,1383.0283126831055, -1.999956130981559
272.91741943359375,1386.0283126831055, -1.9020709991456215
272.91741943359375,1383.0283126831055, -1.9020709991456215
272.29937744140625,1383.0283126831055, -1.999956130981559
272.91741943359375,1383.0283126831055, -1.9020709991456215
265.6509704589844,1383.0283126831055, 5.8969097137450035
272.91741943359375,1386.0283126831055, -1.9020709991456215
265.6509704589844,1386.0283126831055, 5.8969097137450035
273.4749450683594,1386.0283126831055, -1.6179904937745277
272.91741943359375,1386.0283126831055, -1.9020709991456215
273.4749450683594,1386.0283126831055, -1.6179904937745277
272.91741943359375,1383.0283126831055, -1.9020709991456215
272.91741943359375,1383.0283126831055, -1.9020709991456215
273.4749450683594,1386.0283126831055, -1.6179904937745277
273.4749450683594,1383.0283126831055, -1.6179904937745277
272.91741943359375,1383.0283126831055, -1.9020709991456215
273.4749450683594,1383.0283126831055, -1.6179904937745277
265.6509704589844,1383.0283126831055, 5.8969097137450035
273.4749450683594,1386.0283126831055, -1.6179904937745277
265.6509704589844,1386.0283126831055, 5.8969097137450035
273.91741943359375,1386.0283126831055, -1.1755275726319496
273.4749450683594,1386.0283126831055, -1.6179904937745277
273.91741943359375,1386.0283126831055, -1.1755275726319496
273.4749450683594,1383.0283126831055, -1.6179904937745277
273.4749450683594,1383.0283126831055, -1.6179904937745277
273.91741943359375,1386.0283126831055, -1.1755275726319496
273.91741943359375,1383.0283126831055, -1.1755275726319496
273.4749450683594,1383.0283126831055, -1.6179904937745277
273.91741943359375,1383.0283126831055, -1.1755275726319496
265.6509704589844,1383.0283126831055, 5.8969097137450035
273.91741943359375,1386.0283126831055, -1.1755275726319496
265.6509704589844,1386.0283126831055, 5.8969097137450035
274.20147705078125,1386.0283126831055, -0.6179904937745277
273.91741943359375,1386.0283126831055, -1.1755275726319496
274.20147705078125,1386.0283126831055, -0.6179904937745277
273.91741943359375,1383.0283126831055, -1.1755275726319496
265.6509704589844,1386.0283126831055, 5.8969097137450035
265.6509704589844,1383.0283126831055, 5.8969097137450035
266.1887512207031,1386.0283126831055, 6.36289024353016
265.6509704589844,1386.0283126831055, 5.8969097137450035
266.1887512207031,1386.0283126831055, 6.36289024353016
274.20147705078125,1386.0283126831055, -0.6179904937745277
265.6509704589844,1383.0283126831055, 5.8969097137450035
273.91741943359375,1383.0283126831055, -1.1755275726319496
266.1887512207031,1383.0283126831055, 6.36289024353016
265.6509704589844,1383.0283126831055, 5.8969097137450035
266.1887512207031,1383.0283126831055, 6.36289024353016
266.1887512207031,1386.0283126831055, 6.36289024353016
273.91741943359375,1383.0283126831055, -1.1755275726319496
274.20147705078125,1386.0283126831055, -0.6179904937745277
274.20147705078125,1383.0283126831055, -0.6179904937745277
273.91741943359375,1383.0283126831055, -1.1755275726319496
274.20147705078125,1383.0283126831055, -0.6179904937745277
266.1887512207031,1383.0283126831055, 6.36289024353016
274.20147705078125,1386.0283126831055, -0.6179904937745277
266.1887512207031,1386.0283126831055, 6.36289024353016
274.29937744140625,1386.0283126831055, 4.386901844100066E-5
274.20147705078125,1386.0283126831055, -0.6179904937745277
274.29937744140625,1386.0283126831055, 4.386901844100066E-5
274.20147705078125,1383.0283126831055, -0.6179904937745277
266.1887512207031,1386.0283126831055, 6.36289024353016
266.1887512207031,1383.0283126831055, 6.36289024353016
266.5734558105469,1386.0283126831055, 6.961507797241097
266.1887512207031,1386.0283126831055, 6.36289024353016
266.5734558105469,1386.0283126831055, 6.961507797241097
274.29937744140625,1386.0283126831055, 4.386901844100066E-5
266.1887512207031,1383.0283126831055, 6.36289024353016
274.20147705078125,1383.0283126831055, -0.6179904937745277
266.5734558105469,1383.0283126831055, 6.961507797241097
266.1887512207031,1383.0283126831055, 6.36289024353016
266.5734558105469,1383.0283126831055, 6.961507797241097
266.5734558105469,1386.0283126831055, 6.961507797241097
266.5734558105469,1386.0283126831055, 6.961507797241097
266.5734558105469,1383.0283126831055, 6.961507797241097
266.77392578125,1386.0283126831055, 7.644258499145394
266.5734558105469,1386.0283126831055, 6.961507797241097
266.77392578125,1386.0283126831055, 7.644258499145394
274.29937744140625,1386.0283126831055, 4.386901844100066E-5
274.20147705078125,1383.0283126831055, -0.6179904937745277
274.29937744140625,1386.0283126831055, 4.386901844100066E-5
274.29937744140625,1383.0283126831055, 4.386901844100066E-5
274.20147705078125,1383.0283126831055, -0.6179904937745277
274.29937744140625,1383.0283126831055, 4.386901844100066E-5
266.5734558105469,1383.0283126831055, 6.961507797241097
266.5734558105469,1383.0283126831055, 6.961507797241097
274.29937744140625,1383.0283126831055, 4.386901844100066E-5
266.77392578125,1383.0283126831055, 7.644258499145394
266.5734558105469,1383.0283126831055, 6.961507797241097
266.77392578125,1383.0283126831055, 7.644258499145394
266.77392578125,1386.0283126831055, 7.644258499145394
274.29937744140625,1386.0283126831055, 4.386901844100066E-5
266.77392578125,1386.0283126831055, 7.644258499145394
274.29937744140625,1386.0283126831055, 16.00004386901844
274.29937744140625,1386.0283126831055, 4.386901844100066E-5
274.29937744140625,1386.0283126831055, 16.00004386901844
274.29937744140625,1383.0283126831055, 4.386901844100066E-5
266.77392578125,1386.0283126831055, 7.644258499145394
266.77392578125,1383.0283126831055, 7.644258499145394
266.77392578125,1386.0283126831055, 8.355829238891488
266.77392578125,1386.0283126831055, 7.644258499145394
266.77392578125,1386.0283126831055, 8.355829238891488
274.29937744140625,1386.0283126831055, 16.00004386901844
266.77392578125,1386.0283126831055, 8.355829238891488
266.77392578125,1383.0283126831055, 7.644258499145394
266.77392578125,1383.0283126831055, 8.355829238891488
266.77392578125,1383.0283126831055, 7.644258499145394
274.29937744140625,1383.0283126831055, 4.386901844100066E-5
266.77392578125,1383.0283126831055, 8.355829238891488
266.77392578125,1383.0283126831055, 8.355829238891488
274.29937744140625,1383.0283126831055, 4.386901844100066E-5
274.29937744140625,1383.0283126831055, 16.00004386901844
274.29937744140625,1383.0283126831055, 4.386901844100066E-5
274.29937744140625,1386.0283126831055, 16.00004386901844
274.29937744140625,1383.0283126831055, 16.00004386901844
