-0.32641826337426494,-0.059462636709214575, 0.9183869473636148
-0.36084409873195966,-1.490116132563638E-7, 0.9351612217724321
-0.34867884447128006,0.021037012338636987, 0.9285037182271478
-0.11170708333376925,-0.31241789460182323, 0.9183856882154939
-0.1804221353978761,-0.31250014901161327, 0.9351612217724321
-0.19255848294140776,-0.29144600033760204, 0.9285037182271478
-0.11170708333376925,0.3124172985553728, 1.099238973110914
-0.1804221353978761,0.31249955296516285, 1.0824634395539758
-0.19255848294140776,0.2914454042911516, 1.08912094309926
-0.21470515780775656,0.2529548108577715, 0.9183869473636148
-0.1804221353978761,0.31249955296516285, 0.9351612217724321
-0.15612018946607978,0.31248286366462574, 0.9285035245120523
0.32641757511909475,0.059462040662764185, 0.9183869473636148
0.3608434104767895,-1.490116132563638E-7, 0.9351612217724321
0.34867815621610987,-0.021037608385087378, 0.9285037182271478
0.11171362175788596,-0.31241789460182323, 1.0992375202476976
0.18042144714270592,-0.31250014901161327, 1.0824634395539758
0.19255779468623757,-0.29144600033760204, 1.08912094309926
-0.21470515780775656,-0.2529554069042219, 1.0992377139627931
-0.1804221353978761,-0.31250014901161327, 1.0824634395539758
-0.15612018946607978,-0.31248345971107616, 1.0891211368143556
-0.32641826337426494,0.059462040662764185, 1.0992377139627931
-0.36084409873195966,-1.490116132563638E-7, 1.0824634395539758
-0.34867884447128006,-0.021037608385087378, 1.08912094309926
-0.2706331170649179,0.15624955296516288, 1.11037478223443
-0.30757934285584554,0.056095272302626245, 1.11037478223443
-0.3119631841623658,-0.018825083971024878, 1.11037478223443
-0.20236990452004022,0.23832306265830863, 0.9072498790919779
-0.13968224710886548,0.27957811951637135, 0.9072498790919779
-0.2706331170649179,0.15624955296516288, 0.9072498790919779
-0.06957451070788068,0.3048409521579729, 0.9072498790919779
-0.2706331170649179,0.15624955296516288, 1.11037478223443
-0.10520961039959786,0.294418781995772, 1.11037478223443
-0.2292190828367069,0.21266743540763725, 1.11037478223443
-0.17228455039314383,0.260754972696303, 1.11037478223443
-0.0695665957734235,-0.3048433363437666, 1.11037478223443
-0.2706331170649179,-0.15625014901161324, 1.11037478223443
-0.13967880583301454,-0.27958020567894115, 1.11037478223443
-0.20236990452004022,-0.238323658704759, 1.11037478223443
0.2706324288097477,-0.15625014901161324, 1.11037478223443
0.10520892214442762,-0.2944193780422224, 1.11037478223443
0.2292183945815367,-0.2126680314540876, 1.11037478223443
0.17228386213797364,-0.2607555687427534, 1.11037478223443
-0.2706331170649179,-0.15625014901161324, 0.9072498790919779
-0.32641826337426494,-0.059462636709214575, 0.9183869473636148
-0.3074296473563294,-0.056066662073136694, 0.9072498790919779
-0.32641826337426494,-0.059462636709214575, 0.9183869473636148
-0.31193255680729237,0.018824487924574487, 0.9072498790919779
-0.34867884447128006,0.021037012338636987, 0.9285037182271478
-0.31193255680729237,0.018824487924574487, 0.9072498790919779
-0.30621281221543484,0.0944302976131426, 0.91183540597558
-0.2986155075193011,0.09211495518684255, 0.9072498790919779
-0.2706331170649179,0.15624955296516288, 0.9072498790919779
-5.161913776419169E-7,-0.31250014901161327, 0.9072498790919779
-0.11170708333376925,-0.31241789460182323, 0.9183856882154939
-0.10516005602734424,-0.2942748367786421, 0.9072498790919779
-0.11170708333376925,-0.31241789460182323, 0.9183856882154939
-0.17226940877939967,-0.26072904467582836, 0.9072498790919779
-0.19255848294140776,-0.29144600033760204, 0.9285037182271478
-0.17226940877939967,-0.26072904467582836, 0.9072498790919779
-0.23488583178045985,-0.21797284483909737, 0.91183540597558
-0.22908212005783923,-0.21255090832710397, 0.9072498790919779
-0.2706331170649179,-0.15625014901161324, 0.9072498790919779
0.18042144714270592,0.31249955296516285, 0.9351612217724321
0.19255779468623757,0.2914454042911516, 0.9285037182271478
0.11171362175788596,0.3124172985553728, 0.9183871410787103
0.17226872052422948,0.26072844862937794, 0.9072498790919779
0.11171362175788596,0.3124172985553728, 0.9183871410787103
0.105159367772174,0.29427424073219166, 0.9072498790919779
-1.7206379254730564E-7,0.31249955296516285, 0.9072498790919779
-1.7206379254730564E-7,0.31249955296516285, 1.11037478223443
0.06953321539766927,0.3046654164791094, 1.11037478223443
0.07132646424359729,0.31240269541740284, 1.105789255350828
0.13966297596410016,0.27955338358878956, 1.11037478223443
0.15612156597642013,0.31248286366462574, 1.089120555669069
0.21470446955258637,0.2529548108577715, 1.0992377139627931
0.18042144714270592,0.31249955296516285, 1.0824634395539758
-1.7206379254730564E-7,0.31249955296516285, 1.11037478223443
-0.11170708333376925,0.3124172985553728, 1.099238973110914
-0.10516005602734424,0.29427424073219166, 1.11037478223443
-0.11170708333376925,0.3124172985553728, 1.099238973110914
-0.17226940877939967,0.26072844862937794, 1.11037478223443
-0.19255848294140776,0.2914454042911516, 1.08912094309926
-0.17226940877939967,0.26072844862937794, 1.11037478223443
-0.23488583178045985,0.217972248792647, 1.105789255350828
-0.22908212005783923,0.2125503122806536, 1.11037478223443
-0.2706331170649179,0.15624955296516288, 1.11037478223443
-0.2706331170649179,0.15624955296516288, 0.9072498790919779
-0.21470515780775656,0.2529548108577715, 0.9183869473636148
-0.2022697633927777,0.23820802569389213, 0.9072498790919779
-0.21470515780775656,0.2529548108577715, 0.9183869473636148
-0.13966366421927037,0.27955338358878956, 0.9072498790919779
-0.15612018946607978,0.31248286366462574, 0.9285035245120523
-0.13966366421927037,0.27955338358878956, 0.9072498790919779
-0.07131854930914017,0.31240269541740284, 0.9118342436850069
-0.06953390365283951,0.3046654164791094, 0.9072498790919779
-1.7206379254730564E-7,0.31249955296516285, 0.9072498790919779
0.18042144714270592,-0.31250014901161327, 0.9351612217724321
0.15612156597642013,-0.31248345971107616, 0.9285041056573389
0.21470446955258637,-0.2529554069042219, 0.9183869473636148
0.13966297596410016,-0.27955397963524, 0.9072498790919779
0.21470446955258637,-0.2529554069042219, 0.9183869473636148
0.2022690751376075,-0.2382086217403425, 0.9072498790919779
0.2706324288097477,-0.15625014901161324, 0.9072498790919779
0.2706324288097477,0.15624955296516288, 0.9072498790919779
0.32641757511909475,0.059462040662764185, 0.9183869473636148
0.3074289591011592,0.056066066026686304, 0.9072498790919779
0.32641757511909475,0.059462040662764185, 0.9183869473636148
0.3119318685521222,-0.018825083971024878, 0.9072498790919779
0.34867815621610987,-0.021037608385087378, 0.9285037182271478
0.3119318685521222,-0.018825083971024878, 0.9072498790919779
0.30621212396026465,-0.094430893659593, 0.91183540597558
0.2986148192641309,-0.09211555123329294, 0.9072498790919779
0.2706324288097477,-0.15625014901161324, 0.9072498790919779
0.15612156597642013,-0.31248345971107616, 0.9285041056573389
0.07132646424359729,-0.31240329146385326, 0.91183540597558
0.13966297596410016,-0.27955397963524, 0.9072498790919779
0.07132646424359729,-0.31240329146385326, 0.91183540597558
0.06953321539766927,-0.3046660125255598, 0.9072498790919779
-5.161913776419169E-7,-0.31250014901161327, 0.9072498790919779
0.3608434104767895,-4.470348371333169E-7, 1.0824634395539758
0.34867815621610987,0.021037012338636987, 1.08912094309926
0.32641757511909475,-0.059462636709214575, 1.0992377139627931
0.3119318685521222,0.018824487924574487, 1.11037478223443
0.32641757511909475,-0.059462636709214575, 1.0992377139627931
0.3074289591011592,-0.056066662073136694, 1.11037478223443
0.2706324288097477,-0.15625014901161324, 1.11037478223443
0.20236921626487003,-0.238323658704759, 0.9072498790919779
0.13968155885369526,-0.27957871556282177, 0.9072498790919779
0.2706324288097477,-0.15625014901161324, 0.9072498790919779
0.06957382245271043,-0.30484154820442333, 0.9072498790919779
0.11352201221755814,-0.15135660767555367, 0.9072498790919779
0.06957382245271043,-0.30484154820442333, 0.9072498790919779
0.061469617823732337,-0.17931833863258492, 0.9072498790919779
-5.161913776419169E-7,-0.31250014901161327, 0.9072498790919779
-1.7206379254730564E-7,-0.1890002191066755, 0.9072498790919779
-0.10520961039959786,-0.2944193780422224, 0.9072498790919779
-0.06147994165128523,-0.17931506037712228, 0.9072498790919779
-0.10520961039959786,-0.2944193780422224, 0.9072498790919779
-0.11353233604511107,-0.15134915709495675, 0.9072498790919779
-0.17228145324487798,-0.26075765490532055, 0.9072498790919779
-0.15134369858496657,-0.11353954672813547, 0.9072498790919779
-0.17228145324487798,-0.26075765490532055, 0.9072498790919779
-0.1750193323118907,-0.0728951394557966, 0.9072498790919779
-0.22921357679534538,-0.21267369389534127, 0.9072498790919779
-0.1750193323118907,-0.0728951394557966, 0.9072498790919779
-0.2706331170649179,-0.15625014901161324, 0.9072498790919779
-0.18900020371152948,-1.490116132563638E-7, 0.9072498790919779
-0.2706331170649179,0.15624955296516288, 0.9072498790919779
-0.1750193323118907,0.07289454340934622, 0.9072498790919779
-0.2706331170649179,0.15624955296516288, 0.9072498790919779
-0.15134369858496657,0.11353895068168508, 0.9072498790919779
-0.2706331170649179,0.15624955296516288, 0.9072498790919779
-0.11349069660731462,0.15138044953346122, 0.9072498790919779
-0.06957451070788068,0.3048409521579729, 0.9072498790919779
-0.06144656127553105,0.17932578921317924, 0.9072498790919779
-1.7206379254730564E-7,0.31249955296516285, 0.9072498790919779
-1.7206379254730564E-7,0.18899962306022514, 0.9072498790919779
-1.7206379254730564E-7,0.31249955296516285, 0.9072498790919779
0.061469617823732337,0.17931774258613456, 0.9072498790919779
0.10520892214442762,0.294418781995772, 0.9072498790919779
0.2706324288097477,0.15624955296516288, 0.9072498790919779
0.10520892214442762,0.294418781995772, 0.9072498790919779
0.22921288854017519,0.2126730978488909, 0.9072498790919779
0.1722807649897078,0.2607570588588701, 0.9072498790919779
0.2987868830566782,-0.09216800332069529, 0.9072498790919779
0.2706324288097477,-0.15625014901161324, 0.9072498790919779
0.3119624959071956,-0.018821209669114478, 0.9072498790919779
0.2706324288097477,0.15624955296516288, 0.9072498790919779
0.30757865460067535,0.056095272302626245, 0.9072498790919779
0.11352201221755814,-0.15135660767555367, 0.9072498790919779
0.1513602167090511,-0.1135171949863447, 0.9072498790919779
0.2706324288097477,-0.15625014901161324, 0.9072498790919779
0.17500797610158259,-0.0729210674762739, 0.9072498790919779
0.2706324288097477,0.15624955296516288, 0.9072498790919779
0.1889995154563593,-1.490116132563638E-7, 0.9072498790919779
0.2706324288097477,0.15624955296516288, 0.9072498790919779
0.17500315831539126,0.07293149828910696, 0.9072498790919779
0.2706324288097477,0.15624955296516288, 0.9072498790919779
0.1513602167090511,0.11351659893989431, 0.9072498790919779
0.2706324288097477,0.15624955296516288, 0.9072498790919779
0.11353612144854702,0.15134528279304374, 0.9072498790919779
0.061469617823732337,0.17931774258613456, 0.9072498790919779
-0.2987875713118484,0.0921674072742449, 0.9072498790919779
-0.2706331170649179,0.15624955296516288, 0.9072498790919779
-0.3119631841623658,0.018820613622664087, 0.9072498790919779
-0.2706331170649179,-0.15625014901161324, 0.9072498790919779
-0.30757934285584554,-0.056095868349076636, 0.9072498790919779
0.34867815621610987,0.021037012338636987, 1.08912094309926
0.30621212396026465,0.0944302976131426, 1.105789255350828
0.3119318685521222,0.018824487924574487, 1.11037478223443
0.30621212396026465,0.0944302976131426, 1.105789255350828
0.2986148192641309,0.09211495518684255, 1.11037478223443
0.2706324288097477,0.15624955296516288, 1.11037478223443
-5.161913776419169E-7,-0.31250014901161327, 1.11037478223443
0.11171362175788596,-0.31241789460182323, 1.0992375202476976
0.105159367772174,-0.2942748367786421, 1.11037478223443
0.11171362175788596,-0.31241789460182323, 1.0992375202476976
0.17226872052422948,-0.26072904467582836, 1.11037478223443
0.19255779468623757,-0.29144600033760204, 1.08912094309926
0.17226872052422948,-0.26072904467582836, 1.11037478223443
0.23488514352528966,-0.21797284483909737, 1.105789255350828
0.22908143180266904,-0.21255090832710397, 1.11037478223443
0.2706324288097477,-0.15625014901161324, 1.11037478223443
-0.36084409873195966,-1.490116132563638E-7, 1.0824634395539758
-0.36084409873195966,-1.490116132563638E-7, 0.9351612217724321
-0.3486898565540031,-0.02105221152305735, 1.0890921764075754
-0.29519040566485444,-0.11371567845344675, 0.996406767517328
-0.3062799170945283,-0.094508379697801, 1.1056244038045404
-0.2956322654841159,-0.11295065283775461, 1.0088148005306719
-0.3062799170945283,-0.094508379697801, 1.1056244038045404
-0.2951910939200246,-0.11371478438377512, 1.0212173126637933
-0.3062799170945283,-0.094508379697801, 1.1056244038045404
-0.29292914330319775,-0.11763229966163767, 1.0362903811037538
-0.2706331170649179,-0.15625014901161324, 1.11037478223443
-0.286379362976092,-0.12897714972496163, 1.0511461980640886
-0.2706331170649179,-0.15625014901161324, 1.11037478223443
-0.2797466479009785,-0.14046534895897042, 1.0567570589482782
-0.2706331170649179,-0.15625014901161324, 1.11037478223443
-0.2737085852929084,-0.15092357993126046, 1.05861284956336
-0.2706331170649179,-0.15625014901161324, 1.11037478223443
-0.2687813665295238,-0.159457474946977, 1.058743607252836
-0.2706331170649179,-0.15625014901161324, 1.11037478223443
-0.2615182097185169,-0.17203763127327096, 1.0567573495209215
-0.2706331170649179,-0.15625014901161324, 1.11037478223443
-0.2548848063882332,-0.18352732062339913, 1.0511457137763498
-0.2706331170649179,-0.15625014901161324, 1.11037478223443
-0.2483315847852765,-0.19487783312797677, 1.036275368183851
-0.2147918779592004,-0.25297030806541576, 1.0990976579487322
-0.24607341957188567,-0.19878879189491402, 1.0212175063788889
-0.2147918779592004,-0.25297030806541576, 1.0990976579487322
-0.24563224800779437,-0.1995532214641584, 1.0088148005306719
-0.2147918779592004,-0.25297030806541576, 1.0990976579487322
-0.24607376369947076,-0.19878849387169015, 0.9964097701013086
-0.2147918779592004,-0.25297030806541576, 1.0990976579487322
-0.2483315847852765,-0.19487783312797677, 0.9813541360199449
-0.1804221353978761,-0.31250014901161327, 1.0824634395539758
-0.2483315847852765,-0.19487783312797677, 0.9813541360199449
-0.1804221353978761,-0.31250014901161327, 0.9351612217724321
-0.25488033272962696,-0.18353477120399606, 0.9664894081652162
-0.1804221353978761,-0.31250014901161327, 0.9351612217724321
-0.2615199303564424,-0.17203494906425607, 0.9608714766800401
-0.1804221353978761,-0.31250014901161327, 0.9351612217724321
-0.2675490456473,-0.16159191727638375, 0.9590176232159136
-0.36084409873195966,-1.490116132563638E-7, 0.9351612217724321
-0.27248177045204613,-0.15304848551750314, 0.9588858969509599
-0.36084409873195966,-1.490116132563638E-7, 0.9351612217724321
-0.2797432066251275,-0.14047130942344796, 0.9608707986772058
-0.36084409873195966,-1.490116132563638E-7, 0.9351612217724321
-0.2863817718691877,-0.12897267937660348, 0.9664866961538789
-0.36084409873195966,-1.490116132563638E-7, 0.9351612217724321
-0.2929318963238785,-0.11762782931327952, 0.9813502617180345
-0.29519040566485444,-0.11371567845344675, 0.996406767517328
-0.19257637757583268,-0.29144838452339306, 0.9285324849188326
-0.1804221353978761,-0.31250014901161327, 0.9351612217724321
-0.23498666116289257,-0.2179919183254255, 0.9120002575218675
-0.36084409873195966,-1.490116132563638E-7, 0.9351612217724321
-0.2706331170649179,-0.15625014901161324, 0.9072498790919779
-0.32647435617063536,-0.05952998995781077, 0.9185270033776758
-0.15611399516954808,-0.31250014901161327, 1.0890920795500276
-0.1804221353978761,-0.31250014901161327, 1.0824634395539758
-0.07129618101610902,-0.31250014901161327, 1.1056241132318971
-0.1804221353978761,-0.31250014901161327, 0.9351612217724321
-5.161913776419169E-7,-0.31250014901161327, 1.11037478223443
-0.11168127376488715,-0.31250014901161327, 0.9185266159474847
0.11168161789247216,-0.31250014901161327, 1.09909775480628
-5.161913776419169E-7,-0.31250014901161327, 0.9072498790919779
0.18042144714270592,-0.31250014901161327, 1.0824634395539758
0.07130237531264066,-0.31250014901161327, 0.9120015166699884
0.18042144714270592,-0.31250014901161327, 0.9351612217724321
0.15611261865920767,-0.31250014901161327, 0.9285323880612848
0.1925756893206625,-0.29144838452339306, 1.0890921764075754
0.18042144714270592,-0.31250014901161327, 1.0824634395539758
0.23498597290772238,-0.2179919183254255, 1.1056244038045404
0.18042144714270592,-0.31250014901161327, 0.9351612217724321
0.2706324288097477,-0.15625014901161324, 1.11037478223443
0.21479118970403022,-0.25297030806541576, 0.9185270033776758
0.32647366791546517,-0.05952998995781077, 1.0990976579487322
0.2706324288097477,-0.15625014901161324, 0.9072498790919779
0.3608434104767895,-4.470348371333169E-7, 1.0824634395539758
0.3062792288393581,-0.094508379697801, 0.9120002575218675
0.3608434104767895,-1.490116132563638E-7, 0.9351612217724321
0.3486891682988329,-0.02105221152305735, 0.9285324849188326
0.1925756893206625,0.29144778847694264, 0.9285324849188326
0.18042144714270592,0.31249955296516285, 0.9351612217724321
0.23498597290772238,0.21799132227897514, 0.9120002575218675
0.3608434104767895,-1.490116132563638E-7, 0.9351612217724321
0.2706324288097477,0.15624955296516288, 0.9072498790919779
0.32647366791546517,0.059529393911360376, 0.9185270033776758
-0.2706331170649179,-0.15625014901161324, 1.11037478223443
-0.21470515780775656,-0.2529554069042219, 1.0992377139627931
-0.2022697633927777,-0.2382086217403425, 1.11037478223443
-0.21470515780775656,-0.2529554069042219, 1.0992377139627931
-0.13966366421927037,-0.27955397963524, 1.11037478223443
-0.15612018946607978,-0.31248345971107616, 1.0891211368143556
-0.13966366421927037,-0.27955397963524, 1.11037478223443
-0.07131854930914017,-0.31240329146385326, 1.105790417641401
-0.06953390365283951,-0.3046660125255598, 1.11037478223443
-5.161913776419169E-7,-0.31250014901161327, 1.11037478223443
0.15611261865920767,0.31249955296516285, 1.0890921764075754
0.18042144714270592,0.31249955296516285, 1.0824634395539758
0.07130237531264066,0.31249955296516285, 1.1056231446564195
0.18042144714270592,0.31249955296516285, 0.9351612217724321
-1.7206379254730564E-7,0.31249955296516285, 1.11037478223443
0.11168161789247216,0.31249955296516285, 0.918526906520128
-0.11168127376488715,0.31249955296516285, 1.0990980453789232
-1.7206379254730564E-7,0.31249955296516285, 0.9072498790919779
-0.1804221353978761,0.31249955296516285, 1.0824634395539758
-0.07129618101610902,0.31249955296516285, 0.9120005480945108
-0.1804221353978761,0.31249955296516285, 0.9351612217724321
-0.15611399516954808,0.31249955296516285, 0.9285325817763803
-0.19257637757583268,0.29144778847694264, 1.0890921764075754
-0.1804221353978761,0.31249955296516285, 1.0824634395539758
-0.23498666116289257,0.21799132227897514, 1.1056244038045404
-0.1804221353978761,0.31249955296516285, 0.9351612217724321
-0.2706331170649179,0.15624955296516288, 1.11037478223443
-0.2147918779592004,0.25296971201896534, 0.9185270033776758
-0.32647435617063536,0.059529393911360376, 1.0990976579487322
-0.2706331170649179,0.15624955296516288, 0.9072498790919779
-0.36084409873195966,-1.490116132563638E-7, 1.0824634395539758
-0.3062799170945283,0.09450778365135061, 0.9120002575218675
-0.36084409873195966,-1.490116132563638E-7, 0.9351612217724321
-0.3486898565540031,0.021051615476606958, 0.9285324849188326
-0.2706331170649179,0.15624955296516288, 1.11037478223443
-0.32641826337426494,0.059462040662764185, 1.0992377139627931
-0.3074296473563294,0.056066066026686304, 1.11037478223443
-0.32641826337426494,0.059462040662764185, 1.0992377139627931
-0.31193255680729237,-0.018825083971024878, 1.11037478223443
-0.34867884447128006,-0.021037608385087378, 1.08912094309926
-0.31193255680729237,-0.018825083971024878, 1.11037478223443
-0.30621281221543484,-0.094430893659593, 1.105789255350828
-0.2986155075193011,-0.09211555123329294, 1.11037478223443
-0.2706331170649179,-0.15625014901161324, 1.11037478223443
0.20236921626487003,0.23832306265830863, 1.11037478223443
0.13967811757784432,0.27957960963249073, 1.11037478223443
0.2706324288097477,0.15624955296516288, 1.11037478223443
0.06956590751825326,0.3048427402973162, 1.11037478223443
0.11353164778994079,0.15134856104850639, 1.11037478223443
0.06956590751825326,0.3048427402973162, 1.11037478223443
0.061479253396114986,0.1793144643306719, 1.11037478223443
0.06956590751825326,0.3048427402973162, 1.11037478223443
-1.7206379254730564E-7,0.18899962306022514, 1.11037478223443
-1.7206379254730564E-7,0.31249955296516285, 1.11037478223443
-1.7206379254730564E-7,0.18899962306022514, 1.11037478223443
-0.10520961039959786,0.294418781995772, 1.11037478223443
-0.06147030607890258,0.17931774258613456, 1.11037478223443
-0.2706331170649179,0.15624955296516288, 1.11037478223443
-0.11352270047272842,0.1513560116291033, 1.11037478223443
-0.2706331170649179,0.15624955296516288, 1.11037478223443
-0.1513609049642213,0.11351659893989431, 1.11037478223443
-0.2706331170649179,0.15624955296516288, 1.11037478223443
-0.17500866435675277,0.07292047142982351, 1.11037478223443
-0.2706331170649179,0.15624955296516288, 1.11037478223443
-0.18900020371152948,-1.490116132563638E-7, 1.11037478223443
-0.3119631841623658,-0.018825083971024878, 1.11037478223443
-0.18900020371152948,-1.490116132563638E-7, 1.11037478223443
-0.29878516241875275,-0.09217575192451609, 1.11037478223443
-0.17500384657056145,-0.07293209433555735, 1.11037478223443
-0.29878516241875275,-0.09217575192451609, 1.11037478223443
-0.1513609049642213,-0.1135171949863447, 1.11037478223443
-0.2706331170649179,-0.15625014901161324, 1.11037478223443
-0.1135368097037173,-0.1513458788394941, 1.11037478223443
-0.0695665957734235,-0.3048433363437666, 1.11037478223443
-0.06147030607890258,-0.17931833863258492, 1.11037478223443
-0.0695665957734235,-0.3048433363437666, 1.11037478223443
-1.7206379254730564E-7,-0.1890002191066755, 1.11037478223443
-5.161913776419169E-7,-0.31250014901161327, 1.11037478223443
-1.7206379254730564E-7,-0.1890002191066755, 1.11037478223443
0.10520892214442762,-0.2944193780422224, 1.11037478223443
0.06144587302036081,-0.1793263852596296, 1.11037478223443
0.2706324288097477,-0.15625014901161324, 1.11037478223443
0.11349000835214434,-0.15138104557991158, 1.11037478223443
0.2706324288097477,-0.15625014901161324, 1.11037478223443
0.15134301032979636,-0.11353954672813547, 1.11037478223443
0.2706324288097477,-0.15625014901161324, 1.11037478223443
0.17501864405672052,-0.0728951394557966, 1.11037478223443
0.30757865460067535,-0.056095868349076636, 1.11037478223443
0.18783980549459045,-0.022183507680894263, 1.11037478223443
0.30757865460067535,-0.056095868349076636, 1.11037478223443
0.18783980549459045,0.02218320965766775, 1.11037478223443
0.3119624959071956,0.018824487924574487, 1.11037478223443
0.18783980549459045,0.02218320965766775, 1.11037478223443
0.29878447416358256,0.0921751558780657, 1.11037478223443
0.17501864405672052,0.07289454340934622, 1.11037478223443
0.29878447416358256,0.0921751558780657, 1.11037478223443
0.15134301032979636,0.11353895068168508, 1.11037478223443
0.2706324288097477,0.15624955296516288, 1.11037478223443
0.11353164778994079,0.15134856104850639, 1.11037478223443
0.2706324288097477,0.15624955296516288, 0.9072498790919779
0.22908143180266904,0.2125503122806536, 0.9072498790919779
0.23488514352528966,0.217972248792647, 0.91183540597558
0.17226872052422948,0.26072844862937794, 0.9072498790919779
0.19255779468623757,0.2914454042911516, 0.9285037182271478
-0.18118678689195633,-0.05378231406211985, 1.0327966324985025
-0.17446184562403744,-0.07269248366356028, 1.11037478223443
-0.17905801365056107,-0.06049230694770945, 1.0422996170818803
-0.17446184562403744,-0.07269248366356028, 1.11037478223443
-0.17527433085244581,-0.07071062922477854, 1.0514166243374345
-0.17446184562403744,-0.07269248366356028, 1.11037478223443
-0.17192596944947525,-0.0785021483898176, 1.0556581132113931
-0.17446184562403744,-0.07269248366356028, 1.11037478223443
-0.16647636501191698,-0.08948013186454905, 1.0585253871977327
-0.17446184562403744,-0.07269248366356028, 1.11037478223443
-0.1611637233532264,-0.09872868657112253, 1.058672610670328
-0.15120019738198212,-0.11340036988258494, 1.11037478223443
-0.15584764041868485,-0.10692372918129099, 1.0574349649250505
-0.15120019738198212,-0.11340036988258494, 1.11037478223443
-0.14835873591185592,-0.11709317564964426, 1.0532388053834436
-0.15120019738198212,-0.11340036988258494, 1.11037478223443
-0.14215136253191932,-0.12455567717552317, 1.0465950556099413
-0.15120019738198212,-0.11340036988258494, 1.11037478223443
-0.13689963145579045,-0.1303057372570051, 1.0362811796367166
-0.11340019105243473,-0.15120014548301827, 1.11037478223443
-0.13352614873910798,-0.13376042246818673, 1.0212665162980554
-0.11340019105243473,-0.15120014548301827, 1.11037478223443
-0.13284615263096103,-0.13443604111671578, 1.0088148005306719
-0.11340019105243473,-0.15120014548301827, 0.9072498790919779
-0.1335240839735974,-0.13376280665397774, 0.9963766448199747
-0.11340019105243473,-0.15120014548301827, 0.9072498790919779
-0.136028644537916,-0.13121500611305367, 0.9839733578264711
-0.15120019738198212,-0.11340036988258494, 0.9072498790919779
-0.14057284929909034,-0.1263342797756208, 0.9734601490199564
-0.15120019738198212,-0.11340036988258494, 0.9072498790919779
-0.14831193456028305,-0.11715248227119578, 0.9644181095063684
-0.15120019738198212,-0.11340036988258494, 0.9072498790919779
-0.15384653851135968,-0.10978326201439036, 0.9610011689364908
-0.15120019738198212,-0.11340036988258494, 0.9072498790919779
-0.16073494038219852,-0.09942546486854685, 0.9590067751705644
-0.17446184562403744,-0.07269248366356028, 0.9072498790919779
-0.1660985129234831,-0.09018018841743601, 0.9590288586914537
-0.17446184562403744,-0.07269248366356028, 0.9072498790919779
-0.1704854513782692,-0.08158311247825754, 0.9608303122222421
-0.17446184562403744,-0.07269248366356028, 0.9072498790919779
-0.17525161843182957,-0.07076695561409128, 0.9661743305623529
-0.17446184562403744,-0.07269248366356028, 0.9072498790919779
-0.17829817994267216,-0.06269678473472727, 0.9729640446603296
-0.17446184562403744,-0.07269248366356028, 0.9072498790919779
-0.1807425181795992,-0.055256634950639136, 0.9823177717626093
-0.17446184562403744,-0.07269248366356028, 0.9072498790919779
-0.1824662532533381,-0.04926636815071238, 0.9964957796037195
-0.18900020371152948,-1.490116132563638E-7, 0.9072498790919779
-0.18284685836245274,-0.04783406853675974, 1.0088363997638223
-0.18900020371152948,-1.490116132563638E-7, 1.11037478223443
-0.18246453261541262,-0.04927232861518992, 1.0211574546992777
-0.17446184562403744,-0.07269248366356028, 1.11037478223443
-0.18118678689195633,-0.05378231406211985, 1.0327966324985025
-0.11340019105243473,-0.15120014548301827, 0.9072498790919779
-0.11340019105243473,-0.15120014548301827, 1.11037478223443
-0.061297554031185086,-0.17878398299217355, 0.9072498790919779
-0.061297554031185086,-0.17878398299217355, 1.11037478223443
-0.061297554031185086,-0.17878398299217355, 0.9072498790919779
-1.7206379254730564E-7,-0.1890002191066755, 1.11037478223443
-1.7206379254730564E-7,-0.1890002191066755, 0.9072498790919779
0.06129686577601484,-0.17878398299217355, 1.11037478223443
0.06129686577601484,-0.17878398299217355, 0.9072498790919779
0.11339950279726446,-0.15120014548301827, 1.11037478223443
0.11339950279726446,-0.15120014548301827, 0.9072498790919779
0.1511995091268119,-0.11340036988258494, 1.11037478223443
0.1511995091268119,-0.11340036988258494, 0.9072498790919779
0.1511995091268119,-0.11340036988258494, 1.11037478223443
0.17446115736886725,-0.07269248366356028, 0.9072498790919779
0.17446115736886725,-0.07269248366356028, 1.11037478223443
0.17446115736886725,-0.07269248366356028, 0.9072498790919779
0.187696304291606,-0.022158771753312476, 1.11037478223443
0.187696304291606,-0.022158771753312476, 0.9072498790919779
0.187696304291606,-0.022158771753312476, 1.11037478223443
0.1889995154563593,-1.490116132563638E-7, 0.9072498790919779
0.1876959601640209,0.022158473730085962, 1.11037478223443
0.1876959601640209,0.022158473730085962, 0.9072498790919779
0.18284720249003783,0.04782959818839895, 1.0088148005306719
0.1876959601640209,0.022158473730085962, 0.9072498790919779
0.18246418848782753,0.04927143454551565, 0.9964558742940424
0.17446115736886725,0.07269188761710989, 0.9072498790919779
0.18117405417130783,0.05382195115089285, 0.984751511365175
0.17446115736886725,0.07269188761710989, 0.9072498790919779
0.17904734569542313,0.060521215200422876, 0.9752921126782892
0.17446115736886725,0.07269188761710989, 0.9072498790919779
0.17526090987662712,0.07074221968650686, 0.9661894403398035
0.17446115736886725,0.07269188761710989, 0.9072498790919779
0.17192769008740072,0.0784964859485613, 0.9619736187160013
0.17446115736886725,0.07269188761710989, 0.9072498790919779
0.16649013011532077,0.08945271372794973, 0.9591078944504259
0.17446115736886725,0.07269188761710989, 0.9072498790919779
0.1611613144601307,0.09873107075691091, 0.9589549563825128
0.1511995091268119,0.11339977383613455, 0.9072498790919779
0.15584144612215312,0.10693117976188528, 0.960190664976835
0.1511995091268119,0.11339977383613455, 0.9072498790919779
0.14832432315334643,0.11713549494743215, 0.9644102640449999
0.1511995091268119,0.11339977383613455, 0.9072498790919779
0.14216134223188703,0.12454286217689382, 0.9710148833692072
0.1511995091268119,0.11339977383613455, 0.9072498790919779
0.13690823464541774,0.13029560446739066, 0.981328275054693
0.11339950279726446,0.1511995494365679, 0.9072498790919779
0.133526492866693,0.13375893235206474, 0.9963884614408014
0.11339950279726446,0.1511995494365679, 0.9072498790919779
0.1328482173964715,0.13443276286125053, 1.0087932981550691
0.11339950279726446,0.1511995494365679, 1.11037478223443
0.13352098682533148,0.1337645947933184, 1.0212180875241754
0.11339950279726446,0.1511995494365679, 1.11037478223443
0.13599010224838531,0.1312534511089312, 1.033524516969919
0.1511995091268119,0.11339977383613455, 1.11037478223443
0.14052983335095348,0.12638106942176688, 1.0440899319946764
0.1511995091268119,0.11339977383613455, 1.11037478223443
0.14837869531179138,0.1170663535594927, 1.0532570146024225
0.1511995091268119,0.11339977383613455, 1.11037478223443
0.15381556702870114,0.10982528328895437, 1.0566080920398233
0.1511995091268119,0.11339977383613455, 1.11037478223443
0.16075180263386812,0.09939655661582815, 1.0586228258907793
0.1511995091268119,0.11339977383613455, 1.11037478223443
0.1660530880822506,0.09026154875755178, 1.0586097501218317
0.17446115736886725,0.07269188761710989, 1.11037478223443
0.17042591730604784,0.08170560002326833, 1.0568403564393518
0.17446115736886725,0.07269188761710989, 1.11037478223443
0.17528534293516884,0.07068112492561208, 1.0513985119760034
0.17446115736886725,0.07269188761710989, 1.11037478223443
0.17835151971836183,0.06254240870475637, 1.0445123277604578
0.17446115736886725,0.07269188761710989, 1.11037478223443
0.18074045341408862,0.055259913206099145, 1.035326164215803
0.17446115736886725,0.07269188761710989, 1.11037478223443
0.18246418848782753,0.04927143454551565, 1.0211745016276834
0.1876959601640209,0.022158473730085962, 1.11037478223443
0.18284720249003783,0.04782959818839895, 1.0088148005306719
-0.18900020371152948,-1.490116132563638E-7, 0.9072498790919779
-0.17446184562403744,0.07269188761710989, 0.9072498790919779
-0.18900020371152948,-1.490116132563638E-7, 1.11037478223443
-0.17446184562403744,0.07269188761710989, 0.9072498790919779
-0.17446184562403744,0.07269188761710989, 1.11037478223443
-0.17446184562403744,0.07269188761710989, 0.9072498790919779
-0.15120019738198212,0.11339977383613455, 1.11037478223443
-0.15120019738198212,0.11339977383613455, 0.9072498790919779
-0.11340019105243473,0.1511995494365679, 1.11037478223443
-0.11340019105243473,0.1511995494365679, 0.9072498790919779
-0.11340019105243473,0.1511995494365679, 1.11037478223443
-0.061297554031185086,0.17878338694572318, 0.9072498790919779
-0.061297554031185086,0.17878338694572318, 1.11037478223443
-1.7206379254730564E-7,0.18899962306022514, 0.9072498790919779
-1.7206379254730564E-7,0.18899962306022514, 1.11037478223443
0.06129686577601484,0.17878338694572318, 0.9072498790919779
0.06129686577601484,0.17878338694572318, 1.11037478223443
0.06129686577601484,0.17878338694572318, 0.9072498790919779
0.11339950279726446,0.1511995494365679, 1.11037478223443
0.11339950279726446,0.1511995494365679, 0.9072498790919779
0.18284720249003783,0.04782959818839895, 1.0088148005306719
0.2956332978668712,0.11294677853584158, 1.0088148005306719
0.1825051396704538,0.04941448569297659, 0.9964868687093256
0.29486417271418475,0.11427894234657156, 0.9965071119368074
0.18121225233325333,0.053959935903547876, 0.9848333559930322
0.2925623032974869,0.11826589703559744, 0.9848046861588953
0.1790500987161039,0.060528069734572046, 0.975299473851919
0.2891901970911448,0.12410685420036184, 0.9753096438944338
0.17516248938729007,0.07075801491737234, 0.9662912376224992
0.28377156413624505,0.13349190354347099, 0.9662760309875009
0.17177317680169324,0.07848396897315847, 0.9621345959603784
0.2795855961911542,0.1407422125339495, 0.9621304310858247
0.16644195225340752,0.08943304419517385, 0.9591486714780328
0.2735045176349473,0.15127494931220878, 0.9591456688940523
0.16113309599815295,0.09869739413261282, 0.9590565599501131
0.26817019593839575,0.16051426529884208, 0.9590581096708772
0.16113309599815295,0.09869739413261282, 0.9590565599501131
0.2633851018676552,0.16880258917808402, 0.9609625227749345
0.15581150702224988,0.10672494769096243, 0.9609704650938509
0.2574950141211758,0.17900392413139213, 0.9662761278450487
0.14884017040340325,0.11634126305580007, 0.966313127428293
0.25316279195241975,0.18650785088538993, 0.9730501510202882
0.14339848090030216,0.12311592698097097, 0.9730337820947168
0.24940698348869716,0.19301310181617606, 0.982399810105562
0.1383291374442734,0.12887164950370658, 0.9823849909007547
0.2464027496708212,0.19821688532829154, 0.9965071119368074
0.13404646964777095,0.13334646821021903, 0.9965018816292284
0.24563362451813475,0.19954904913902152, 1.0088148005306719
0.1328482173964715,0.13443276286125053, 1.0087932981550691
0.24563362451813475,0.19954904913902152, 1.0088148005306719
0.13404234011674981,0.1333509385585772, 1.0211046673357485
0.2464027496708212,0.19821688532829154, 1.021122585982084
0.13731774647168032,0.1299743354320513, 1.032739970833063
0.24870461908751906,0.19422993063926566, 1.0328250117599962
0.14190290241548098,0.1248444616794573, 1.0422580651938913
0.25207672529386116,0.18838897347450126, 1.0423200540244577
0.14887871269293385,0.11629030108451711, 1.0513557009398935
0.2574953582487609,0.17900392413139213, 1.0513536669313905
0.15386512140095476,0.10950312018394338, 1.0555001385509966
0.26168132619385176,0.1717536151409136, 1.055499169975519
0.16071773400294376,0.09935423731803762, 1.0584904216229913
0.26776240475005864,0.16122087836265434, 1.0584840290248392
0.16601764294098587,0.09024158120155203, 1.0585784651339052
0.2730967264466102,0.15198156237602103, 1.0585714913904665
0.16601764294098587,0.09024158120155203, 1.0585784651339052
0.2778818205173508,0.1436932384967791, 1.0566670782864092
0.17027622180653168,0.08169397711753713, 1.056700203567743
0.28377156413624505,0.13349190354347099, 1.0513535700738428
0.1751865783182467,0.07070109248161184, 1.0513002984225748
0.2881041304325862,0.12598797678947318, 1.0445794500410555
0.17835564924938296,0.06252989172935354, 1.044498961418867
0.2918599388963088,0.11948272585868704, 1.0352298878133295
0.18076970425882166,0.05536511540412771, 1.0352581702172754
0.29486417271418475,0.11427894234657156, 1.0211224891245363
0.18250582792562398,0.04941239953040945, 1.0211344026029108
0.2956332978668712,0.11294677853584158, 1.0088148005306719
0.18284720249003783,0.04782959818839895, 1.0088148005306719
-0.13404750203052632,-0.13334736227989327, 1.0211427323520181
-0.24640137316048083,-0.19822075963020455, 1.0211224891245363
-0.13832225489257158,-0.12888088822364938, 1.0352330841124056
-0.2494056069783568,-0.19301727414131295, 1.0352298878133295
-0.14339022183825992,-0.12312725186348093, 1.0445864237844942
-0.2531614154420794,-0.18651202321052682, 1.0445794500410555
-0.14886047393092386,-0.1163168251514448, 1.0513383634388445
-0.25749398173842053,-0.17900809645652901, 1.0513535700738428
-0.15581391591534557,-0.10672464966774119, 1.0566609762609003
-0.2633837253573148,-0.16880646347999703, 1.0566670782864092
-0.16112724582920637,-0.09870991110801829, 1.0585721693933008
-0.26816916355564047,-0.1605181396007551, 1.0585714913904665
-0.16112724582920637,-0.09870991110801829, 1.0585721693933008
-0.27350314112460694,-0.15127912163734566, 1.0584840290248392
-0.16642612238449317,-0.08946284651756418, 1.058484513312578
-0.2795842196808138,-0.1407463848590864, 1.055499169975519
-0.17176560599482116,-0.07850065827369822, 1.0555004291236398
-0.28377018762590467,-0.133495777845384, 1.0513536669313905
-0.17517522210793857,-0.07072940468788279, 1.0513165704905985
-0.2891888205808044,-0.12411072850227488, 1.0423200540244577
-0.179061454926412,-0.060497373342515356, 1.0422899313271043
-0.2925609267871465,-0.11827006936073435, 1.0328250117599962
-0.18122292028839126,-0.053927451372147925, 1.0327277667820451
-0.29486279620384437,-0.11428311467170847, 1.021122585982084
-0.18250548379803888,-0.04941508173942698, 1.0211279131472109
-0.2956322654841159,-0.11295065283775461, 1.0088148005306719
-0.18284685836245274,-0.04783406853675974, 1.0088363997638223
-0.2956322654841159,-0.11295065283775461, 1.0088148005306719
-0.18250720443596435,-0.04940912127494944, 0.9965251274406908
-0.29486279620384437,-0.11428311467170847, 0.9965071119368074
-0.18077039251399185,-0.05536362528801096, 0.9823806323111055
-0.2918585623859684,-0.11948660016060007, 0.982399810105562
-0.17830471836678896,-0.06267651915550364, 0.9729856438934801
-0.2881027539222458,-0.1259918510913862, 0.9730501510202882
-0.17515044492181175,-0.07078781723976267, 0.966273996978998
-0.28377053175348976,-0.133495777845384, 0.9662761278450487
-0.1703381647718487,-0.0815643370151533, 0.9609739519655702
-0.2778804440070104,-0.14369741082191598, 0.9609625227749345
-0.16605687348568665,-0.09016975760460032, 0.9590596593916414
-0.2730953499362698,-0.15198573470115792, 0.9590581096708772
-0.16605687348568665,-0.09016975760460032, 0.9590596593916414
-0.26776102823971826,-0.16122475266456734, 0.9591456688940523
-0.16070396889954,-0.09937718510627878, 0.9591418914496896
-0.2616799496835114,-0.17175748944282662, 0.9621304310858247
-0.15390159892497482,-0.1094542443752302, 0.9621048606932161
-0.25749398173842053,-0.17900779843330514, 0.9662760309875009
-0.14882296402414855,-0.1163659989833845, 0.9663292057812212
-0.2520753487835208,-0.18839284777641427, 0.9753096438944338
-0.1419472948739582,-0.12479498982429636, 0.9752948246896265
-0.24870324257717868,-0.19423380494117867, 0.9848046861588953
-0.13735869765430667,-0.12993231415748727, 0.9847782440483568
-0.24640137316048083,-0.19822075963020455, 0.9965071119368074
-0.13404612552018594,-0.13334885239601266, 0.9964951016008852
-0.24563224800779437,-0.1995532214641584, 1.0088148005306719
-0.13284615263096103,-0.13443604111671578, 1.0088148005306719
-0.24563224800779437,-0.1995532214641584, 1.0088148005306719
-0.13404750203052632,-0.13334736227989327, 1.0211427323520181
-0.24640137316048083,-0.19822075963020455, 1.0211224891245363
0.2569736608297575,0.17990753054618705, 1.0534847266972063
0.2706324288097477,0.15624955296516288, 1.11037478223443
0.2615195862288573,0.17203345894813407, 1.0567574463784692
0.2706324288097477,0.15624955296516288, 1.11037478223443
0.2677593076017928,0.16122594475746024, 1.0586393885314462
0.2706324288097477,0.15624955296516288, 1.11037478223443
0.273103264870727,0.1519702374935137, 1.0586863644421098
0.2706324288097477,0.15624955296516288, 1.11037478223443
0.27796544352052877,0.14354869723319877, 1.0575454793870447
0.2706324288097477,0.15624955296516288, 1.11037478223443
0.2842922291724932,0.13259008526801933, 1.0534856952726839
0.3062792288393581,0.09450778365135061, 1.1056244038045404
0.28915475194988005,0.1241682469844805, 1.046764265745878
0.3062792288393581,0.09450778365135061, 1.1056244038045404
0.2929305198135381,0.11762842535972463, 1.036290284246206
0.3062792288393581,0.09450778365135061, 1.1056244038045404
0.2951921263027799,0.11371091008186208, 1.0212172158062456
0.3062792288393581,0.09450778365135061, 1.1056244038045404
0.2956332978668712,0.11294677853584158, 1.0088148005306719
0.3062792288393581,0.09450778365135061, 1.1056244038045404
0.2951917821751948,0.11371180415153372, 0.9964066706597803
0.3486891682988329,0.021051615476606958, 1.0890921764075754
0.2951917821751948,0.11371180415153372, 0.9964066706597803
0.3608434104767895,-4.470348371333169E-7, 1.0824634395539758
0.2951917821751948,0.11371180415153372, 0.9964066706597803
0.3608434104767895,-1.490116132563638E-7, 0.9351612217724321
0.29352999006677294,0.11659011244773733, 0.9840145222842691
0.3608434104767895,-1.490116132563638E-7, 0.9351612217724321
0.29032960352539305,0.12213304638862478, 0.973362613469362
0.3608434104767895,-1.490116132563638E-7, 0.9351612217724321
0.28428878789664225,0.13259604573249686, 0.964140612632036
0.3608434104767895,-1.490116132563638E-7, 0.9351612217724321
0.2797442390078828,0.14046743512153495, 0.9608707986772058
0.3608434104767895,-1.490116132563638E-7, 0.9351612217724321
0.27350795891079827,0.15126898884773124, 0.958990406244993
0.18042144714270592,0.31249955296516285, 0.9351612217724321
0.2681684753004703,0.16051724553108085, 0.9589427523314951
0.18042144714270592,0.31249955296516285, 0.9351612217724321
0.2633011347368921,0.1689477264881121, 0.9600843153893945
0.18042144714270592,0.31249955296516285, 0.9351612217724321
0.2569777903607786,0.179900377988814, 0.9641409032046793
0.18042144714270592,0.31249955296516285, 0.9351612217724321
0.25211010566961534,0.18833115696906913, 0.9708694033324716
0.18042144714270592,0.31249955296516285, 0.9351612217724321
0.2483326171680318,0.19487395882606376, 0.9813542328774927
0.18042144714270592,0.31249955296516285, 1.0824634395539758
0.2483326171680318,0.19487395882606376, 0.9813542328774927
0.21479118970403022,0.25296971201896534, 1.0990976579487322
0.24607479608222604,0.19878461956977714, 0.9964098669588564
0.21479118970403022,0.25296971201896534, 1.0990976579487322
0.24563362451813475,0.19954904913902152, 1.0088148005306719
0.21479118970403022,0.25296971201896534, 1.0990976579487322
0.24607479608222604,0.19878491759300101, 1.0212176032364366
0.21479118970403022,0.25296971201896534, 1.0990976579487322
0.24773693231823302,0.19590571522712577, 1.0336152724921701
0.2706324288097477,0.15624955296516288, 1.11037478223443
0.25093938362512347,0.19035890698432792, 1.044272121042013
0.2569736608297575,0.17990753054618705, 1.0534847266972063
0.13966297596410016,0.27955338358878956, 1.11037478223443
0.2022690751376075,0.23820802569389213, 1.11037478223443
0.21470446955258637,0.2529548108577715, 1.0992377139627931
0.2706324288097477,0.15624955296516288, 1.11037478223443
