406.6732482910156,1316.4360351538164,406.6732482910156
391.6732482910156,1316.4360351538164,391.6732482910156
406.6732482910156,1286.4360351538164,406.6732482910156
406.6732482910156,1316.4360351538164,406.6732482910156
406.6732482910156,1286.4360351538164,406.6732482910156
406.6732482910156,1316.43603515625,406.6732482910156
406.6732482910156,1316.4360351538164,406.6732482910156
406.6732482910156,1316.43603515625,406.6732482910156
391.6732482910156,1316.43603515625,391.6732482910156
406.6732482910156,1316.4360351538164,406.6732482910156
391.6732482910156,1316.43603515625,391.6732482910156
391.6732482910156,1316.4360351538164,391.6732482910156
391.6732482910156,1316.43603515625,391.6732482910156
406.6732482910156,1316.43603515625,406.6732482910156
391.6732482910156,1286.43603515625,391.6732482910156
391.6732482910156,1316.43603515625,391.6732482910156
391.6732482910156,1286.43603515625,391.6732482910156
391.6732482910156,1316.4360351538164,391.6732482910156
406.6732482910156,1316.43603515625,406.6732482910156
406.6732482910156,1286.4360351538164,406.6732482910156
406.6732482910156,1286.43603515625,406.6732482910156
406.6732482910156,1316.43603515625,406.6732482910156
406.6732482910156,1286.43603515625,406.6732482910156
391.6732482910156,1286.43603515625,391.6732482910156
406.6732482910156,1286.43603515625,406.6732482910156
406.6732482910156,1286.4360351538164,406.6732482910156
391.6732482910156,1286.4360351538164,391.6732482910156
406.6732482910156,1286.43603515625,406.6732482910156
391.6732482910156,1286.4360351538164,391.6732482910156
391.6732482910156,1286.43603515625,391.6732482910156
391.6732482910156,1286.43603515625,391.6732482910156
391.6732482910156,1286.4360351538164,391.6732482910156
391.6732482910156,1316.4360351538164,391.6732482910156
391.6732482910156,1286.4360351538164,391.6732482910156
406.6732482910156,1286.4360351538164,406.6732482910156
391.6732482910156,1316.4360351538164,391.6732482910156
306.4369812011719,1316.4655761731085,306.4369812011719
291.4369812011719,1316.4655761731085,291.4369812011719
306.4369812011719,1286.4655761731085,306.4369812011719
306.4369812011719,1316.4655761731085,306.4369812011719
306.4369812011719,1286.4655761731085,306.4369812011719
306.4369812011719,1316.465576171875,306.4369812011719
306.4369812011719,1316.4655761731085,306.4369812011719
306.4369812011719,1316.465576171875,306.4369812011719
291.4369812011719,1316.465576171875,291.4369812011719
306.4369812011719,1316.4655761731085,306.4369812011719
291.4369812011719,1316.465576171875,291.4369812011719
291.4369812011719,1316.4655761731085,291.4369812011719
291.4369812011719,1316.465576171875,291.4369812011719
306.4369812011719,1316.465576171875,306.4369812011719
291.4369812011719,1286.465576171875,291.4369812011719
291.4369812011719,1316.465576171875,291.4369812011719
291.4369812011719,1286.465576171875,291.4369812011719
291.4369812011719,1316.4655761731085,291.4369812011719
306.4369812011719,1316.465576171875,306.4369812011719
306.4369812011719,1286.4655761731085,306.4369812011719
306.4369812011719,1286.465576171875,306.4369812011719
306.4369812011719,1316.465576171875,306.4369812011719
306.4369812011719,1286.465576171875,306.4369812011719
291.4369812011719,1286.465576171875,291.4369812011719
306.4369812011719,1286.465576171875,306.4369812011719
306.4369812011719,1286.4655761731085,306.4369812011719
291.4369812011719,1286.4655761731085,291.4369812011719
306.4369812011719,1286.465576171875,306.4369812011719
291.4369812011719,1286.4655761731085,291.4369812011719
291.4369812011719,1286.465576171875,291.4369812011719
291.4369812011719,1286.465576171875,291.4369812011719
291.4369812011719,1286.4655761731085,291.4369812011719
291.4369812011719,1316.4655761731085,291.4369812011719
291.4369812011719,1286.4655761731085,291.4369812011719
306.4369812011719,1286.4655761731085,306.4369812011719
291.4369812011719,1316.4655761731085,291.4369812011719
