382.99999618530245,1239.5208740234368,382.99999618530245
397.99999618530245,1239.5208740234366,397.99999618530245
382.9999961853024,1204.5208740234366,382.9999961853024
382.99999618530245,1239.5208740234368,382.99999618530245
382.9999961853024,1204.5208740234366,382.9999961853024
382.99999618530245,1239.5208740234368,382.99999618530245
382.99999618530245,1239.5208740234368,382.99999618530245
382.99999618530245,1239.5208740234368,382.99999618530245
397.99999618530245,1239.5208740234366,397.99999618530245
382.99999618530245,1239.5208740234368,382.99999618530245
397.99999618530245,1239.5208740234366,397.99999618530245
397.99999618530245,1239.5208740234366,397.99999618530245
397.99999618530245,1239.5208740234366,397.99999618530245
382.99999618530245,1239.5208740234368,382.99999618530245
397.9999961853024,1204.5208740234366,397.9999961853024
397.99999618530245,1239.5208740234366,397.99999618530245
397.9999961853024,1204.5208740234366,397.9999961853024
397.99999618530245,1239.5208740234366,397.99999618530245
382.99999618530245,1239.5208740234368,382.99999618530245
382.9999961853024,1204.5208740234366,382.9999961853024
382.9999961853024,1204.5208740234366,382.9999961853024
382.99999618530245,1239.5208740234368,382.99999618530245
382.9999961853024,1204.5208740234366,382.9999961853024
397.9999961853024,1204.5208740234366,397.9999961853024
382.9999961853024,1204.5208740234366,382.9999961853024
382.9999961853024,1204.5208740234366,382.9999961853024
397.9999961853024,1204.5208740234366,397.9999961853024
382.9999961853024,1204.5208740234366,382.9999961853024
397.9999961853024,1204.5208740234366,397.9999961853024
397.9999961853024,1204.5208740234366,397.9999961853024
397.9999961853024,1204.5208740234366,397.9999961853024
397.9999961853024,1204.5208740234366,397.9999961853024
397.99999618530245,1239.5208740234366,397.99999618530245
397.9999961853024,1204.5208740234366,397.9999961853024
382.9999961853024,1204.5208740234366,382.9999961853024
397.99999618530245,1239.5208740234366,397.99999618530245
