5.5,1380.0283203125,5.5
0.5,1380.0283203125,0.5
5.977457523345947,1380.0283203125,5.977457523345947
5.977457523345947,1380.0283203125,5.977457523345947
0.5,1380.0283203125,0.5
7.227457523345947,1380.0283203125,7.227457523345947
5.977457523345947,1380.0283203125,5.977457523345947
7.227457523345947,1380.0283203125,7.227457523345947
7.227457523345947,1383.0283203125,7.227457523345947
5.977457523345947,1380.0283203125,5.977457523345947
7.227457523345947,1383.0283203125,7.227457523345947
5.977457523345947,1383.0283203125,5.977457523345947
5.977457523345947,1380.0283203125,5.977457523345947
5.977457523345947,1383.0283203125,5.977457523345947
5.5,1380.0283203125,5.5
5.977457523345947,1383.0283203125,5.977457523345947
7.227457523345947,1383.0283203125,7.227457523345947
2.639308214187622,1383.0283203125,2.639308214187622
5.977457523345947,1383.0283203125,5.977457523345947
2.639308214187622,1383.0283203125,2.639308214187622
0.5,1383.0283203125,0.5
5.977457523345947,1383.0283203125,5.977457523345947
0.5,1383.0283203125,0.5
5.5,1383.0283203125,5.5
5.977457523345947,1383.0283203125,5.977457523345947
5.5,1383.0283203125,5.5
5.5,1380.0283203125,5.5
7.227457523345947,1383.0283203125,7.227457523345947
7.227457523345947,1380.0283203125,7.227457523345947
8.0,1383.0283203125,8.0
7.227457523345947,1383.0283203125,7.227457523345947
8.0,1383.0283203125,8.0
4.213103771209717,1383.0283203125,4.213103771209717
7.227457523345947,1383.0283203125,7.227457523345947
4.213103771209717,1383.0283203125,4.213103771209717
2.639308214187622,1383.0283203125,2.639308214187622
2.639308214187622,1383.0283203125,2.639308214187622
4.213103771209717,1383.0283203125,4.213103771209717
4.213103771209717,1380.0283203125,4.213103771209717
2.639308214187622,1383.0283203125,2.639308214187622
4.213103771209717,1380.0283203125,4.213103771209717
2.639308214187622,1380.0283203125,2.639308214187622
2.639308214187622,1383.0283203125,2.639308214187622
2.639308214187622,1380.0283203125,2.639308214187622
0.5,1383.0283203125,0.5
4.213103771209717,1383.0283203125,4.213103771209717
8.0,1383.0283203125,8.0
5.175936222076416,1383.0283203125,5.175936222076416
4.213103771209717,1383.0283203125,4.213103771209717
5.175936222076416,1383.0283203125,5.175936222076416
5.175936222076416,1380.0283203125,5.175936222076416
4.213103771209717,1383.0283203125,4.213103771209717
5.175936222076416,1380.0283203125,5.175936222076416
4.213103771209717,1380.0283203125,4.213103771209717
5.175936222076416,1380.0283203125,5.175936222076416
5.175936222076416,1383.0283203125,5.175936222076416
5.5,1380.0283203125,5.5
5.175936222076416,1380.0283203125,5.175936222076416
5.5,1380.0283203125,5.5
10.5,1380.0283203125,10.5
5.175936222076416,1380.0283203125,5.175936222076416
10.5,1380.0283203125,10.5
4.213103771209717,1380.0283203125,4.213103771209717
5.175936222076416,1383.0283203125,5.175936222076416
8.0,1383.0283203125,8.0
5.5,1383.0283203125,5.5
5.175936222076416,1383.0283203125,5.175936222076416
5.5,1383.0283203125,5.5
5.5,1380.0283203125,5.5
5.5,1380.0283203125,5.5
5.5,1383.0283203125,5.5
10.5,1383.0283203125,10.5
5.5,1380.0283203125,5.5
10.5,1383.0283203125,10.5
10.5,1380.0283203125,10.5
4.213103771209717,1380.0283203125,4.213103771209717
10.5,1380.0283203125,10.5
8.0,1380.0283203125,8.0
4.213103771209717,1380.0283203125,4.213103771209717
8.0,1380.0283203125,8.0
2.639308214187622,1380.0283203125,2.639308214187622
10.5,1380.0283203125,10.5
10.5,1383.0283203125,10.5
10.824063301086426,1380.0283203125,10.824063301086426
10.5,1380.0283203125,10.5
10.824063301086426,1380.0283203125,10.824063301086426
8.0,1380.0283203125,8.0
10.5,1383.0283203125,10.5
5.5,1383.0283203125,5.5
10.824063301086426,1383.0283203125,10.824063301086426
10.5,1383.0283203125,10.5
10.824063301086426,1383.0283203125,10.824063301086426
10.824063301086426,1380.0283203125,10.824063301086426
10.824063301086426,1380.0283203125,10.824063301086426
10.824063301086426,1383.0283203125,10.824063301086426
11.786896705627441,1380.0283203125,11.786896705627441
10.824063301086426,1380.0283203125,10.824063301086426
11.786896705627441,1380.0283203125,11.786896705627441
8.0,1380.0283203125,8.0
10.824063301086426,1383.0283203125,10.824063301086426
5.5,1383.0283203125,5.5
11.786896705627441,1383.0283203125,11.786896705627441
10.824063301086426,1383.0283203125,10.824063301086426
11.786896705627441,1383.0283203125,11.786896705627441
11.786896705627441,1380.0283203125,11.786896705627441
5.5,1383.0283203125,5.5
8.0,1383.0283203125,8.0
11.786896705627441,1383.0283203125,11.786896705627441
11.786896705627441,1383.0283203125,11.786896705627441
8.0,1383.0283203125,8.0
13.360692024230957,1383.0283203125,13.360692024230957
11.786896705627441,1383.0283203125,11.786896705627441
13.360692024230957,1383.0283203125,13.360692024230957
13.360692024230957,1380.0283203125,13.360692024230957
11.786896705627441,1383.0283203125,11.786896705627441
13.360692024230957,1380.0283203125,13.360692024230957
11.786896705627441,1380.0283203125,11.786896705627441
11.786896705627441,1380.0283203125,11.786896705627441
13.360692024230957,1380.0283203125,13.360692024230957
8.772542953491211,1380.0283203125,8.772542953491211
11.786896705627441,1380.0283203125,11.786896705627441
8.772542953491211,1380.0283203125,8.772542953491211
8.0,1380.0283203125,8.0
13.360692024230957,1380.0283203125,13.360692024230957
13.360692024230957,1383.0283203125,13.360692024230957
15.5,1380.0283203125,15.5
13.360692024230957,1380.0283203125,13.360692024230957
15.5,1380.0283203125,15.5
10.022542953491211,1380.0283203125,10.022542953491211
13.360692024230957,1380.0283203125,13.360692024230957
10.022542953491211,1380.0283203125,10.022542953491211
8.772542953491211,1380.0283203125,8.772542953491211
8.772542953491211,1380.0283203125,8.772542953491211
10.022542953491211,1380.0283203125,10.022542953491211
10.022542953491211,1383.0283203125,10.022542953491211
8.772542953491211,1380.0283203125,8.772542953491211
10.022542953491211,1383.0283203125,10.022542953491211
8.772542953491211,1383.0283203125,8.772542953491211
8.772542953491211,1380.0283203125,8.772542953491211
8.772542953491211,1383.0283203125,8.772542953491211
8.0,1380.0283203125,8.0
10.022542953491211,1383.0283203125,10.022542953491211
10.022542953491211,1380.0283203125,10.022542953491211
10.5,1383.0283203125,10.5
10.022542953491211,1383.0283203125,10.022542953491211
10.5,1383.0283203125,10.5
15.5,1383.0283203125,15.5
10.022542953491211,1383.0283203125,10.022542953491211
15.5,1383.0283203125,15.5
8.772542953491211,1383.0283203125,8.772542953491211
10.022542953491211,1380.0283203125,10.022542953491211
15.5,1380.0283203125,15.5
10.5,1380.0283203125,10.5
10.022542953491211,1380.0283203125,10.022542953491211
10.5,1380.0283203125,10.5
10.5,1383.0283203125,10.5
10.5,1383.0283203125,10.5
10.5,1380.0283203125,10.5
10.022542953491211,1383.0283203125,10.022542953491211
10.5,1383.0283203125,10.5
10.022542953491211,1383.0283203125,10.022542953491211
15.5,1383.0283203125,15.5
10.5,1383.0283203125,10.5
15.5,1383.0283203125,15.5
15.5,1383.0283203125,15.5
10.022542953491211,1383.0283203125,10.022542953491211
10.5,1380.0283203125,10.5
10.022542953491211,1380.0283203125,10.022542953491211
10.022542953491211,1383.0283203125,10.022542953491211
10.022542953491211,1380.0283203125,10.022542953491211
8.772542953491211,1383.0283203125,8.772542953491211
10.022542953491211,1383.0283203125,10.022542953491211
8.772542953491211,1383.0283203125,8.772542953491211
15.5,1383.0283203125,15.5
10.5,1380.0283203125,10.5
15.5,1380.0283203125,15.5
15.5,1380.0283203125,15.5
10.5,1380.0283203125,10.5
15.5,1380.0283203125,15.5
10.022542953491211,1380.0283203125,10.022542953491211
10.022542953491211,1380.0283203125,10.022542953491211
15.5,1380.0283203125,15.5
8.772542953491211,1380.0283203125,8.772542953491211
10.022542953491211,1380.0283203125,10.022542953491211
8.772542953491211,1380.0283203125,8.772542953491211
8.772542953491211,1383.0283203125,8.772542953491211
8.772542953491211,1380.0283203125,8.772542953491211
15.5,1380.0283203125,15.5
7.227457523345947,1380.0283203125,7.227457523345947
8.772542953491211,1380.0283203125,8.772542953491211
7.227457523345947,1380.0283203125,7.227457523345947
7.227457523345947,1383.0283203125,7.227457523345947
8.772542953491211,1380.0283203125,8.772542953491211
7.227457523345947,1383.0283203125,7.227457523345947
8.772542953491211,1383.0283203125,8.772542953491211
8.772542953491211,1383.0283203125,8.772542953491211
7.227457523345947,1383.0283203125,7.227457523345947
0.5,1383.0283203125,0.5
8.772542953491211,1383.0283203125,8.772542953491211
0.5,1383.0283203125,0.5
15.5,1383.0283203125,15.5
7.227457523345947,1383.0283203125,7.227457523345947
7.227457523345947,1380.0283203125,7.227457523345947
5.977457523345947,1383.0283203125,5.977457523345947
7.227457523345947,1383.0283203125,7.227457523345947
5.977457523345947,1383.0283203125,5.977457523345947
0.5,1383.0283203125,0.5
5.977457523345947,1383.0283203125,5.977457523345947
7.227457523345947,1380.0283203125,7.227457523345947
5.977457523345947,1380.0283203125,5.977457523345947
5.977457523345947,1383.0283203125,5.977457523345947
5.977457523345947,1380.0283203125,5.977457523345947
5.5,1383.0283203125,5.5
5.977457523345947,1383.0283203125,5.977457523345947
5.5,1383.0283203125,5.5
0.5,1383.0283203125,0.5
7.227457523345947,1380.0283203125,7.227457523345947
15.5,1380.0283203125,15.5
0.5,1380.0283203125,0.5
7.227457523345947,1380.0283203125,7.227457523345947
0.5,1380.0283203125,0.5
5.977457523345947,1380.0283203125,5.977457523345947
5.977457523345947,1380.0283203125,5.977457523345947
0.5,1380.0283203125,0.5
5.5,1380.0283203125,5.5
5.977457523345947,1380.0283203125,5.977457523345947
5.5,1380.0283203125,5.5
5.5,1383.0283203125,5.5
5.5,1383.0283203125,5.5
0.5,1383.0283203125,0.5
0.5,1383.0283203125,0.5
5.5,1380.0283203125,5.5
0.5,1380.0283203125,0.5
0.5,1380.0283203125,0.5
0.5,1380.0283203125,0.5
15.5,1380.0283203125,15.5
0.5,1383.0283203125,0.5
0.5,1380.0283203125,0.5
0.5,1383.0283203125,0.5
0.5,1383.0283203125,0.5
0.5,1380.0283203125,0.5
0.5,1383.0283203125,0.5
0.5,1380.0283203125,0.5
0.5,1383.0283203125,0.5
15.5,1380.0283203125,15.5
15.5,1383.0283203125,15.5
15.5,1380.0283203125,15.5
15.5,1380.0283203125,15.5
15.5,1383.0283203125,15.5
15.5,1383.0283203125,15.5
15.5,1380.0283203125,15.5
15.5,1383.0283203125,15.5
15.5,1380.0283203125,15.5
13.360692024230957,1383.0283203125,13.360692024230957
15.5,1383.0283203125,15.5
15.5,1383.0283203125,15.5
13.360692024230957,1383.0283203125,13.360692024230957
8.772542953491211,1383.0283203125,8.772542953491211
13.360692024230957,1383.0283203125,13.360692024230957
8.0,1383.0283203125,8.0
8.772542953491211,1383.0283203125,8.772542953491211
8.772542953491211,1383.0283203125,8.772542953491211
8.0,1383.0283203125,8.0
8.0,1380.0283203125,8.0
8.0,1383.0283203125,8.0
7.227457523345947,1380.0283203125,7.227457523345947
8.0,1380.0283203125,8.0
8.0,1380.0283203125,8.0
7.227457523345947,1380.0283203125,7.227457523345947
2.639308214187622,1380.0283203125,2.639308214187622
0.5,1383.0283203125,0.5
2.639308214187622,1380.0283203125,2.639308214187622
0.5,1380.0283203125,0.5
2.639308214187622,1380.0283203125,2.639308214187622
7.227457523345947,1380.0283203125,7.227457523345947
0.5,1380.0283203125,0.5
