369.5386582016945,1306.499545097351,369.5386582016945
370.0,1306.5208740234375,370.0
370.0,1306.5208740234375,370.0
370.0,1306.5208740234375,370.0
370.0,1306.5208740234375,370.0
371.36831498146057,1306.3300023078918,371.36831498146057
370.0,1306.5208740234375,370.0
369.5386582016945,1306.499545097351,369.5386582016945
369.5386582016945,1306.499545097351,369.5386582016945
369.5386582016945,1306.499545097351,369.5386582016945
367.77130818367004,1305.996690273285,367.77130818367004
369.5386582016945,1306.499545097351,369.5386582016945
367.77130818367004,1305.996690273285,367.77130818367004
366.3049554824829,1304.8893523216248,366.3049554824829
367.77130818367004,1305.996690273285,367.77130818367004
367.77130818367004,1305.996690273285,367.77130818367004
367.77130818367004,1305.996690273285,367.77130818367004
369.5386582016945,1306.499545097351,369.5386582016945
366.3049554824829,1304.8893523216248,366.3049554824829
365.33763885498047,1303.3270823955536,365.33763885498047
366.3049554824829,1304.8893523216248,366.3049554824829
366.3049554824829,1304.8893523216248,366.3049554824829
366.3049554824829,1304.8893523216248,366.3049554824829
367.77130818367004,1305.996690273285,367.77130818367004
367.77130818367004,1305.996690273285,367.77130818367004
366.3049554824829,1304.8893523216248,366.3049554824829
370.0,1301.5208740234375,370.0
367.77130818367004,1305.996690273285,367.77130818367004
370.0,1301.5208740234375,370.0
369.5386582016945,1306.499545097351,369.5386582016945
366.3049554824829,1304.8893523216248,366.3049554824829
365.33763885498047,1303.3270823955536,365.33763885498047
365.33763885498047,1303.3270823955536,365.33763885498047
366.3049554824829,1304.8893523216248,366.3049554824829
365.33763885498047,1303.3270823955536,365.33763885498047
370.0,1301.5208740234375,370.0
365.33763885498047,1303.3270823955536,365.33763885498047
365.0,1301.5208740234375,365.0
365.33763885498047,1303.3270823955536,365.33763885498047
365.33763885498047,1303.3270823955536,365.33763885498047
365.0,1301.5208740234375,365.0
365.0,1301.5208740234375,365.0
365.33763885498047,1303.3270823955536,365.33763885498047
365.0,1301.5208740234375,365.0
370.0,1301.5208740234375,370.0
365.0,1301.5208740234375,365.0
365.33763885498047,1299.7146656513214,365.33763885498047
365.0,1301.5208740234375,365.0
369.5386582016945,1306.499545097351,369.5386582016945
370.0,1301.5208740234375,370.0
370.0,1306.5208740234375,370.0
365.0,1301.5208740234375,365.0
365.33763885498047,1299.7146656513214,365.33763885498047
365.33763885498047,1299.7146656513214,365.33763885498047
365.0,1301.5208740234375,365.0
365.33763885498047,1299.7146656513214,365.33763885498047
370.0,1301.5208740234375,370.0
365.33763885498047,1299.7146656513214,365.33763885498047
366.3049554824829,1298.1523957252502,366.3049554824829
365.33763885498047,1299.7146656513214,365.33763885498047
365.33763885498047,1299.7146656513214,365.33763885498047
366.3049554824829,1298.1523957252502,366.3049554824829
366.3049554824829,1298.1523957252502,366.3049554824829
365.33763885498047,1299.7146656513214,365.33763885498047
366.3049554824829,1298.1523957252502,366.3049554824829
370.0,1301.5208740234375,370.0
366.3049554824829,1298.1523957252502,366.3049554824829
367.77130818367004,1297.04505777359,367.77130818367004
366.3049554824829,1298.1523957252502,366.3049554824829
366.3049554824829,1298.1523957252502,366.3049554824829
367.77130818367004,1297.04505777359,367.77130818367004
367.77130818367004,1297.04505777359,367.77130818367004
366.3049554824829,1298.1523957252502,366.3049554824829
367.77130818367004,1297.04505777359,367.77130818367004
370.0,1301.5208740234375,370.0
367.77130818367004,1297.04505777359,367.77130818367004
369.5386582016945,1296.542202949524,369.5386582016945
367.77130818367004,1297.04505777359,367.77130818367004
367.77130818367004,1297.04505777359,367.77130818367004
369.5386582016945,1296.542202949524,369.5386582016945
369.5386582016945,1296.542202949524,369.5386582016945
367.77130818367004,1297.04505777359,367.77130818367004
369.5386582016945,1296.542202949524,369.5386582016945
370.0,1301.5208740234375,370.0
369.5386582016945,1296.542202949524,369.5386582016945
371.36831498146057,1296.7117457389832,371.36831498146057
369.5386582016945,1296.542202949524,369.5386582016945
369.5386582016945,1296.542202949524,369.5386582016945
371.36831498146057,1296.7117457389832,371.36831498146057
371.36831498146057,1296.7117457389832,371.36831498146057
369.5386582016945,1296.542202949524,369.5386582016945
371.36831498146057,1296.7117457389832,371.36831498146057
370.0,1301.5208740234375,370.0
371.36831498146057,1296.7117457389832,371.36831498146057
373.0131731033325,1297.5307879447937,373.0131731033325
371.36831498146057,1296.7117457389832,371.36831498146057
371.36831498146057,1296.7117457389832,371.36831498146057
373.0131731033325,1297.5307879447937,373.0131731033325
373.0131731033325,1297.5307879447937,373.0131731033325
371.36831498146057,1296.7117457389832,371.36831498146057
373.0131731033325,1297.5307879447937,373.0131731033325
370.0,1301.5208740234375,370.0
373.0131731033325,1297.5307879447937,373.0131731033325
374.25108575820923,1298.8887131214142,374.25108575820923
373.0131731033325,1297.5307879447937,373.0131731033325
373.0131731033325,1297.5307879447937,373.0131731033325
374.25108575820923,1298.8887131214142,374.25108575820923
374.25108575820923,1298.8887131214142,374.25108575820923
373.0131731033325,1297.5307879447937,373.0131731033325
374.25108575820923,1298.8887131214142,374.25108575820923
370.0,1301.5208740234375,370.0
374.25108575820923,1298.8887131214142,374.25108575820923
374.9148654937744,1300.6021264195442,374.9148654937744
374.25108575820923,1298.8887131214142,374.25108575820923
374.25108575820923,1298.8887131214142,374.25108575820923
374.9148654937744,1300.6021264195442,374.9148654937744
374.9148654937744,1300.6021264195442,374.9148654937744
374.25108575820923,1298.8887131214142,374.25108575820923
374.9148654937744,1300.6021264195442,374.9148654937744
370.0,1301.5208740234375,370.0
374.9148654937744,1300.6021264195442,374.9148654937744
374.9148654937744,1302.4396216273308,374.9148654937744
374.9148654937744,1300.6021264195442,374.9148654937744
374.9148654937744,1300.6021264195442,374.9148654937744
374.9148654937744,1302.4396216273308,374.9148654937744
374.9148654937744,1302.4396216273308,374.9148654937744
374.9148654937744,1300.6021264195442,374.9148654937744
374.9148654937744,1302.4396216273308,374.9148654937744
370.0,1301.5208740234375,370.0
374.9148654937744,1302.4396216273308,374.9148654937744
374.25108575820923,1304.1530349254608,374.25108575820923
374.9148654937744,1302.4396216273308,374.9148654937744
374.9148654937744,1302.4396216273308,374.9148654937744
374.25108575820923,1304.1530349254608,374.25108575820923
374.25108575820923,1304.1530349254608,374.25108575820923
374.9148654937744,1302.4396216273308,374.9148654937744
374.25108575820923,1304.1530349254608,374.25108575820923
370.0,1301.5208740234375,370.0
374.25108575820923,1304.1530349254608,374.25108575820923
373.0131731033325,1305.5109601020813,373.0131731033325
374.25108575820923,1304.1530349254608,374.25108575820923
374.25108575820923,1304.1530349254608,374.25108575820923
373.0131731033325,1305.5109601020813,373.0131731033325
373.0131731033325,1305.5109601020813,373.0131731033325
374.25108575820923,1304.1530349254608,374.25108575820923
373.0131731033325,1305.5109601020813,373.0131731033325
370.0,1301.5208740234375,370.0
373.0131731033325,1305.5109601020813,373.0131731033325
371.36831498146057,1306.3300023078918,371.36831498146057
373.0131731033325,1305.5109601020813,373.0131731033325
373.0131731033325,1305.5109601020813,373.0131731033325
371.36831498146057,1306.3300023078918,371.36831498146057
371.36831498146057,1306.3300023078918,371.36831498146057
373.0131731033325,1305.5109601020813,373.0131731033325
371.36831498146057,1306.3300023078918,371.36831498146057
370.0,1301.5208740234375,370.0
370.0,1301.5208740234375,370.0
371.36831498146057,1306.3300023078918,371.36831498146057
370.0,1306.5208740234375,370.0
371.36831498146057,1306.3300023078918,371.36831498146057
371.36831498146057,1306.3300023078918,371.36831498146057
370.0,1306.5208740234375,370.0
369.99999999999994,1291.1285696029663,369.99999999999994
380.0,1295.7473711967468,380.0
369.99999999999994,1289.9738683700562,369.99999999999994
369.99999999999994,1289.9738683700562,369.99999999999994
380.0,1295.7473711967468,380.0
380.7320508956909,1295.324721813202,380.7320508956909
369.99999999999994,1289.9738683700562,369.99999999999994
380.7320508956909,1295.324721813202,380.7320508956909
369.9999999999999,1289.1285696029663,369.9999999999999
369.99999999999994,1289.9738683700562,369.99999999999994
369.9999999999999,1289.1285696029663,369.9999999999999
360.0,1295.7473711967468,360.0
369.99999999999994,1289.9738683700562,369.99999999999994
360.0,1295.7473711967468,360.0
361.0,1296.324721813202,361.0
369.99999999999994,1289.9738683700562,369.99999999999994
361.0,1296.324721813202,361.0
369.99999999999994,1291.1285696029663,369.99999999999994
360.0,1295.7473711967468,360.0
369.9999999999999,1289.1285696029663,369.9999999999999
359.2679491043091,1295.324721813202,359.2679491043091
360.0,1295.7473711967468,360.0
359.2679491043091,1295.324721813202,359.2679491043091
360.0,1307.2943768501282,360.0
360.0,1295.7473711967468,360.0
360.0,1307.2943768501282,360.0
361.0,1306.717026233673,361.0
360.0,1295.7473711967468,360.0
361.0,1306.717026233673,361.0
361.0,1296.324721813202,361.0
369.9999999999999,1289.1285696029663,369.9999999999999
380.7320508956909,1295.324721813202,380.7320508956909
381.0,1295.170021057129,381.0
369.9999999999999,1289.1285696029663,369.9999999999999
381.0,1295.170021057129,381.0
369.9999999999999,1288.8191680908203,369.9999999999999
369.9999999999999,1289.1285696029663,369.9999999999999
369.9999999999999,1288.8191680908203,369.9999999999999
359.2679491043091,1295.324721813202,359.2679491043091
359.2679491043091,1295.324721813202,359.2679491043091
369.9999999999999,1288.8191680908203,369.9999999999999
359.0,1295.170021057129,359.0
359.2679491043091,1295.324721813202,359.2679491043091
359.0,1295.170021057129,359.0
359.2679491043091,1307.717026233673,359.2679491043091
359.2679491043091,1295.324721813202,359.2679491043091
359.2679491043091,1307.717026233673,359.2679491043091
360.0,1307.2943768501282,360.0
369.9999999999999,1288.8191680908203,369.9999999999999
381.0,1295.170021057129,381.0
381.0,1295.170021057129,381.0
369.9999999999999,1288.8191680908203,369.9999999999999
381.0,1295.170021057129,381.0
369.9999999999999,1288.8191680908203,369.9999999999999
369.9999999999999,1288.8191680908203,369.9999999999999
369.9999999999999,1288.8191680908203,369.9999999999999
359.0,1295.170021057129,359.0
359.0,1295.170021057129,359.0
369.9999999999999,1288.8191680908203,369.9999999999999
359.0,1295.170021057129,359.0
359.0,1295.170021057129,359.0
359.0,1295.170021057129,359.0
359.0,1307.871726989746,359.0
359.0,1295.170021057129,359.0
359.0,1307.871726989746,359.0
359.2679491043091,1307.717026233673,359.2679491043091
359.2679491043091,1307.717026233673,359.2679491043091
359.0,1307.871726989746,359.0
369.9999999999999,1313.9131784439087,369.9999999999999
359.2679491043091,1307.717026233673,359.2679491043091
369.9999999999999,1313.9131784439087,369.9999999999999
369.9999999999999,1313.0678796768188,369.9999999999999
359.2679491043091,1307.717026233673,359.2679491043091
369.9999999999999,1313.0678796768188,369.9999999999999
360.0,1307.2943768501282,360.0
360.0,1307.2943768501282,360.0
369.9999999999999,1313.0678796768188,369.9999999999999
369.9999999999999,1311.9131784439087,369.9999999999999
360.0,1307.2943768501282,360.0
369.9999999999999,1311.9131784439087,369.9999999999999
361.0,1306.717026233673,361.0
369.9999999999999,1313.0678796768188,369.9999999999999
369.9999999999999,1313.9131784439087,369.9999999999999
380.0,1307.2943768501282,380.0
369.9999999999999,1313.0678796768188,369.9999999999999
380.0,1307.2943768501282,380.0
379.0,1306.717026233673,379.0
369.9999999999999,1313.0678796768188,369.9999999999999
379.0,1306.717026233673,379.0
369.9999999999999,1311.9131784439087,369.9999999999999
369.9999999999999,1313.9131784439087,369.9999999999999
359.0,1307.871726989746,359.0
369.9999999999999,1314.2225799560547,369.9999999999999
369.9999999999999,1313.9131784439087,369.9999999999999
369.9999999999999,1314.2225799560547,369.9999999999999
380.7320508956909,1307.717026233673,380.7320508956909
369.9999999999999,1313.9131784439087,369.9999999999999
380.7320508956909,1307.717026233673,380.7320508956909
380.0,1307.2943768501282,380.0
359.0,1307.871726989746,359.0
359.0,1295.170021057129,359.0
359.0,1307.871726989746,359.0
359.0,1307.871726989746,359.0
359.0,1307.871726989746,359.0
369.9999999999999,1314.2225799560547,369.9999999999999
369.9999999999999,1314.2225799560547,369.9999999999999
359.0,1307.871726989746,359.0
369.9999999999999,1314.2225799560547,369.9999999999999
369.9999999999999,1314.2225799560547,369.9999999999999
369.9999999999999,1314.2225799560547,369.9999999999999
381.0,1307.871726989746,381.0
369.9999999999999,1314.2225799560547,369.9999999999999
381.0,1307.871726989746,381.0
380.7320508956909,1307.717026233673,380.7320508956909
380.7320508956909,1307.717026233673,380.7320508956909
381.0,1307.871726989746,381.0
380.7320508956909,1295.324721813202,380.7320508956909
380.7320508956909,1307.717026233673,380.7320508956909
380.7320508956909,1295.324721813202,380.7320508956909
380.0,1295.7473711967468,380.0
380.7320508956909,1307.717026233673,380.7320508956909
380.0,1295.7473711967468,380.0
380.0,1307.2943768501282,380.0
380.7320508956909,1295.324721813202,380.7320508956909
381.0,1307.871726989746,381.0
381.0,1295.170021057129,381.0
381.0,1307.871726989746,381.0
369.9999999999999,1314.2225799560547,369.9999999999999
381.0,1307.871726989746,381.0
381.0,1307.871726989746,381.0
381.0,1307.871726989746,381.0
381.0,1295.170021057129,381.0
381.0,1295.170021057129,381.0
381.0,1307.871726989746,381.0
381.0,1295.170021057129,381.0
380.0,1307.2943768501282,380.0
380.0,1295.7473711967468,380.0
379.0,1296.324721813202,379.0
380.0,1307.2943768501282,380.0
379.0,1296.324721813202,379.0
379.0,1306.717026233673,379.0
380.0,1295.7473711967468,380.0
369.99999999999994,1291.1285696029663,369.99999999999994
379.0,1296.324721813202,379.0
381.0,1307.871726989746,381.0
369.9999999999999,1314.2225799560547,369.9999999999999
371.7730244398117,1306.1959552764893,371.7730244398117
381.0,1307.871726989746,381.0
371.7730244398117,1306.1959552764893,371.7730244398117
373.7425537109375,1304.8364872932434,373.7425537109375
381.0,1307.871726989746,381.0
373.7425537109375,1304.8364872932434,373.7425537109375
374.854709148407,1302.717452287674,374.854709148407
381.0,1307.871726989746,381.0
374.854709148407,1302.717452287674,374.854709148407
381.0,1295.170021057129,381.0
374.854709148407,1302.717452287674,374.854709148407
374.854709148407,1300.324295759201,374.854709148407
381.0,1295.170021057129,381.0
374.854709148407,1300.324295759201,374.854709148407
373.7425537109375,1298.2052607536316,373.7425537109375
381.0,1295.170021057129,381.0
371.7730244398117,1306.1959552764893,371.7730244398117
369.9999999999999,1314.2225799560547,369.9999999999999
369.39731657505035,1306.4844183921814,369.39731657505035
369.39731657505035,1306.4844183921814,369.39731657505035
369.9999999999999,1314.2225799560547,369.9999999999999
367.15967631340027,1305.635793209076,367.15967631340027
369.9999999999999,1314.2225799560547,369.9999999999999
359.0,1307.871726989746,359.0
367.15967631340027,1305.635793209076,367.15967631340027
367.15967631340027,1305.635793209076,367.15967631340027
359.0,1307.871726989746,359.0
365.57272005081177,1303.844489812851,365.57272005081177
365.57272005081177,1303.844489812851,365.57272005081177
359.0,1307.871726989746,359.0
365.0,1301.5208740234375,365.0
359.0,1307.871726989746,359.0
359.0,1295.170021057129,359.0
365.0,1301.5208740234375,365.0
365.0,1301.5208740234375,365.0
359.0,1295.170021057129,359.0
365.57272005081177,1299.197258234024,365.57272005081177
365.57272005081177,1299.197258234024,365.57272005081177
359.0,1295.170021057129,359.0
367.15967631340027,1297.405954837799,367.15967631340027
367.15967631340027,1297.405954837799,367.15967631340027
359.0,1295.170021057129,359.0
369.39731657505035,1296.5573296546936,369.39731657505035
359.0,1295.170021057129,359.0
369.9999999999999,1288.8191680908203,369.9999999999999
369.39731657505035,1296.5573296546936,369.39731657505035
369.39731657505035,1296.5573296546936,369.39731657505035
369.9999999999999,1288.8191680908203,369.9999999999999
371.7730244398117,1296.8457927703857,371.7730244398117
371.7730244398117,1296.8457927703857,371.7730244398117
369.9999999999999,1288.8191680908203,369.9999999999999
373.7425537109375,1298.2052607536316,373.7425537109375
373.7425537109375,1298.2052607536316,373.7425537109375
369.9999999999999,1288.8191680908203,369.9999999999999
381.0,1295.170021057129,381.0
379.0,1306.717026233673,379.0
379.0,1296.324721813202,379.0
376.0,1301.5208740234375,376.0
379.0,1306.717026233673,379.0
376.0,1301.5208740234375,376.0
375.4058132171631,1304.1241765022278,375.4058132171631
379.0,1306.717026233673,379.0
375.4058132171631,1304.1241765022278,375.4058132171631
373.74093890190125,1306.211863040924,373.74093890190125
379.0,1306.717026233673,379.0
373.74093890190125,1306.211863040924,373.74093890190125
369.9999999999999,1311.9131784439087,369.9999999999999
369.9999999999999,1311.9131784439087,369.9999999999999
373.74093890190125,1306.211863040924,373.74093890190125
371.33512556552887,1307.3704414367676,371.33512556552887
369.9999999999999,1311.9131784439087,369.9999999999999
371.33512556552887,1307.3704414367676,371.33512556552887
368.66487443447113,1307.3704414367676,368.66487443447113
369.9999999999999,1311.9131784439087,369.9999999999999
368.66487443447113,1307.3704414367676,368.66487443447113
361.0,1306.717026233673,361.0
371.33512556552887,1307.3704414367676,371.33512556552887
373.74093890190125,1306.211863040924,373.74093890190125
372.0594062805176,1305.0738871097565,372.0594062805176
371.33512556552887,1307.3704414367676,371.33512556552887
372.0594062805176,1305.0738871097565,372.0594062805176
370.9345878958702,1305.6155710220337,370.9345878958702
371.33512556552887,1307.3704414367676,371.33512556552887
370.9345878958702,1305.6155710220337,370.9345878958702
370.0,1305.6155710220337,370.0
371.33512556552887,1307.3704414367676,371.33512556552887
370.0,1305.6155710220337,370.0
368.66487443447113,1307.3704414367676,368.66487443447113
370.9345878958702,1305.6155710220337,370.9345878958702
372.0594062805176,1305.0738871097565,372.0594062805176
371.25957787036896,1305.5275511741638,371.25957787036896
370.9345878958702,1305.6155710220337,370.9345878958702
371.25957787036896,1305.5275511741638,371.25957787036896
370.43412044644356,1305.69837808609,370.43412044644356
370.9345878958702,1305.6155710220337,370.9345878958702
370.43412044644356,1305.69837808609,370.43412044644356
370.0,1305.6155710220337,370.0
371.25957787036896,1305.5275511741638,371.25957787036896
372.0594062805176,1305.0738871097565,372.0594062805176
371.9151110649109,1305.2588346004486,371.9151110649109
371.25957787036896,1305.5275511741638,371.25957787036896
371.9151110649109,1305.2588346004486,371.9151110649109
371.9151110649109,1305.7708740234375,371.9151110649109
371.25957787036896,1305.5275511741638,371.25957787036896
371.9151110649109,1305.7708740234375,371.9151110649109
370.43412044644356,1305.69837808609,370.43412044644356
371.9151110649109,1305.2588346004486,371.9151110649109
372.0594062805176,1305.0738871097565,372.0594062805176
372.09552216529846,1305.1506459712982,372.09552216529846
371.9151110649109,1305.2588346004486,371.9151110649109
372.09552216529846,1305.1506459712982,372.09552216529846
371.9151110649109,1305.7708740234375,371.9151110649109
372.09552216529846,1305.1506459712982,372.09552216529846
372.0594062805176,1305.0738871097565,372.0594062805176
372.3953423500061,1304.9708502292633,372.3953423500061
372.09552216529846,1305.1506459712982,372.09552216529846
372.3953423500061,1304.9708502292633,372.3953423500061
372.5,1305.7708740234375,372.5
372.09552216529846,1305.1506459712982,372.09552216529846
372.5,1305.7708740234375,372.5
371.9151110649109,1305.7708740234375,371.9151110649109
372.0594062805176,1305.0738871097565,372.0594062805176
373.74093890190125,1306.211863040924,373.74093890190125
372.6186571121216,1304.8045661449432,372.6186571121216
372.0594062805176,1305.0738871097565,372.0594062805176
372.6186571121216,1304.8045661449432,372.6186571121216
372.3953423500061,1304.9708502292633,372.3953423500061
372.6186571121216,1304.8045661449432,372.6186571121216
373.74093890190125,1306.211863040924,373.74093890190125
373.59165382385254,1303.5844671726227,373.59165382385254
372.6186571121216,1304.8045661449432,372.6186571121216
373.59165382385254,1303.5844671726227,373.59165382385254
372.3953423500061,1304.9708502292633,372.3953423500061
373.74093890190125,1306.211863040924,373.74093890190125
375.4058132171631,1304.1241765022278,375.4058132171631
373.59165382385254,1303.5844671726227,373.59165382385254
372.3953423500061,1304.9708502292633,372.3953423500061
373.59165382385254,1303.5844671726227,373.59165382385254
372.5,1304.8957815170288,372.5
372.3953423500061,1304.9708502292633,372.3953423500061
372.5,1304.8957815170288,372.5
372.5,1305.7708740234375,372.5
372.5,1304.8957815170288,372.5
373.59165382385254,1303.5844671726227,373.59165382385254
372.395201921463,1304.9709475040436,372.395201921463
372.5,1304.8957815170288,372.5
372.395201921463,1304.9709475040436,372.395201921463
372.5,1305.7708740234375,372.5
373.59165382385254,1303.5844671726227,373.59165382385254
375.4058132171631,1304.1241765022278,375.4058132171631
373.7840692996979,1303.3431857824326,373.7840692996979
373.59165382385254,1303.5844671726227,373.59165382385254
373.7840692996979,1303.3431857824326,373.7840692996979
373.63730669021606,1303.62087392807,373.63730669021606
373.59165382385254,1303.5844671726227,373.59165382385254
373.63730669021606,1303.62087392807,373.63730669021606
372.395201921463,1304.9709475040436,372.395201921463
375.4058132171631,1304.1241765022278,375.4058132171631
376.0,1301.5208740234375,376.0
374.19999980926514,1301.5208740234375,374.19999980926514
375.4058132171631,1304.1241765022278,375.4058132171631
374.19999980926514,1301.5208740234375,374.19999980926514
373.7840692996979,1303.3431857824326,373.7840692996979
373.7840692996979,1303.3431857824326,373.7840692996979
374.19999980926514,1301.5208740234375,374.19999980926514
374.19999980926514,1301.5208740234375,374.19999980926514
373.7840692996979,1303.3431857824326,373.7840692996979
374.19999980926514,1301.5208740234375,374.19999980926514
373.63730669021606,1303.62087392807,373.63730669021606
374.19999980926514,1301.5208740234375,374.19999980926514
376.0,1301.5208740234375,376.0
373.7840692996979,1299.6985622644424,373.7840692996979
374.19999980926514,1301.5208740234375,374.19999980926514
373.7840692996979,1299.6985622644424,373.7840692996979
374.19999980926514,1301.5208740234375,374.19999980926514
376.0,1301.5208740234375,376.0
379.0,1296.324721813202,379.0
375.4058132171631,1298.9175715446472,375.4058132171631
376.0,1301.5208740234375,376.0
375.4058132171631,1298.9175715446472,375.4058132171631
373.7840692996979,1299.6985622644424,373.7840692996979
375.4058132171631,1298.9175715446472,375.4058132171631
379.0,1296.324721813202,379.0
373.74093890190125,1296.829885005951,373.74093890190125
375.4058132171631,1298.9175715446472,375.4058132171631
373.74093890190125,1296.829885005951,373.74093890190125
373.59165382385254,1299.4572808742523,373.59165382385254
375.4058132171631,1298.9175715446472,375.4058132171631
373.59165382385254,1299.4572808742523,373.59165382385254
373.7840692996979,1299.6985622644424,373.7840692996979
373.7840692996979,1299.6985622644424,373.7840692996979
373.59165382385254,1299.4572808742523,373.59165382385254
373.63730669021606,1299.420874118805,373.63730669021606
373.7840692996979,1299.6985622644424,373.7840692996979
373.63730669021606,1299.420874118805,373.63730669021606
374.19999980926514,1301.5208740234375,374.19999980926514
374.19999980926514,1301.5208740234375,374.19999980926514
373.63730669021606,1299.420874118805,373.63730669021606
370.0,1301.5208740234375,370.0
374.19999980926514,1301.5208740234375,374.19999980926514
370.0,1301.5208740234375,370.0
373.63730669021606,1303.62087392807,373.63730669021606
379.0,1296.324721813202,379.0
369.99999999999994,1291.1285696029663,369.99999999999994
371.33512556552887,1295.6713066101074,371.33512556552887
379.0,1296.324721813202,379.0
371.33512556552887,1295.6713066101074,371.33512556552887
373.74093890190125,1296.829885005951,373.74093890190125
373.74093890190125,1296.829885005951,373.74093890190125
371.33512556552887,1295.6713066101074,371.33512556552887
372.0594062805176,1297.9678609371185,372.0594062805176
373.74093890190125,1296.829885005951,373.74093890190125
372.0594062805176,1297.9678609371185,372.0594062805176
372.6186571121216,1298.2371819019318,372.6186571121216
373.74093890190125,1296.829885005951,373.74093890190125
372.6186571121216,1298.2371819019318,372.6186571121216
373.59165382385254,1299.4572808742523,373.59165382385254
372.6186571121216,1298.2371819019318,372.6186571121216
372.0594062805176,1297.9678609371185,372.0594062805176
372.09999990463257,1297.8835673332214,372.09999990463257
372.6186571121216,1298.2371819019318,372.6186571121216
372.09999990463257,1297.8835673332214,372.09999990463257
372.395201921463,1298.0708005428314,372.395201921463
372.6186571121216,1298.2371819019318,372.6186571121216
372.395201921463,1298.0708005428314,372.395201921463
373.59165382385254,1299.4572808742523,373.59165382385254
373.59165382385254,1299.4572808742523,373.59165382385254
372.395201921463,1298.0708005428314,372.395201921463
372.5,1298.1459665298462,372.5
373.59165382385254,1299.4572808742523,373.59165382385254
372.5,1298.1459665298462,372.5
373.63730669021606,1299.420874118805,373.63730669021606
372.5,1298.1459665298462,372.5
372.395201921463,1298.0708005428314,372.395201921463
372.5,1297.2708740234375,372.5
372.5,1298.1459665298462,372.5
372.5,1297.2708740234375,372.5
372.3953423500061,1298.0708978176117,372.3953423500061
372.5,1298.1459665298462,372.5
372.3953423500061,1298.0708978176117,372.3953423500061
373.63730669021606,1299.420874118805,373.63730669021606
372.395201921463,1298.0708005428314,372.395201921463
372.09999990463257,1297.8835673332214,372.09999990463257
371.9151110649109,1297.2708740234375,371.9151110649109
372.395201921463,1298.0708005428314,372.395201921463
371.9151110649109,1297.2708740234375,371.9151110649109
372.5,1297.2708740234375,372.5
372.09999990463257,1297.8835673332214,372.09999990463257
372.0594062805176,1297.9678609371185,372.0594062805176
371.87812197208405,1297.7860326766968,371.87812197208405
372.09999990463257,1297.8835673332214,372.09999990463257
371.87812197208405,1297.7860326766968,371.87812197208405
371.9151110649109,1297.2708740234375,371.9151110649109
371.87812197208405,1297.7860326766968,371.87812197208405
372.0594062805176,1297.9678609371185,372.0594062805176
371.2601157426834,1297.5143656730652,371.2601157426834
371.87812197208405,1297.7860326766968,371.87812197208405
371.2601157426834,1297.5143656730652,371.2601157426834
371.9151110649109,1297.2708740234375,371.9151110649109
373.63730669021606,1299.420874118805,373.63730669021606
372.3953423500061,1298.0708978176117,372.3953423500061
372.09999990463257,1297.8835673332214,372.09999990463257
373.63730669021606,1299.420874118805,373.63730669021606
372.09999990463257,1297.8835673332214,372.09999990463257
370.0,1301.5208740234375,370.0
372.3953423500061,1298.0708978176117,372.3953423500061
372.5,1297.2708740234375,372.5
372.09552216529846,1297.8911020755768,372.09552216529846
372.3953423500061,1298.0708978176117,372.3953423500061
372.09552216529846,1297.8911020755768,372.09552216529846
372.09999990463257,1297.8835673332214,372.09999990463257
372.09552216529846,1297.8911020755768,372.09552216529846
372.5,1297.2708740234375,372.5
371.9151110649109,1297.2708740234375,371.9151110649109
372.09552216529846,1297.8911020755768,372.09552216529846
371.9151110649109,1297.2708740234375,371.9151110649109
371.9151110649109,1297.7829134464264,371.9151110649109
372.09552216529846,1297.8911020755768,372.09552216529846
371.9151110649109,1297.7829134464264,371.9151110649109
372.09999990463257,1297.8835673332214,372.09999990463257
371.9151110649109,1297.7829134464264,371.9151110649109
371.9151110649109,1297.2708740234375,371.9151110649109
371.25957787036896,1297.5141968727112,371.25957787036896
371.9151110649109,1297.7829134464264,371.9151110649109
371.25957787036896,1297.5141968727112,371.25957787036896
372.09999990463257,1297.8835673332214,372.09999990463257
371.25957787036896,1297.5141968727112,371.25957787036896
371.9151110649109,1297.2708740234375,371.9151110649109
370.43412044644356,1297.343369960785,370.43412044644356
371.25957787036896,1297.5141968727112,371.25957787036896
370.43412044644356,1297.343369960785,370.43412044644356
372.09999990463257,1297.8835673332214,372.09999990463257
372.09999990463257,1297.8835673332214,372.09999990463257
370.43412044644356,1297.343369960785,370.43412044644356
370.0,1297.3208742141724,370.0
372.09999990463257,1297.8835673332214,372.09999990463257
370.0,1297.3208742141724,370.0
370.0,1301.5208740234375,370.0
372.5,1297.2708740234375,372.5
371.9151110649109,1297.2708740234375,371.9151110649109
370.0,1297.2708740234375,370.0
372.5,1297.2708740234375,372.5
370.0,1297.2708740234375,370.0
371.9151110649109,1297.2708740234375,371.9151110649109
371.9151110649109,1297.2708740234375,371.9151110649109
370.0,1297.2708740234375,370.0
370.43412044644356,1297.2708740234375,370.43412044644356
371.9151110649109,1297.2708740234375,371.9151110649109
370.43412044644356,1297.2708740234375,370.43412044644356
370.43412044644356,1297.343369960785,370.43412044644356
370.43412044644356,1297.343369960785,370.43412044644356
370.43412044644356,1297.2708740234375,370.43412044644356
370.0,1297.3208742141724,370.0
370.43412044644356,1297.343369960785,370.43412044644356
370.0,1297.3208742141724,370.0
370.0,1297.3208742141724,370.0
370.43412044644356,1297.2708740234375,370.43412044644356
370.0,1297.2708740234375,370.0
370.0,1297.2708740234375,370.0
370.43412044644356,1297.2708740234375,370.43412044644356
370.0,1297.2708740234375,370.0
370.0,1297.3208742141724,370.0
370.0,1297.3208742141724,370.0
370.0,1297.3208742141724,370.0
367.90000009536743,1297.8835673332214,367.90000009536743
370.0,1297.3208742141724,370.0
367.90000009536743,1297.8835673332214,367.90000009536743
370.0,1301.5208740234375,370.0
370.0,1297.3208742141724,370.0
370.0,1297.2708740234375,370.0
369.3472892045975,1297.3719019889832,369.3472892045975
370.0,1297.3208742141724,370.0
369.3472892045975,1297.3719019889832,369.3472892045975
367.90000009536743,1297.8835673332214,367.90000009536743
370.0,1297.2708740234375,370.0
370.0,1297.2708740234375,370.0
368.75,1297.2708740234375,368.75
370.0,1297.2708740234375,370.0
368.75,1297.2708740234375,368.75
369.3472892045975,1297.3719019889832,369.3472892045975
369.3472892045975,1297.3719019889832,369.3472892045975
368.75,1297.2708740234375,368.75
368.75,1297.5111980438232,368.75
369.3472892045975,1297.3719019889832,369.3472892045975
368.75,1297.5111980438232,368.75
367.90000009536743,1297.8835673332214,367.90000009536743
368.75,1297.5111980438232,368.75
368.75,1297.2708740234375,368.75
367.90000009536743,1297.8835673332214,367.90000009536743
368.75,1297.5111980438232,368.75
367.90000009536743,1297.8835673332214,367.90000009536743
367.90000009536743,1297.8835673332214,367.90000009536743
368.75,1297.2708740234375,368.75
370.0,1297.2708740234375,370.0
367.6507685184479,1297.2708740234375,367.6507685184479
368.75,1297.2708740234375,368.75
367.6507685184479,1297.2708740234375,367.6507685184479
367.90000009536743,1297.8835673332214,367.90000009536743
367.90000009536743,1297.8835673332214,367.90000009536743
367.90000009536743,1297.8835673332214,367.90000009536743
366.36269330978394,1299.420874118805,366.36269330978394
367.90000009536743,1297.8835673332214,367.90000009536743
366.36269330978394,1299.420874118805,366.36269330978394
370.0,1301.5208740234375,370.0
367.90000009536743,1297.8835673332214,367.90000009536743
367.6507685184479,1297.2708740234375,367.6507685184479
367.6507685184479,1298.039335489273,367.6507685184479
367.90000009536743,1297.8835673332214,367.90000009536743
367.6507685184479,1298.039335489273,367.6507685184479
366.36269330978394,1299.420874118805,366.36269330978394
367.6507685184479,1298.039335489273,367.6507685184479
367.6507685184479,1297.2708740234375,367.6507685184479
367.5,1298.1459665298462,367.5
367.6507685184479,1298.039335489273,367.6507685184479
367.5,1298.1459665298462,367.5
366.36269330978394,1299.420874118805,366.36269330978394
371.9151110649109,1297.2708740234375,371.9151110649109
371.2601157426834,1297.5143656730652,371.2601157426834
370.43412044644356,1297.2708740234375,370.43412044644356
371.9151110649109,1297.2708740234375,371.9151110649109
370.43412044644356,1297.2708740234375,370.43412044644356
370.0,1297.2708740234375,370.0
371.2601157426834,1297.5143656730652,371.2601157426834
372.0594062805176,1297.9678609371185,372.0594062805176
370.43412044644356,1297.343369960785,370.43412044644356
371.2601157426834,1297.5143656730652,371.2601157426834
370.43412044644356,1297.343369960785,370.43412044644356
370.43412044644356,1297.2708740234375,370.43412044644356
372.0594062805176,1297.9678609371185,372.0594062805176
371.33512556552887,1295.6713066101074,371.33512556552887
370.9345878958702,1297.4261770248413,370.9345878958702
372.0594062805176,1297.9678609371185,372.0594062805176
370.9345878958702,1297.4261770248413,370.9345878958702
370.43412044644356,1297.343369960785,370.43412044644356
370.43412044644356,1297.343369960785,370.43412044644356
370.9345878958702,1297.4261770248413,370.9345878958702
370.00088569236686,1297.3547158241272,370.00088569236686
370.43412044644356,1297.343369960785,370.43412044644356
370.00088569236686,1297.3547158241272,370.00088569236686
370.43412044644356,1297.2708740234375,370.43412044644356
370.9345878958702,1297.4261770248413,370.9345878958702
371.33512556552887,1295.6713066101074,371.33512556552887
370.0,1297.4261770248413,370.0
370.9345878958702,1297.4261770248413,370.9345878958702
370.0,1297.4261770248413,370.0
370.00088569236686,1297.3547158241272,370.00088569236686
370.43412044644356,1297.2708740234375,370.43412044644356
370.00088569236686,1297.3547158241272,370.00088569236686
368.75,1297.2708740234375,368.75
370.43412044644356,1297.2708740234375,370.43412044644356
368.75,1297.2708740234375,368.75
370.0,1297.2708740234375,370.0
370.00088569236686,1297.3547158241272,370.00088569236686
370.0,1297.4261770248413,370.0
369.3478164076805,1297.3718190193176,369.3478164076805
370.00088569236686,1297.3547158241272,370.00088569236686
369.3478164076805,1297.3718190193176,369.3478164076805
368.75,1297.2708740234375,368.75
370.0,1297.2708740234375,370.0
368.75,1297.2708740234375,368.75
367.6507685184479,1297.2708740234375,367.6507685184479
370.0,1297.2708740234375,370.0
367.6507685184479,1297.2708740234375,367.6507685184479
367.6507685184479,1297.2708740234375,367.6507685184479
367.6507685184479,1297.2708740234375,367.6507685184479
367.6507685184479,1297.2708740234375,367.6507685184479
367.6507685184479,1298.039335489273,367.6507685184479
367.6507685184479,1297.2708740234375,367.6507685184479
367.6507685184479,1298.039335489273,367.6507685184479
367.5,1298.1459665298462,367.5
367.6507685184479,1297.2708740234375,367.6507685184479
368.75,1297.2708740234375,368.75
367.90000009536743,1297.8835673332214,367.90000009536743
367.6507685184479,1297.2708740234375,367.6507685184479
367.90000009536743,1297.8835673332214,367.90000009536743
367.6507685184479,1298.039335489273,367.6507685184479
368.75,1297.2708740234375,368.75
369.3478164076805,1297.3718190193176,369.3478164076805
368.75,1297.5111980438232,368.75
368.75,1297.2708740234375,368.75
368.75,1297.5111980438232,368.75
367.90000009536743,1297.8835673332214,367.90000009536743
367.90000009536743,1297.8835673332214,367.90000009536743
368.75,1297.5111980438232,368.75
367.9405937194824,1297.9678609371185,367.9405937194824
367.90000009536743,1297.8835673332214,367.90000009536743
367.9405937194824,1297.9678609371185,367.9405937194824
367.6507685184479,1298.039335489273,367.6507685184479
368.75,1297.5111980438232,368.75
369.3478164076805,1297.3718190193176,369.3478164076805
369.0654121041298,1297.4261770248413,369.0654121041298
368.75,1297.5111980438232,368.75
369.0654121041298,1297.4261770248413,369.0654121041298
367.9405937194824,1297.9678609371185,367.9405937194824
369.3478164076805,1297.3718190193176,369.3478164076805
370.0,1297.4261770248413,370.0
369.0654121041298,1297.4261770248413,369.0654121041298
369.0654121041298,1297.4261770248413,369.0654121041298
370.0,1297.4261770248413,370.0
368.66487443447113,1295.6713066101074,368.66487443447113
369.0654121041298,1297.4261770248413,369.0654121041298
368.66487443447113,1295.6713066101074,368.66487443447113
367.9405937194824,1297.9678609371185,367.9405937194824
370.0,1297.4261770248413,370.0
371.33512556552887,1295.6713066101074,371.33512556552887
368.66487443447113,1295.6713066101074,368.66487443447113
371.33512556552887,1295.6713066101074,371.33512556552887
369.99999999999994,1291.1285696029663,369.99999999999994
368.66487443447113,1295.6713066101074,368.66487443447113
368.66487443447113,1295.6713066101074,368.66487443447113
369.99999999999994,1291.1285696029663,369.99999999999994
366.25906109809875,1296.829885005951,366.25906109809875
368.66487443447113,1295.6713066101074,368.66487443447113
366.25906109809875,1296.829885005951,366.25906109809875
367.9405937194824,1297.9678609371185,367.9405937194824
369.99999999999994,1291.1285696029663,369.99999999999994
361.0,1296.324721813202,361.0
366.25906109809875,1296.829885005951,366.25906109809875
367.9405937194824,1297.9678609371185,367.9405937194824
366.25906109809875,1296.829885005951,366.25906109809875
367.3813428878784,1298.2371819019318,367.3813428878784
367.9405937194824,1297.9678609371185,367.9405937194824
367.3813428878784,1298.2371819019318,367.3813428878784
367.6507685184479,1298.039335489273,367.6507685184479
367.3813428878784,1298.2371819019318,367.3813428878784
366.25906109809875,1296.829885005951,366.25906109809875
366.40834617614746,1299.4572808742523,366.40834617614746
367.3813428878784,1298.2371819019318,367.3813428878784
366.40834617614746,1299.4572808742523,366.40834617614746
367.6507685184479,1298.039335489273,367.6507685184479
367.6507685184479,1298.039335489273,367.6507685184479
366.40834617614746,1299.4572808742523,366.40834617614746
367.5,1298.1459665298462,367.5
367.5,1298.1459665298462,367.5
366.40834617614746,1299.4572808742523,366.40834617614746
366.36269330978394,1299.420874118805,366.36269330978394
366.25906109809875,1296.829885005951,366.25906109809875
361.0,1296.324721813202,361.0
364.5941867828369,1298.9175715446472,364.5941867828369
366.25906109809875,1296.829885005951,366.25906109809875
364.5941867828369,1298.9175715446472,364.5941867828369
366.40834617614746,1299.4572808742523,366.40834617614746
366.40834617614746,1299.4572808742523,366.40834617614746
364.5941867828369,1298.9175715446472,364.5941867828369
366.2159307003021,1299.6985622644424,366.2159307003021
366.40834617614746,1299.4572808742523,366.40834617614746
366.2159307003021,1299.6985622644424,366.2159307003021
366.36269330978394,1299.420874118805,366.36269330978394
366.36269330978394,1299.420874118805,366.36269330978394
366.2159307003021,1299.6985622644424,366.2159307003021
365.80000019073486,1301.5208740234375,365.80000019073486
366.36269330978394,1299.420874118805,366.36269330978394
365.80000019073486,1301.5208740234375,365.80000019073486
370.0,1301.5208740234375,370.0
366.2159307003021,1299.6985622644424,366.2159307003021
364.5941867828369,1298.9175715446472,364.5941867828369
365.80000019073486,1301.5208740234375,365.80000019073486
366.2159307003021,1299.6985622644424,366.2159307003021
365.80000019073486,1301.5208740234375,365.80000019073486
365.80000019073486,1301.5208740234375,365.80000019073486
364.5941867828369,1298.9175715446472,364.5941867828369
361.0,1296.324721813202,361.0
364.0,1301.5208740234375,364.0
364.5941867828369,1298.9175715446472,364.5941867828369
364.0,1301.5208740234375,364.0
365.80000019073486,1301.5208740234375,365.80000019073486
361.0,1296.324721813202,361.0
361.0,1306.717026233673,361.0
364.0,1301.5208740234375,364.0
365.80000019073486,1301.5208740234375,365.80000019073486
364.0,1301.5208740234375,364.0
366.2159307003021,1303.3431857824326,366.2159307003021
365.80000019073486,1301.5208740234375,365.80000019073486
366.2159307003021,1303.3431857824326,366.2159307003021
365.80000019073486,1301.5208740234375,365.80000019073486
364.0,1301.5208740234375,364.0
361.0,1306.717026233673,361.0
364.5941867828369,1304.1241765022278,364.5941867828369
364.0,1301.5208740234375,364.0
364.5941867828369,1304.1241765022278,364.5941867828369
366.2159307003021,1303.3431857824326,366.2159307003021
365.80000019073486,1301.5208740234375,365.80000019073486
366.2159307003021,1303.3431857824326,366.2159307003021
366.36269330978394,1303.62087392807,366.36269330978394
365.80000019073486,1301.5208740234375,365.80000019073486
366.36269330978394,1303.62087392807,366.36269330978394
370.0,1301.5208740234375,370.0
366.2159307003021,1303.3431857824326,366.2159307003021
364.5941867828369,1304.1241765022278,364.5941867828369
366.40834617614746,1303.5844671726227,366.40834617614746
366.2159307003021,1303.3431857824326,366.2159307003021
366.40834617614746,1303.5844671726227,366.40834617614746
366.36269330978394,1303.62087392807,366.36269330978394
364.5941867828369,1304.1241765022278,364.5941867828369
361.0,1306.717026233673,361.0
366.25906109809875,1306.211863040924,366.25906109809875
364.5941867828369,1304.1241765022278,364.5941867828369
366.25906109809875,1306.211863040924,366.25906109809875
366.40834617614746,1303.5844671726227,366.40834617614746
361.0,1306.717026233673,361.0
368.66487443447113,1307.3704414367676,368.66487443447113
366.25906109809875,1306.211863040924,366.25906109809875
366.25906109809875,1306.211863040924,366.25906109809875
368.66487443447113,1307.3704414367676,368.66487443447113
367.9405937194824,1305.0738871097565,367.9405937194824
366.25906109809875,1306.211863040924,366.25906109809875
367.9405937194824,1305.0738871097565,367.9405937194824
367.3813428878784,1304.8045661449432,367.3813428878784
366.25906109809875,1306.211863040924,366.25906109809875
367.3813428878784,1304.8045661449432,367.3813428878784
366.40834617614746,1303.5844671726227,366.40834617614746
368.66487443447113,1307.3704414367676,368.66487443447113
370.0,1305.6155710220337,370.0
369.0654121041298,1305.6155710220337,369.0654121041298
368.66487443447113,1307.3704414367676,368.66487443447113
369.0654121041298,1305.6155710220337,369.0654121041298
367.9405937194824,1305.0738871097565,367.9405937194824
370.0,1305.6155710220337,370.0
370.43412044644356,1305.69837808609,370.43412044644356
370.0,1305.7208738327026,370.0
370.0,1305.6155710220337,370.0
370.0,1305.7208738327026,370.0
369.0654121041298,1305.6155710220337,369.0654121041298
369.0654121041298,1305.6155710220337,369.0654121041298
370.0,1305.7208738327026,370.0
369.3472892045975,1305.6698460578918,369.3472892045975
369.0654121041298,1305.6155710220337,369.0654121041298
369.3472892045975,1305.6698460578918,369.3472892045975
367.9405937194824,1305.0738871097565,367.9405937194824
370.43412044644356,1305.69837808609,370.43412044644356
371.9151110649109,1305.7708740234375,371.9151110649109
370.43412044644356,1305.7708740234375,370.43412044644356
370.43412044644356,1305.69837808609,370.43412044644356
370.43412044644356,1305.7708740234375,370.43412044644356
370.0,1305.7208738327026,370.0
370.0,1305.7208738327026,370.0
370.43412044644356,1305.7708740234375,370.43412044644356
368.75,1305.7708740234375,368.75
370.0,1305.7208738327026,370.0
368.75,1305.7708740234375,368.75
369.3472892045975,1305.6698460578918,369.3472892045975
370.43412044644356,1305.7708740234375,370.43412044644356
371.9151110649109,1305.7708740234375,371.9151110649109
370.0,1305.7708740234375,370.0
370.43412044644356,1305.7708740234375,370.43412044644356
370.0,1305.7708740234375,370.0
368.75,1305.7708740234375,368.75
371.9151110649109,1305.7708740234375,371.9151110649109
372.5,1305.7708740234375,372.5
370.0,1305.7708740234375,370.0
369.3472892045975,1305.6698460578918,369.3472892045975
368.75,1305.7708740234375,368.75
368.75,1305.5305500030518,368.75
369.3472892045975,1305.6698460578918,369.3472892045975
368.75,1305.5305500030518,368.75
367.9405937194824,1305.0738871097565,367.9405937194824
368.75,1305.5305500030518,368.75
368.75,1305.7708740234375,368.75
367.90000009536743,1305.1581807136536,367.90000009536743
368.75,1305.5305500030518,368.75
367.90000009536743,1305.1581807136536,367.90000009536743
367.9405937194824,1305.0738871097565,367.9405937194824
367.9405937194824,1305.0738871097565,367.9405937194824
367.90000009536743,1305.1581807136536,367.90000009536743
367.3813428878784,1304.8045661449432,367.3813428878784
368.75,1305.7708740234375,368.75
370.0,1305.7708740234375,370.0
367.6507685184479,1305.7708740234375,367.6507685184479
368.75,1305.7708740234375,368.75
367.6507685184479,1305.7708740234375,367.6507685184479
367.90000009536743,1305.1581807136536,367.90000009536743
367.90000009536743,1305.1581807136536,367.90000009536743
367.6507685184479,1305.7708740234375,367.6507685184479
367.6507685184479,1305.002412557602,367.6507685184479
367.90000009536743,1305.1581807136536,367.90000009536743
367.6507685184479,1305.002412557602,367.6507685184479
367.3813428878784,1304.8045661449432,367.3813428878784
367.3813428878784,1304.8045661449432,367.3813428878784
367.6507685184479,1305.002412557602,367.6507685184479
366.40834617614746,1303.5844671726227,366.40834617614746
367.6507685184479,1305.002412557602,367.6507685184479
367.6507685184479,1305.7708740234375,367.6507685184479
367.5,1304.8957815170288,367.5
367.6507685184479,1305.002412557602,367.6507685184479
367.5,1304.8957815170288,367.5
366.40834617614746,1303.5844671726227,366.40834617614746
366.40834617614746,1303.5844671726227,366.40834617614746
367.5,1304.8957815170288,367.5
366.36269330978394,1303.62087392807,366.36269330978394
367.5,1304.8957815170288,367.5
367.6507685184479,1305.7708740234375,367.6507685184479
367.6507685184479,1305.002412557602,367.6507685184479
367.5,1304.8957815170288,367.5
367.6507685184479,1305.002412557602,367.6507685184479
366.36269330978394,1303.62087392807,366.36269330978394
367.6507685184479,1305.7708740234375,367.6507685184479
370.0,1305.7708740234375,370.0
367.6507685184479,1305.7708740234375,367.6507685184479
367.6507685184479,1305.7708740234375,367.6507685184479
367.6507685184479,1305.7708740234375,367.6507685184479
367.6507685184479,1305.002412557602,367.6507685184479
366.36269330978394,1303.62087392807,366.36269330978394
367.6507685184479,1305.002412557602,367.6507685184479
367.90000009536743,1305.1581807136536,367.90000009536743
366.36269330978394,1303.62087392807,366.36269330978394
367.90000009536743,1305.1581807136536,367.90000009536743
370.0,1301.5208740234375,370.0
367.6507685184479,1305.002412557602,367.6507685184479
367.6507685184479,1305.7708740234375,367.6507685184479
367.90000009536743,1305.1581807136536,367.90000009536743
367.6507685184479,1305.002412557602,367.6507685184479
367.90000009536743,1305.1581807136536,367.90000009536743
367.90000009536743,1305.1581807136536,367.90000009536743
367.6507685184479,1305.7708740234375,367.6507685184479
370.0,1305.7708740234375,370.0
368.75,1305.7708740234375,368.75
367.6507685184479,1305.7708740234375,367.6507685184479
368.75,1305.7708740234375,368.75
367.90000009536743,1305.1581807136536,367.90000009536743
367.90000009536743,1305.1581807136536,367.90000009536743
368.75,1305.7708740234375,368.75
368.75,1305.5305500030518,368.75
367.90000009536743,1305.1581807136536,367.90000009536743
368.75,1305.5305500030518,368.75
367.90000009536743,1305.1581807136536,367.90000009536743
368.75,1305.5305500030518,368.75
368.75,1305.7708740234375,368.75
369.3478164076805,1305.6699290275574,369.3478164076805
368.75,1305.5305500030518,368.75
369.3478164076805,1305.6699290275574,369.3478164076805
367.90000009536743,1305.1581807136536,367.90000009536743
368.75,1305.7708740234375,368.75
370.0,1305.7708740234375,370.0
370.0,1305.7708740234375,370.0
368.75,1305.7708740234375,368.75
370.0,1305.7708740234375,370.0
369.3478164076805,1305.6699290275574,369.3478164076805
367.90000009536743,1305.1581807136536,367.90000009536743
369.3478164076805,1305.6699290275574,369.3478164076805
370.0,1305.7208738327026,370.0
367.90000009536743,1305.1581807136536,367.90000009536743
370.0,1305.7208738327026,370.0
370.0,1301.5208740234375,370.0
369.3478164076805,1305.6699290275574,369.3478164076805
370.0,1305.7708740234375,370.0
370.00088569236686,1305.6870322227478,370.00088569236686
369.3478164076805,1305.6699290275574,369.3478164076805
370.00088569236686,1305.6870322227478,370.00088569236686
370.0,1305.7208738327026,370.0
370.0,1305.7208738327026,370.0
370.00088569236686,1305.6870322227478,370.00088569236686
372.09999990463257,1305.1581807136536,372.09999990463257
370.0,1305.7208738327026,370.0
372.09999990463257,1305.1581807136536,372.09999990463257
370.0,1301.5208740234375,370.0
370.0,1301.5208740234375,370.0
372.09999990463257,1305.1581807136536,372.09999990463257
373.63730669021606,1303.62087392807,373.63730669021606
370.00088569236686,1305.6870322227478,370.00088569236686
370.0,1305.7708740234375,370.0
370.43412044644356,1305.69837808609,370.43412044644356
370.00088569236686,1305.6870322227478,370.00088569236686
370.43412044644356,1305.69837808609,370.43412044644356
372.09999990463257,1305.1581807136536,372.09999990463257
370.0,1305.7708740234375,370.0
370.0,1305.7708740234375,370.0
370.43412044644356,1305.7708740234375,370.43412044644356
370.0,1305.7708740234375,370.0
370.43412044644356,1305.7708740234375,370.43412044644356
370.43412044644356,1305.69837808609,370.43412044644356
370.43412044644356,1305.69837808609,370.43412044644356
370.43412044644356,1305.7708740234375,370.43412044644356
371.2601157426834,1305.5273823738098,371.2601157426834
370.43412044644356,1305.69837808609,370.43412044644356
371.2601157426834,1305.5273823738098,371.2601157426834
372.09999990463257,1305.1581807136536,372.09999990463257
370.43412044644356,1305.7708740234375,370.43412044644356
370.0,1305.7708740234375,370.0
371.9151110649109,1305.7708740234375,371.9151110649109
370.43412044644356,1305.7708740234375,370.43412044644356
371.9151110649109,1305.7708740234375,371.9151110649109
371.2601157426834,1305.5273823738098,371.2601157426834
370.0,1305.7708740234375,370.0
372.5,1305.7708740234375,372.5
371.9151110649109,1305.7708740234375,371.9151110649109
372.5,1305.7708740234375,372.5
372.395201921463,1304.9709475040436,372.395201921463
371.9151110649109,1305.7708740234375,371.9151110649109
371.2601157426834,1305.5273823738098,371.2601157426834
371.9151110649109,1305.7708740234375,371.9151110649109
371.87812197208405,1305.2557153701782,371.87812197208405
371.2601157426834,1305.5273823738098,371.2601157426834
371.87812197208405,1305.2557153701782,371.87812197208405
372.09999990463257,1305.1581807136536,372.09999990463257
371.87812197208405,1305.2557153701782,371.87812197208405
371.9151110649109,1305.7708740234375,371.9151110649109
372.09999990463257,1305.1581807136536,372.09999990463257
371.87812197208405,1305.2557153701782,371.87812197208405
372.09999990463257,1305.1581807136536,372.09999990463257
372.09999990463257,1305.1581807136536,372.09999990463257
371.9151110649109,1305.7708740234375,371.9151110649109
372.395201921463,1304.9709475040436,372.395201921463
372.09999990463257,1305.1581807136536,372.09999990463257
372.09999990463257,1305.1581807136536,372.09999990463257
372.09999990463257,1305.1581807136536,372.09999990463257
373.63730669021606,1303.62087392807,373.63730669021606
372.09999990463257,1305.1581807136536,372.09999990463257
372.395201921463,1304.9709475040436,372.395201921463
373.63730669021606,1303.62087392807,373.63730669021606
