666.768033200518,616.361090183258,666.768033200518
667.2329965509831,616.361090183258,667.2329965509831
669.9972108184464,616.361090183258,669.9972108184464
667.2329965509831,616.361090183258,667.2329965509831
667.7285460374765,616.361090183258,667.7285460374765
669.9972108184464,616.361090183258,669.9972108184464
667.7285460374765,616.361090183258,667.7285460374765
668.0228075737233,616.361090183258,668.0228075737233
670.8073460627152,616.361090183258,670.8073460627152
667.7285460374765,616.361090183258,667.7285460374765
670.8073460627152,616.361090183258,670.8073460627152
669.9972108184464,616.361090183258,669.9972108184464
668.0228075737233,616.361090183258,668.0228075737233
667.9780938143159,616.361090183258,667.9780938143159
670.820415020498,616.361090183258,670.820415020498
668.0228075737233,616.361090183258,668.0228075737233
670.820415020498,616.361090183258,670.820415020498
670.8073460627152,616.361090183258,670.8073460627152
670.8073460627152,616.361090183258,670.8073460627152
670.820415020498,616.361090183258,670.820415020498
670.8073460627152,616.0610909461975,670.8073460627152
670.8073460627152,616.361090183258,670.8073460627152
670.8073460627152,616.0610909461975,670.8073460627152
669.9972108184464,616.361090183258,669.9972108184464
667.9780938143159,616.361090183258,667.9780938143159
667.6153267916719,616.361090183258,667.6153267916719
665.8976333587066,616.361090183258,665.8976333587066
667.9780938143159,616.361090183258,667.9780938143159
665.8976333587066,616.361090183258,665.8976333587066
670.820415020498,616.361090183258,670.820415020498
667.6153267916719,616.361090183258,667.6153267916719
667.1042490577537,616.361090183258,667.1042490577537
665.8976333587066,616.361090183258,665.8976333587066
670.820415020498,616.361090183258,670.820415020498
665.8976333587066,616.361090183258,665.8976333587066
670.820415020498,616.0610909461975,670.820415020498
670.820415020498,616.361090183258,670.820415020498
670.820415020498,616.0610909461975,670.820415020498
670.8073460627152,616.0610909461975,670.8073460627152
667.1042490577537,616.361090183258,667.1042490577537
666.6839994666959,616.361090183258,666.6839994666959
663.2883307785979,616.361090183258,663.2883307785979
667.1042490577537,616.361090183258,667.1042490577537
663.2883307785979,616.361090183258,663.2883307785979
665.8976333587066,616.361090183258,665.8976333587066
666.6839994666959,616.361090183258,666.6839994666959
666.5512173400214,616.361090183258,666.5512173400214
662.4781955343292,616.361090183258,662.4781955343292
666.6839994666959,616.361090183258,666.6839994666959
662.4781955343292,616.361090183258,662.4781955343292
663.2883307785979,616.361090183258,663.2883307785979
666.5512173400214,616.361090183258,666.5512173400214
666.768033200518,616.361090183258,666.768033200518
662.4781955343292,616.361090183258,662.4781955343292
666.768033200518,616.361090183258,666.768033200518
669.9972108184464,616.361090183258,669.9972108184464
662.4781955343292,616.361090183258,662.4781955343292
663.2883307785979,616.361090183258,663.2883307785979
662.4781955343292,616.361090183258,662.4781955343292
662.6903276999246,616.0610909461975,662.6903276999246
663.2883307785979,616.361090183258,663.2883307785979
662.6903276999246,616.0610909461975,662.6903276999246
663.2883307785979,616.0610909461975,663.2883307785979
663.2883307785979,616.361090183258,663.2883307785979
663.2883307785979,616.0610909461975,663.2883307785979
665.8976333587066,616.361090183258,665.8976333587066
665.8976333587066,616.361090183258,665.8976333587066
663.2883307785979,616.0610909461975,663.2883307785979
665.8976333587066,616.0610909461975,665.8976333587066
665.8976333587066,616.361090183258,665.8976333587066
665.8976333587066,616.0610909461975,665.8976333587066
670.820415020498,616.0610909461975,670.820415020498
663.2883307785979,616.0610909461975,663.2883307785979
662.6903276999246,616.0610909461975,662.6903276999246
666.57391898094,616.0610909461975,666.57391898094
663.2883307785979,616.0610909461975,663.2883307785979
666.57391898094,616.0610909461975,666.57391898094
666.768033200518,616.0610909461975,666.768033200518
663.2883307785979,616.0610909461975,663.2883307785979
666.768033200518,616.0610909461975,666.768033200518
665.8976333587066,616.0610909461975,665.8976333587066
670.820415020498,616.0610909461975,670.820415020498
665.8976333587066,616.0610909461975,665.8976333587066
667.8286933541453,616.0610909461975,667.8286933541453
670.820415020498,616.0610909461975,670.820415020498
667.8286933541453,616.0610909461975,667.8286933541453
668.0455095518167,616.0610909461975,668.0455095518167
670.820415020498,616.0610909461975,670.820415020498
668.0455095518167,616.0610909461975,668.0455095518167
670.8073460627152,616.0610909461975,670.8073460627152
665.8976333587066,616.0610909461975,665.8976333587066
666.768033200518,616.0610909461975,666.768033200518
666.8681811915365,616.0610909461975,666.8681811915365
665.8976333587066,616.0610909461975,665.8976333587066
666.8681811915365,616.0610909461975,666.8681811915365
667.363730340855,616.0610909461975,667.363730340855
665.8976333587066,616.0610909461975,665.8976333587066
667.363730340855,616.0610909461975,667.363730340855
667.8286933541453,616.0610909461975,667.8286933541453
666.8681811915365,616.0610909461975,666.8681811915365
666.768033200518,616.0610909461975,666.768033200518
666.8681811915365,616.361090183258,666.8681811915365
666.8681811915365,616.0610909461975,666.8681811915365
666.8681811915365,616.361090183258,666.8681811915365
667.363730340855,616.0610909461975,667.363730340855
667.363730340855,616.0610909461975,667.363730340855
666.8681811915365,616.361090183258,666.8681811915365
667.363730340855,616.361090183258,667.363730340855
667.363730340855,616.0610909461975,667.363730340855
667.363730340855,616.361090183258,667.363730340855
667.8286933541453,616.0610909461975,667.8286933541453
667.363730340855,616.361090183258,667.363730340855
667.8286933541453,616.361090183258,667.8286933541453
667.8286933541453,616.0610909461975,667.8286933541453
666.8681811915365,616.361090183258,666.8681811915365
666.768033200518,616.0610909461975,666.768033200518
666.57391898094,616.361090183258,666.57391898094
667.8286933541453,616.0610909461975,667.8286933541453
667.8286933541453,616.361090183258,667.8286933541453
668.0455095518167,616.0610909461975,668.0455095518167
667.8286933541453,616.361090183258,667.8286933541453
668.0455095518167,616.361090183258,668.0455095518167
668.0455095518167,616.0610909461975,668.0455095518167
666.768033200518,616.0610909461975,666.768033200518
666.57391898094,616.0610909461975,666.57391898094
666.57391898094,616.361090183258,666.57391898094
666.57391898094,616.361090183258,666.57391898094
666.57391898094,616.0610909461975,666.57391898094
666.6186327403474,616.361090183258,666.6186327403474
668.0455095518167,616.361090183258,668.0455095518167
667.9127277623169,616.361090183258,667.9127277623169
667.9127277623169,616.0610909461975,667.9127277623169
668.0455095518167,616.361090183258,668.0455095518167
667.9127277623169,616.0610909461975,667.9127277623169
668.0455095518167,616.0610909461975,668.0455095518167
668.0455095518167,616.0610909461975,668.0455095518167
667.9127277623169,616.0610909461975,667.9127277623169
670.8073460627152,616.0610909461975,670.8073460627152
667.9127277623169,616.361090183258,667.9127277623169
667.4924774969096,616.361090183258,667.4924774969096
667.4924774969096,616.0610909461975,667.4924774969096
667.9127277623169,616.361090183258,667.9127277623169
667.4924774969096,616.0610909461975,667.4924774969096
667.9127277623169,616.0610909461975,667.9127277623169
667.9127277623169,616.0610909461975,667.9127277623169
667.4924774969096,616.0610909461975,667.4924774969096
670.2093429840418,616.0610909461975,670.2093429840418
667.9127277623169,616.0610909461975,667.9127277623169
670.2093429840418,616.0610909461975,670.2093429840418
670.8073460627152,616.0610909461975,670.8073460627152
670.8073460627152,616.0610909461975,670.8073460627152
670.2093429840418,616.0610909461975,670.2093429840418
669.9972108184464,616.361090183258,669.9972108184464
667.4924774969096,616.0610909461975,667.4924774969096
667.4924774969096,616.361090183258,667.4924774969096
666.9813997629914,616.0610909461975,666.9813997629914
667.4924774969096,616.0610909461975,667.4924774969096
666.9813997629914,616.0610909461975,666.9813997629914
670.2093429840418,616.0610909461975,670.2093429840418
667.4924774969096,616.361090183258,667.4924774969096
666.9813997629914,616.361090183258,666.9813997629914
666.9813997629914,616.0610909461975,666.9813997629914
666.9813997629914,616.361090183258,666.9813997629914
666.768033200518,616.361090183258,666.768033200518
666.9813997629914,616.0610909461975,666.9813997629914
666.9813997629914,616.0610909461975,666.9813997629914
666.768033200518,616.361090183258,666.768033200518
666.6186327403474,616.0610909461975,666.6186327403474
666.9813997629914,616.0610909461975,666.9813997629914
666.6186327403474,616.0610909461975,666.6186327403474
670.2093429840418,616.0610909461975,670.2093429840418
666.768033200518,616.361090183258,666.768033200518
666.6186327403474,616.361090183258,666.6186327403474
666.6186327403474,616.0610909461975,666.6186327403474
666.6186327403474,616.361090183258,666.6186327403474
666.57391898094,616.0610909461975,666.57391898094
666.6186327403474,616.0610909461975,666.6186327403474
666.57391898094,616.0610909461975,666.57391898094
662.6903276999246,616.0610909461975,662.6903276999246
666.6186327403474,616.0610909461975,666.6186327403474
666.6186327403474,616.0610909461975,666.6186327403474
662.6903276999246,616.0610909461975,662.6903276999246
670.2093429840418,616.0610909461975,670.2093429840418
669.9972108184464,616.361090183258,669.9972108184464
670.2093429840418,616.0610909461975,670.2093429840418
669.9972108184464,599.8458919525146,669.9972108184464
669.9972108184464,616.361090183258,669.9972108184464
669.9972108184464,599.8458919525146,669.9972108184464
662.4781955343292,616.361090183258,662.4781955343292
670.2093429840418,616.0610909461975,670.2093429840418
662.6903276999246,616.0610909461975,662.6903276999246
670.2093429840418,600.1458916664124,670.2093429840418
670.2093429840418,616.0610909461975,670.2093429840418
670.2093429840418,600.1458916664124,670.2093429840418
669.9972108184464,599.8458919525146,669.9972108184464
662.6903276999246,616.0610909461975,662.6903276999246
662.4781955343292,616.361090183258,662.4781955343292
662.6903276999246,600.1458916664124,662.6903276999246
662.6903276999246,616.0610909461975,662.6903276999246
662.6903276999246,600.1458916664124,662.6903276999246
670.2093429840418,600.1458916664124,670.2093429840418
662.4781955343292,616.361090183258,662.4781955343292
669.9972108184464,599.8458919525146,669.9972108184464
662.4781955343293,599.8458919525146,662.4781955343293
662.4781955343292,616.361090183258,662.4781955343292
662.4781955343293,599.8458919525146,662.4781955343293
662.6903276999246,600.1458916664124,662.6903276999246
662.4781955343293,599.8458919525146,662.4781955343293
669.9972108184464,599.8458919525146,669.9972108184464
666.6839994666959,599.8458919525146,666.6839994666959
662.4781955343293,599.8458919525146,662.4781955343293
666.6839994666959,599.8458919525146,666.6839994666959
666.5512170028467,599.8458919525146,666.5512170028467
662.4781955343293,599.8458919525146,662.4781955343293
666.5512170028467,599.8458919525146,666.5512170028467
663.288330778598,599.8458919525146,663.288330778598
662.4781955343293,599.8458919525146,662.4781955343293
663.288330778598,599.8458919525146,663.288330778598
663.288330778598,600.1458916664124,663.288330778598
662.4781955343293,599.8458919525146,662.4781955343293
663.288330778598,600.1458916664124,663.288330778598
662.6903276999246,600.1458916664124,662.6903276999246
666.5512170028467,599.8458919525146,666.5512170028467
666.768033200518,599.8458919525146,666.768033200518
663.288330778598,599.8458919525146,663.288330778598
666.6839994666959,599.8458919525146,666.6839994666959
669.9972108184464,599.8458919525146,669.9972108184464
667.1042490577537,599.8458919525146,667.1042490577537
667.1042490577537,599.8458919525146,667.1042490577537
669.9972108184464,599.8458919525146,669.9972108184464
667.6153274660214,599.8458919525146,667.6153274660214
666.768033200518,599.8458919525146,666.768033200518
667.2329965509831,599.8458919525146,667.2329965509831
665.8976333587067,599.8458919525146,665.8976333587067
666.768033200518,599.8458919525146,666.768033200518
665.8976333587067,599.8458919525146,665.8976333587067
663.288330778598,599.8458919525146,663.288330778598
667.2329965509831,599.8458919525146,667.2329965509831
667.7285453631268,599.8458919525146,667.7285453631268
665.8976333587067,599.8458919525146,665.8976333587067
667.7285453631268,599.8458919525146,667.7285453631268
668.0228075737233,599.8458919525146,668.0228075737233
670.820415020498,599.8458919525146,670.820415020498
667.7285453631268,599.8458919525146,667.7285453631268
670.820415020498,599.8458919525146,670.820415020498
665.8976333587067,599.8458919525146,665.8976333587067
668.0228075737233,599.8458919525146,668.0228075737233
667.9780944886655,599.8458919525146,667.9780944886655
670.820415020498,599.8458919525146,670.820415020498
665.8976333587067,599.8458919525146,665.8976333587067
670.820415020498,599.8458919525146,670.820415020498
665.8976333587067,600.1458916664124,665.8976333587067
665.8976333587067,599.8458919525146,665.8976333587067
665.8976333587067,600.1458916664124,665.8976333587067
663.288330778598,599.8458919525146,663.288330778598
663.288330778598,599.8458919525146,663.288330778598
665.8976333587067,600.1458916664124,665.8976333587067
663.288330778598,600.1458916664124,663.288330778598
667.9780944886655,599.8458919525146,667.9780944886655
667.6153274660214,599.8458919525146,667.6153274660214
670.8073460627152,599.8458919525146,670.8073460627152
667.9780944886655,599.8458919525146,667.9780944886655
670.8073460627152,599.8458919525146,670.8073460627152
670.820415020498,599.8458919525146,670.820415020498
667.6153274660214,599.8458919525146,667.6153274660214
669.9972108184464,599.8458919525146,669.9972108184464
670.8073460627152,599.8458919525146,670.8073460627152
669.9972108184464,599.8458919525146,669.9972108184464
670.2093429840418,600.1458916664124,670.2093429840418
670.8073460627152,599.8458919525146,670.8073460627152
670.820415020498,599.8458919525146,670.820415020498
670.8073460627152,599.8458919525146,670.8073460627152
670.820415020498,600.1458916664124,670.820415020498
670.820415020498,599.8458919525146,670.820415020498
670.820415020498,600.1458916664124,670.820415020498
665.8976333587067,600.1458916664124,665.8976333587067
670.8073460627152,599.8458919525146,670.8073460627152
670.2093429840418,600.1458916664124,670.2093429840418
670.8073460627152,600.1458916664124,670.8073460627152
670.8073460627152,599.8458919525146,670.8073460627152
670.8073460627152,600.1458916664124,670.8073460627152
670.820415020498,600.1458916664124,670.820415020498
670.8073460627152,600.1458916664124,670.8073460627152
670.2093429840418,600.1458916664124,670.2093429840418
667.4924774969096,600.1458916664124,667.4924774969096
670.8073460627152,600.1458916664124,670.8073460627152
667.4924774969096,600.1458916664124,667.4924774969096
667.8286933541453,600.1458916664124,667.8286933541453
670.8073460627152,600.1458916664124,670.8073460627152
667.8286933541453,600.1458916664124,667.8286933541453
670.820415020498,600.1458916664124,670.820415020498
665.8976333587067,600.1458916664124,665.8976333587067
670.820415020498,600.1458916664124,670.820415020498
667.8286933541453,600.1458916664124,667.8286933541453
665.8976333587067,600.1458916664124,665.8976333587067
667.8286933541453,600.1458916664124,667.8286933541453
667.363730340855,600.1458916664124,667.363730340855
665.8976333587067,600.1458916664124,665.8976333587067
667.363730340855,600.1458916664124,667.363730340855
663.288330778598,600.1458916664124,663.288330778598
663.288330778598,600.1458916664124,663.288330778598
667.363730340855,600.1458916664124,667.363730340855
666.8681811915365,600.1458916664124,666.8681811915365
663.288330778598,600.1458916664124,663.288330778598
666.8681811915365,600.1458916664124,666.8681811915365
662.6903276999246,600.1458916664124,662.6903276999246
667.363730340855,600.1458916664124,667.363730340855
667.8286933541453,600.1458916664124,667.8286933541453
667.8286933541453,599.8458919525146,667.8286933541453
667.363730340855,600.1458916664124,667.363730340855
667.8286933541453,599.8458919525146,667.8286933541453
667.363730340855,599.8458919525146,667.363730340855
667.363730340855,600.1458916664124,667.363730340855
667.363730340855,599.8458919525146,667.363730340855
666.8681811915365,600.1458916664124,666.8681811915365
667.363730340855,599.8458919525146,667.363730340855
666.8681811915365,599.8458919525146,666.8681811915365
666.8681811915365,600.1458916664124,666.8681811915365
666.8681811915365,599.8458919525146,666.8681811915365
666.768033200518,599.8458919525146,666.768033200518
666.8681811915365,600.1458916664124,666.8681811915365
667.8286933541453,599.8458919525146,667.8286933541453
667.8286933541453,600.1458916664124,667.8286933541453
668.0455095518167,599.8458919525146,668.0455095518167
666.768033200518,599.8458919525146,666.768033200518
666.57391898094,599.8458919525146,666.57391898094
666.57391898094,600.1458916664124,666.57391898094
666.768033200518,599.8458919525146,666.768033200518
666.57391898094,600.1458916664124,666.57391898094
666.8681811915365,600.1458916664124,666.8681811915365
666.8681811915365,600.1458916664124,666.8681811915365
666.57391898094,600.1458916664124,666.57391898094
662.6903276999246,600.1458916664124,662.6903276999246
666.57391898094,600.1458916664124,666.57391898094
666.57391898094,599.8458919525146,666.57391898094
666.6186327403474,600.1458916664124,666.6186327403474
666.57391898094,600.1458916664124,666.57391898094
666.6186327403474,600.1458916664124,666.6186327403474
662.6903276999246,600.1458916664124,662.6903276999246
666.57391898094,599.8458919525146,666.57391898094
666.6186327403474,599.8458919525146,666.6186327403474
666.6186327403474,600.1458916664124,666.6186327403474
662.6903276999246,600.1458916664124,662.6903276999246
666.6186327403474,600.1458916664124,666.6186327403474
670.2093429840418,600.1458916664124,670.2093429840418
666.6186327403474,600.1458916664124,666.6186327403474
666.6186327403474,599.8458919525146,666.6186327403474
666.9813997629914,600.1458916664124,666.9813997629914
666.6186327403474,600.1458916664124,666.6186327403474
666.9813997629914,600.1458916664124,666.9813997629914
670.2093429840418,600.1458916664124,670.2093429840418
666.6186327403474,599.8458919525146,666.6186327403474
666.9813997629914,599.8458919525146,666.9813997629914
666.9813997629914,600.1458916664124,666.9813997629914
670.2093429840418,600.1458916664124,670.2093429840418
666.9813997629914,600.1458916664124,666.9813997629914
667.4924774969096,600.1458916664124,667.4924774969096
666.9813997629914,600.1458916664124,666.9813997629914
666.9813997629914,599.8458919525146,666.9813997629914
667.4924774969096,600.1458916664124,667.4924774969096
666.9813997629914,599.8458919525146,666.9813997629914
667.4924774969096,599.8458919525146,667.4924774969096
667.4924774969096,600.1458916664124,667.4924774969096
667.4924774969096,600.1458916664124,667.4924774969096
667.4924774969096,599.8458919525146,667.4924774969096
667.8286933541453,600.1458916664124,667.8286933541453
667.4924774969096,599.8458919525146,667.4924774969096
667.9127277623169,599.8458919525146,667.9127277623169
667.8286933541453,600.1458916664124,667.8286933541453
668.0455095518167,599.8458919525146,668.0455095518167
667.8286933541453,600.1458916664124,667.8286933541453
668.0455095518167,600.1458916664124,668.0455095518167
668.0455095518167,599.8458919525146,668.0455095518167
668.0455095518167,600.1458916664124,668.0455095518167
667.9127277623169,599.8458919525146,667.9127277623169
667.8286933541453,600.1458916664124,667.8286933541453
670.820415020498,600.1458916664124,670.820415020498
668.0455095518167,600.1458916664124,668.0455095518167
668.0455095518167,600.1458916664124,668.0455095518167
670.820415020498,600.1458916664124,670.820415020498
667.9127277623169,600.1458916664124,667.9127277623169
668.0455095518167,600.1458916664124,668.0455095518167
667.9127277623169,600.1458916664124,667.9127277623169
667.9127277623169,599.8458919525146,667.9127277623169
667.9127277623169,599.8458919525146,667.9127277623169
667.9127277623169,600.1458916664124,667.9127277623169
667.8286933541453,600.1458916664124,667.8286933541453
667.9127277623169,600.1458916664124,667.9127277623169
670.820415020498,600.1458916664124,670.820415020498
667.8286933541453,600.1458916664124,667.8286933541453
