254.2994384765625,1488.5208740234375, 220.0
254.2994384765625,1488.276156425476, 218.4549150466919
254.2994384765625,1483.5208740234375, 220.0
254.2994384765625,1488.5208740234375, 220.0
254.2994384765625,1483.5208740234375, 220.0
254.2994384765625,1488.493483543396, 220.52264231443405
254.2994384765625,1488.5208740234375, 220.0
254.2994384765625,1488.493483543396, 220.52264231443405
279.2994384765625,1488.493483543396, 220.52264231443405
254.2994384765625,1488.5208740234375, 220.0
279.2994384765625,1488.493483543396, 220.52264231443405
279.2994384765625,1488.5208740234375, 220.0
254.2994384765625,1488.5208740234375, 220.0
279.2994384765625,1488.5208740234375, 220.0
254.2994384765625,1488.276156425476, 218.4549150466919
254.2994384765625,1488.493483543396, 220.52264231443405
254.2994384765625,1483.5208740234375, 220.0
254.2994384765625,1487.8510012626648, 222.5
254.2994384765625,1488.493483543396, 220.52264231443405
254.2994384765625,1487.8510012626648, 222.5
279.2994384765625,1488.493483543396, 220.52264231443405
254.2994384765625,1487.8510012626648, 222.5
254.2994384765625,1483.5208740234375, 220.0
254.2994384765625,1486.4598002433777, 224.0450849533081
254.2994384765625,1487.8510012626648, 222.5
254.2994384765625,1486.4598002433777, 224.0450849533081
279.2994384765625,1487.8510012626648, 222.5
254.2994384765625,1487.8510012626648, 222.5
279.2994384765625,1487.8510012626648, 222.5
279.2994384765625,1488.493483543396, 220.52264231443405
279.2994384765625,1488.493483543396, 220.52264231443405
279.2994384765625,1487.8510012626648, 222.5
279.2994384765625,1483.5208740234375, 220.0
279.2994384765625,1488.493483543396, 220.52264231443405
279.2994384765625,1483.5208740234375, 220.0
279.2994384765625,1488.5208740234375, 220.0
279.2994384765625,1487.8510012626648, 222.5
254.2994384765625,1486.4598002433777, 224.0450849533081
279.2994384765625,1486.4598002433777, 224.0450849533081
279.2994384765625,1487.8510012626648, 222.5
279.2994384765625,1486.4598002433777, 224.0450849533081
279.2994384765625,1483.5208740234375, 220.0
254.2994384765625,1486.4598002433777, 224.0450849533081
254.2994384765625,1483.5208740234375, 220.0
254.2994384765625,1484.560432434082, 224.8907380104065
254.2994384765625,1486.4598002433777, 224.0450849533081
254.2994384765625,1484.560432434082, 224.8907380104065
279.2994384765625,1486.4598002433777, 224.0450849533081
279.2994384765625,1486.4598002433777, 224.0450849533081
254.2994384765625,1484.560432434082, 224.8907380104065
279.2994384765625,1484.560432434082, 224.8907380104065
279.2994384765625,1486.4598002433777, 224.0450849533081
279.2994384765625,1484.560432434082, 224.8907380104065
279.2994384765625,1483.5208740234375, 220.0
254.2994384765625,1484.560432434082, 224.8907380104065
254.2994384765625,1483.5208740234375, 220.0
254.2994384765625,1482.481315612793, 224.8907380104065
254.2994384765625,1484.560432434082, 224.8907380104065
254.2994384765625,1482.481315612793, 224.8907380104065
279.2994384765625,1484.560432434082, 224.8907380104065
279.2994384765625,1484.560432434082, 224.8907380104065
254.2994384765625,1482.481315612793, 224.8907380104065
279.2994384765625,1482.481315612793, 224.8907380104065
279.2994384765625,1484.560432434082, 224.8907380104065
279.2994384765625,1482.481315612793, 224.8907380104065
279.2994384765625,1483.5208740234375, 220.0
254.2994384765625,1482.481315612793, 224.8907380104065
254.2994384765625,1483.5208740234375, 220.0
254.2994384765625,1480.5819478034973, 224.0450849533081
254.2994384765625,1482.481315612793, 224.8907380104065
254.2994384765625,1480.5819478034973, 224.0450849533081
279.2994384765625,1482.481315612793, 224.8907380104065
279.2994384765625,1482.481315612793, 224.8907380104065
254.2994384765625,1480.5819478034973, 224.0450849533081
279.2994384765625,1480.5819478034973, 224.0450849533081
279.2994384765625,1482.481315612793, 224.8907380104065
279.2994384765625,1480.5819478034973, 224.0450849533081
279.2994384765625,1483.5208740234375, 220.0
254.2994384765625,1480.5819478034973, 224.0450849533081
254.2994384765625,1483.5208740234375, 220.0
254.2994384765625,1479.1907467842102, 222.5
254.2994384765625,1480.5819478034973, 224.0450849533081
254.2994384765625,1479.1907467842102, 222.5
279.2994384765625,1480.5819478034973, 224.0450849533081
279.2994384765625,1480.5819478034973, 224.0450849533081
254.2994384765625,1479.1907467842102, 222.5
279.2994384765625,1479.1907467842102, 222.5
279.2994384765625,1480.5819478034973, 224.0450849533081
279.2994384765625,1479.1907467842102, 222.5
279.2994384765625,1483.5208740234375, 220.0
254.2994384765625,1479.1907467842102, 222.5
254.2994384765625,1483.5208740234375, 220.0
254.2994384765625,1478.548264503479, 220.52264231443405
254.2994384765625,1479.1907467842102, 222.5
254.2994384765625,1478.548264503479, 220.52264231443405
279.2994384765625,1479.1907467842102, 222.5
279.2994384765625,1479.1907467842102, 222.5
254.2994384765625,1478.548264503479, 220.52264231443405
279.2994384765625,1478.548264503479, 220.52264231443405
279.2994384765625,1479.1907467842102, 222.5
279.2994384765625,1478.548264503479, 220.52264231443405
279.2994384765625,1483.5208740234375, 220.0
254.2994384765625,1478.548264503479, 220.52264231443405
254.2994384765625,1483.5208740234375, 220.0
254.2994384765625,1478.765591621399, 218.4549150466919
254.2994384765625,1478.548264503479, 220.52264231443405
254.2994384765625,1478.765591621399, 218.4549150466919
279.2994384765625,1478.548264503479, 220.52264231443405
279.2994384765625,1478.548264503479, 220.52264231443405
254.2994384765625,1478.765591621399, 218.4549150466919
279.2994384765625,1478.765591621399, 218.4549150466919
279.2994384765625,1478.548264503479, 220.52264231443405
279.2994384765625,1478.765591621399, 218.4549150466919
279.2994384765625,1483.5208740234375, 220.0
254.2994384765625,1478.765591621399, 218.4549150466919
254.2994384765625,1483.5208740234375, 220.0
254.2994384765625,1479.8051497936249, 216.6543469429016
254.2994384765625,1478.765591621399, 218.4549150466919
254.2994384765625,1479.8051497936249, 216.6543469429016
279.2994384765625,1478.765591621399, 218.4549150466919
279.2994384765625,1478.765591621399, 218.4549150466919
254.2994384765625,1479.8051497936249, 216.6543469429016
279.2994384765625,1479.8051497936249, 216.6543469429016
279.2994384765625,1478.765591621399, 218.4549150466919
279.2994384765625,1479.8051497936249, 216.6543469429016
279.2994384765625,1483.5208740234375, 220.0
254.2994384765625,1479.8051497936249, 216.6543469429016
254.2994384765625,1483.5208740234375, 220.0
254.2994384765625,1481.4871907234192, 215.43227291107178
254.2994384765625,1479.8051497936249, 216.6543469429016
254.2994384765625,1481.4871907234192, 215.43227291107178
279.2994384765625,1479.8051497936249, 216.6543469429016
279.2994384765625,1479.8051497936249, 216.6543469429016
254.2994384765625,1481.4871907234192, 215.43227291107178
279.2994384765625,1481.4871907234192, 215.43227291107178
279.2994384765625,1479.8051497936249, 216.6543469429016
279.2994384765625,1481.4871907234192, 215.43227291107178
279.2994384765625,1483.5208740234375, 220.0
254.2994384765625,1481.4871907234192, 215.43227291107178
254.2994384765625,1483.5208740234375, 220.0
254.2994384765625,1483.5208740234375, 215.0
254.2994384765625,1481.4871907234192, 215.43227291107178
254.2994384765625,1483.5208740234375, 215.0
279.2994384765625,1481.4871907234192, 215.43227291107178
279.2994384765625,1481.4871907234192, 215.43227291107178
254.2994384765625,1483.5208740234375, 215.0
279.2994384765625,1483.5208740234375, 215.0
279.2994384765625,1481.4871907234192, 215.43227291107178
279.2994384765625,1483.5208740234375, 215.0
279.2994384765625,1483.5208740234375, 220.0
254.2994384765625,1483.5208740234375, 215.0
254.2994384765625,1483.5208740234375, 220.0
254.2994384765625,1485.5545573234558, 215.43227291107178
254.2994384765625,1483.5208740234375, 215.0
254.2994384765625,1485.5545573234558, 215.43227291107178
279.2994384765625,1483.5208740234375, 215.0
279.2994384765625,1483.5208740234375, 215.0
254.2994384765625,1485.5545573234558, 215.43227291107178
279.2994384765625,1485.5545573234558, 215.43227291107178
279.2994384765625,1483.5208740234375, 215.0
279.2994384765625,1485.5545573234558, 215.43227291107178
279.2994384765625,1483.5208740234375, 220.0
254.2994384765625,1485.5545573234558, 215.43227291107178
254.2994384765625,1483.5208740234375, 220.0
254.2994384765625,1487.2365982532501, 216.6543469429016
254.2994384765625,1485.5545573234558, 215.43227291107178
254.2994384765625,1487.2365982532501, 216.6543469429016
279.2994384765625,1485.5545573234558, 215.43227291107178
254.2994384765625,1483.5208740234375, 220.0
254.2994384765625,1488.276156425476, 218.4549150466919
254.2994384765625,1487.2365982532501, 216.6543469429016
254.2994384765625,1487.2365982532501, 216.6543469429016
254.2994384765625,1488.276156425476, 218.4549150466919
279.2994384765625,1487.2365982532501, 216.6543469429016
254.2994384765625,1487.2365982532501, 216.6543469429016
279.2994384765625,1487.2365982532501, 216.6543469429016
279.2994384765625,1485.5545573234558, 215.43227291107178
279.2994384765625,1485.5545573234558, 215.43227291107178
279.2994384765625,1487.2365982532501, 216.6543469429016
279.2994384765625,1483.5208740234375, 220.0
279.2994384765625,1487.2365982532501, 216.6543469429016
254.2994384765625,1488.276156425476, 218.4549150466919
279.2994384765625,1488.276156425476, 218.4549150466919
279.2994384765625,1487.2365982532501, 216.6543469429016
279.2994384765625,1488.276156425476, 218.4549150466919
279.2994384765625,1483.5208740234375, 220.0
279.2994384765625,1483.5208740234375, 220.0
279.2994384765625,1488.276156425476, 218.4549150466919
279.2994384765625,1488.5208740234375, 220.0
279.2994384765625,1488.276156425476, 218.4549150466919
254.2994384765625,1488.276156425476, 218.4549150466919
279.2994384765625,1488.5208740234375, 220.0
