473.69912719726574,-460.6358318328788, 680.0
532.6991271972657,-460.63583183287784, 680.0
532.6991271972656,-460.63583183287784, 380.0
532.6991271972656,-460.63583183287784, 380.0
532.6991271972657,-460.63583183287784, 680.0
532.6991271972657,-510.63583183287784, 680.0
532.6991271972656,-460.63583183287784, 380.0
532.6991271972657,-510.63583183287784, 680.0
532.6991271972656,-510.63583183287784, 380.0
532.6991271972656,-460.63583183287784, 380.0
532.6991271972656,-510.63583183287784, 380.0
472.6991271972657,-460.63583183287886, 380.0
532.6991271972656,-460.63583183287784, 380.0
472.6991271972657,-460.63583183287886, 380.0
473.69912719726574,-460.6358318328788, 680.0
532.6991271972656,-510.63583183287784, 380.0
532.6991271972657,-510.63583183287784, 680.0
472.6991271972657,-510.63583183287886, 380.0
532.6991271972656,-510.63583183287784, 380.0
472.6991271972657,-510.63583183287886, 380.0
472.6991271972657,-460.63583183287886, 380.0
472.6991271972657,-460.63583183287886, 380.0
472.6991271972657,-510.63583183287886, 380.0
472.69912719726574,-460.63583183287886, 690.0
472.6991271972657,-460.63583183287886, 380.0
472.69912719726574,-460.63583183287886, 690.0
473.69912719726574,-460.6358318328788, 680.0
472.6991271972657,-510.63583183287886, 380.0
532.6991271972657,-510.63583183287784, 680.0
473.69912719726574,-510.6358318328788, 680.0
472.6991271972657,-510.63583183287886, 380.0
473.69912719726574,-510.6358318328788, 680.0
472.69912719726574,-510.63583183287886, 690.0
472.6991271972657,-510.63583183287886, 380.0
472.69912719726574,-510.63583183287886, 690.0
472.69912719726574,-460.63583183287886, 690.0
472.69912719726574,-510.63583183287886, 690.0
473.69912719726574,-510.6358318328788, 680.0
473.69912719726574,-510.6358318328788, 690.0
472.69912719726574,-510.63583183287886, 690.0
473.69912719726574,-510.6358318328788, 690.0
472.69912719726574,-460.63583183287886, 690.0
472.69912719726574,-460.63583183287886, 690.0
473.69912719726574,-510.6358318328788, 690.0
473.69912719726574,-460.6358318328788, 690.0
472.69912719726574,-460.63583183287886, 690.0
473.69912719726574,-460.6358318328788, 690.0
473.69912719726574,-460.6358318328788, 680.0
473.69912719726574,-460.6358318328788, 690.0
473.69912719726574,-510.6358318328788, 690.0
473.69912719726574,-461.6358318328788, 680.0
473.69912719726574,-460.6358318328788, 690.0
473.69912719726574,-461.6358318328788, 680.0
473.69912719726574,-460.6358318328788, 680.0
473.69912719726574,-460.6358318328788, 680.0
473.69912719726574,-461.6358318328788, 680.0
532.6991271972657,-460.63583183287784, 680.0
473.69912719726574,-510.6358318328788, 690.0
473.69912719726574,-510.6358318328788, 680.0
473.69912719726574,-509.6358318328788, 680.0
473.69912719726574,-510.6358318328788, 690.0
473.69912719726574,-509.6358318328788, 680.0
473.69912719726574,-461.6358318328788, 680.0
473.69912719726574,-510.6358318328788, 680.0
532.6991271972657,-510.63583183287784, 680.0
531.6991271972657,-509.63583183287784, 680.0
473.69912719726574,-510.6358318328788, 680.0
531.6991271972657,-509.63583183287784, 680.0
473.69912719726574,-509.6358318328788, 680.0
532.6991271972657,-510.63583183287784, 680.0
532.6991271972657,-460.63583183287784, 680.0
531.6991271972657,-461.63583183287784, 680.0
532.6991271972657,-510.63583183287784, 680.0
531.6991271972657,-461.63583183287784, 680.0
531.6991271972657,-509.63583183287784, 680.0
532.6991271972657,-460.63583183287784, 680.0
473.69912719726574,-461.6358318328788, 680.0
531.6991271972657,-461.63583183287784, 680.0
531.6991271972657,-461.63583183287784, 680.0
473.69912719726574,-461.6358318328788, 680.0
531.6991271972656,-461.63583183287784, 382.0
531.6991271972657,-461.63583183287784, 680.0
531.6991271972656,-461.63583183287784, 382.0
531.6991271972656,-509.63583183287784, 382.0
531.6991271972657,-461.63583183287784, 680.0
531.6991271972656,-509.63583183287784, 382.0
531.6991271972657,-509.63583183287784, 680.0
531.6991271972656,-461.63583183287784, 382.0
473.69912719726574,-461.6358318328788, 680.0
473.6991271972657,-461.6358318328788, 382.0
531.6991271972656,-461.63583183287784, 382.0
473.6991271972657,-461.6358318328788, 382.0
531.6991271972656,-509.63583183287784, 382.0
473.69912719726574,-461.6358318328788, 680.0
473.69912719726574,-509.6358318328788, 680.0
473.6991271972657,-461.6358318328788, 382.0
473.6991271972657,-461.6358318328788, 382.0
473.69912719726574,-509.6358318328788, 680.0
473.6991271972657,-509.6358318328788, 382.0
473.6991271972657,-461.6358318328788, 382.0
473.6991271972657,-509.6358318328788, 382.0
531.6991271972656,-509.63583183287784, 382.0
531.6991271972656,-509.63583183287784, 382.0
473.6991271972657,-509.6358318328788, 382.0
531.6991271972657,-509.63583183287784, 680.0
473.6991271972657,-509.6358318328788, 382.0
473.69912719726574,-509.6358318328788, 680.0
531.6991271972657,-509.63583183287784, 680.0
