0.09699966510375196,0.10269480992113116, -1.1152500449530152
0.09699966510375196,0.10269480992113116, -1.106051438406169
0.09699966510375196,-0.10269510800233793, -1.1152500449530152
0.09699966510375196,0.10269480992113116, -1.106051438406169
0.09699966510375196,-0.10269510800233793, -1.0722501801141249
0.09699966510375196,0.10269480992113116, -1.0814499119966712
0.09699966510375196,0.10269480992113116, -1.0722501801141249
0.1570482113610155,4.377266892999271E-5, -1.1152500449530152
0.15674857392410507,-0.0074120356891013974, -1.1154529429797577
0.15674634447888997,0.007443038136527595, -1.1154527179126177
0.13996798567903573,-9.294646605101075E-8, -1.157555915265604
0.13996798567903573,0.020693595257823563, -1.1541068738781206
0.11928007174996941,-9.294646605101075E-8, -1.182288655817743
0.11928007174996941,0.028715056896742044, -1.177502828152015
0.09318998912017668,-9.294646605101075E-8, -1.2007812973788106
0.09318998912017668,0.034712754248884994, -1.1949958340106122
0.06449970453600434,-9.294646605101075E-8, -1.2117500569820407
0.09318998912017668,0.034712754248884994, -1.1949958340106122
0.06449970453600434,0.038270132250402, -1.2053716542334172
0.09318998912017668,0.0642186070519686, -1.1793750491564055
0.06449970453600434,0.0707997956206712, -1.1881500793457036
0.09318998912017668,0.0642186070519686, -1.1793750491564055
0.06449970453600434,0.09439983326856673, -1.1645501017093665
0.09318998912017668,0.08562480298868859, -1.1579688009340003
0.09318998912017668,0.09879795020046216, -1.134915961515091
0.11928007174996941,0.08172783107974492, -1.1278033897556696
0.09699966510375196,0.10269480992113116, -1.1152500449530152
0.11928007174996941,0.08172783107974492, -1.1278033897556696
0.1283316193233049,0.0760137456859682, -1.1162717372352091
0.11928007174996941,0.07083075958448017, -1.1468732159973598
0.13996798567903573,0.05104445014572302, -1.1320335266526484
0.11928007174996941,0.053123074498812276, -1.1645809359075514
0.13996798567903573,0.038283370466813085, -1.1447947209591263
0.11928007174996941,0.028715056896742044, -1.177502828152015
0.13996798567903573,0.038283370466813085, -1.1447947209591263
0.13996798567903573,0.020693595257823563, -1.1541068738781206
0.15554066050655996,0.016751523662462478, -1.1162195216587207
0.15674634447888997,0.007443038136527595, -1.1154527179126177
0.1570482113610155,-4.3958561862094734E-5, -1.0722501801141249
0.15674857392410507,0.007411849796169282, -1.0720472820873823
0.15674634447888997,-0.00744322402945971, -1.0720475071545223
0.13996798567903573,-9.294646605101075E-8, -1.029944309801536
0.13996798567903573,-0.020693893339030364, -1.0333933511890194
0.11928007174996941,-9.294646605101075E-8, -1.005211569249397
0.11928007174996941,-0.028715354977948845, -1.009997396915125
0.09318998912017668,-9.294646605101075E-8, -0.9867189276883295
0.09318998912017668,-0.034712940141817125, -0.9925043910565279
0.06449970453600434,-9.294646605101075E-8, -0.9757501680850993
0.09318998912017668,-0.034712940141817125, -0.9925043910565279
0.06449970453600434,-0.038270318143334134, -0.9821285708337228
0.09318998912017668,-0.06421879294490072, -1.0081251759107346
0.06449970453600434,-0.070800093701878, -0.9993501457214364
0.09318998912017668,-0.08562510106989539, -1.0295314241331397
0.06449970453600434,-0.09440001916149886, -1.0229501233577736
0.09318998912017668,-0.08562510106989539, -1.0295314241331397
0.06449970453600434,-0.10892312788237878, -1.048365492545642
0.09318998912017668,-0.09879813609339426, -1.052584263552049
0.06449970453600434,-0.11800005680939439, -1.093750056266785
0.0931904350092197,-0.10703107263006605, -1.093750056266785
0.09699966510375196,-0.10269510800233793, -1.1152500449530152
0.0931904350092197,-0.10703107263006605, -1.093750056266785
0.09699966510375196,-0.10492148431316782, -1.093750056266785
0.0931904350092197,-0.10703107263006605, -1.093750056266785
0.09699966510375196,-0.10269510800233793, -1.0722501801141249
0.09318998912017668,-0.09879813609339426, -1.052584263552049
0.11928007174996941,-0.08172801697267705, -1.0596968353114704
0.09318998912017668,-0.08562510106989539, -1.0295314241331397
0.11928007174996941,-0.0708309454774123, -1.0406270090697802
0.09318998912017668,-0.06421879294490072, -1.0081251759107346
0.11928007174996941,-0.053123260391744406, -1.0229192891595886
0.09318998912017668,-0.034712940141817125, -0.9925043910565279
0.11928007174996941,-0.053123260391744406, -1.0229192891595886
0.11928007174996941,-0.028715354977948845, -1.009997396915125
0.13996798567903573,-0.038283556359745216, -1.0427055041080138
0.13996798567903573,-0.020693893339030364, -1.0333933511890194
0.15554066050655996,-0.01675170955539461, -1.0712807034084193
0.15674634447888997,-0.00744322402945971, -1.0720475071545223
0.1570482113610155,4.377266892999271E-5, -1.1152500449530152
0.15685759379512382,0.007466485485933664, -1.1152500449530152
0.156861160907468,-0.007430995507520659, -1.1152500449530152
0.15685759379512382,0.007466485485933664, -1.1152500449530152
0.15603515145527075,-0.01696071631110517, -1.1152500449530152
0.1560382726785719,0.01690757755252871, -1.1152500449530152
0.1533154512373614,-0.031589618574999076, -1.1152500449530152
0.15330809406815155,0.03159728586129386, -1.1152500449530152
0.14334537223540172,-0.05702696359716828, -1.1152500449530152
0.14331705828116986,0.057067950801040115, -1.1152500449530152
0.11811251129081773,-0.08770080852784322, -1.1152500449530152
0.12927043870338656,0.07678930322876322, -1.1152500449530152
0.09699966510375196,-0.10269510800233793, -1.1152500449530152
0.09699966510375196,0.10269480992113116, -1.1152500449530152
0.09699966510375196,-0.10269510800233793, -1.0722501801141249
0.09699966510375196,0.10269480992113116, -1.0722501801141249
0.12927043870338656,-0.07678948912169535, -1.0722501801141249
0.11811251129081773,0.08770062263491109, -1.0722501801141249
0.14331705828116986,-0.05706813669397224, -1.0722501801141249
0.14334537223540172,0.057026777704236156, -1.0722501801141249
0.15330809406815155,-0.03159758394250066, -1.0722501801141249
0.1533154512373614,0.031589432682066945, -1.0722501801141249
0.1560382726785719,-0.01690787563373551, -1.0722501801141249
0.15603515145527075,0.01696053041817304, -1.0722501801141249
0.15685759379512382,-0.007466671378865779, -1.0722501801141249
0.156861160907468,0.007430697426313874, -1.0722501801141249
0.1570482113610155,-4.3958561862094734E-5, -1.0722501801141249
0.11928007174996941,0.08172783107974492, -1.1278033897556696
0.11928007174996941,0.07083075958448017, -1.1468732159973598
0.09318998912017668,0.08562480298868859, -1.1579688009340003
0.11928007174996941,0.07083075958448017, -1.1468732159973598
0.09318998912017668,0.0642186070519686, -1.1793750491564055
0.11928007174996941,0.053123074498812276, -1.1645809359075514
0.09318998912017668,0.034712754248884994, -1.1949958340106122
0.11928007174996941,0.028715056896742044, -1.177502828152015
0.09699966510375196,-0.10269510800233793, -1.0722501801141249
0.1283316193233049,-0.07601393157890034, -1.071228487831931
0.11928007174996941,-0.08172801697267705, -1.0596968353114704
0.14173905695791694,-0.05625914704532551, -1.0703243931304058
0.13996798567903573,-0.05104474822692982, -1.0554666984144916
0.15213451410691908,-0.031213563478304604, -1.070300198412852
0.13996798567903573,-0.038283556359745216, -1.0427055041080138
0.15554066050655996,-0.01675170955539461, -1.0712807034084193
0.15554066050655996,0.016751523662462478, -1.1162195216587207
0.13996798567903573,0.038283370466813085, -1.1447947209591263
0.15213451410691908,0.031213377585372473, -1.117200026654288
0.13996798567903573,0.05104445014572302, -1.1320335266526484
0.14173905695791694,0.056258961152393386, -1.1171758319367342
0.1283316193233049,0.0760137456859682, -1.1162717372352091
0.11928007174996941,-0.08172801697267705, -1.0596968353114704
0.13996798567903573,-0.05104474822692982, -1.0554666984144916
0.11928007174996941,-0.0708309454774123, -1.0406270090697802
0.13996798567903573,-0.05104474822692982, -1.0554666984144916
0.11928007174996941,-0.053123260391744406, -1.0229192891595886
0.13996798567903573,-0.038283556359745216, -1.0427055041080138
-0.3105001148697255,0.05312756202979908, -1.08025874415803
-0.3105001148697255,0.054687315612538714, -1.093750056266785
-0.3105001148697255,0.046529993972994635, -1.064797982040389
-0.3105001148697255,0.05312756202979908, -1.10724148090911
-0.3105001148697255,0.038216842819933663, -1.0546324870599477
-0.3105001148697255,0.048089523179184926, -1.1200939399408725
-0.3105001148697255,0.028804358763379515, -1.0471261603390332
-0.3105001148697255,0.04060768714143005, -1.1303938000039153
-0.3105001148697255,0.015898668398419705, -1.0412684504188832
-0.3105001148697255,0.028804246575104844, -1.140374177261677
-0.3105001148697255,0.005386963626647063, -1.0392973124064468
-0.3105001148697255,0.01964429832483329, -1.1449694855933643
-0.3105001148697255,-0.006281626633524578, -1.0393837381882207
-0.3105001148697255,0.006285479518480603, -1.1481160367446392
-0.3105001148697255,-0.019646952359808165, -1.0425316397423359
-0.3105001148697255,-0.005386925143029824, -1.1482029126606932
-0.3105001148697255,-0.028805778727333017, -1.0471269480740233
-0.3105001148697255,-0.015905473399557377, -1.1462297490439965
-0.3105001148697255,-0.04059542013587379, -1.0570928085012525
-0.3105001148697255,-0.028806003103882358, -1.1403731644595467
-0.3105001148697255,-0.04809801100444265, -1.06742113955751
-0.3105001148697255,-0.03822723784586078, -1.1328583977208808
-0.3105001148697255,-0.05312707479308319, -1.0802554806844995
-0.3105001148697255,-0.046530292054201436, -1.122702017959611
-0.3105001148697255,-0.054687613693745515, -1.093750056266785
-0.3105001148697255,-0.05312707479308319, -1.1072446318490705
0.06449970453600434,-9.294646605101075E-8, -1.2117500569820407
0.09318998912017668,-9.294646605101075E-8, -1.2007812973788106
0.06449970453600434,-0.038270318143334134, -1.2053716542334172
0.09318998912017668,-0.034712940141817125, -1.1949958340106122
0.06449970453600434,-0.070800093701878, -1.1881500793457036
0.09318998912017668,-0.06421879294490072, -1.1793750491564055
0.06449970453600434,-0.09440001916149886, -1.1645501017093665
0.09318998912017668,-0.08562510106989539, -1.1579688009340003
0.06449970453600434,-0.10892312788237878, -1.139134732521498
0.09699966510375196,-0.10269510800233793, -1.1152500449530152
0.06449970453600434,-0.11800005680939439, -1.093750056266785
0.06449970453600434,0.09439983326856673, -1.1645501017093665
0.06449970453600434,0.10892294198944667, -1.139134732521498
0.09318998912017668,0.09879795020046216, -1.134915961515091
0.06449970453600434,0.11718605717200474, -1.107584483230525
0.09699966510375196,0.10269480992113116, -1.1152500449530152
0.06449970453600434,0.11718605717200474, -1.107584483230525
0.09699966510375196,0.10419779623688767, -1.1060503130704689
0.06449970453600434,0.11718605717200474, -1.107584483230525
0.09699966510375196,0.10419779623688767, -1.0814500245302412
0.06449970453600434,0.11718605717200474, -1.079915629303045
0.09699966510375196,0.10269480992113116, -1.0722501801141249
0.06449970453600434,0.10892294198944667, -1.048365492545642
0.09318998912017668,0.08562480298868859, -1.0295314241331397
0.06449970453600434,0.09439983326856673, -1.0229501233577736
0.09318998912017668,0.0642186070519686, -1.0081251759107346
0.06449970453600434,0.0707997956206712, -0.9993501457214364
0.09318998912017668,0.034712754248884994, -0.9925043910565279
0.06449970453600434,0.038270132250402, -0.9821285708337228
0.09318998912017668,-9.294646605101075E-8, -0.9867189276883295
0.06449970453600434,-9.294646605101075E-8, -0.9757501680850993
0.09318998912017668,-9.294646605101075E-8, -1.2007812973788106
0.11928007174996941,-9.294646605101075E-8, -1.182288655817743
0.09318998912017668,-0.034712940141817125, -1.1949958340106122
0.11928007174996941,-0.028715354977948845, -1.177502828152015
0.09318998912017668,-0.06421879294490072, -1.1793750491564055
0.11928007174996941,-0.053123260391744406, -1.1645809359075514
0.09318998912017668,-0.08562510106989539, -1.1579688009340003
0.11928007174996941,-0.0708309454774123, -1.1468732159973598
0.09699966510375196,-0.10269510800233793, -1.1152500449530152
0.11928007174996941,-0.0708309454774123, -1.1468732159973598
0.11769047731159793,-0.08726114267941075, -1.1156992789645273
0.13996798567903573,-0.05104474822692982, -1.1320335266526484
0.14176202024363255,-0.05621651550095084, -1.1171788703431247
0.13996798567903573,-0.05104474822692982, -1.1320335266526484
0.1521389729973493,-0.031196847425378746, -1.1172019397249784
0.13996798567903573,-0.038283556359745216, -1.1447947209591263
0.155531073892135,-0.016803652726566906, -1.116227061407912
0.13996798567903573,-0.020693893339030364, -1.1541068738781206
0.15674857392410507,-0.0074120356891013974, -1.1154529429797577
0.13996798567903573,-0.020693893339030364, -1.1541068738781206
0.13996798567903573,-9.294646605101075E-8, -1.157555915265604
0.11928007174996941,-0.028715354977948845, -1.177502828152015
0.11928007174996941,-9.294646605101075E-8, -1.182288655817743
0.09318998912017668,-9.294646605101075E-8, -0.9867189276883295
0.11928007174996941,-9.294646605101075E-8, -1.005211569249397
0.09318998912017668,0.034712754248884994, -0.9925043910565279
0.11928007174996941,0.028715056896742044, -1.009997396915125
0.09318998912017668,0.0642186070519686, -1.0081251759107346
0.11928007174996941,0.053123074498812276, -1.0229192891595886
0.09318998912017668,0.08562480298868859, -1.0295314241331397
0.11928007174996941,0.07083075958448017, -1.0406270090697802
0.09699966510375196,0.10269480992113116, -1.0722501801141249
0.11928007174996941,0.07083075958448017, -1.0406270090697802
0.11769047731159793,0.08726095678647862, -1.0718009461026128
0.13996798567903573,0.05104445014572302, -1.0554666984144916
0.14176202024363255,0.056216329608018714, -1.0703213547240154
0.13996798567903573,0.05104445014572302, -1.0554666984144916
0.1521389729973493,0.031196661532446615, -1.0702982853421616
0.13996798567903573,0.038283370466813085, -1.0427055041080138
0.155531073892135,0.016803466833634775, -1.071273163659228
0.13996798567903573,0.020693595257823563, -1.0333933511890194
0.15674857392410507,0.007411849796169282, -1.0720472820873823
0.13996798567903573,0.020693595257823563, -1.0333933511890194
0.13996798567903573,-9.294646605101075E-8, -1.029944309801536
0.11928007174996941,0.028715056896742044, -1.009997396915125
0.11928007174996941,-9.294646605101075E-8, -1.005211569249397
0.13996798567903573,-0.05104474822692982, -1.1320335266526484
0.11928007174996941,-0.0708309454774123, -1.1468732159973598
0.13996798567903573,-0.038283556359745216, -1.1447947209591263
0.11928007174996941,-0.053123260391744406, -1.1645809359075514
0.13996798567903573,-0.020693893339030364, -1.1541068738781206
0.11928007174996941,-0.028715354977948845, -1.177502828152015
0.13996798567903573,0.05104445014572302, -1.0554666984144916
0.11928007174996941,0.07083075958448017, -1.0406270090697802
0.13996798567903573,0.038283370466813085, -1.0427055041080138
0.11928007174996941,0.053123074498812276, -1.0229192891595886
0.13996798567903573,0.020693595257823563, -1.0333933511890194
0.11928007174996941,0.028715056896742044, -1.009997396915125
0.06449970453600434,-9.294646605101075E-8, -1.2117500569820407
0.06449970453600434,-0.038378131075292185, -1.2057053162685207
0.06449970453600434,0.038384003349192244, -1.2057032906642604
0.06449970453600434,-0.07087638172865372, -1.1882477584844793
0.06449970453600434,0.07088225400255378, -1.1882431446081085
0.06449970453600434,-0.09450020329077934, -1.1646231359963082
0.06449970453600434,0.09448924732347887, -1.1646370901589904
0.06449970453600434,-0.007183732550147564, -1.1558826536130056
0.06449970453600434,0.09448924732347887, -1.1646370901589904
0.06449970453600434,0.006156238626060546, -1.1559819082217615
0.06449970453600434,0.09448924732347887, -1.1646370901589904
0.06449970453600434,0.018177436633520574, -1.1537268480121696
0.06449970453600434,0.09448924732347887, -1.1646370901589904
0.06449970453600434,0.03292088312585274, -1.1470335763346355
0.06449970453600434,0.10927106220574827, -1.1392612202541983
0.06449970453600434,0.04368804059904942, -1.1384453518715674
0.06449970453600434,0.10927106220574827, -1.1392612202541983
0.06449970453600434,0.05317726143547798, -1.1268379642584847
0.06449970453600434,0.11727569560346622, -1.1075999003296175
0.06449970453600434,0.06071642568158932, -1.1091724444370499
0.06449970453600434,0.11727569560346622, -1.1075999003296175
0.06449970453600434,0.062499882684021305, -1.093750056266785
0.06449970453600434,0.11727569560346622, -1.0799000996703825
0.06449970453600434,0.06071642568158932, -1.0783276680965201
0.06449970453600434,0.10927106220574827, -1.0482390048129417
0.06449970453600434,0.05496890818196089, -1.0636598175132264
0.06449970453600434,0.10927106220574827, -1.0482390048129417
0.06449970453600434,0.04639447053719305, -1.0518560588204622
0.06449970453600434,0.09448924732347887, -1.0228631349081496
0.06449970453600434,0.0329206587493034, -1.0404665361989345
0.06449970453600434,0.09448924732347887, -1.0228631349081496
0.06449970453600434,0.02245338053430014, -1.0352147070197617
0.06449970453600434,0.09448924732347887, -1.0228631349081496
0.06449970453600434,0.007178834749679301, -1.0316171213198544
0.06449970453600434,-0.09450020329077934, -1.0228770890708319
0.06449970453600434,-0.006156873272091328, -1.0315184293789486
0.06449970453600434,-0.09450020329077934, -1.0228770890708319
0.06449970453600434,-0.018170105912049803, -1.03377112638357
0.06449970453600434,-0.09450020329077934, -1.0228770890708319
0.06449970453600434,-0.03291949838293949, -1.0404656359303743
0.06449970453600434,-0.10926159990705873, -1.048215935431088
0.06449970453600434,-0.04367655891141585, -1.049044295039991
0.06449970453600434,-0.10926159990705873, -1.048215935431088
0.06449970453600434,-0.05317733514013544, -1.0606619232079453
0.06449970453600434,-0.10926159990705873, -1.048215935431088
0.06449970453600434,-0.0607175090807188, -1.0783314942379008
0.06449970453600434,-0.11800005680939439, -1.093750056266785
0.06449970453600434,-0.06250006857695344, -1.093750056266785
0.06449970453600434,-0.11800005680939439, -1.093750056266785
0.06449970453600434,-0.0607175090807188, -1.1091688433628093
0.06449970453600434,-0.10926451680220016, -1.139277425088281
0.06449970453600434,-0.05495967025982072, -1.1238572875894164
0.06449970453600434,-0.09450020329077934, -1.1646231359963082
0.06449970453600434,-0.04640901652928296, -1.1356286366140154
0.06449970453600434,-0.09450020329077934, -1.1646231359963082
0.06449970453600434,-0.03291938619466482, -1.1470347016703357
0.06449970453600434,-0.09450020329077934, -1.1646231359963082
0.06449970453600434,-0.022450873908640187, -1.1522865308495085
0.06449970453600434,-0.007183732550147564, -1.1558826536130056
0.06449970453600434,-9.294646605101075E-8, -0.9757501680850993
0.06449970453600434,0.03836302414182892, -0.9817899573215385
0.06449970453600434,-0.038378131075292185, -0.9817949087986193
0.06449970453600434,0.07085633851110497, -0.9992372745507083
0.06449970453600434,-0.07088524460235267, -0.9992592185968618
0.06449970453600434,0.09448924732347887, -1.0228631349081496
0.06449970453600434,-0.09450020329077934, -1.0228770890708319
-0.30268769294694664,-0.02238053186042198, -1.1521055768689195
0.06449970453600434,-0.02238053186042198, -1.1521055768689195
-0.30268769294694664,-0.03284579068648118, -1.1469235185031579
0.06449970453600434,-0.03284556630993184, -1.146923631036728
-0.30268769294694664,-0.04639173953498375, -1.1356316750204059
0.06449970453600434,-0.04639173953498375, -1.1356316750204059
-0.30268769294694664,-0.05482235181162441, -1.1237628719241712
0.06449970453600434,-0.05482235181162441, -1.1237628719241712
-0.30268769294694664,-0.05482235181162441, -1.1237628719241712
0.06449970453600434,-0.060576937172557056, -1.1091347456910938
-0.30268769294694664,-0.060576937172557056, -1.1091347456910938
0.06449970453600434,-0.060576937172557056, -1.1091347456910938
-0.30268769294694664,-0.06250006857695344, -1.093750056266785
0.06449970453600434,-0.06250006857695344, -1.093750056266785
-0.30268769294694664,-0.06250006857695344, -1.093750056266785
0.06449970453600434,-0.060577049360831726, -1.0783654793760462
-0.30268769294694664,-0.060576937172557056, -1.0783653668424762
0.06449970453600434,-0.060577049360831726, -1.0783654793760462
-0.30268769294694664,-0.05306615655993728, -1.0607313564206464
0.06449970453600434,-0.05306615655993728, -1.0607313564206464
-0.30268769294694664,-0.05306615655993728, -1.0607313564206464
0.06449970453600434,-0.04367655891141585, -1.049044295039991
-0.30268769294694664,-0.04367655891141585, -1.049044295039991
0.06449970453600434,-0.03284579068648118, -1.0405767065639822
-0.30268769294694664,-0.03284556630993184, -1.0405765940304121
0.06449970453600434,-0.01812107963601893, -1.0339347501943763
-0.30268769294694664,-0.01812107963601893, -1.0339347501943763
0.06449970453600434,-0.01812107963601893, -1.0339347501943763
-0.30268769294694664,-0.00615799515483803, -1.0315542150542143
0.06449970453600434,-0.00615799515483803, -1.0315542150542143
-0.30268769294694664,0.007177600678657929, -1.0316637102178419
0.06449970453600434,0.007177600678657929, -1.0316637102178419
-0.30268769294694664,0.022380345967489848, -1.0353946481982206
0.06449970453600434,0.022380345967489848, -1.0353946481982206
-0.30268769294694664,0.032845492605274376, -1.0405767065639822
0.06449970453600434,0.032845380416999706, -1.0405765940304121
-0.30268769294694664,0.032845492605274376, -1.0405767065639822
0.06449970453600434,0.04639155364205162, -1.0518685500467342
-0.30268769294694664,0.04639155364205162, -1.0518685500467342
0.06449970453600434,0.04639155364205162, -1.0518685500467342
-0.30268769294694664,0.05482216591869228, -1.0637373531429688
0.06449970453600434,0.05482216591869228, -1.0637373531429688
-0.30268769294694664,0.06057675127962493, -1.0783653668424762
0.06449970453600434,0.06057675127962493, -1.0783653668424762
-0.30268769294694664,0.062499882684021305, -1.093750056266785
0.06449970453600434,0.062499882684021305, -1.093750056266785
-0.30268769294694664,0.06057675127962493, -1.1091347456910938
0.06449970453600434,0.06057675127962493, -1.1091347456910938
-0.30268769294694664,0.05306597066700515, -1.1267688686464936
0.06449970453600434,0.05306597066700515, -1.1267688686464936
-0.30268769294694664,0.04367637301848372, -1.138455930027149
0.06449970453600434,0.04367637301848372, -1.138455930027149
-0.30268769294694664,0.032845492605274376, -1.1469235185031579
0.06449970453600434,0.032845492605274376, -1.1469235185031579
-0.30268769294694664,0.0181208937430868, -1.1535654748727637
0.06449970453600434,0.0181208937430868, -1.1535654748727637
-0.30268769294694664,0.006157809261905929, -1.1559460100129257
0.06449970453600434,0.006157809261905929, -1.1559460100129257
-0.30268769294694664,-0.007177786571590044, -1.1558365148492982
0.06449970453600434,-0.007177786571590044, -1.1558365148492982
-0.30268769294694664,-0.02238053186042198, -1.1521055768689195
0.06449970453600434,-0.02238053186042198, -1.1521055768689195
-0.3105001148697255,-0.015855998370427823, -1.1460885194136239
-0.30268769294694664,-0.01812107963601893, -1.1535654748727637
-0.3105001148697255,-0.028740036398376287, -1.1402768357236113
-0.30268769294694664,-0.03284579068648118, -1.1469235185031579
-0.3105001148697255,-0.038217028712865794, -1.1328677380071923
-0.30268769294694664,-0.04367655891141585, -1.138455930027149
-0.3105001148697255,-0.04643291263178771, -1.1226414748989413
-0.30268769294694664,-0.05306615655993728, -1.1267688686464936
-0.3105001148697255,-0.05300490176196736, -1.1072116595130552
-0.30268769294694664,-0.060576937172557056, -1.1091347456910938
-0.3105001148697255,-0.054687613693745515, -1.093750056266785
-0.30268769294694664,-0.06250006857695344, -1.093750056266785
-0.3105001148697255,-0.05300490176196736, -1.0802884530205148
-0.30268769294694664,-0.060576937172557056, -1.0783653668424762
-0.3105001148697255,-0.047969667618219955, -1.0674889973002308
-0.30268769294694664,-0.05482235181162441, -1.0637373531429688
-0.3105001148697255,-0.04059283980555638, -1.0571038367911143
-0.30268769294694664,-0.04639173953498375, -1.0518685500467342
-0.3105001148697255,-0.028739924210101617, -1.0472232768099587
-0.30268769294694664,-0.03284556630993184, -1.0405765940304121
-0.3105001148697255,-0.028739924210101617, -1.0472232768099587
-0.30268769294694664,-0.02238053186042198, -1.0353946481982206
-0.3105001148697255,-0.019583005043246157, -1.0426890742067911
-0.30268769294694664,-0.02238053186042198, -1.0353946481982206
-0.3105001148697255,-0.006280616939052546, -1.0394244753405673
-0.30268769294694664,-0.007177786571590044, -1.0316637102178419
-0.3105001148697255,0.005388085509393765, -1.0393287092724819
-0.30268769294694664,0.006157809261905929, -1.0315542150542143
-0.3105001148697255,0.005388085509393765, -1.0393287092724819
-0.30268769294694664,0.0181208937430868, -1.0339347501943763
-0.3105001148697255,0.015855700289221022, -1.0414117056535162
-0.30268769294694664,0.032845492605274376, -1.0405767065639822
-0.3105001148697255,0.028739850505444156, -1.0472233893435288
-0.30268769294694664,0.032845492605274376, -1.0405767065639822
-0.3105001148697255,0.038216842819933663, -1.0546324870599477
-0.30268769294694664,0.04367637301848372, -1.049044295039991
-0.3105001148697255,0.04643272673885558, -1.0648587501681988
-0.30268769294694664,0.05306597066700515, -1.0607313564206464
-0.3105001148697255,0.05300471586903523, -1.0802885655540848
-0.30268769294694664,0.06057675127962493, -1.0783653668424762
-0.3105001148697255,0.054687315612538714, -1.093750056266785
-0.30268769294694664,0.062499882684021305, -1.093750056266785
-0.3105001148697255,0.053004603680760556, -1.1072117720466252
-0.30268769294694664,0.06057675127962493, -1.1091347456910938
-0.3105001148697255,0.047969369537013154, -1.1200112277669092
-0.30268769294694664,0.05482216591869228, -1.1237628719241712
-0.3105001148697255,0.040592541724349576, -1.1303963882760257
-0.30268769294694664,0.04639155364205162, -1.1356316750204059
-0.3105001148697255,0.028739626128894816, -1.1402769482571813
-0.30268769294694664,0.032845492605274376, -1.1469235185031579
-0.3105001148697255,0.019582819150314026, -1.144811150860349
-0.30268769294694664,0.022380345967489848, -1.1521055768689195
-0.3105001148697255,0.0062803188578457745, -1.1480757497265728
-0.30268769294694664,0.007177600678657929, -1.1558365148492982
-0.3105001148697255,-0.005388271402325866, -1.1481715157946581
-0.30268769294694664,-0.00615799515483803, -1.1559460100129257
-0.3105001148697255,-0.015855998370427823, -1.1460885194136239
-0.30268769294694664,-0.01812107963601893, -1.1535654748727637
