0.07000031570072451,-0.2411126196384443, 0.7940187454223633
0.07000031570072451,-0.27240005135536327, 0.8139581680297852
0.06920989078531647,-0.2726019918918623, 0.8140668869018555
0.3729848787726837,-0.23044690489769112, -0.21875286102294922
0.3129413052222958,-0.30573567748069896, -0.21875286102294922
0.23159371985235566,-0.3722558915615095, -0.21875286102294922
-0.27393816431532514,-0.06371077895164622, -1.1002092361450195
-0.26916855973098563,-0.0815449655056013, -2.7500009536743164
-0.23928017537042479,-0.14780524373054635, -2.7500009536743164
-0.21063133045066706,-0.38478329777717724, -0.21875286102294922
-0.2932579973187899,-0.32476273179054393, -0.21875286102294922
-0.10795684049111287,-0.4250157773494734, -0.21875286102294922
-0.37298477456835144,-0.23044607043266427, -0.21875286102294922
4.6833434907966875E-7,-0.2813788950443281, 0.8185529708862305
-0.06920604049133772,-0.27260282635688915, 0.8140687942504883
0.06920989078531647,-0.2726019918918623, 0.8140668869018555
-0.06999937903202635,-0.27240005135536327, 0.8139581680297852
0.06920989078531647,-0.2726019918918623, 0.8140668869018555
-0.06999937903202635,-0.24110385775566232, 0.794011116027832
0.07000031570072451,-0.2411126196384443, 0.7940187454223633
-0.06999937903202635,-0.19776549935341012, 0.7526712417602539
0.07000031570072451,-0.19775673747062814, 0.752659797668457
-0.06999937903202635,-0.19776549935341012, 0.7526712417602539
0.07000031570072451,-0.16312602162361275, 0.6971254348754883
-0.06999937903202635,-0.16311725974083077, 0.6971063613891602
0.07000031570072451,-0.14349064230919015, 0.6306619644165039
-0.06999937903202635,-0.14349064230919015, 0.6306619644165039
0.07000031570072451,-0.14303669333458077, 0.5600156784057617
-0.06999937903202635,-0.14303752779960763, 0.5600080490112305
0.07000031570072451,-0.14303669333458077, 0.5600156784057617
-0.06999937903202635,-0.16180089116096627, 0.49333858489990234
0.07000031570072451,-0.16180798411369454, 0.49332141876220703
-0.06999937903202635,-0.19571354985237252, 0.4373483657836914
0.07000031570072451,-0.19570896029472482, 0.43735408782958984
-0.06999937903202635,-0.19571354985237252, 0.4373483657836914
0.07000031570072451,-0.2385295331478132, 0.3954324722290039
-0.06999937903202635,-0.23853537440300118, 0.3954286575317383
-0.06921436513499657,-0.272600740194322, 0.3734273910522461
-0.06999937903202635,-0.27240005135536327, 0.3735361099243164
-1.6128265656334406E-6,-0.28137764334678783, 0.3689413070678711
0.06921030701749942,-0.2726019918918623, 0.3734273910522461
-0.06921436513499657,-0.272600740194322, 0.3734273910522461
0.07000031570072451,-0.27240005135536327, 0.3735361099243164
0.07000031570072451,-0.2385295331478132, 0.3954324722290039
0.43453854268278747,0.05387493968009817, 0.03124713897705078
0.40974817009890785,0.15717419981956351, 0.03124713897705078
0.4364482159381282,-0.032404154539109595, 0.03124713897705078
0.40974817009890785,0.15717419981956351, 0.03124713897705078
0.4097602408322132,-0.15714290738105904, 0.03124713897705078
0.3503451778780686,0.262804955244063, 0.03124713897705078
0.3503622433975693,-0.2627832591533674, 0.03124713897705078
0.2795965288145794,0.032325714826582544, 0.03124713897705078
0.3503622433975693,-0.2627832591533674, 0.03124713897705078
0.280041897250328,-0.02771988511085642, 0.03124713897705078
0.3503622433975693,-0.2627832591533674, 0.03124713897705078
0.26989582155891867,-0.08179947733879221, 0.03124713897705078
0.3503622433975693,-0.2627832591533674, 0.03124713897705078
0.23977601210464172,-0.14814487099647652, 0.03124713897705078
0.2316174450867834,-0.3722408711910261, 0.03124713897705078
0.20117672061945768,-0.19654467701912057, 0.03124713897705078
0.2316174450867834,-0.3722408711910261, 0.03124713897705078
0.14888214161891256,-0.23930767178535592, 0.03124713897705078
0.1079311383001027,-0.4250224530696882, 0.03124713897705078
0.06940094135728714,-0.2732249200344099, 0.03124713897705078
0.1079311383001027,-0.4250224530696882, 0.03124713897705078
4.6833434907966875E-7,-0.2812503874301924, 0.03124713897705078
4.6833434907966875E-7,-0.43750020861625805, 0.03124713897705078
4.6833434907966875E-7,-0.2812503874301924, 0.03124713897705078
-0.10793103409577043,-0.4250220358371748, 0.03124713897705078
-0.06940083715295486,-0.2732245028018965, 0.03124713897705078
-0.10793103409577043,-0.4250220358371748, 0.03124713897705078
-0.135405688027447,-0.24736109375953805, 0.03124713897705078
-0.23161734088245112,-0.3722404539585127, 0.03124713897705078
-0.18852274182148676,-0.20877626538276803, 0.03124713897705078
-0.23161734088245112,-0.3722404539585127, 0.03124713897705078
-0.23977590790030945,-0.14814403653144967, 0.03124713897705078
-0.35033633279789456,-0.2628158032894148, 0.03124713897705078
-0.26342746923165805,-0.10099175572395457, 0.03124713897705078
-0.35033633279789456,-0.2628158032894148, 0.03124713897705078
-0.27960350055735717,-0.03225186467170847, 0.03124713897705078
-0.3504179143057513,0.2627089917659746, 0.03124713897705078
-0.2800384631885322,0.027747005224226587, 0.03124713897705078
-0.3504179143057513,0.2627089917659746, 0.03124713897705078
-0.2699052906947941,0.08176442980766165, 0.03124713897705078
-0.3504179143057513,0.2627089917659746, 0.03124713897705078
-0.23977965398995593,0.1481369435787188, 0.03124713897705078
-0.23161484348935346,0.3722412884235369, 0.03124713897705078
-0.2011520587163318,0.19657179713249076, 0.03124713897705078
-0.23161484348935346,0.3722412884235369, 0.03124713897705078
-0.14889618930880033,0.23929724097251762, 0.03124713897705078
-0.10795600802674699,0.4250153601169573, 0.03124713897705078
-0.06938377163345422,0.27322784066200123, 0.03124713897705078
-0.10795600802674699,0.4250153601169573, 0.03124713897705078
4.6833434907966875E-7,0.28124955296516285, 0.03124713897705078
4.6833434907966875E-7,0.4374993741512285, 0.03124713897705078
4.6833434907966875E-7,0.28124955296516285, 0.03124713897705078
0.10795777715981103,0.42501494288444386, 0.03124713897705078
0.06938470830215238,0.27322784066200123, 0.03124713897705078
0.10795777715981103,0.42501494288444386, 0.03124713897705078
0.13542493891219465,0.2473498284816729, 0.03124713897705078
0.23159455231672155,0.37225463986396656, 0.03124713897705078
0.18849495846956188,0.2088017165660845, 0.03124713897705078
0.23159455231672155,0.37225463986396656, 0.03124713897705078
0.23978100689083703,0.14813610911369193, 0.03124713897705078
0.3503451778780686,0.262804955244063, 0.03124713897705078
0.26341800009578265,0.10101887583732473, 0.03124713897705078
0.2795965288145794,0.032325714826582544, 0.03124713897705078
-0.43454593065774816,-0.05380025506019724, 0.03124713897705078
-0.4097543093773197,-0.15715542435646188, 0.03124713897705078
-0.4364535227521742,0.03230944275855886, 0.03124713897705078
-0.4097543093773197,-0.15715542435646188, 0.03124713897705078
-0.40977595345083273,0.15709826350211967, 0.03124713897705078
-0.35033633279789456,-0.2628158032894148, 0.03124713897705078
-0.3504179143057513,0.2627089917659746, 0.03124713897705078
-0.3129037401214987,0.30577865242957936, -0.21875286102294922
-0.23161650841808523,0.3722400367259966, -0.21875286102294922
-0.3729910180510956,0.23043522238731254, -0.21875286102294922
-0.23977590790030945,0.1481432020664202, -0.21875286102294922
-0.3729910180510956,0.23043522238731254, -0.21875286102294922
-0.26342746923165805,0.10099092125892507, -0.21875286102294922
-0.3729910180510956,0.23043522238731254, -0.21875286102294922
-0.27960350055735717,0.03225103020667898, -0.21875286102294922
-0.3729910180510956,0.23043522238731254, -0.21875286102294922
-0.2800384631885322,-0.02774783968925608, -0.21875286102294922
-0.37298477456835144,-0.23044607043266427, -0.21875286102294922
-0.2699052906947941,-0.08176526427269114, -0.21875286102294922
-0.37298477456835144,-0.23044607043266427, -0.21875286102294922
-0.23977965398995593,-0.14813777804374825, -0.21875286102294922
-0.37298477456835144,-0.23044607043266427, -0.21875286102294922
-0.2011520587163318,-0.19657263159752023, -0.21875286102294922
-0.37298477456835144,-0.23044607043266427, -0.21875286102294922
-0.14889618930880033,-0.23929807543754708, -0.21875286102294922
-0.37298477456835144,-0.23044607043266427, -0.21875286102294922
-0.06938377163345422,-0.27322867512703075, -0.21875286102294922
-0.10795684049111287,-0.4250157773494734, -0.21875286102294922
4.6833434907966875E-7,-0.2812503874301924, -0.21875286102294922
4.6833434907966875E-7,-0.43750020861625805, -0.21875286102294922
4.6833434907966875E-7,-0.2812503874301924, -0.21875286102294922
0.10795694469544515,-0.4250161945819868, -0.21875286102294922
0.06938470830215238,-0.27322867512703075, -0.21875286102294922
0.10795694469544515,-0.4250161945819868, -0.21875286102294922
0.13542493891219465,-0.24735066294670235, -0.21875286102294922
0.23159371985235566,-0.3722558915615095, -0.21875286102294922
0.18849495846956188,-0.20880255103111398, -0.21875286102294922
0.23159371985235566,-0.3722558915615095, -0.21875286102294922
0.23978100689083703,-0.1481369435787214, -0.21875286102294922
0.3729848787726837,-0.23044690489769112, -0.21875286102294922
0.26341800009578265,-0.10101971030235422, -0.21875286102294922
0.3729848787726837,-0.23044690489769112, -0.21875286102294922
0.2795965288145794,-0.032326549291612036, -0.21875286102294922
0.3729923709519767,0.23043397068977226, -0.21875286102294922
0.280041897250328,0.02771905064582693, -0.21875286102294922
0.3729923709519767,0.23043397068977226, -0.21875286102294922
0.26989582155891867,0.08179864287376272, -0.21875286102294922
0.3729923709519767,0.23043397068977226, -0.21875286102294922
0.23977601210464172,0.14814403653144706, -0.21875286102294922
0.3729923709519767,0.23043397068977226, -0.21875286102294922
0.20117672061945768,0.1965438425540911, -0.21875286102294922
0.29321398091173023,0.32480320334434376, -0.21875286102294922
0.20117672061945768,0.1965438425540911, -0.21875286102294922
0.21066057090780532,0.38476660847663746, -0.21875286102294922
0.14888214161891256,0.23930683732032645, -0.21875286102294922
0.10793197076446859,0.4250212013721453, -0.21875286102294922
0.06940094135728714,0.2732240855693804, -0.21875286102294922
0.10793197076446859,0.4250212013721453, -0.21875286102294922
4.6833434907966875E-7,0.28124955296516285, -0.21875286102294922
4.6833434907966875E-7,0.4374993741512285, -0.21875286102294922
4.6833434907966875E-7,0.28124955296516285, -0.21875286102294922
-0.10793020163140454,0.4250216186046587, -0.21875286102294922
-0.06940083715295486,0.27322366833686695, -0.21875286102294922
-0.10793020163140454,0.4250216186046587, -0.21875286102294922
-0.135405688027447,0.24736025929450858, -0.21875286102294922
-0.23161650841808523,0.3722400367259966, -0.21875286102294922
-0.18852274182148676,0.20877543091773856, -0.21875286102294922
-0.23977590790030945,0.1481432020664202, -0.21875286102294922
0.43562033012625534,-0.04311951994896067, -0.21875286102294922
0.41983805444561995,-0.12724319100380074, -0.21875286102294922
0.43492813600602176,0.050284653902052515, -0.21875286102294922
0.3729848787726837,-0.23044690489769112, -0.21875286102294922
0.4097606570643961,0.15714040398597587, -0.21875286102294922
0.3729923709519767,0.23043397068977226, -0.21875286102294922
-0.4356156473679107,0.04316249489784109, -0.21875286102294922
-0.41985251836769066,0.12718936800956596, -0.21875286102294922
-0.43493927007062894,-0.0501694977283491, -0.21875286102294922
-0.3729910180510956,0.23043522238731254, -0.21875286102294922
-0.4097763696830157,-0.15709784626960885, -0.21875286102294922
-0.37298477456835144,-0.23044607043266427, -0.21875286102294922
-0.2795980895389789,-0.03230568766594065, 0.9062471389770508
-0.26340873878342563,-0.10104098916053904, 0.9062471389770508
-0.2800422092781787,0.027704864740370386, 0.9062471389770508
-0.23977590790030945,-0.14814403653144967, 0.9062471389770508
-0.2699052906947941,0.08176442980766165, 0.9062471389770508
-0.23977590790030945,-0.14814403653144967, 0.9062471389770508
-0.23977965398995593,0.1481369435787188, 0.9062471389770508
-0.18852274182148676,-0.20877626538276803, 0.9062471389770508
-0.18640245508157705,-0.021501451730729468, 0.9062471389770508
-0.18852274182148676,-0.20877626538276803, 0.9062471389770508
-0.17561829545371666,-0.06732776761055125, 0.9062471389770508
-0.18852274182148676,-0.20877626538276803, 0.9062471389770508
-0.1598501716673013,-0.09876289963722361, 0.9062471389770508
-0.18852274182148676,-0.20877626538276803, 0.9062471389770508
-0.12568167176954148,-0.1391843855381025, 0.9062471389770508
-0.135405688027447,-0.24736109375953805, 0.9062471389770508
-0.09027030257351498,-0.16490760445594918, 0.9062471389770508
-0.135405688027447,-0.24736109375953805, 0.9062471389770508
-0.04626706865718688,-0.1821497380733503, 0.9062471389770508
-0.06940083715295486,-0.2732245028018965, 0.9062471389770508
4.6833434907966875E-7,-0.18750032782554757, 0.9062471389770508
4.6833434907966875E-7,-0.2812503874301924, 0.9062471389770508
4.6833434907966875E-7,-0.18750032782554757, 0.9062471389770508
0.06940094135728714,-0.2732249200344099, 0.9062471389770508
0.0462675890937021,-0.18215015530586373, 0.9062471389770508
0.06940094135728714,-0.2732249200344099, 0.9062471389770508
0.09925477844666375,-0.1595386564731611, 0.9062471389770508
0.14889587728094966,-0.2392984926700605, 0.9062471389770508
0.09925477844666375,-0.1595386564731611, 0.9062471389770508
0.20112885391841928,-0.19659724831581246, 0.9062471389770508
0.13411796985775482,-0.13102999329567086, 0.9062471389770508
0.20112885391841928,-0.19659724831581246, 0.9062471389770508
0.15985110833599947,-0.09876331686973704, 0.9062471389770508
0.23977601210464172,-0.14814487099647652, 0.9062471389770508
0.1799305650733345,-0.05453291535377634, 0.9062471389770508
0.23977601210464172,-0.14814487099647652, 0.9062471389770508
0.18669475427833504,-0.018479853868485815, 0.9062471389770508
0.23977601210464172,-0.14814487099647652, 0.9062471389770508
0.18639798073189695,0.021550267934797876, 0.9062471389770508
0.18845375148345056,0.20883968472480643, 0.9062471389770508
0.1756121561753048,0.067345708608626, 0.9062471389770508
0.18845375148345056,0.20883968472480643, 0.9062471389770508
0.15985402196128007,0.09875705838203298, 0.9062471389770508
0.18845375148345056,0.20883968472480643, 0.9062471389770508
0.12566346175782428,0.139201074838637, 0.9062471389770508
0.13548279518562367,0.24731770157813895, 0.9062471389770508
0.09028330997551848,0.16489967703819144, 0.9062471389770508
0.13548279518562367,0.24731770157813895, 0.9062471389770508
0.04625676705694559,0.18215182423591483, 0.9062471389770508
0.06938470830215238,0.27322784066200123, 0.9062471389770508
4.6833434907966875E-7,0.1874994933605181, 0.9062471389770508
4.6833434907966875E-7,0.28124955296516285, 0.9062471389770508
4.6833434907966875E-7,0.1874994933605181, 0.9062471389770508
-0.06938377163345422,0.27322784066200123, 0.9062471389770508
-0.04625541415606449,0.18215182423591483, 0.9062471389770508
-0.06938377163345422,0.27322784066200123, 0.9062471389770508
-0.09926383135035621,0.1595311462879168, 0.9062471389770508
-0.14889618930880033,0.23929724097251762, 0.9062471389770508
-0.09926383135035621,0.1595311462879168, 0.9062471389770508
-0.20118410859441838,0.1965392529964434, 0.9062471389770508
-0.13411703318905666,0.1310291588306414, 0.9062471389770508
-0.20118410859441838,0.1965392529964434, 0.9062471389770508
-0.1598530852925819,0.09875789284705984, 0.9062471389770508
-0.23977965398995593,0.1481369435787188, 0.9062471389770508
-0.17993670435174636,0.05450955033302175, 0.9062471389770508
-0.23977965398995593,0.1481369435787188, 0.9062471389770508
-0.1866921526809051,0.01849779486656057, 0.9062471389770508
-0.18640245508157705,-0.021501451730729468, 0.9062471389770508
0.2795965288145794,0.032325714826582544, 0.9062471389770508
0.26341425400613616,0.10102805495262014, 0.9062471389770508
0.28004314594687685,-0.02770361304283274, 0.9062471389770508
0.23978100689083703,0.14813610911369193, 0.9062471389770508
0.26989582155891867,-0.08179947733879221, 0.9062471389770508
0.23978100689083703,0.14813610911369193, 0.9062471389770508
0.23977601210464172,-0.14814487099647652, 0.9062471389770508
0.18845375148345056,0.20883968472480643, 0.9062471389770508
4.6833434907966875E-7,0.15624961256980766, 1.2187471389770508
-0.03854637789578419,0.15179315209388602, 1.2187471389770508
0.03854731456448235,0.15179315209388602, 1.2187471389770508
-0.08271985077493582,0.13294258713722099, 1.2187471389770508
0.08272120367581692,0.13294258713722099, 1.2187471389770508
-0.12512891543059368,0.09385082125663625, 1.2187471389770508
0.1251206949912671,0.0938620865344988, 1.2187471389770508
-0.1463421886342644,0.05612173676490652, 1.2187471389770508
0.1463414603742308,0.056126326322554224, 1.2187471389770508
-0.15587390562365044,0.011572152376173608, 1.2187471389770508
0.15519555136978624,0.019213765859602563, 1.2187471389770508
-0.1551917010758075,-0.01924172043800486, 1.2187471389770508
0.15587692345326332,-0.011539608240128882, 1.2187471389770508
-0.14633802631243498,-0.05613425374031199, 1.2187471389770508
0.14634895255352376,-0.056107133626939185, 1.2187471389770508
-0.12512267194784954,-0.09385958313942087, 1.2187471389770508
0.12514983124407308,-0.0938253700733198, 1.2187471389770508
-0.08271194236345991,-0.132948845624925, 1.2187471389770508
0.0827199549792681,-0.13294383883476388, 1.2187471389770508
-0.03855553500380893,-0.15179148316383492, 1.2187471389770508
0.03855647167250709,-0.15179190039634835, 1.2187471389770508
4.6833434907966875E-7,-0.15625044703483712, 1.2187471389770508
4.6833434907966875E-7,-0.2500000894069685, -2.7812509536743164
-0.061674319140990974,-0.24287000298500191, -2.7812509536743164
0.061675672041872076,-0.24287000298500191, -2.7812509536743164
-0.13235220873337994,-0.21270909905433785, -2.7812509536743164
0.13235356163426104,-0.21270909905433785, -2.7812509536743164
-0.20020637919668616,-0.15016219019889962, -2.7812509536743164
0.20019274773898132,-0.15018096566200387, -2.7812509536743164
-0.23414803255474226,-0.08979615569114817, -2.7812509536743164
0.23414605559815982,-0.08980324864387644, -2.7812509536743164
-0.24939836350557698,-0.018516987562180884, -2.7812509536743164
0.24831251794461195,-0.030743151903153784, -2.7812509536743164
-0.24830700272190143,0.030785709619520776, -2.7812509536743164
0.24940263003173868,0.018462330102919214, -2.7812509536743164
-0.23414095660763223,0.0898136794567095, -2.7812509536743164
0.2341585425636481,0.08977028727531301, -2.7812509536743164
-0.20019638962429553,0.150173872709273, -2.7812509536743164
0.2002393657434709,0.15011921525001395, -2.7812509536743164
-0.13233930553570872,0.21271660923957694, -2.7812509536743164
0.13235189670552927,0.21270909905433524, -2.7812509536743164
-0.06168930349957691,0.2428654134273516, -2.7812509536743164
0.061689823936092125,0.24286583065986503, -2.7812509536743164
4.6833434907966875E-7,0.24999967217445243, -2.7812509536743164
4.6833434907966875E-7,0.28124955296516285, -2.5937509536743164
4.6833434907966875E-7,-0.2812503874301924, -2.5937509536743164
0.0693830433734206,0.27322825789451466, -2.5937509536743164
0.06935432335279756,-0.27323618531227245, -2.5937509536743164
0.14890336946024263,0.23929306864738334, -2.5937509536743164
0.1354057922317793,-0.24736151099205148, -2.5937509536743164
0.20117672061945768,0.1965438425540911, -2.5937509536743164
0.18847581178914652,-0.20882007479667794, -2.5937509536743164
0.23978100689083703,0.14813652634620536, -2.5937509536743164
0.23978142312301998,-0.14813652634620797, -2.5937509536743164
0.26991038968532166,0.08174940943717825, -2.5937509536743164
0.26342008125669736,-0.10101303458213938, -2.5937509536743164
0.28004106478596213,0.02772989869117605, -2.5937509536743164
0.2795973612789453,-0.03231903910637034, -2.5937509536743164
4.6833434907966875E-7,-0.2812503874301924, -0.5937528610229492
4.6833434907966875E-7,0.28124955296516285, -0.5937528610229492
0.06938345960560355,-0.2732290923595442, -0.5937528610229492
0.06935349088843168,0.27323535084724293, -0.5937528610229492
0.1354195278938164,-0.24735358357429635, -0.5937528610229492
0.14890878047862088,0.23928973078727592, -0.5937528610229492
0.18850036948794013,-0.20879754424095284, -0.5937528610229492
0.20117463945854297,0.19655010104179252, -0.5937528610229492
0.23978142312301998,-0.14813652634620797, -0.5937528610229492
0.23978100689083703,0.14813652634620536, -0.5937528610229492
0.26341716763141676,-0.1010209619998945, -0.5937528610229492
0.26990040011293104,0.0817832052707659, -0.5937528610229492
0.2795973612789453,-0.03231903910637034, -0.5937528610229492
0.28004106478596213,0.02772989869117605, -0.5937528610229492
-0.06999937903202635,-0.27240005135536327, 0.3735361099243164
-0.06999937903202635,-0.2381356656551374, 0.39487743377685547
-0.06999937903202635,-0.27240005135536327, 0.8139581680297852
-0.06999937903202635,-0.19378343224525582, 0.4357328414916992
-0.06999937903202635,-0.24076923727989327, 0.7944955825805664
-0.06999937903202635,-0.15941765904426705, 0.49234867095947266
-0.06999937903202635,-0.19590380787849557, 0.7542505264282227
-0.06999937903202635,-0.14254143834114205, 0.5599508285522461
-0.06999937903202635,-0.16068604588508736, 0.6981496810913086
-0.06999937903202635,-0.14290860295295846, 0.6307306289672852
0.07000031570072451,-0.2381202280521406, 0.39488887786865234
0.07000031570072451,-0.27240005135536327, 0.3735361099243164
0.07000031570072451,-0.1937934458255781, 0.43572139739990234
0.07000031570072451,-0.27240005135536327, 0.8139581680297852
0.07000031570072451,-0.15941765904426705, 0.49234867095947266
0.07000031570072451,-0.2407800853252424, 0.7945032119750977
0.07000031570072451,-0.14254143834114205, 0.5599508285522461
0.07000031570072451,-0.19590923190117013, 0.7542562484741211
0.07000031570072451,-0.14290860295295846, 0.6307306289672852
0.07000031570072451,-0.16069355607032906, 0.6981668472290039
-0.1350568854581411,-0.24670061469078194, 0.03124713897705078
-0.1350568854581411,-0.24670061469078194, 0.9062471389770508
-0.1884665504767895,-0.20876291394233834, 0.03124713897705078
-0.1884665504767895,-0.20876291394233834, 0.9062471389770508
-0.23928017537042479,-0.14780524373054635, 0.03124713897705078
-0.23928017537042479,-0.14780524373054635, 0.9062471389770508
-0.23928017537042479,-0.14780524373054635, 0.03124713897705078
-0.26259916718760223,-0.10071262717247141, 0.9062471389770508
-0.26259916718760223,-0.10071262717247141, 0.03124713897705078
-0.26259916718760223,-0.10071262717247141, 0.9062471389770508
-0.2793887247509588,-0.03229984641075266, 0.03124713897705078
-0.2793887247509588,-0.03229984641075266, 0.9062471389770508
-0.2798811274233799,0.027710288763044946, 0.03124713897705078
-0.2798811274233799,0.027710288763044946, 0.9062471389770508
-0.2798811274233799,0.027710288763044946, 0.03124713897705078
-0.26916855973098563,0.0815441310405718, 0.9062471389770508
-0.26916855973098563,0.0815441310405718, 0.03124713897705078
-0.23927975913824184,0.1478048264980303, 0.9062471389770508
-0.23927975913824184,0.1478048264980303, 0.03124713897705078
-0.23927975913824184,0.1478048264980303, 0.9062471389770508
-0.20117578395075952,0.1965438425540911, 0.03124713897705078
-0.20118410859441838,0.1965392529964434, 0.9062471389770508
-0.14858401517159336,0.23879697918891776, 0.03124713897705078
-0.14858401517159336,0.23879697918891776, 0.9062471389770508
-0.06923018195794839,0.2725957334041582, 0.03124713897705078
-0.06923018195794839,0.2725957334041582, 0.9062471389770508
4.6833434907966875E-7,0.28124955296516285, 0.03124713897705078
4.6833434907966875E-7,0.28124955296516285, 0.9062471389770508
4.6833434907966875E-7,0.28124955296516285, 0.03124713897705078
0.06923153485882949,0.2725953161716448, 0.9062471389770508
0.06923153485882949,0.2725953161716448, 0.03124713897705078
0.06923153485882949,0.2725953161716448, 0.9062471389770508
0.13505782212683926,0.24669978022575248, 0.03124713897705078
0.13505782212683926,0.24669978022575248, 0.9062471389770508
0.18846707091330472,0.20876207947730888, 0.03124713897705078
0.18846707091330472,0.20876207947730888, 0.9062471389770508
0.23928111203912295,0.14780440926551688, 0.03124713897705078
0.23928111203912295,0.14780440926551688, 0.9062471389770508
0.2626001038563004,0.10071179270744192, 0.03124713897705078
0.2626001038563004,0.10071179270744192, 0.9062471389770508
0.279389245187474,0.03229901194572317, 0.03124713897705078
0.279389245187474,0.03229901194572317, 0.9062471389770508
0.2798816478598951,-0.02771112322807444, 0.03124713897705078
0.2798816478598951,-0.02771112322807444, 0.9062471389770508
0.2691694963996838,-0.0815449655056013, 0.03124713897705078
0.2691694963996838,-0.0815449655056013, 0.9062471389770508
0.23928069580694,-0.14780566096305978, 0.03124713897705078
0.23928069580694,-0.14780566096305978, 0.9062471389770508
0.20117672061945768,-0.19654467701912057, 0.03124713897705078
0.20117672061945768,-0.19654467701912057, 0.9062471389770508
0.14858495184029152,-0.23879781365394723, 0.03124713897705078
0.14858495184029152,-0.23879781365394723, 0.9062471389770508
0.14858495184029152,-0.23879781365394723, 0.03124713897705078
0.07000031570072451,-0.27240005135536327, 0.3735361099243164
0.06923111862664655,-0.27259656786918773, 0.03124713897705078
0.06913913131421623,-0.2726199328899397, 0.37341785430908203
0.06923111862664655,-0.27259656786918773, 0.03124713897705078
-7.803621997481969E-7,-0.2812503874301924, 0.36826229095458984
4.6833434907966875E-7,-0.2812503874301924, 0.03124713897705078
-7.803621997481969E-7,-0.2812503874301924, 0.36826229095458984
-0.06923059819013133,-0.2725961506366743, 0.03124713897705078
-0.06914360566389632,-0.272618263959886, 0.37341785430908203
-0.06923059819013133,-0.2725961506366743, 0.03124713897705078
-0.06999937903202635,-0.27240005135536327, 0.3735361099243164
-0.1350568854581411,-0.24670061469078194, 0.03124713897705078
-0.06999937903202635,-0.27240005135536327, 0.3735361099243164
-0.1350568854581411,-0.24670061469078194, 0.9062471389770508
-0.06999937903202635,-0.27240005135536327, 0.8139581680297852
-0.06923059819013133,-0.2725961506366743, 0.9062471389770508
-0.06913444855587159,-0.27262076735496654, 0.8140783309936523
-0.06923059819013133,-0.2725961506366743, 0.9062471389770508
4.6833434907966875E-7,-0.2812503874301924, 0.8192319869995117
4.6833434907966875E-7,-0.2812503874301924, 0.9062471389770508
4.6833434907966875E-7,-0.2812503874301924, 0.8192319869995117
0.06923111862664655,-0.27259656786918773, 0.9062471389770508
0.06913871508203329,-0.2726199328899397, 0.8140783309936523
0.06923111862664655,-0.27259656786918773, 0.9062471389770508
0.07000031570072451,-0.27240005135536327, 0.8139581680297852
0.14858495184029152,-0.23879781365394723, 0.9062471389770508
0.07000031570072451,-0.27240005135536327, 0.3735361099243164
0.4346055560642412,0.05024334788322317, -0.21875286102294922
0.4346055560642412,0.05024334788322317, 0.03124713897705078
0.43537142328085565,-0.043105751276017554, -0.21875286102294922
0.43537142328085565,-0.043105751276017554, 0.03124713897705078
0.4187079840689307,-0.12684723734855782, -0.21875286102294922
0.4187079840689307,-0.12684723734855782, 0.03124713897705078
0.4187079840689307,-0.12684723734855782, -0.21875286102294922
0.372214016769874,-0.2299199402332319, 0.03124713897705078
0.372214016769874,-0.2299199402332319, -0.21875286102294922
0.372214016769874,-0.2299199402332319, 0.03124713897705078
0.3129413052222958,-0.30573567748069896, -0.21875286102294922
0.3129413052222958,-0.30573567748069896, 0.03124713897705078
0.23113170212928935,-0.3714627325534834, -0.21875286102294922
0.23113170212928935,-0.3714627325534834, 0.03124713897705078
0.10769263725927658,-0.4240386188030256, -0.21875286102294922
0.10769263725927658,-0.4240386188030256, 0.03124713897705078
0.10769263725927658,-0.4240386188030256, -0.21875286102294922
4.6833434907966875E-7,-0.43750020861625805, 0.03124713897705078
4.6833434907966875E-7,-0.43750020861625805, -0.21875286102294922
4.6833434907966875E-7,-0.43750020861625805, 0.03124713897705078
-0.1076925330549443,-0.4240386188030256, -0.21875286102294922
-0.1076925330549443,-0.4240386188030256, 0.03124713897705078
-0.1076925330549443,-0.4240386188030256, -0.21875286102294922
-0.21008856368410989,-0.3837564885616316, 0.03124713897705078
-0.21008856368410989,-0.3837564885616316, -0.21875286102294922
-0.21008856368410989,-0.3837564885616316, 0.03124713897705078
-0.293170172328189,-0.32474187016487255, -0.21875286102294922
-0.293170172328189,-0.32474187016487255, 0.03124713897705078
-0.293170172328189,-0.32474187016487255, -0.21875286102294922
-0.3722139125655417,-0.2299186885356916, 0.03124713897705078
-0.3722139125655417,-0.2299186885356916, -0.21875286102294922
-0.3722139125655417,-0.2299186885356916, 0.03124713897705078
-0.4084877148446253,-0.15666350722313058, -0.21875286102294922
-0.4084877148446253,-0.15666350722313058, 0.03124713897705078
-0.43460461939554307,-0.05024418234825266, -0.21875286102294922
-0.43460461939554307,-0.05024418234825266, 0.03124713897705078
-0.43460461939554307,-0.05024418234825266, -0.21875286102294922
-0.4353704866121575,0.04310491681098806, 0.03124713897705078
-0.4353704866121575,0.04310491681098806, -0.21875286102294922
-0.4353704866121575,0.04310491681098806, 0.03124713897705078
-0.41870704740023257,0.12684640288352836, -0.21875286102294922
-0.41870704740023257,0.12684640288352836, 0.03124713897705078
-0.41870704740023257,0.12684640288352836, -0.21875286102294922
-0.37221349633335876,0.22991910576820243, 0.03124713897705078
-0.37221349633335876,0.22991910576820243, -0.21875286102294922
-0.37221349633335876,0.22991910576820243, 0.03124713897705078
-0.31294036855359764,0.30573484301566944, -0.21875286102294922
-0.31294036855359764,0.30573484301566944, 0.03124713897705078
-0.31294036855359764,0.30573484301566944, -0.21875286102294922
-0.2311307654605912,0.37146189808845387, 0.03124713897705078
-0.2311307654605912,0.37146189808845387, -0.21875286102294922
-0.2311307654605912,0.37146189808845387, 0.03124713897705078
-0.10769170059057842,0.4240377843379961, -0.21875286102294922
-0.10769170059057842,0.4240377843379961, 0.03124713897705078
-0.10769170059057842,0.4240377843379961, -0.21875286102294922
4.6833434907966875E-7,0.4374993741512285, 0.03124713897705078
4.6833434907966875E-7,0.4374993741512285, -0.21875286102294922
4.6833434907966875E-7,0.4374993741512285, 0.03124713897705078
0.10769346972364247,0.4240377843379961, -0.21875286102294922
0.10769346972364247,0.4240377843379961, 0.03124713897705078
0.21008950035280805,0.38375565409660206, -0.21875286102294922
0.21008950035280805,0.38375565409660206, 0.03124713897705078
0.29317110899688714,0.32474103569984303, -0.21875286102294922
0.29317110899688714,0.32474103569984303, 0.03124713897705078
0.29317110899688714,0.32474103569984303, -0.21875286102294922
0.37221484923423986,0.22991785407066215, 0.03124713897705078
0.37221484923423986,0.22991785407066215, -0.21875286102294922
0.4084886515133235,0.1566626727581011, 0.03124713897705078
0.4084886515133235,0.1566626727581011, -0.21875286102294922
0.4084886515133235,0.1566626727581011, 0.03124713897705078
0.4346055560642412,0.05024334788322317, -0.21875286102294922
0.4346055560642412,0.05024334788322317, 0.03124713897705078
-0.26259916718760223,0.10071179270744192, -0.21875286102294922
-0.273938996779691,0.0637066066265093, -1.087254524230957
-0.2793887247509588,0.03229901194572317, -0.21875286102294922
-0.2744534597578081,0.06145313382148611, -1.075272560119629
-0.2793887247509588,0.03229901194572317, -0.21875286102294922
-0.2759015315222655,0.0545854866504656, -1.0600786209106445
-0.2793887247509588,0.03229901194572317, -0.21875286102294922
-0.27750360919441164,0.045748919248579614, -1.048996925354004
-0.2793887247509588,0.03229901194572317, -0.21875286102294922
-0.2791997553399028,0.033892422914503686, -1.0393075942993164
-0.2793887247509588,0.03229901194572317, -0.21875286102294922
-0.28079184343965835,0.016034871339796655, -1.031641960144043
-0.2793887247509588,0.03229901194572317, -0.21875286102294922
-0.2812492826087123,-2.0861625803175442E-7, -1.0297517776489258
-0.2798811274233799,-0.02771112322807444, -0.21875286102294922
-0.2807989193867684,-0.015910953283311255, -1.0316095352172852
-0.2798811274233799,-0.02771112322807444, -0.21875286102294922
-0.2795606286425141,-0.03077360987663401, -1.0374441146850586
-0.2798811274233799,-0.02771112322807444, -0.21875286102294922
-0.2779926820093692,-0.04267683625221384, -1.0460405349731445
-0.2798811274233799,-0.02771112322807444, -0.21875286102294922
-0.2759181808095832,-0.05450162291526926, -1.0599451065063477
-0.26916855973098563,-0.0815449655056013, -0.21875286102294922
-0.2747922727547234,-0.05992063879966868, -1.0707082748413086
-0.26916855973098563,-0.0815449655056013, -0.21875286102294922
-0.2739643869428505,-0.06359812617302073, -1.0861539840698242
-0.26916855973098563,-0.0815449655056013, -0.21875286102294922
-0.27393816431532514,-0.06371077895164622, -1.1002092361450195
-0.23927975913824184,-0.14780566096305978, -0.21875286102294922
-0.23928017537042479,-0.14780524373054635, -2.7500009536743164
-0.20117578395075952,-0.19654467701912057, -0.21875286102294922
-0.20117578395075952,-0.19654467701912057, -2.7500009536743164
-0.14858401517159336,-0.23879781365394723, -0.21875286102294922
-0.14858401517159336,-0.23879781365394723, -2.7500009536743164
-0.06923018195794839,-0.27259656786918773, -0.21875286102294922
-0.06923059819013133,-0.2725961506366743, -2.7500009536743164
-0.06923018195794839,-0.27259656786918773, -0.21875286102294922
4.6833434907966875E-7,-0.2812503874301924, -0.5937528610229492
4.6833434907966875E-7,-0.2812503874301924, -0.21875286102294922
4.6833434907966875E-7,-0.2812503874301924, -0.5937528610229492
0.06923153485882949,-0.2725961506366743, -0.21875286102294922
0.06923153485882949,-0.2725961506366743, -0.5937528610229492
0.13505782212683926,-0.24670061469078194, -0.21875286102294922
0.13505782212683926,-0.24670061469078194, -0.5937528610229492
0.18846707091330472,-0.20876291394233834, -0.21875286102294922
0.18846707091330472,-0.20876291394233834, -0.5937528610229492
0.23928111203912295,-0.14780524373054635, -0.21875286102294922
0.23928111203912295,-0.14780524373054635, -0.5937528610229492
0.2626001038563004,-0.10071262717247141, -0.21875286102294922
0.2626001038563004,-0.10071262717247141, -0.5937528610229492
0.279389245187474,-0.03229984641075266, -0.21875286102294922
0.279389245187474,-0.03229984641075266, -0.5937528610229492
0.2798816478598951,0.027710288763044946, -0.21875286102294922
0.2798816478598951,0.027710288763044946, -0.5937528610229492
0.2691694963996838,0.0815441310405718, -0.21875286102294922
0.2691694963996838,0.0815441310405718, -0.5937528610229492
0.23928069580694,0.1478048264980303, -0.21875286102294922
0.23928069580694,0.1478048264980303, -0.5937528610229492
0.20117672061945768,0.1965438425540911, -0.21875286102294922
0.20117463945854297,0.19655010104179252, -0.5937528610229492
0.14858495184029152,0.23879697918891776, -0.21875286102294922
0.14858495184029152,0.23879697918891776, -0.5937528610229492
0.06923111862664655,0.2725957334041582, -0.21875286102294922
0.06923111862664655,0.2725957334041582, -0.5937528610229492
4.6833434907966875E-7,0.28124955296516285, -0.21875286102294922
4.6833434907966875E-7,0.28124955296516285, -0.5937528610229492
-0.06923059819013133,0.2725953161716448, -0.21875286102294922
-0.06923018195794839,0.2725957334041582, -2.7500009536743164
-0.1350568854581411,0.24669978022575248, -0.21875286102294922
-0.1350568854581411,0.24669978022575248, -2.7500009536743164
-0.1884665504767895,0.20876207947730888, -0.21875286102294922
-0.1884665504767895,0.20876207947730888, -2.7500009536743164
-0.23928017537042479,0.14780440926551688, -0.21875286102294922
-0.23928017537042479,0.14780440926551688, -2.7500009536743164
-0.26259916718760223,0.10071179270744192, -0.21875286102294922
-0.26259916718760223,0.10071179270744192, -2.7500009536743164
-0.273938996779691,0.0637066066265093, -1.087254524230957
-0.273938996779691,0.0637066066265093, -2.087254524230957
-0.27396064085320404,0.06361356377601492, -1.1011991500854492
-0.2744534597578081,0.06145313382148611, -2.075272560119629
-0.27480267855929696,0.05987265706062185, -1.1169195175170898
-0.2759015315222655,0.0545854866504656, -2.0600767135620117
-0.2759377437221815,0.05440106987953054, -1.1277170181274414
-0.27750360919441164,0.045748919248579614, -2.048995018005371
-0.27799476317028393,0.042664319276808374, -1.1414728164672852
-0.2791997553399028,0.033892422914503686, -2.0393056869506836
-0.2795639584999776,0.03074440360069143, -1.1500749588012695
-0.28079184343965835,0.016034871339796655, -2.03164005279541
-0.2808030817085978,0.015839189290999048, -1.155909538269043
-0.2812492826087123,-2.0861625803175442E-7, -2.029751777648926
-0.2812492826087123,2.607703208791551E-5, -1.1577520370483398
-0.2807989193867684,-0.015910953283311255, -2.031609535217285
-0.28079683822585366,-0.015953093767167456, -1.1558828353881836
-0.2795606286425141,-0.03077360987663401, -2.037442207336426
-0.2792151559306717,-0.03376600146293772, -1.1482763290405273
-0.2779926820093692,-0.04267683625221384, -2.0460405349731445
-0.27747946772780097,-0.04589495062828196, -1.1383600234985352
-0.2759181808095832,-0.05450162291526926, -2.059943199157715
-0.27591110486247317,-0.05453708767891062, -1.1275053024291992
-0.2759181808095832,-0.05450162291526926, -2.059943199157715
-0.27446095193710107,-0.061420172452927954, -1.112349510192871
-0.2747922727547234,-0.05992063879966868, -2.0707082748413086
-0.27393816431532514,-0.06371077895164622, -1.1002092361450195
-0.2739643869428505,-0.06359812617302073, -2.086153984069824
-0.27393816431532514,-0.06371077895164622, -1.1002092361450195
-0.27393816431532514,-0.06371077895164622, -2.1002092361450195
-0.26916855973098563,-0.0815449655056013, -2.7500009536743164
-0.27446095193710107,-0.061420172452927954, -2.112349510192871
-0.26916855973098563,-0.0815449655056013, -2.7500009536743164
-0.27591110486247317,-0.05453708767891062, -2.127505302429199
-0.2798811274233799,-0.02771112322807444, -2.7500009536743164
-0.27747946772780097,-0.04589495062828196, -2.1383581161499023
-0.2798811274233799,-0.02771112322807444, -2.7500009536743164
-0.2792151559306717,-0.03376600146293772, -2.1482763290405273
-0.2798811274233799,-0.02771112322807444, -2.7500009536743164
-0.28079683822585366,-0.015953093767167456, -2.1558828353881836
-0.2798811274233799,-0.02771112322807444, -2.7500009536743164
-0.2812492826087123,2.607703208791551E-5, -2.15775203704834
-0.2793887247509588,0.03229901194572317, -2.7500009536743164
-0.2808030817085978,0.015839189290999048, -2.155909538269043
-0.2793887247509588,0.03229901194572317, -2.7500009536743164
-0.2795639584999776,0.03074440360069143, -2.1500730514526367
-0.2793887247509588,0.03229901194572317, -2.7500009536743164
-0.27799476317028393,0.042664319276808374, -2.141472816467285
-0.2793887247509588,0.03229901194572317, -2.7500009536743164
-0.2759377437221815,0.05440106987953054, -2.1277151107788086
-0.2793887247509588,0.03229901194572317, -2.7500009536743164
-0.27480267855929696,0.05987265706062185, -2.116917610168457
-0.2793887247509588,0.03229901194572317, -2.7500009536743164
-0.27396064085320404,0.06361356377601492, -2.101199150085449
-0.26259916718760223,0.10071179270744192, -2.7500009536743164
-0.273938996779691,0.0637066066265093, -2.087254524230957
4.6833434907966875E-7,0.28124955296516285, -0.5937528610229492
4.6833434907966875E-7,0.28124955296516285, -2.5937509536743164
-0.06923018195794839,0.2725957334041582, -2.7500009536743164
4.6833434907966875E-7,0.28124955296516285, -2.5937509536743164
4.6833434907966875E-7,0.28124955296516285, -2.7500009536743164
0.06923111862664655,0.2725957334041582, -2.5937509536743164
0.06923111862664655,0.2725957334041582, -2.7500009536743164
0.06923111862664655,0.2725957334041582, -2.5937509536743164
0.14858495184029152,0.23879697918891776, -2.7500009536743164
0.14858495184029152,0.23879697918891776, -2.5937509536743164
0.14858495184029152,0.23879697918891776, -2.7500009536743164
0.20117672061945768,0.1965438425540911, -2.5937509536743164
0.20117672061945768,0.1965438425540911, -2.7500009536743164
0.20117672061945768,0.1965438425540911, -2.5937509536743164
0.23928069580694,0.1478048264980303, -2.7500009536743164
0.23928069580694,0.1478048264980303, -2.5937509536743164
0.2691694963996838,0.0815441310405718, -2.7500009536743164
0.2691694963996838,0.0815441310405718, -2.5937509536743164
0.2798816478598951,0.027710288763044946, -2.7500009536743164
0.2798816478598951,0.027710288763044946, -2.5937509536743164
0.2798816478598951,0.027710288763044946, -2.7500009536743164
0.279389245187474,-0.03229984641075266, -2.5937509536743164
0.279389245187474,-0.03229984641075266, -2.7500009536743164
0.279389245187474,-0.03229984641075266, -2.5937509536743164
0.2626001038563004,-0.10071262717247141, -2.7500009536743164
0.2626001038563004,-0.10071262717247141, -2.5937509536743164
0.23928111203912295,-0.14780524373054635, -2.7500009536743164
0.23928111203912295,-0.14780524373054635, -2.5937509536743164
0.18846707091330472,-0.20876291394233834, -2.7500009536743164
0.18846707091330472,-0.20876291394233834, -2.5937509536743164
0.13505782212683926,-0.24670061469078194, -2.7500009536743164
0.13505782212683926,-0.24670061469078194, -2.5937509536743164
0.06923111862664655,-0.27259656786918773, -2.7500009536743164
0.06923153485882949,-0.2725961506366743, -2.5937509536743164
4.6833434907966875E-7,-0.2812503874301924, -2.7500009536743164
4.6833434907966875E-7,-0.2812503874301924, -2.5937509536743164
-0.06923059819013133,-0.2725961506366743, -2.7500009536743164
4.6833434907966875E-7,-0.2812503874301924, -0.5937528610229492
4.6833434907966875E-7,0.05444905161857473, -2.127385139465332
-0.27749903064039927,0.05436518788337576, -2.1275205612182617
4.6833434907966875E-7,0.04288628697395193, -2.1412553787231445
-0.27899496910589505,0.042824536561964624, -2.141312599182129
4.6833434907966875E-7,0.030732721090315454, -2.1498899459838867
-0.2800384631885322,0.030701011419294946, -2.149907112121582
4.6833434907966875E-7,0.015753656625746362, -2.1557817459106445
-0.2808929878601134,0.015675216913221948, -2.1558027267456055
4.6833434907966875E-7,-2.0861625803175442E-7, -2.15775203704834
-0.2812492826087123,2.607703208791551E-5, -2.15775203704834
4.6833434907966875E-7,-2.0861625803175442E-7, -2.15775203704834
-0.28072649498693636,-0.015754073858262427, -2.1557817459106445
4.6833434907966875E-7,-0.015754073858262427, -2.1557817459106445
-0.2791602132825233,-0.033695071935655005, -2.1481637954711914
4.6833434907966875E-7,-0.03381147980690134, -2.1480913162231445
-0.277486543674911,-0.04585573077201975, -2.1383981704711914
4.6833434907966875E-7,-0.045779377222062476, -2.1384763717651367
-0.27600767072891585,-0.054427772760392554, -2.1274213790893555
4.6833434907966875E-7,-0.054449886083604224, -2.127385139465332
-0.2745479444633361,-0.06126579642295969, -2.112259864807129
4.6833434907966875E-7,-0.06125119328498972, -2.112307548522949
-0.27381038103516175,-0.0636895000934614, -2.100052833557129
4.6833434907966875E-7,-0.06368908286094797, -2.1000566482543945
-0.27381038103516175,-0.0636895000934614, -2.100052833557129
4.6833434907966875E-7,-0.06357684731483591, -2.08640193939209
-0.27470403153193956,-0.06357935070991648, -2.086421012878418
4.6833434907966875E-7,-0.05975624918937815, -2.070834159851074
-0.276369376495893,-0.05974915623664988, -2.070815086364746
4.6833434907966875E-7,-0.054449886083604224, -2.060116767883301
-0.2774827975852645,-0.05446115136146677, -2.060135841369629
4.6833434907966875E-7,-0.04289337992668284, -2.046236991882324
-0.2789916392484315,-0.04285958409309519, -2.0462217330932617
4.6833434907966875E-7,-0.030733555555344946, -2.037613868713379
-0.2800372144919834,-0.030719369649888403, -2.0376062393188477
4.6833434907966875E-7,-0.015754491090775855, -2.0317201614379883
-0.2808900742348328,-0.015743643045426733, -2.0317182540893555
4.6833434907966875E-7,-2.0861625803175442E-7, -2.029751777648926
-0.2812492826087123,-2.0861625803175442E-7, -2.029751777648926
4.6833434907966875E-7,-2.0861625803175442E-7, -2.029751777648926
-0.280721916432924,0.015825420618055933, -2.0317392349243164
4.6833434907966875E-7,0.015753239393232935, -2.0317201614379883
-0.2791460613883032,0.03381481766700613, -2.039414405822754
4.6833434907966875E-7,0.03381064534187185, -2.039412498474121
-0.2775073552840581,0.04572722315788137, -2.04897403717041
4.6833434907966875E-7,0.04577311873435842, -2.0490198135375977
-0.27599684869215935,0.05448076128959524, -2.0601682662963867
4.6833434907966875E-7,0.05444905161857473, -2.060116767883301
-0.2745396198196772,0.06129291653632986, -2.0753355026245117
4.6833434907966875E-7,0.06125035881996023, -2.0751962661743164
-0.2738099648029788,0.06368741393089163, -2.087435722351074
4.6833434907966875E-7,0.06368824839591848, -2.0874452590942383
-0.2738099648029788,0.06368741393089163, -2.087435722351074
4.6833434907966875E-7,0.06357601284980642, -2.101101875305176
-0.2746898796377195,0.06359311938285696, -2.1009511947631836
4.6833434907966875E-7,0.05975541472434866, -2.1166696548461914
-0.27637853360391773,0.05971410870551931, -2.116776466369629
4.6833434907966875E-7,0.05444905161857473, -2.127385139465332
-0.27749903064039927,0.05436518788337576, -2.1275205612182617
-0.18658726217080357,0.018473178148268335, 1.1874971389770508
-0.18658726217080357,0.018473178148268335, 0.9062471389770508
-0.18625885497846184,-0.021533578634263403, 1.1874971389770508
-0.18625885497846184,-0.021533578634263403, 0.9062471389770508
-0.1750659553469518,-0.06714168190956248, 1.1874971389770508
-0.1750659553469518,-0.06714168190956248, 0.9062471389770508
-0.15951968331404487,-0.0985371768474592, 1.1874971389770508
-0.1595200995462278,-0.09853675961494578, 0.9062471389770508
-0.12564421087307664,-0.1391752064228071, 1.1874971389770508
-0.12564421087307664,-0.1391752064228071, 0.9062471389770508
-0.09003762878325006,-0.16446742415428292, 1.1874971389770508
-0.09003762878325006,-0.16446742415428292, 0.9062471389770508
-0.04615343727124355,-0.18173083662986886, 1.1874971389770508
-0.04615343727124355,-0.18173083662986886, 0.9062471389770508
4.6833434907966875E-7,-0.18750032782554757, 1.1874971389770508
4.6833434907966875E-7,-0.18750032782554757, 0.9062471389770508
0.046154373939941706,-0.18173083662986886, 1.1874971389770508
0.046154373939941706,-0.18173125386238229, 0.9062471389770508
0.09905665192758306,-0.1591986119747175, 1.1874971389770508
0.09905665192758306,-0.1591986119747175, 0.9062471389770508
0.13411796985775482,-0.13102999329567086, 1.1874971389770508
0.13411796985775482,-0.13102999329567086, 0.9062471389770508
0.15952103621492597,-0.09853675961494578, 1.1874971389770508
0.15952061998274303,-0.0985371768474592, 0.9062471389770508
0.17944648704457222,-0.05436351895332468, 1.1874971389770508
0.17944648704457222,-0.05436351895332468, 0.9062471389770508
0.18658819883950173,-0.018474012613297827, 1.1874971389770508
0.18658819883950173,-0.018474012613297827, 0.9062471389770508
0.18625979164716,0.02153274416923391, 1.1874971389770508
0.18625979164716,0.02153274416923391, 0.9062471389770508
0.17506689201564996,0.06714084744453298, 1.1874971389770508
0.17506689201564996,0.06714084744453298, 0.9062471389770508
0.15952061998274303,0.09853634238242971, 1.1874971389770508
0.15952103621492597,0.09853592514991628, 0.9062471389770508
0.1256451475417748,0.13917437195777763, 1.1874971389770508
0.1256451475417748,0.13917437195777763, 0.9062471389770508
0.09003856545194822,0.16446658968925346, 1.1874971389770508
0.09003856545194822,0.16446658968925346, 0.9062471389770508
0.046154373939941706,0.1817300021648394, 1.1874971389770508
0.046154373939941706,0.1817300021648394, 0.9062471389770508
4.6833434907966875E-7,0.1874994933605181, 1.1874971389770508
4.6833434907966875E-7,0.1874994933605181, 0.9062471389770508
4.6833434907966875E-7,0.1874994933605181, 1.1874971389770508
-0.04615343727124355,0.18173041939735282, 0.9062471389770508
-0.04615343727124355,0.18173041939735282, 1.1874971389770508
-0.04615343727124355,0.18173041939735282, 0.9062471389770508
-0.0990557152588849,0.15919777750968803, 1.1874971389770508
-0.0990557152588849,0.15919777750968803, 0.9062471389770508
-0.13411703318905666,0.1310291588306414, 1.1874971389770508
-0.13411703318905666,0.1310291588306414, 0.9062471389770508
-0.1595200995462278,0.09853592514991628, 1.1874971389770508
-0.15951968331404487,0.09853634238242971, 0.9062471389770508
-0.17944555037587406,0.05436268448829519, 1.1874971389770508
-0.17944555037587406,0.05436268448829519, 0.9062471389770508
-0.18658726217080357,0.018473178148268335, 1.1874971389770508
-0.18658726217080357,0.018473178148268335, 0.9062471389770508
4.6833434907966875E-7,-0.015754073858262427, -1.1557817459106445
-0.2791602132825233,-0.033695071935655005, -1.1481637954711914
4.6833434907966875E-7,-0.03381147980690134, -1.1480913162231445
-0.277486543674911,-0.04585573077201975, -1.1383981704711914
4.6833434907966875E-7,-0.045779377222062476, -1.1384763717651367
-0.27600767072891585,-0.054427772760392554, -1.1274213790893555
4.6833434907966875E-7,-0.054449886083604224, -1.127385139465332
-0.2745479444633361,-0.06126579642295969, -1.112259864807129
4.6833434907966875E-7,-0.06125119328498972, -1.1123075485229492
-0.27381038103516175,-0.0636895000934614, -1.100052833557129
4.6833434907966875E-7,-0.06368908286094797, -1.1000566482543945
-0.27381038103516175,-0.0636895000934614, -1.100052833557129
4.6833434907966875E-7,-0.06357684731483591, -1.0864019393920898
-0.27470403153193956,-0.06357935070991648, -1.086421012878418
4.6833434907966875E-7,-0.05975624918937815, -1.0708341598510742
-0.276369376495893,-0.05974915623664988, -1.070815086364746
4.6833434907966875E-7,-0.054449886083604224, -1.0601186752319336
-0.2774827975852645,-0.05446115136146677, -1.060135841369629
4.6833434907966875E-7,-0.04288712143898142, -1.0462465286254883
-0.2789916392484315,-0.04285958409309519, -1.0462217330932617
4.6833434907966875E-7,-0.030733555555344946, -1.037613868713379
-0.2800372144919834,-0.030719369649888403, -1.0376062393188477
4.6833434907966875E-7,-0.015754491090775855, -1.0317201614379883
-0.2808900742348328,-0.015743643045426733, -1.0317182540893555
4.6833434907966875E-7,-2.0861625803175442E-7, -1.0297517776489258
-0.2812492826087123,-2.0861625803175442E-7, -1.0297517776489258
4.6833434907966875E-7,-2.0861625803175442E-7, -1.0297517776489258
-0.280721916432924,0.015825420618055933, -1.0317392349243164
4.6833434907966875E-7,0.015753239393232935, -1.0317201614379883
-0.2791460613883032,0.03381481766700613, -1.039414405822754
4.6833434907966875E-7,0.03381064534187185, -1.039412498474121
-0.2775073552840581,0.04572722315788137, -1.0489740371704102
4.6833434907966875E-7,0.04577311873435842, -1.0490198135375977
-0.27599684869215935,0.05448076128959524, -1.0601682662963867
4.6833434907966875E-7,0.05444905161857473, -1.0601186752319336
-0.2745396198196772,0.06129291653632986, -1.0753374099731445
4.6833434907966875E-7,0.06125035881996023, -1.0751962661743164
-0.2738099648029788,0.06368741393089163, -1.087437629699707
4.6833434907966875E-7,0.06368824839591848, -1.0874452590942383
-0.2738099648029788,0.06368741393089163, -1.087437629699707
4.6833434907966875E-7,0.06357601284980642, -1.1011018753051758
-0.2746898796377195,0.06359311938285696, -1.1009531021118164
4.6833434907966875E-7,0.05975541472434866, -1.1166696548461914
-0.27637853360391773,0.05971410870551931, -1.1167783737182617
4.6833434907966875E-7,0.05444905161857473, -1.127385139465332
-0.27749903064039927,0.05436518788337576, -1.1275205612182617
4.6833434907966875E-7,0.04289922118186819, -1.1412591934204102
-0.27899496910589505,0.042824536561964624, -1.141312599182129
4.6833434907966875E-7,0.030732721090315454, -1.1498899459838867
-0.2800384631885322,0.030701011419294946, -1.149907112121582
4.6833434907966875E-7,0.015753656625746362, -1.1557817459106445
-0.2808929878601134,0.015675216913221948, -1.1558027267456055
4.6833434907966875E-7,-2.0861625803175442E-7, -1.1577520370483398
-0.2812492826087123,2.607703208791551E-5, -1.1577520370483398
4.6833434907966875E-7,-2.0861625803175442E-7, -1.1577520370483398
-0.28072649498693636,-0.015754073858262427, -1.1557817459106445
4.6833434907966875E-7,-0.015754073858262427, -1.1557817459106445
-0.2791602132825233,-0.033695071935655005, -1.1481637954711914
4.6833434907966875E-7,-0.030817002058030493, -2.0374650955200195
4.6833434907966875E-7,-0.05456253886222971, -1.1274633407592773
4.6833434907966875E-7,-0.04289337992668284, -2.046236991882324
4.6833434907966875E-7,-0.06141683459282053, -1.1123647689819336
4.6833434907966875E-7,-0.054563790559769995, -2.060042381286621
4.6833434907966875E-7,-0.06141683459282053, -1.1123647689819336
4.6833434907966875E-7,-0.05994233489036692, -2.07076358795166
4.6833434907966875E-7,-0.2812503874301924, -0.5937528610229492
4.6833434907966875E-7,-0.05994233489036692, -2.07076358795166
4.6833434907966875E-7,-0.2812503874301924, -2.5937509536743164
4.6833434907966875E-7,-0.06362399458885325, -2.0863962173461914
4.6833434907966875E-7,-0.2812503874301924, -2.5937509536743164
4.6833434907966875E-7,-0.06372538208961619, -2.1000585556030273
4.6833434907966875E-7,-0.2812503874301924, -2.5937509536743164
4.6833434907966875E-7,-0.06141683459282053, -2.1123647689819336
4.6833434907966875E-7,-0.2812503874301924, -2.5937509536743164
4.6833434907966875E-7,-0.05456253886222971, -2.1274614334106445
4.6833434907966875E-7,-0.2812503874301924, -2.5937509536743164
4.6833434907966875E-7,-0.045779377222062476, -2.1384763717651367
4.6833434907966875E-7,-0.2812503874301924, -2.5937509536743164
4.6833434907966875E-7,-0.033879071474076636, -2.148207664489746
4.6833434907966875E-7,-0.2812503874301924, -2.5937509536743164
4.6833434907966875E-7,-0.015792876482011206, -2.1559247970581055
4.6833434907966875E-7,-0.2812503874301924, -2.5937509536743164
4.6833434907966875E-7,-2.0861625803175442E-7, -2.15775203704834
4.6833434907966875E-7,-0.2812503874301924, -2.5937509536743164
4.6833434907966875E-7,0.015792042016981714, -2.1559247970581055
4.6833434907966875E-7,0.28124955296516285, -2.5937509536743164
4.6833434907966875E-7,0.030811995267866724, -2.150038719177246
4.6833434907966875E-7,0.28124955296516285, -2.5937509536743164
4.6833434907966875E-7,0.04288628697395193, -2.1412553787231445
4.6833434907966875E-7,0.28124955296516285, -2.5937509536743164
4.6833434907966875E-7,0.05456212162971365, -2.1274614334106445
4.6833434907966875E-7,0.28124955296516285, -2.5937509536743164
4.6833434907966875E-7,0.05994400382041799, -2.116732597351074
4.6833434907966875E-7,0.28124955296516285, -2.5937509536743164
4.6833434907966875E-7,0.06362482905387747, -2.101090431213379
4.6833434907966875E-7,0.28124955296516285, -2.5937509536743164
4.6833434907966875E-7,0.06372413039207327, -2.087437629699707
4.6833434907966875E-7,0.28124955296516285, -2.5937509536743164
4.6833434907966875E-7,0.06141808629035818, -2.0751447677612305
4.6833434907966875E-7,0.05994400382041799, -1.1167325973510742
4.6833434907966875E-7,0.06141808629035818, -2.0751447677612305
4.6833434907966875E-7,0.05456212162971365, -1.1274633407592773
4.6833434907966875E-7,0.0545629560947405, -2.060042381286621
4.6833434907966875E-7,0.05456212162971365, -1.1274633407592773
4.6833434907966875E-7,0.04577311873435842, -2.0490198135375977
4.6833434907966875E-7,0.04289922118186819, -1.1412591934204102
4.6833434907966875E-7,0.03388199210166799, -2.0392980575561523
4.6833434907966875E-7,0.030811995267866724, -1.150040626525879
4.6833434907966875E-7,0.015788286924360864, -2.0315771102905273
4.6833434907966875E-7,0.030811995267866724, -1.150040626525879
4.6833434907966875E-7,-2.0861625803175442E-7, -2.029751777648926
4.6833434907966875E-7,0.015792042016981714, -1.1559247970581055
4.6833434907966875E-7,-2.0861625803175442E-7, -2.029751777648926
4.6833434907966875E-7,-2.0861625803175442E-7, -1.1577520370483398
4.6833434907966875E-7,-2.0861625803175442E-7, -2.029751777648926
4.6833434907966875E-7,-0.015792876482011206, -1.1559247970581055
4.6833434907966875E-7,-2.0861625803175442E-7, -2.029751777648926
4.6833434907966875E-7,-0.033879071474076636, -1.148207664489746
4.6833434907966875E-7,-2.0861625803175442E-7, -2.029751777648926
4.6833434907966875E-7,-0.045779377222062476, -1.1384763717651367
4.6833434907966875E-7,-2.0861625803175442E-7, -2.029751777648926
4.6833434907966875E-7,-0.05456253886222971, -1.1274633407592773
4.6833434907966875E-7,-0.015789121389390356, -2.0315771102905273
4.6833434907966875E-7,-0.030817002058030493, -2.0374650955200195
4.6833434907966875E-7,-0.06141683459282053, -1.1123647689819336
4.6833434907966875E-7,-0.06372538208961619, -1.1000585556030273
4.6833434907966875E-7,-0.2812503874301924, -0.5937528610229492
4.6833434907966875E-7,-0.06362399458885325, -1.0863962173461914
4.6833434907966875E-7,-0.2812503874301924, -0.5937528610229492
4.6833434907966875E-7,-0.05994233489036692, -1.0707635879516602
4.6833434907966875E-7,-0.2812503874301924, -0.5937528610229492
4.6833434907966875E-7,-0.054563790559769995, -1.060042381286621
4.6833434907966875E-7,-0.2812503874301924, -0.5937528610229492
4.6833434907966875E-7,-0.04288712143898142, -1.0462465286254883
4.6833434907966875E-7,-0.2812503874301924, -0.5937528610229492
4.6833434907966875E-7,-0.030817002058030493, -1.0374650955200195
4.6833434907966875E-7,-0.2812503874301924, -0.5937528610229492
4.6833434907966875E-7,-0.015789121389390356, -1.0315771102905273
4.6833434907966875E-7,-0.2812503874301924, -0.5937528610229492
4.6833434907966875E-7,-2.0861625803175442E-7, -1.0297517776489258
4.6833434907966875E-7,0.28124955296516285, -0.5937528610229492
4.6833434907966875E-7,0.015788286924360864, -1.0315771102905273
4.6833434907966875E-7,0.28124955296516285, -0.5937528610229492
4.6833434907966875E-7,0.03388199210166799, -1.0392980575561523
4.6833434907966875E-7,0.28124955296516285, -0.5937528610229492
4.6833434907966875E-7,0.04577311873435842, -1.0490198135375977
4.6833434907966875E-7,0.28124955296516285, -0.5937528610229492
4.6833434907966875E-7,0.0545629560947405, -1.060042381286621
4.6833434907966875E-7,0.28124955296516285, -0.5937528610229492
4.6833434907966875E-7,0.06141808629035818, -1.0751447677612305
4.6833434907966875E-7,0.28124955296516285, -0.5937528610229492
4.6833434907966875E-7,0.06372413039207327, -1.087437629699707
4.6833434907966875E-7,0.28124955296516285, -0.5937528610229492
4.6833434907966875E-7,0.06362482905387747, -1.101090431213379
4.6833434907966875E-7,0.28124955296516285, -0.5937528610229492
4.6833434907966875E-7,0.05994400382041799, -1.1167325973510742
4.6833434907966875E-7,0.28124955296516285, -2.5937509536743164
-0.23928017537042479,0.14780440926551688, -2.7500009536743164
-0.23926102869000943,0.07248350977897512, -2.7812509536743164
-0.26916855973098563,0.0815441310405718, -2.7500009536743164
-0.24878317233918779,0.024631112813948267, -2.7812509536743164
-0.2798811274233799,0.027710288763044946, -2.7500009536743164
-0.24834529608273215,-0.028711229562760718, -2.7812509536743164
-0.2793887247509588,-0.03229984641075266, -2.7500009536743164
-0.23342129116332444,-0.08952245116233958, -2.7812509536743164
-0.26259916718760223,-0.10071262717247141, -2.7500009536743164
-0.2126933446849648,-0.13138213753700387, -2.7812509536743164
-0.23928017537042479,-0.14780524373054635, -2.7500009536743164
-0.16752549312076326,-0.18556687235832345, -2.7812509536743164
-0.1884665504767895,-0.20876291394233834, -2.7500009536743164
-0.12005046656651075,-0.21928969025612008, -2.7812509536743164
-0.1350568854581411,-0.24670061469078194, -2.7500009536743164
-0.06153821121716874,-0.24230799078941476, -2.7812509536743164
-0.06923059819013133,-0.2725961506366743, -2.7500009536743164
4.6833434907966875E-7,-0.2500000894069685, -2.7812509536743164
4.6833434907966875E-7,-0.2812503874301924, -2.7500009536743164
4.6833434907966875E-7,-0.2500000894069685, -2.7812509536743164
0.06923111862664655,-0.27259656786918773, -2.7500009536743164
0.061538731653683953,-0.24230799078941476, -2.7812509536743164
0.14858495184029152,-0.23879781365394723, -2.7500009536743164
0.13207551853605537,-0.21226474642753732, -2.7812509536743164
0.20117672061945768,-0.19654467701912057, -2.7500009536743164
0.17882380369889006,-0.17470631003379952, -2.7812509536743164
0.23928111203912295,-0.14780524373054635, -2.7500009536743164
0.21269386512148003,-0.13138297200203072, -2.7812509536743164
0.2691694963996838,-0.0815449655056013, -2.7500009536743164
0.23926196535870758,-0.07248434424400461, -2.7812509536743164
0.2798816478598951,-0.02771112322807444, -2.7500009536743164
0.24878410900788595,-0.02463194727897776, -2.7812509536743164
0.279389245187474,0.03229901194572317, -2.7500009536743164
0.2483462327514303,0.028710395097731226, -2.7812509536743164
0.2626001038563004,0.10071179270744192, -2.7500009536743164
0.2334222278320226,0.08952161669731008, -2.7812509536743164
0.23928069580694,0.1478048264980303, -2.7500009536743164
0.21269428135366297,0.1313813030719744, -2.7812509536743164
0.18846707091330472,0.20876207947730888, -2.7500009536743164
0.16752642978946142,0.18556603789329398, -2.7812509536743164
0.13505782212683926,0.24669978022575248, -2.7500009536743164
0.12005140323520891,0.21928885579109061, -2.7812509536743164
0.06923111862664655,0.2725957334041582, -2.7500009536743164
0.061539147885866896,0.2423071563243853, -2.7812509536743164
4.6833434907966875E-7,0.28124955296516285, -2.7500009536743164
4.6833434907966875E-7,0.24999967217445243, -2.7812509536743164
4.6833434907966875E-7,0.28124955296516285, -2.7500009536743164
-0.061537794984985794,0.2423071563243853, -2.7812509536743164
-0.06923018195794839,0.2725957334041582, -2.7500009536743164
-0.1320745818673572,0.21226391196250785, -2.7812509536743164
-0.14858401517159336,0.23879697918891776, -2.7500009536743164
-0.1788228670301919,0.17470547556877006, -2.7812509536743164
-0.20117578395075952,0.1965438425540911, -2.7500009536743164
-0.21269292845278187,0.13138213753700126, -2.7812509536743164
-0.23928017537042479,0.14780440926551688, -2.7500009536743164
-0.23926102869000943,0.07248350977897512, -2.7812509536743164
-0.145888079322674,0.05595067143440115, 1.2187471389770508
-0.1750659553469518,0.06714084744453298, 1.1874971389770508
-0.15521584254241816,0.01794371008872854, 1.2187471389770508
-0.18625885497846184,0.02153274416923391, 1.1874971389770508
-0.15548930708661146,-0.015395253896714575, 1.2187471389770508
-0.18658726217080357,-0.018474012613297827, 1.1874971389770508
-0.14953801933489785,-0.045302897691728, 1.2187471389770508
-0.17944555037587406,-0.05436351895332468, 1.1874971389770508
-0.1329328526285849,-0.08211448788643015, 1.2187471389770508
-0.15951968331404487,-0.0985371768474592, 1.1874971389770508
-0.11176411626848903,-0.10919162631034983, 1.2187471389770508
-0.13411703318905666,-0.13102999329567086, 1.1874971389770508
-0.08254628195464875,-0.13266554474830758, 1.2187471389770508
-0.0990557152588849,-0.1591986119747175, 1.1874971389770508
-0.03846105029828095,-0.15144267678260934, 1.2187471389770508
-0.04615343727124355,-0.18173083662986886, 1.1874971389770508
4.6833434907966875E-7,-0.15625044703483712, 1.2187471389770508
4.6833434907966875E-7,-0.18750032782554757, 1.1874971389770508
4.6833434907966875E-7,-0.15625044703483712, 1.2187471389770508
0.046154373939941706,-0.18173083662986886, 1.1874971389770508
0.03846198696697911,-0.15144267678260934, 1.2187471389770508
0.09003856545194822,-0.16446742415428292, 1.1874971389770508
0.07503214656031787,-0.13705608248710763, 1.2187471389770508
0.1256451475417748,-0.1391752064228071, 1.1874971389770508
0.10470409018574856,-0.11597958207130564, 1.2187471389770508
0.15952103621492597,-0.09853675961494578, 1.1874971389770508
0.132934205529466,-0.08211407065391672, 1.2187471389770508
0.15952103621492597,-0.09853675961494578, 1.1874971389770508
0.14588901599137216,-0.05595150589943064, 1.2187471389770508
0.17506689201564996,-0.06714168190956248, 1.1874971389770508
0.14588901599137216,-0.05595150589943064, 1.2187471389770508
0.18625979164716,-0.021533578634263403, 1.1874971389770508
0.15521636297893338,-0.017944544553758032, 1.2187471389770508
0.18625979164716,-0.021533578634263403, 1.1874971389770508
0.15549024375530962,0.015394419431685083, 1.2187471389770508
0.18658819883950173,0.018473178148268335, 1.1874971389770508
0.15549024375530962,0.015394419431685083, 1.2187471389770508
0.17944648704457222,0.05436268448829519, 1.1874971389770508
0.149538956003596,0.04530206322669851, 1.2187471389770508
0.17944648704457222,0.05436268448829519, 1.1874971389770508
0.13293378929728306,0.08211365342140066, 1.2187471389770508
0.15952061998274303,0.09853634238242971, 1.1874971389770508
0.13293378929728306,0.08211365342140066, 1.2187471389770508
0.13411796985775482,0.1310291588306414, 1.1874971389770508
0.11176505293718719,0.10919079184532034, 1.2187471389770508
0.09905665192758306,0.15919777750968803, 1.1874971389770508
0.08254721862334691,0.13266471028327811, 1.2187471389770508
0.046154373939941706,0.1817300021648394, 1.1874971389770508
0.03846198696697911,0.15144184231757987, 1.2187471389770508
4.6833434907966875E-7,0.1874994933605181, 1.1874971389770508
4.6833434907966875E-7,0.15624961256980766, 1.2187471389770508
4.6833434907966875E-7,0.1874994933605181, 1.1874971389770508
-0.038461466530463895,0.15144184231757987, 1.2187471389770508
-0.04615343727124355,0.18173041939735282, 1.1874971389770508
-0.07503120989161971,0.13705524802207816, 1.2187471389770508
-0.09003762878325006,0.16446658968925346, 1.1874971389770508
-0.1047031535170504,0.11597874760627615, 1.2187471389770508
-0.12564421087307664,0.13917437195777763, 1.1874971389770508
-0.13293326886076784,0.08211323618888723, 1.2187471389770508
-0.1595200995462278,0.09853592514991628, 1.1874971389770508
-0.145888079322674,0.05595067143440115, 1.2187471389770508
-0.1750659553469518,0.06714084744453298, 1.1874971389770508
