0.18406584196782205,0.239254735832219,0.23442959669046104
0.18544994930562098,0.239254735832219,0.23450649133883417
0.18275862948212307,0.239254735832219,0.23442959669046104
0.18544994930562098,0.239254735832219,0.23450649133883417
0.18137452214432415,0.239254735832219,0.23442959669046104
0.18544994930562098,0.239254735832219,0.23450649133883417
0.17999041480652522,0.23917784115474205,0.23450649133883417
0.18544994930562098,0.239254735832219,0.23450649133883417
0.1786063074687263,0.2391009464772651,0.23462183331139386
0.18544994930562098,0.239254735832219,0.23450649133883417
0.17729909498302732,0.23902405179978814,0.2347756226081401
0.1868340566434199,0.23917784115474205,0.2345833859872073
0.17729909498302732,0.23902405179978814,0.2347756226081401
0.18814126912911888,0.23902405179978814,0.23473717528395355
0.17583809279312845,0.23879336776735727,0.23504475387744606
0.1895253764669178,0.23887026244483422,0.23496785922907293
0.17583809279312845,0.23879336776735727,0.23504475387744606
0.19090948380471673,0.23863957841240335,0.23523699049837887
0.17583809279312845,0.23879336776735727,0.23504475387744606
0.1922166962904157,0.23833199970249552,0.2356214637402445
0.17445398545532953,0.2385626837349264,0.23535233247093856
0.1922166962904157,0.23833199970249552,0.2356214637402445
0.17183956048393156,0.23787063163763378,0.2361597262788564
0.19360080362821463,0.23794752631511074,0.23608283163048327
0.17183956048393156,0.23787063163763378,0.2361597262788564
0.19498491096601356,0.23740926357277203,0.23665954149328172
0.17083992740663234,0.23740926357277203,0.2365826468449086
0.19498491096601356,0.23740926357277203,0.23665954149328172
0.16837929213943426,0.2360251593781868,0.23792830319143832
0.19629212345171254,0.23671721147547942,0.23735159332863986
0.16837929213943426,0.2360251593781868,0.23792830319143832
0.19859896901471075,0.23479484453855548,0.23896638094447553
0.16668760539323557,0.2344103711511707,0.23927395953796804
0.1994448123878101,0.23371831905387808,0.23977377475239336
0.16553418261173647,0.2327955829241546,0.24042737926356494
0.20013686605670955,0.23256489889172371,0.24054272123612463
0.16476523409073707,0.23102700534218457,0.2414270096924156
0.20067513002140913,0.23141147872956935,0.24123477307148278
0.16415007527393755,0.2293353224376915,0.24223440350033343
0.20113649913400877,0.23018116388993803,0.2418499302584678
0.16415007527393755,0.2293353224376915,0.24223440350033343
0.20152097339450847,0.22895084905030672,0.24242664012126625
0.16376560101343784,0.22756674485572148,0.24292645533569157
0.20182855280290823,0.22764363953319844,0.242888008011505
0.16345802160503808,0.22564437791879755,0.24350316519849002
0.20198234250710811,0.22633643001609016,0.2433109285775572
0.16345802160503808,0.22564437791879755,0.24350316519849002
0.20221302706340794,0.22502922049898189,0.24365695449523628
0.1633042319008382,0.2237220109818736,0.24392608576454222
0.20228992191550788,0.2237220109818736,0.24392608576454222
0.16315044219663832,0.22164585468999576,0.2441567697096616
0.20236681676760782,0.22233790678728838,0.24411832238547504
0.16315044219663832,0.22164585468999576,0.2441567697096616
0.20244371161970776,0.22095380259270314,0.24423366435803473
0.16315044219663832,0.2195696983981179,0.24423366435803473
0.20244371161970776,0.2195696983981179,0.2442721116822213
0.16315044219663832,0.2195696983981179,0.24423366435803473
0.20244371161970776,0.21826248888100963,0.24419521703384817
0.16315044219663832,0.2174166474287631,0.2441567697096616
0.20236681676760782,0.2168783846864244,0.24411832238547504
0.16315044219663832,0.2174166474287631,0.2441567697096616
0.20228992191550788,0.21549428049183916,0.24392608576454222
0.1633042319008382,0.21549428049183916,0.24388763844035566
0.20221302706340794,0.2141870709747309,0.24365695449523628
0.16345802160503808,0.21411017629725393,0.24361850717104971
0.20221302706340794,0.2141870709747309,0.24365695449523628
0.16361181130923796,0.21280296678014565,0.2433109285775572
0.20198234250710811,0.2128798614576226,0.2433109285775572
0.16384249586553778,0.21157265194051433,0.242888008011505
0.20182855280290823,0.2116495466179913,0.24292645533569157
0.16384249586553778,0.21157265194051433,0.242888008011505
0.20152097339450847,0.21034233710088301,0.24242664012126625
0.16422697012603749,0.2098040743585443,0.24219595617614686
0.20113649913400877,0.2091120222612517,0.24188837758265436
0.16422697012603749,0.2098040743585443,0.24219595617614686
0.20067513002140913,0.20788170742162038,0.24127322039566934
0.164842128942837,0.2080354967765743,0.24138856236822903
0.20013686605670955,0.20672828725946601,0.2405811685603112
0.1656110774638364,0.20634381387208123,0.24038893193937838
0.1994448123878101,0.20557486709731165,0.2398506694007665
0.1656110774638364,0.20634381387208123,0.24038893193937838
0.19859896901471075,0.20449834161263425,0.23904327559284866
0.1667645002453355,0.20472902564506512,0.23923551221378148
0.19859896901471075,0.20449834161263425,0.23904327559284866
0.16853308184363414,0.20311423741804902,0.23788985586725175
0.19636901830381248,0.20265286935318727,0.237428487977013
0.16853308184363414,0.20311423741804902,0.23788985586725175
0.1950618058181135,0.2018839225784177,0.23673643614165485
0.17091682225873228,0.20173013322346378,0.23654419952072203
0.1950618058181135,0.2018839225784177,0.23673643614165485
0.17199335018813144,0.201345659836079,0.23608283163048327
0.19367769848031458,0.201345659836079,0.2361597262788564
0.17199335018813144,0.201345659836079,0.23608283163048327
0.1923704859946156,0.2009611864486942,0.23569835838861763
0.17330056267383043,0.20088429177121725,0.23565991106443107
0.19098637865681667,0.20065360773878638,0.235313885146752
0.1746077751595294,0.20065360773878638,0.23527543782256544
0.18960227131901775,0.2004229237063555,0.2350063065532595
0.17606877734942827,0.20034602902887855,0.23496785922907293
0.18829505883331876,0.20019223967392463,0.2347756226081401
0.1774528846872272,0.20019223967392463,0.23473717528395355
0.18691095149551984,0.20011534499644767,0.23462183331139386
0.17876009717292618,0.20003845031897072,0.2345833859872073
0.18552684415772092,0.20003845031897072,0.23450649133883417
0.1801442045107251,0.19996155564149376,0.23450649133883417
0.18421963167202193,0.19996155564149376,0.23442959669046104
0.1801442045107251,0.19996155564149376,0.23450649133883417
0.182835524334223,0.19996155564149376,0.23442959669046104
0.18152831184852403,0.19996155564149376,0.23442959669046104
0.18406584196782205,0.239254735832219,0.24792460747994483
0.18275862948212307,0.239254735832219,0.24792460747994483
0.18537305445352104,0.23917784115474205,0.2479630548041314
0.1814514169964241,0.239254735832219,0.24792460747994483
0.18537305445352104,0.23917784115474205,0.2479630548041314
0.1801442045107251,0.23917784115474205,0.2479630548041314
0.18537305445352104,0.23917784115474205,0.2479630548041314
0.17883699202502612,0.2391009464772651,0.24803994945250452
0.18537305445352104,0.23917784115474205,0.2479630548041314
0.17752977953932714,0.23894715712231118,0.2481552914250642
0.18668026693922002,0.2391009464772651,0.24803994945250452
0.17583809279312845,0.23863957841240335,0.24834752804599702
0.187987479424919,0.23894715712231118,0.24811684410087764
0.17583809279312845,0.23863957841240335,0.24834752804599702
0.18929469191061798,0.2387164730898803,0.2482706333976239
0.17406951119482983,0.2381782103475416,0.24861665931530297
0.19060190439631697,0.23848578905744944,0.24846287001855671
0.17406951119482983,0.2381782103475416,0.24861665931530297
0.19190911688201595,0.23810131567006465,0.2486935539636761
0.1723009295965312,0.23756305292772595,0.2490011325571686
0.19321632936771493,0.2376399476052029,0.24896268523298204
0.1723009295965312,0.23756305292772595,0.2490011325571686
0.19513870067021344,0.23671721147547942,0.24950094777159393
0.17060924285033252,0.23679410615295637,0.24950094777159393
0.19690728226851206,0.23556379131332505,0.25019299960695207
0.16945582006883342,0.23610205405566376,0.24988542101345956
0.19690728226851206,0.23556379131332505,0.25019299960695207
0.16830239728733432,0.23517931792594027,0.2503467889036983
0.19690728226851206,0.23556379131332505,0.25019299960695207
0.1667645002453355,0.23356452969892416,0.25115418271161616
0.19844517931051087,0.2340258977637859,0.2509234987664968
0.1667645002453355,0.23356452969892416,0.25115418271161616
0.1996754969441099,0.2324111095367698,0.2516155506018549
0.1656110774638364,0.23179595211695414,0.2518462345469743
0.20029065576090943,0.23118079469713848,0.2520769184920937
0.164842128942837,0.23018116388993803,0.25242294440977275
0.200828919725609,0.22995047985750716,0.2524998390581459
0.16422697012603749,0.22848948098544497,0.2529227596241981
0.20129028883820865,0.22872016501787584,0.25284586497582495
0.16376560101343784,0.2267977980809519,0.2533456801902503
0.20167476309870835,0.22741295550076757,0.253191890893504
0.16376560101343784,0.2267977980809519,0.2533456801902503
0.20190544765500817,0.22618264066113625,0.25346102216280997
0.16345802160503808,0.22502922049898189,0.2536532587837428
0.202136132211308,0.22487543114402797,0.25369170610792935
0.1633042319008382,0.22326064291701186,0.25388394272886217
0.20228992191550788,0.2235682216269197,0.2538454954046756
0.1633042319008382,0.22326064291701186,0.25388394272886217
0.20236681676760782,0.22226101210981142,0.25399928470142186
0.16315044219663832,0.22149206533504184,0.2540377320256084
0.20244371161970776,0.22095380259270314,0.254076179349795
0.16315044219663832,0.21964659307559486,0.254076179349795
0.20244371161970776,0.2195696983981179,0.254076179349795
0.16315044219663832,0.21964659307559486,0.254076179349795
0.20244371161970776,0.21826248888100963,0.254076179349795
0.16315044219663832,0.2178011208161479,0.2540377320256084
0.20236681676760782,0.21695527936390135,0.25399928470142186
0.1633042319008382,0.21603254323417787,0.25388394272886217
0.20228992191550788,0.21564806984679308,0.2538454954046756
0.1633042319008382,0.21603254323417787,0.25388394272886217
0.202136132211308,0.2143408603296848,0.25369170610792935
0.16345802160503808,0.2143408603296848,0.25369170610792935
0.20190544765500817,0.21311054549005348,0.25346102216280997
0.16376560101343784,0.21257228274771478,0.2533456801902503
0.20167476309870835,0.2118033359729452,0.253191890893504
0.16376560101343784,0.21257228274771478,0.2533456801902503
0.20129028883820865,0.2105730211333139,0.2528843123000115
0.16422697012603749,0.21080370516574476,0.25296120694838464
0.200828919725609,0.2092658116162056,0.2524998390581459
0.164842128942837,0.2091120222612517,0.25242294440977275
0.20029065576090943,0.2080354967765743,0.2520769184920937
0.1656110774638364,0.20742033935675863,0.2518462345469743
0.1996754969441099,0.20688207661441993,0.2516539979260415
0.1656110774638364,0.20742033935675863,0.2518462345469743
0.1989065484231105,0.20572865645226557,0.25115418271161616
0.16668760539323557,0.20572865645226557,0.25115418271161616
0.19798381019791123,0.20465213096758816,0.2506928148213774
0.16822550243523438,0.20411386822524946,0.2503852362278849
0.19690728226851206,0.20372939483786467,0.25019299960695207
0.16822550243523438,0.20411386822524946,0.2503852362278849
0.19575385948701296,0.20288355338561814,0.2497316317167133
0.17045545314613264,0.20249907999823336,0.2495393950957805
0.19452354185341392,0.20219150128832553,0.24934715847484767
0.17045545314613264,0.20249907999823336,0.2495393950957805
0.19329322421981487,0.20157634386850987,0.2490011325571686
0.17237782444863115,0.20157634386850987,0.2490011325571686
0.1919860117341159,0.20111497580364812,0.24873200128786266
0.17383882663853,0.20103808112617116,0.24865510663948953
0.1906787992484169,0.2008073970937403,0.24850131734274328
0.17568430308892857,0.20057671306130942,0.24834752804599702
0.18937158676271793,0.20049981838383246,0.24830908072181046
0.17568430308892857,0.20057671306130942,0.24834752804599702
0.18806437427701894,0.2002691343514016,0.2481552914250642
0.17760667439142708,0.2002691343514016,0.2481552914250642
0.18675716179131996,0.20011534499644767,0.24803994945250452
0.17891388687712606,0.20011534499644767,0.24803994945250452
0.18675716179131996,0.20011534499644767,0.24803994945250452
0.18022109936282504,0.20003845031897072,0.2479630548041314
0.18544994930562098,0.20003845031897072,0.2479630548041314
0.18022109936282504,0.20003845031897072,0.2479630548041314
0.184142736819922,0.19996155564149376,0.24792460747994483
0.18022109936282504,0.20003845031897072,0.2479630548041314
0.182835524334223,0.19996155564149376,0.24792460747994483
0.18152831184852403,0.19996155564149376,0.24792460747994483
0.16684139509743545,0.23110390001966152,0.24135011504404247
0.16722586935793515,0.23156526808452327,0.25192312919534743
0.16722586935793515,0.23156526808452327,0.24108098377473652
0.1684561869915342,0.23310316163406242,0.251346419332549
0.1684561869915342,0.23310316163406242,0.24023514264263213
0.16984029432933312,0.2344103711511707,0.25073126214556396
0.16984029432933312,0.2344103711511707,0.23935085418634117
0.16984029432933312,0.2344103711511707,0.25073126214556396
0.1707630325545324,0.23517931792594027,0.23873569699935615
0.17083992740663234,0.23517931792594027,0.2503852362278849
0.1707630325545324,0.23517931792594027,0.23873569699935615
0.17245471930073109,0.23633273808809463,0.249846973689273
0.17237782444863115,0.23633273808809463,0.23792830319143832
0.17414640604692977,0.23725547421781812,0.24938560579903424
0.17406951119482983,0.23725547421781812,0.23715935670770705
0.17414640604692977,0.23725547421781812,0.24938560579903424
0.17522293397632893,0.23779373696015682,0.23673643614165485
0.17529982882842887,0.23779373696015682,0.2491164745297283
0.17522293397632893,0.23779373696015682,0.23673643614165485
0.17676083101832774,0.23833199970249552,0.24880889593623579
0.17676083101832774,0.23833199970249552,0.23623662092722952
0.17768356924352702,0.23863957841240335,0.24861665931530297
0.17768356924352702,0.2385626837349264,0.23596748965792358
0.17868320232082624,0.23879336776735727,0.24850131734274328
0.1786063074687263,0.23879336776735727,0.2357368057128042
0.18029799421492498,0.2391009464772651,0.24830908072181046
0.18029799421492498,0.2391009464772651,0.23539077979512513
0.18152831184852403,0.239254735832219,0.24823218607343733
0.18160520670062397,0.239254735832219,0.2351985431741923
0.18345068315102253,0.239254735832219,0.2481552914250642
0.18275862948212307,0.239254735832219,0.23512164852581918
0.18345068315102253,0.239254735832219,0.2481552914250642
0.184142736819922,0.239254735832219,0.23504475387744606
0.18406584196782205,0.239254735832219,0.2481552914250642
0.18521926474932116,0.2391009464772651,0.23508320120163262
0.18637268753082026,0.23894715712231118,0.24823218607343733
0.18637268753082026,0.23894715712231118,0.2351985431741923
0.18637268753082026,0.23894715712231118,0.24823218607343733
0.187987479424919,0.2385626837349264,0.23546767444349825
0.18791058457281906,0.2385626837349264,0.24842442269437015
0.1891409022064181,0.23825510502501857,0.23577525303699076
0.1891409022064181,0.23825510502501857,0.24861665931530297
0.19090948380471673,0.237486158250249,0.23650575219653547
0.19090948380471673,0.237486158250249,0.24903957988135517
0.19213980143831577,0.2369478955079103,0.23708246205933392
0.19206290658621583,0.2369478955079103,0.24938560579903424
0.19321632936771493,0.23625584341061767,0.2376207245979458
0.19321632936771493,0.23633273808809463,0.24969318439252675
0.19475422640971374,0.23525621260341723,0.23842811840586364
0.19475422640971374,0.23517931792594027,0.25019299960695207
0.19575385948701296,0.2344103711511707,0.23896638094447553
0.19575385948701296,0.2344103711511707,0.2505005782004446
0.19713796682481188,0.23302626695658546,0.23981222207657993
0.19713796682481188,0.23302626695658546,0.25103884073905647
0.19836828445841093,0.23156526808452327,0.24061961588449776
0.19836828445841093,0.23156526808452327,0.25150020862929523
0.19913723297941033,0.23056563727732282,0.2411194310989231
0.19913723297941033,0.23056563727732282,0.2518462345469743
0.1998292866483098,0.22948911179264542,0.24158079898916185
0.1998292866483098,0.22941221711516846,0.2521538131404668
0.20075202487350907,0.22764363953319844,0.24231129814870656
0.20067513002140913,0.2277205342106754,0.25261518103070557
0.20144407854240853,0.22587506195122842,0.24296490265987813
0.20144407854240853,0.22587506195122842,0.25303810159675777
0.20182855280290823,0.2246447471115971,0.24334937590174377
0.20182855280290823,0.2246447471115971,0.2533072328660637
0.20205923735920805,0.2235682216269197,0.24361850717104971
0.20182855280290823,0.2246447471115971,0.2533072328660637
0.20228992191550788,0.22218411743233446,0.24396453308872879
0.20221302706340794,0.22279927485215012,0.25369170610792935
0.20228992191550788,0.22218411743233446,0.24396453308872879
0.20228992191550788,0.22218411743233446,0.2537686007563025
0.20244371161970776,0.22026175049541052,0.24423366435803473
0.20244371161970776,0.22026175049541052,0.2540377320256084
0.20244371161970776,0.2195696983981179,0.2442721116822213
0.20244371161970776,0.2195696983981179,0.254076179349795
0.20244371161970776,0.2195696983981179,0.2442721116822213
0.20244371161970776,0.2183393835584866,0.2540377320256084
0.20244371161970776,0.2183393835584866,0.24419521703384817
0.20228992191550788,0.2170321740413783,0.2539608373772353
0.20228992191550788,0.2170321740413783,0.24411832238547504
0.20198234250710811,0.2154173858143622,0.25380704808048904
0.20198234250710811,0.2154173858143622,0.2438491911161691
0.2017516579508083,0.21449464968463872,0.2536532587837428
0.2017516579508083,0.21449464968463872,0.24369540181942284
0.20144407854240853,0.2132643348450074,0.25346102216280997
0.20144407854240853,0.2132643348450074,0.24338782322593033
0.2009827094298089,0.21203402000537608,0.253191890893504
0.2009827094298089,0.21211091468285304,0.2430033499840647
0.20029065576090943,0.21064991581079084,0.25284586497582495
0.20029065576090943,0.21064991581079084,0.24250353476963937
0.1998292866483098,0.2098040743585443,0.25261518103070557
0.1998292866483098,0.2098040743585443,0.2421575088519603
0.19952170723991003,0.20918891693872865,0.2524613917339593
0.19952170723991003,0.20918891693872865,0.24192682490684092
0.19836828445841093,0.2076510233891895,0.25192312919534743
0.19836828445841093,0.2076510233891895,0.2411194310989231
0.19759933593741152,0.20665139258198906,0.2515386559534818
0.19759933593741152,0.20665139258198906,0.24054272123612463
0.19667659771221224,0.20572865645226557,0.25115418271161616
0.19667659771221224,0.20572865645226557,0.23992756404913962
0.19575385948701296,0.20480592032254208,0.2507697094697505
0.19575385948701296,0.20480592032254208,0.2393124068621546
0.1942928572971141,0.20365250016038772,0.25019299960695207
0.1942928572971141,0.20365250016038772,0.23842811840586364
0.1926011705509154,0.2025759746757103,0.24965473706834018
0.1926011705509154,0.2025759746757103,0.23754382994957268
0.19152464262151625,0.20196081725589465,0.2493087111506611
0.19152464262151625,0.20196081725589465,0.2370055674109608
0.18975606102321763,0.20119187048112508,0.24884734326042235
0.18975606102321763,0.20119187048112508,0.23623662092722952
0.187987479424919,0.20065360773878638,0.24846287001855671
0.187987479424919,0.20065360773878638,0.23558301641605794
0.18729542575601954,0.2004229237063555,0.24834752804599702
0.18729542575601954,0.2004229237063555,0.235313885146752
0.18537305445352104,0.20011534499644767,0.24807839677669108
0.18537305445352104,0.20011534499644767,0.2347756226081401
0.18406584196782205,0.19996155564149376,0.2479630548041314
0.18406584196782205,0.19996155564149376,0.23454493866302073
0.182835524334223,0.19996155564149376,0.24792460747994483
0.182835524334223,0.19996155564149376,0.23442959669046104
0.182835524334223,0.19996155564149376,0.24792460747994483
0.18152831184852403,0.19996155564149376,0.23450649133883417
0.1814514169964241,0.19996155564149376,0.2479630548041314
0.18022109936282504,0.20011534499644767,0.23469872795976698
0.1801442045107251,0.20011534499644767,0.24803994945250452
0.17883699202502612,0.20034602902887855,0.2350063065532595
0.17891388687712606,0.20034602902887855,0.24819373874925077
0.17768356924352702,0.20065360773878638,0.23535233247093856
0.17768356924352702,0.20065360773878638,0.2483859753701836
0.17645325160992797,0.2009611864486942,0.23577525303699076
0.17653014646202791,0.2009611864486942,0.24861665931530297
0.17522293397632893,0.20142255451355595,0.2362750682514161
0.17522293397632893,0.2014994491910329,0.24892423790879548
0.17406951119482983,0.20196081725589465,0.23681333079002798
0.17406951119482983,0.20196081725589465,0.24923181650228798
0.17237782444863115,0.2029604480630951,0.2377360665705055
0.17237782444863115,0.2029604480630951,0.24977007904089987
0.1707630325545324,0.2040369735477725,0.2386972496751696
0.17083992740663234,0.2040369735477725,0.2503467889036983
0.16984029432933312,0.20488281500001904,0.2393124068621546
0.16984029432933312,0.20480592032254208,0.25073126214556396
0.1684561869915342,0.2061900245171273,0.24023514264263213
0.16837929213943426,0.2061900245171273,0.251346419332549
0.16799481787893455,0.20665139258198906,0.24050427391193807
0.1675334487663349,0.20718965532432776,0.2517308925744146
0.1667645002453355,0.2081892861315282,0.24138856236822903
0.1667645002453355,0.2081892861315282,0.2520769184920937
0.1657648671680363,0.2098040743585443,0.24219595617614686
0.1657648671680363,0.2098040743585443,0.25261518103070557
0.16514970835123677,0.21088059984322172,0.24265732406638563
0.16514970835123677,0.21095749452069867,0.25296120694838464
0.16438075983023737,0.21264917742519174,0.24323403392918408
0.16438075983023737,0.2127260721026687,0.25338412751443684
0.16415007527393755,0.21334122952248435,0.2434262705501169
0.16399628556973767,0.21387949226482306,0.25357636413536966
0.16361181130923796,0.21518670178193133,0.24381074379198253
0.16361181130923796,0.21518670178193133,0.2537686007563025
0.1633042319008382,0.2170321740413783,0.2440414277371019
0.1633042319008382,0.2170321740413783,0.25392239005304873
0.16315044219663832,0.2183393835584866,0.24411832238547504
0.16315044219663832,0.2183393835584866,0.2539608373772353
0.16315044219663832,0.2183393835584866,0.24411832238547504
0.16315044219663832,0.22026175049541052,0.2539608373772353
0.16315044219663832,0.22026175049541052,0.24411832238547504
0.1633042319008382,0.22218411743233446,0.2538454954046756
0.1633042319008382,0.22218411743233446,0.24396453308872879
0.16353491645713802,0.22349132694944274,0.2537301534321159
0.16353491645713802,0.22349132694944274,0.24377229646779597
0.16384249586553778,0.22472164178907406,0.25357636413536966
0.16384249586553778,0.22472164178907406,0.2435416125226766
0.16438075983023737,0.22656711404852103,0.25326878554187715
0.16438075983023737,0.22656711404852103,0.2431186919566244
0.16514970835123677,0.22833569163049106,0.2528843123000115
0.16514970835123677,0.22833569163049106,0.24254198209382594
0.1657648671680363,0.22948911179264542,0.252576733706519
0.1657648671680363,0.22948911179264542,0.24211906152777374
0.16684139509743545,0.23110390001966152,0.2520769184920937
0.16684139509743545,0.23110390001966152,0.24135011504404247
0.16722586935793515,0.23156526808452327,0.25192312919534743
