679.7355079129336,-627.5858154296873,679.7355079129336
680.6065355813122,-642.141418457031,680.6065355813122
680.6065355813122,-627.5858154296873,680.6065355813122
680.6065355813122,-642.141418457031,680.6065355813122
679.7355079129336,-627.5858154296873,679.7355079129336
677.2744449790407,-642.141418457031,677.2744449790407
680.6065355813122,-642.141418457031,680.6065355813122
683.6548303932759,-642.141418457031,683.6548303932759
680.6065355813122,-627.5858154296873,680.6065355813122
683.6548303932759,-642.141418457031,683.6548303932759
684.9930130727587,-642.141418457031,684.9930130727587
683.6548303932759,-627.5858154296873,683.6548303932759
683.6548303932759,-642.141418457031,683.6548303932759
683.6548303932759,-627.5858154296873,683.6548303932759
680.6065355813122,-627.5858154296873,680.6065355813122
684.9930130727587,-642.141418457031,684.9930130727587
683.9948721258438,-642.141418457031,683.9948721258438
684.9930130727587,-627.5858154296873,684.9930130727587
684.9930130727587,-642.141418457031,684.9930130727587
684.9930130727587,-627.5858154296873,684.9930130727587
683.6548303932759,-627.5858154296873,683.6548303932759
683.6548303932759,-627.5858154296873,683.6548303932759
684.9930130727587,-627.5858154296873,684.9930130727587
680.000014234334,-627.5858154296873,680.000014234334
683.6548303932759,-627.5858154296873,683.6548303932759
680.000014234334,-627.5858154296873,680.000014234334
680.6065355813122,-627.5858154296873,680.6065355813122
680.6065355813122,-627.5858154296873,680.6065355813122
680.000014234334,-627.5858154296873,680.000014234334
679.7355079129336,-627.5858154296873,679.7355079129336
684.9930130727587,-627.5858154296873,684.9930130727587
683.9948721258438,-642.141418457031,683.9948721258438
683.9948721258438,-627.5858154296873,683.9948721258438
684.9930130727587,-627.5858154296873,684.9930130727587
683.9948721258438,-627.5858154296873,683.9948721258438
680.000014234334,-627.5858154296873,680.000014234334
683.9948721258438,-642.141418457031,683.9948721258438
681.1275116489913,-642.141418457031,681.1275116489913
683.9948721258438,-627.5858154296873,683.9948721258438
683.9948721258438,-627.5858154296873,683.9948721258438
681.1275116489913,-642.141418457031,681.1275116489913
681.1275116489913,-627.5858154296873,681.1275116489913
683.9948721258438,-627.5858154296873,683.9948721258438
681.1275116489913,-627.5858154296873,681.1275116489913
680.000014234334,-627.5858154296873,680.000014234334
681.1275116489913,-642.141418457031,681.1275116489913
677.7325846512026,-642.141418457031,677.7325846512026
681.1275116489913,-627.5858154296873,681.1275116489913
681.1275116489913,-627.5858154296873,681.1275116489913
677.7325846512026,-642.141418457031,677.7325846512026
677.7325846512026,-627.5858154296873,677.7325846512026
681.1275116489913,-627.5858154296873,681.1275116489913
677.7325846512026,-627.5858154296873,677.7325846512026
680.000014234334,-627.5858154296873,680.000014234334
677.7325846512026,-642.141418457031,677.7325846512026
675.3985740461532,-642.141418457031,675.3985740461532
677.7325846512026,-627.5858154296873,677.7325846512026
677.7325846512026,-627.5858154296873,677.7325846512026
675.3985740461532,-642.141418457031,675.3985740461532
675.3985740461532,-627.5858154296873,675.3985740461532
677.7325846512026,-627.5858154296873,677.7325846512026
675.3985740461532,-627.5858154296873,675.3985740461532
680.000014234334,-627.5858154296873,680.000014234334
675.3985740461532,-642.141418457031,675.3985740461532
675.0070153959093,-642.141418457031,675.0070153959093
675.3985740461532,-627.5858154296873,675.3985740461532
675.3985740461532,-627.5858154296873,675.3985740461532
675.0070153959093,-642.141418457031,675.0070153959093
675.2176397110419,-627.5858154296873,675.2176397110419
675.3985740461532,-627.5858154296873,675.3985740461532
675.2176397110419,-627.5858154296873,675.2176397110419
680.000014234334,-627.5858154296873,680.000014234334
675.0070153959093,-642.141418457031,675.0070153959093
675.2176397110419,-642.141418457031,675.2176397110419
675.2176397110419,-627.5858154296873,675.2176397110419
675.2176397110419,-642.141418457031,675.2176397110419
677.2744449790407,-642.141418457031,677.2744449790407
675.2176397110419,-627.5858154296873,675.2176397110419
675.2176397110419,-627.5858154296873,675.2176397110419
677.2744449790407,-642.141418457031,677.2744449790407
677.2744449790407,-627.5858154296873,677.2744449790407
675.2176397110419,-627.5858154296873,675.2176397110419
677.2744449790407,-627.5858154296873,677.2744449790407
680.000014234334,-627.5858154296873,680.000014234334
680.000014234334,-627.5858154296873,680.000014234334
677.2744449790407,-627.5858154296873,677.2744449790407
679.7355079129336,-627.5858154296873,679.7355079129336
677.2744449790407,-627.5858154296873,677.2744449790407
677.2744449790407,-642.141418457031,677.2744449790407
679.7355079129336,-627.5858154296873,679.7355079129336
675.0070153959093,-642.141418457031,675.0070153959093
610.408029328757,-642.141418457031,610.408029328757
676.0051563428242,-642.141418457031,676.0051563428242
675.0070153959093,-642.141418457031,675.0070153959093
676.3451980753921,-642.141418457031,676.3451980753921
610.408029328757,-642.141418457031,610.408029328757
676.3451980753921,-642.141418457031,676.3451980753921
679.3934928873558,-642.141418457031,679.3934928873558
692.9618340593945,-642.1414184570311,692.9618340593945
676.3451980753921,-642.141418457031,676.3451980753921
692.9618340593945,-642.1414184570311,692.9618340593945
610.408029328757,-642.141418457031,610.408029328757
676.0051563428242,-642.141418457031,676.0051563428242
610.408029328757,-642.141418457031,610.408029328757
673.0697046233988,-642.141418457031,673.0697046233988
676.0051563428242,-642.141418457031,676.0051563428242
673.0697046233988,-642.141418457031,673.0697046233988
678.8725168196767,-642.141418457031,678.8725168196767
679.3934928873558,-642.141418457031,679.3934928873558
682.7255834896273,-642.141418457031,682.7255834896273
695.0064838105901,-642.141418457031,695.0064838105901
679.3934928873558,-642.141418457031,679.3934928873558
695.0064838105901,-642.141418457031,695.0064838105901
694.4040514597035,-642.1414184570311,694.4040514597035
679.3934928873558,-642.141418457031,679.3934928873558
694.4040514597035,-642.1414184570311,694.4040514597035
692.9618340593945,-642.1414184570311,692.9618340593945
694.4040514597035,-642.1414184570311,694.4040514597035
695.0064838105901,-642.141418457031,695.0064838105901
694.9005896422678,-642.2753906249999,694.9005896422678
694.4040514597035,-642.1414184570311,694.4040514597035
694.9005896422678,-642.2753906249999,694.9005896422678
692.9618340593945,-642.1414184570311,692.9618340593945
695.0064838105901,-642.141418457031,695.0064838105901
682.7255834896273,-642.141418457031,682.7255834896273
694.6882146855146,-642.141418457031,694.6882146855146
695.0064838105901,-642.141418457031,695.0064838105901
694.6882146855146,-642.141418457031,694.6882146855146
695.5064228962294,-642.2753906249998,695.5064228962294
695.0064838105901,-642.141418457031,695.0064838105901
695.5064228962294,-642.2753906249998,695.5064228962294
694.9005896422678,-642.2753906249999,694.9005896422678
682.7255834896273,-642.141418457031,682.7255834896273
684.7823887576261,-642.141418457031,684.7823887576261
693.9992558059894,-642.141418457031,693.9992558059894
682.7255834896273,-642.141418457031,682.7255834896273
693.9992558059894,-642.141418457031,693.9992558059894
694.6882146855146,-642.141418457031,694.6882146855146
694.6882146855146,-642.141418457031,694.6882146855146
693.9992558059894,-642.141418457031,693.9992558059894
695.1861172578004,-642.2753906249998,695.1861172578004
694.6882146855146,-642.141418457031,694.6882146855146
695.1861172578004,-642.2753906249998,695.1861172578004
695.5064228962294,-642.2753906249998,695.5064228962294
693.9992558059894,-642.141418457031,693.9992558059894
684.7823887576261,-642.141418457031,684.7823887576261
692.1517272949492,-642.141418457031,692.1517272949492
693.9992558059894,-642.141418457031,693.9992558059894
692.1517272949492,-642.141418457031,692.1517272949492
694.4925990231143,-642.2753906249998,694.4925990231143
693.9992558059894,-642.141418457031,693.9992558059894
694.4925990231143,-642.2753906249998,694.4925990231143
695.1861172578004,-642.2753906249998,695.1861172578004
684.7823887576261,-642.141418457031,684.7823887576261
684.6014544225148,-642.141418457031,684.6014544225148
689.3836880974619,-642.141418457031,689.3836880974619
684.7823887576261,-642.141418457031,684.7823887576261
689.3836880974619,-642.141418457031,689.3836880974619
692.1517272949492,-642.141418457031,692.1517272949492
692.1517272949492,-642.141418457031,692.1517272949492
689.3836880974619,-642.141418457031,689.3836880974619
692.6326527797054,-642.2753906249998,692.6326527797054
692.1517272949492,-642.141418457031,692.1517272949492
692.6326527797054,-642.2753906249998,692.6326527797054
694.4925990231143,-642.2753906249998,694.4925990231143
684.6014544225148,-642.141418457031,684.6014544225148
682.2674438174654,-642.141418457031,682.2674438174654
688.5417541318666,-642.141418457031,688.5417541318666
684.6014544225148,-642.141418457031,684.6014544225148
688.5417541318666,-642.141418457031,688.5417541318666
689.3836880974619,-642.141418457031,689.3836880974619
689.3836880974619,-642.141418457031,689.3836880974619
688.5417541318666,-642.141418457031,688.5417541318666
689.8457210508498,-642.2753906249998,689.8457210508498
689.3836880974619,-642.141418457031,689.3836880974619
689.8457210508498,-642.2753906249998,689.8457210508498
692.6326527797054,-642.2753906249998,692.6326527797054
688.5417541318666,-642.141418457031,688.5417541318666
682.2674438174654,-642.141418457031,682.2674438174654
684.4671064695976,-642.141418457031,684.4671064695976
688.5417541318666,-642.141418457031,688.5417541318666
684.4671064695976,-642.141418457031,684.4671064695976
688.9980066156936,-642.2753906249998,688.9980066156936
688.5417541318666,-642.141418457031,688.5417541318666
688.9980066156936,-642.2753906249998,688.9980066156936
689.8457210508498,-642.2753906249998,689.8457210508498
682.2674438174654,-642.141418457031,682.2674438174654
678.8725168196767,-642.141418457031,678.8725168196767
678.1540033747327,-642.141418457031,678.1540033747327
682.2674438174654,-642.141418457031,682.2674438174654
678.1540033747327,-642.141418457031,678.1540033747327
684.4671064695976,-642.141418457031,684.4671064695976
684.4671064695976,-642.141418457031,684.4671064695976
678.1540033747327,-642.141418457031,678.1540033747327
684.8992945450908,-642.2753906249998,684.8992945450908
684.4671064695976,-642.141418457031,684.4671064695976
684.8992945450908,-642.2753906249998,684.8992945450908
688.9980066156936,-642.2753906249998,688.9980066156936
678.8725168196767,-642.141418457031,678.8725168196767
673.0697046233988,-642.141418457031,673.0697046233988
673.5901361431388,-642.141418457031,673.5901361431388
678.8725168196767,-642.141418457031,678.8725168196767
673.5901361431388,-642.141418457031,673.5901361431388
678.1540033747327,-642.141418457031,678.1540033747327
678.1540033747327,-642.141418457031,678.1540033747327
673.5901361431388,-642.141418457031,673.5901361431388
678.5628067228577,-642.2753906249998,678.5628067228577
678.1540033747327,-642.141418457031,678.1540033747327
678.5628067228577,-642.2753906249998,678.5628067228577
684.8992945450908,-642.2753906249998,684.8992945450908
684.8992945450908,-642.2753906249998,684.8992945450908
678.5628067228577,-642.2753906249998,678.5628067228577
685.2156222153565,-642.641418457031,685.2156222153565
684.8992945450908,-642.2753906249998,684.8992945450908
685.2156222153565,-642.641418457031,685.2156222153565
689.332047473847,-642.641418457031,689.332047473847
684.8992945450908,-642.2753906249998,684.8992945450908
689.332047473847,-642.641418457031,689.332047473847
688.9980066156936,-642.2753906249998,688.9980066156936
688.9980066156936,-642.2753906249998,688.9980066156936
689.332047473847,-642.641418457031,689.332047473847
690.1839484198309,-642.641418457031,690.1839484198309
688.9980066156936,-642.2753906249998,688.9980066156936
690.1839484198309,-642.641418457031,690.1839484198309
689.8457210508498,-642.2753906249998,689.8457210508498
689.8457210508498,-642.2753906249998,689.8457210508498
690.1839484198309,-642.641418457031,690.1839484198309
692.984721594181,-642.641418457031,692.984721594181
689.8457210508498,-642.2753906249998,689.8457210508498
692.984721594181,-642.641418457031,692.984721594181
692.6326527797054,-642.2753906249998,692.6326527797054
692.6326527797054,-642.2753906249998,692.6326527797054
692.984721594181,-642.641418457031,692.984721594181
694.8537907242481,-642.641418457031,694.8537907242481
692.6326527797054,-642.2753906249998,692.6326527797054
694.8537907242481,-642.641418457031,694.8537907242481
694.4925990231143,-642.2753906249998,694.4925990231143
694.4925990231143,-642.2753906249998,694.4925990231143
694.8537907242481,-642.641418457031,694.8537907242481
695.5506332192198,-642.641418457031,695.5506332192198
694.4925990231143,-642.2753906249998,694.4925990231143
695.5506332192198,-642.641418457031,695.5506332192198
695.1861172578004,-642.2753906249998,695.1861172578004
695.1861172578004,-642.2753906249998,695.1861172578004
695.5506332192198,-642.641418457031,695.5506332192198
695.8723832992173,-642.641418457031,695.8723832992173
695.1861172578004,-642.2753906249998,695.1861172578004
695.8723832992173,-642.641418457031,695.8723832992173
695.5064228962294,-642.2753906249998,695.5064228962294
695.5506332192198,-642.641418457031,695.5506332192198
694.8537907242481,-642.641418457031,694.8537907242481
695.6840182156678,-643.141418457031,695.6840182156678
695.5506332192198,-642.641418457031,695.5506332192198
695.6840182156678,-643.141418457031,695.6840182156678
695.8723832992173,-642.641418457031,695.8723832992173
695.5064228962294,-642.2753906249998,695.5064228962294
695.8723832992173,-642.641418457031,695.8723832992173
695.2640908974367,-642.6414184570311,695.2640908974367
695.5064228962294,-642.2753906249998,695.5064228962294
695.2640908974367,-642.6414184570311,695.2640908974367
694.9005896422678,-642.2753906249999,694.9005896422678
694.9005896422678,-642.2753906249999,694.9005896422678
695.2640908974367,-642.6414184570311,695.2640908974367
693.4439288104675,-642.2753906249999,693.4439288104675
694.9005896422678,-642.2753906249999,694.9005896422678
693.4439288104675,-642.2753906249999,693.4439288104675
692.9618340593945,-642.1414184570311,692.9618340593945
694.8537907242481,-642.641418457031,694.8537907242481
692.984721594181,-642.641418457031,692.984721594181
694.3340579099133,-643.141418457031,694.3340579099133
694.8537907242481,-642.641418457031,694.8537907242481
694.3340579099133,-643.141418457031,694.3340579099133
694.9860048043505,-643.141418457031,694.9860048043505
694.8537907242481,-642.641418457031,694.8537907242481
694.9860048043505,-643.141418457031,694.9860048043505
695.6840182156678,-643.141418457031,695.6840182156678
694.9860048043505,-643.141418457031,694.9860048043505
694.3340579099133,-643.141418457031,694.3340579099133
694.4423046507507,-644.141418457031,694.4423046507507
694.9860048043505,-643.141418457031,694.9860048043505
694.4423046507507,-644.141418457031,694.4423046507507
695.6840182156678,-643.141418457031,695.6840182156678
694.3340579099133,-643.141418457031,694.3340579099133
692.984721594181,-642.641418457031,692.984721594181
693.11357987888,-643.141418457031,693.11357987888
694.3340579099133,-643.141418457031,694.3340579099133
693.11357987888,-643.141418457031,693.11357987888
694.4423046507507,-644.141418457031,694.4423046507507
692.984721594181,-642.641418457031,692.984721594181
690.1839484198309,-642.641418457031,690.1839484198309
693.11357987888,-643.141418457031,693.11357987888
693.11357987888,-643.141418457031,693.11357987888
690.1839484198309,-642.641418457031,690.1839484198309
690.3077540042376,-643.141418457031,690.3077540042376
693.11357987888,-643.141418457031,693.11357987888
690.3077540042376,-643.141418457031,690.3077540042376
689.6930404655393,-644.141418457031,689.6930404655393
693.11357987888,-643.141418457031,693.11357987888
689.6930404655393,-644.141418457031,689.6930404655393
694.4423046507507,-644.141418457031,694.4423046507507
690.3077540042376,-643.141418457031,690.3077540042376
690.1839484198309,-642.641418457031,690.1839484198309
689.6873023043181,-643.141418457031,689.6873023043181
690.3077540042376,-643.141418457031,690.3077540042376
689.6873023043181,-643.141418457031,689.6873023043181
689.6930404655393,-644.141418457031,689.6930404655393
690.1839484198309,-642.641418457031,690.1839484198309
689.332047473847,-642.641418457031,689.332047473847
689.6873023043181,-643.141418457031,689.6873023043181
689.6873023043181,-643.141418457031,689.6873023043181
689.332047473847,-642.641418457031,689.332047473847
689.4542590995206,-643.141418457031,689.4542590995206
689.6873023043181,-643.141418457031,689.6873023043181
689.4542590995206,-643.141418457031,689.4542590995206
689.6930404655393,-644.141418457031,689.6930404655393
689.332047473847,-642.641418457031,689.332047473847
685.2156222153565,-642.641418457031,685.2156222153565
689.4542590995206,-643.141418457031,689.4542590995206
689.4542590995206,-643.141418457031,689.4542590995206
685.2156222153565,-642.641418457031,685.2156222153565
685.3314216708911,-643.141418457031,685.3314216708911
689.4542590995206,-643.141418457031,689.4542590995206
685.3314216708911,-643.141418457031,685.3314216708911
689.6930404655393,-644.141418457031,689.6930404655393
689.6930404655393,-644.141418457031,689.6930404655393
685.3314216708911,-643.141418457031,685.3314216708911
681.982446982778,-644.141418457031,681.982446982778
694.5523429050719,-644.141418457031,694.5523429050719
690.0213591016221,-644.141418457031,690.0213591016221
696.0115915408384,-644.141418457031,696.0115915408384
696.0115915408384,-644.141418457031,696.0115915408384
690.0213591016221,-644.141418457031,690.0213591016221
694.0539785003258,-644.1414184570311,694.0539785003258
690.0213591016221,-644.141418457031,690.0213591016221
682.6122956179662,-644.141418457031,682.6122956179662
694.0539785003258,-644.1414184570311,694.0539785003258
694.4423046507507,-644.141418457031,694.4423046507507
696.0149156759396,-644.141418457031,696.0149156759396
695.6840182156678,-643.141418457031,695.6840182156678
685.3314216708911,-643.141418457031,685.3314216708911
685.2156222153565,-642.641418457031,685.2156222153565
681.8781488515889,-643.141418457031,681.8781488515889
685.3314216708911,-643.141418457031,685.3314216708911
681.8781488515889,-643.141418457031,681.8781488515889
681.982446982778,-644.141418457031,681.982446982778
681.982446982778,-644.141418457031,681.982446982778
681.8781488515889,-643.141418457031,681.8781488515889
678.9716108781918,-643.141418457031,678.9716108781918
681.982446982778,-644.141418457031,681.982446982778
678.9716108781918,-643.141418457031,678.9716108781918
673.8107299423057,-644.141418457031,673.8107299423057
681.8781488515889,-643.141418457031,681.8781488515889
685.2156222153565,-642.641418457031,685.2156222153565
678.8620734518788,-642.641418457031,678.8620734518788
681.8781488515889,-643.141418457031,681.8781488515889
678.8620734518788,-642.641418457031,678.8620734518788
678.9716108781918,-643.141418457031,678.9716108781918
685.2156222153565,-642.641418457031,685.2156222153565
678.5628067228577,-642.2753906249998,678.5628067228577
678.8620734518788,-642.641418457031,678.8620734518788
695.6840182156678,-643.141418457031,695.6840182156678
696.0149156759396,-644.141418457031,696.0149156759396
695.9828912564969,-643.141418457031,695.9828912564969
695.6840182156678,-643.141418457031,695.6840182156678
695.9828912564969,-643.141418457031,695.9828912564969
695.8723832992173,-642.641418457031,695.8723832992173
695.9828912564969,-643.141418457031,695.9828912564969
696.0149156759396,-644.141418457031,696.0149156759396
696.0062994177574,-643.141418457031,696.0062994177574
695.9828912564969,-643.141418457031,695.9828912564969
696.0062994177574,-643.141418457031,696.0062994177574
695.8723832992173,-642.641418457031,695.8723832992173
696.0062994177574,-643.141418457031,696.0062994177574
696.0149156759396,-644.141418457031,696.0149156759396
695.3971278248322,-643.1414184570311,695.3971278248322
696.0062994177574,-643.141418457031,696.0062994177574
695.3971278248322,-643.1414184570311,695.3971278248322
695.8723832992173,-642.641418457031,695.8723832992173
696.0149156759396,-644.141418457031,696.0149156759396
694.0539785003258,-644.1414184570311,694.0539785003258
695.3971278248322,-643.1414184570311,695.3971278248322
695.8723832992173,-642.641418457031,695.8723832992173
695.3971278248322,-643.1414184570311,695.3971278248322
695.2640908974367,-642.6414184570311,695.2640908974367
695.3971278248322,-643.1414184570311,695.3971278248322
694.0539785003258,-644.1414184570311,694.0539785003258
694.0539785003258,-643.1414184570311,694.0539785003258
695.3971278248322,-643.1414184570311,695.3971278248322
694.0539785003258,-643.1414184570311,694.0539785003258
695.2640908974367,-642.6414184570311,695.2640908974367
678.5628067228577,-642.2753906249998,678.5628067228577
673.5901361431388,-642.141418457031,673.5901361431388
673.9905644138145,-642.2753906249998,673.9905644138145
678.5628067228577,-642.2753906249998,678.5628067228577
673.9905644138145,-642.2753906249998,673.9905644138145
678.8620734518788,-642.641418457031,678.8620734518788
678.8620734518788,-642.641418457031,678.8620734518788
673.9905644138145,-642.2753906249998,673.9905644138145
674.2836369191895,-642.641418457031,674.2836369191895
678.8620734518788,-642.641418457031,678.8620734518788
674.2836369191895,-642.641418457031,674.2836369191895
678.9716108781918,-643.141418457031,678.9716108781918
678.9716108781918,-643.141418457031,678.9716108781918
674.2836369191895,-642.641418457031,674.2836369191895
674.3909309275881,-643.141418457031,674.3909309275881
678.9716108781918,-643.141418457031,678.9716108781918
674.3909309275881,-643.141418457031,674.3909309275881
673.8107299423057,-644.141418457031,673.8107299423057
674.3909309275881,-643.141418457031,674.3909309275881
674.2836369191895,-642.641418457031,674.2836369191895
673.8107299423057,-643.141418457031,673.8107299423057
674.3909309275881,-643.141418457031,674.3909309275881
673.8107299423057,-643.141418457031,673.8107299423057
673.8107299423057,-644.141418457031,673.8107299423057
674.2836369191895,-642.641418457031,674.2836369191895
673.9905644138145,-642.2753906249998,673.9905644138145
673.649666701719,-642.5189208984373,673.649666701719
674.2836369191895,-642.641418457031,674.2836369191895
673.649666701719,-642.5189208984373,673.649666701719
673.6846430864045,-642.6540527343748,673.6846430864045
674.2836369191895,-642.641418457031,674.2836369191895
673.6846430864045,-642.6540527343748,673.6846430864045
673.8107299423057,-643.141418457031,673.8107299423057
673.6846430864045,-642.6540527343748,673.6846430864045
673.649666701719,-642.5189208984373,673.649666701719
638.8937904061197,-642.3734741210935,638.8937904061197
673.6846430864045,-642.6540527343748,673.6846430864045
638.8937904061197,-642.3734741210935,638.8937904061197
639.0729567501069,-642.641418457031,639.0729567501069
673.6846430864045,-642.6540527343748,673.6846430864045
639.0729567501069,-642.641418457031,639.0729567501069
673.8107299423057,-643.141418457031,673.8107299423057
638.8937904061197,-642.3734741210935,638.8937904061197
673.649666701719,-642.5189208984373,673.649666701719
638.8281601785194,-642.2753906249998,638.8281601785194
638.8937904061197,-642.3734741210935,638.8937904061197
638.8281601785194,-642.2753906249998,638.8281601785194
638.7300680801873,-642.302551269531,638.7300680801873
638.8937904061197,-642.3734741210935,638.8937904061197
638.7300680801873,-642.302551269531,638.7300680801873
639.0729567501069,-642.641418457031,639.0729567501069
673.649666701719,-642.5189208984373,673.649666701719
673.9905644138145,-642.2753906249998,673.9905644138145
673.4183580514353,-642.3222045898435,673.4183580514353
673.649666701719,-642.5189208984373,673.649666701719
673.4183580514353,-642.3222045898435,673.4183580514353
638.8281601785194,-642.2753906249998,638.8281601785194
638.8281601785194,-642.2753906249998,638.8281601785194
673.4183580514353,-642.3222045898435,673.4183580514353
638.7410016860791,-642.2404174804685,638.7410016860791
638.8281601785194,-642.2753906249998,638.8281601785194
638.7410016860791,-642.2404174804685,638.7410016860791
638.7300680801873,-642.302551269531,638.7300680801873
673.4183580514353,-642.3222045898435,673.4183580514353
673.9905644138145,-642.2753906249998,673.9905644138145
673.2356664628553,-642.166809082031,673.2356664628553
673.4183580514353,-642.3222045898435,673.4183580514353
673.2356664628553,-642.166809082031,673.2356664628553
638.7410016860791,-642.2404174804685,638.7410016860791
673.9905644138145,-642.2753906249998,673.9905644138145
673.5901361431388,-642.141418457031,673.5901361431388
673.2356664628553,-642.166809082031,673.2356664628553
673.2356664628553,-642.166809082031,673.2356664628553
673.5901361431388,-642.141418457031,673.5901361431388
673.0803131419582,-642.1414794921873,673.0803131419582
673.2356664628553,-642.166809082031,673.2356664628553
673.0803131419582,-642.1414794921873,673.0803131419582
638.7410016860791,-642.2404174804685,638.7410016860791
673.5901361431388,-642.141418457031,673.5901361431388
673.0697046233988,-642.141418457031,673.0697046233988
673.0803131419582,-642.1414794921873,673.0803131419582
673.0803131419582,-642.1414794921873,673.0803131419582
673.0697046233988,-642.141418457031,673.0697046233988
638.4938434026544,-642.141418457031,638.4938434026544
673.0803131419582,-642.1414794921873,673.0803131419582
638.4938434026544,-642.141418457031,638.4938434026544
638.7410016860791,-642.2404174804685,638.7410016860791
638.7410016860791,-642.2404174804685,638.7410016860791
638.4938434026544,-642.141418457031,638.4938434026544
638.7300680801873,-642.302551269531,638.7300680801873
673.0697046233988,-642.141418457031,673.0697046233988
610.408029328757,-642.141418457031,610.408029328757
638.4938434026544,-642.141418457031,638.4938434026544
638.4938434026544,-642.141418457031,638.4938434026544
610.408029328757,-642.141418457031,610.408029328757
638.2189675668029,-642.2404174804685,638.2189675668029
638.4938434026544,-642.141418457031,638.4938434026544
638.2189675668029,-642.2404174804685,638.2189675668029
638.7300680801873,-642.302551269531,638.7300680801873
639.0729567501069,-642.641418457031,639.0729567501069
638.7300680801873,-642.302551269531,638.7300680801873
638.7111826129769,-642.6561889648435,638.7111826129769
639.0729567501069,-642.641418457031,639.0729567501069
638.7111826129769,-642.6561889648435,638.7111826129769
639.0940809689554,-642.7593994140623,639.0940809689554
639.0729567501069,-642.641418457031,639.0729567501069
639.0940809689554,-642.7593994140623,639.0940809689554
673.8107299423057,-643.141418457031,673.8107299423057
673.8107299423057,-643.141418457031,673.8107299423057
639.0940809689554,-642.7593994140623,639.0940809689554
639.1625387112865,-643.141418457031,639.1625387112865
673.8107299423057,-643.141418457031,673.8107299423057
639.1625387112865,-643.141418457031,639.1625387112865
673.8107299423057,-644.141418457031,673.8107299423057
639.0940809689554,-642.7593994140623,639.0940809689554
638.7111826129769,-642.6561889648435,638.7111826129769
638.7042624082242,-643.141418457031,638.7042624082242
639.0940809689554,-642.7593994140623,639.0940809689554
638.7042624082242,-643.141418457031,638.7042624082242
639.1625387112865,-643.141418457031,639.1625387112865
638.7111826129769,-642.6561889648435,638.7111826129769
638.7300680801873,-642.302551269531,638.7300680801873
638.1882342483079,-642.6561889648435,638.1882342483079
638.7111826129769,-642.6561889648435,638.7111826129769
638.1882342483079,-642.6561889648435,638.1882342483079
638.7012149235816,-643.141418457031,638.7012149235816
638.7111826129769,-642.6561889648435,638.7111826129769
638.7012149235816,-643.141418457031,638.7012149235816
638.7042624082242,-643.141418457031,638.7042624082242
638.7300680801873,-642.302551269531,638.7300680801873
638.2189675668029,-642.2404174804685,638.2189675668029
638.2071197155183,-642.302551269531,638.2071197155183
638.7300680801873,-642.302551269531,638.7300680801873
638.2071197155183,-642.302551269531,638.2071197155183
638.1882342483079,-642.6561889648435,638.1882342483079
638.2071197155183,-642.302551269531,638.2071197155183
638.2189675668029,-642.2404174804685,638.2189675668029
638.1220579868306,-642.2753906249998,638.1220579868306
638.2071197155183,-642.302551269531,638.2071197155183
638.1220579868306,-642.2753906249998,638.1220579868306
638.0490886128857,-642.3734741210935,638.0490886128857
638.2071197155183,-642.302551269531,638.2071197155183
638.0490886128857,-642.3734741210935,638.0490886128857
638.1882342483079,-642.6561889648435,638.1882342483079
638.2189675668029,-642.2404174804685,638.2189675668029
610.408029328757,-642.141418457031,610.408029328757
610.1046566112634,-642.2507324218748,610.1046566112634
638.2189675668029,-642.2404174804685,638.2189675668029
610.1046566112634,-642.2507324218748,610.1046566112634
638.1220579868306,-642.2753906249998,638.1220579868306
638.1220579868306,-642.2753906249998,638.1220579868306
610.1046566112634,-642.2507324218748,610.1046566112634
610.0362439129332,-642.2753906249998,610.0362439129332
638.1220579868306,-642.2753906249998,638.1220579868306
610.0362439129332,-642.2753906249998,610.0362439129332
638.0490886128857,-642.3734741210935,638.0490886128857
610.408029328757,-642.141418457031,610.408029328757
692.9618340593945,-642.1414184570311,692.9618340593945
610.135183650029,-642.2507324218748,610.135183650029
610.408029328757,-642.141418457031,610.408029328757
610.135183650029,-642.2507324218748,610.135183650029
610.1046566112634,-642.2507324218748,610.1046566112634
610.135183650029,-642.2507324218748,610.135183650029
692.9618340593945,-642.1414184570311,692.9618340593945
610.0736507959899,-642.2753906249998,610.0736507959899
610.135183650029,-642.2507324218748,610.135183650029
610.0736507959899,-642.2753906249998,610.0736507959899
609.928362464494,-642.314758300781,609.928362464494
610.135183650029,-642.2507324218748,610.135183650029
609.928362464494,-642.314758300781,609.928362464494
610.1046566112634,-642.2507324218748,610.1046566112634
610.1046566112634,-642.2507324218748,610.1046566112634
609.928362464494,-642.314758300781,609.928362464494
609.8999454706628,-642.314758300781,609.8999454706628
610.1046566112634,-642.2507324218748,610.1046566112634
609.8999454706628,-642.314758300781,609.8999454706628
610.0362439129332,-642.2753906249998,610.0362439129332
610.0362439129332,-642.2753906249998,610.0362439129332
609.8999454706628,-642.314758300781,609.8999454706628
609.8895967795883,-642.4725952148435,609.8895967795883
610.0362439129332,-642.2753906249998,610.0362439129332
609.8895967795883,-642.4725952148435,609.8895967795883
638.0490886128857,-642.3734741210935,638.0490886128857
638.0490886128857,-642.3734741210935,638.0490886128857
609.8895967795883,-642.4725952148435,609.8895967795883
637.8499402133414,-642.641418457031,637.8499402133414
638.0490886128857,-642.3734741210935,638.0490886128857
637.8499402133414,-642.641418457031,637.8499402133414
638.1882342483079,-642.6561889648435,638.1882342483079
609.8895967795883,-642.4725952148435,609.8895967795883
609.8999454706628,-642.314758300781,609.8999454706628
609.7641253322347,-642.641418457031,609.7641253322347
609.8895967795883,-642.4725952148435,609.8895967795883
609.7641253322347,-642.641418457031,609.7641253322347
637.8499402133414,-642.641418457031,637.8499402133414
637.8499402133414,-642.641418457031,637.8499402133414
609.7641253322347,-642.641418457031,609.7641253322347
637.8263883073295,-642.7593994140623,637.8263883073295
637.8499402133414,-642.641418457031,637.8499402133414
637.8263883073295,-642.7593994140623,637.8263883073295
638.1882342483079,-642.6561889648435,638.1882342483079
609.8999454706628,-642.314758300781,609.8999454706628
609.928362464494,-642.314758300781,609.928362464494
609.536580631697,-642.6632690429685,609.536580631697
609.8999454706628,-642.314758300781,609.8999454706628
609.536580631697,-642.6632690429685,609.536580631697
609.7641253322347,-642.641418457031,609.7641253322347
609.7641253322347,-642.641418457031,609.7641253322347
609.536580631697,-642.6632690429685,609.536580631697
609.7557829305722,-642.6832275390623,609.7557829305722
609.7641253322347,-642.641418457031,609.7641253322347
609.7557829305722,-642.6832275390623,609.7557829305722
637.8263883073295,-642.7593994140623,637.8263883073295
637.8263883073295,-642.7593994140623,637.8263883073295
609.7557829305722,-642.6832275390623,609.7557829305722
637.7503343279088,-643.141418457031,637.7503343279088
637.8263883073295,-642.7593994140623,637.8263883073295
637.7503343279088,-643.141418457031,637.7503343279088
638.1882342483079,-642.6561889648435,638.1882342483079
692.9618340593945,-642.1414184570311,692.9618340593945
693.4439288104675,-642.2753906249999,693.4439288104675
692.9639503148758,-642.1414184570311,692.9639503148758
692.9618340593945,-642.1414184570311,692.9618340593945
692.9639503148758,-642.1414184570311,692.9639503148758
610.0736507959899,-642.2753906249998,610.0736507959899
692.9639503148758,-642.1414184570311,692.9639503148758
693.4439288104675,-642.2753906249999,693.4439288104675
692.9770377621975,-642.1445922851561,692.9770377621975
692.9639503148758,-642.1414184570311,692.9639503148758
692.9770377621975,-642.1445922851561,692.9770377621975
610.0736507959899,-642.2753906249998,610.0736507959899
609.928362464494,-642.314758300781,609.928362464494
610.0736507959899,-642.2753906249998,610.0736507959899
609.9417586402111,-642.4725952148435,609.9417586402111
609.928362464494,-642.314758300781,609.928362464494
609.9417586402111,-642.4725952148435,609.9417586402111
609.5530170260951,-642.6632690429685,609.5530170260951
609.928362464494,-642.314758300781,609.928362464494
609.5530170260951,-642.6632690429685,609.5530170260951
609.536580631697,-642.6632690429685,609.536580631697
610.0736507959899,-642.2753906249998,610.0736507959899
692.9770377621975,-642.1445922851561,692.9770377621975
692.951298773494,-642.2753906249999,692.951298773494
610.0736507959899,-642.2753906249998,610.0736507959899
692.951298773494,-642.2753906249999,692.951298773494
609.9417586402111,-642.4725952148435,609.9417586402111
609.9417586402111,-642.4725952148435,609.9417586402111
692.951298773494,-642.2753906249999,692.951298773494
609.8289159813046,-642.641418457031,609.8289159813046
609.9417586402111,-642.4725952148435,609.9417586402111
609.8289159813046,-642.641418457031,609.8289159813046
609.5530170260951,-642.6632690429685,609.5530170260951
609.5530170260951,-642.6632690429685,609.5530170260951
609.8289159813046,-642.641418457031,609.8289159813046
609.5663141837869,-642.8458862304685,609.5663141837869
609.5530170260951,-642.6632690429685,609.5530170260951
609.5663141837869,-642.8458862304685,609.5663141837869
609.4094295610721,-643.141418457031,609.4094295610721
609.5530170260951,-642.6632690429685,609.5530170260951
609.4094295610721,-643.141418457031,609.4094295610721
609.536580631697,-642.6632690429685,609.536580631697
609.536580631697,-642.6632690429685,609.536580631697
609.4094295610721,-643.141418457031,609.4094295610721
609.5232834740053,-642.8458862304685,609.5232834740053
609.536580631697,-642.6632690429685,609.536580631697
609.5232834740053,-642.8458862304685,609.5232834740053
609.7557829305722,-642.6832275390623,609.7557829305722
609.5232834740053,-642.8458862304685,609.5232834740053
609.4094295610721,-643.141418457031,609.4094295610721
609.4297476066769,-643.141418457031,609.4297476066769
609.5232834740053,-642.8458862304685,609.5232834740053
609.4297476066769,-643.141418457031,609.4297476066769
609.5485440606639,-643.141418457031,609.5485440606639
609.5232834740053,-642.8458862304685,609.5232834740053
609.5485440606639,-643.141418457031,609.5485440606639
609.7557829305722,-642.6832275390623,609.7557829305722
609.7557829305722,-642.6832275390623,609.7557829305722
609.5485440606639,-643.141418457031,609.5485440606639
609.6645202540114,-643.141418457031,609.6645202540114
609.7557829305722,-642.6832275390623,609.7557829305722
609.6645202540114,-643.141418457031,609.6645202540114
637.7503343279088,-643.141418457031,637.7503343279088
609.6645202540114,-643.141418457031,609.6645202540114
609.5485440606639,-643.141418457031,609.5485440606639
609.5485440606639,-677.141418457031,609.5485440606639
609.6645202540114,-643.141418457031,609.6645202540114
609.5485440606639,-677.141418457031,609.5485440606639
609.6645202540114,-677.141418457031,609.6645202540114
609.6645202540114,-643.141418457031,609.6645202540114
609.6645202540114,-677.141418457031,609.6645202540114
637.7503343279088,-643.141418457031,637.7503343279088
609.5485440606639,-643.141418457031,609.5485440606639
609.4297476066769,-643.141418457031,609.4297476066769
609.4297476066769,-677.141418457031,609.4297476066769
609.5485440606639,-643.141418457031,609.5485440606639
609.4297476066769,-677.141418457031,609.4297476066769
609.5485440606639,-677.141418457031,609.5485440606639
609.5485440606639,-677.141418457031,609.5485440606639
609.4297476066769,-677.141418457031,609.4297476066769
609.5232834740053,-677.4368896484373,609.5232834740053
609.5485440606639,-677.141418457031,609.5485440606639
609.5232834740053,-677.4368896484373,609.5232834740053
609.6645202540114,-677.141418457031,609.6645202540114
609.4297476066769,-677.141418457031,609.4297476066769
609.4297476066769,-643.141418457031,609.4297476066769
609.4094295610721,-677.141418457031,609.4094295610721
609.4297476066769,-677.141418457031,609.4297476066769
609.4094295610721,-677.141418457031,609.4094295610721
609.5232834740053,-677.4368896484373,609.5232834740053
609.4297476066769,-643.141418457031,609.4297476066769
609.4094295610721,-643.141418457031,609.4094295610721
609.4094295610721,-677.141418457031,609.4094295610721
609.4094295610721,-643.141418457031,609.4094295610721
609.5663141837869,-642.8458862304685,609.5663141837869
609.45713137269,-643.141418457031,609.45713137269
609.4094295610721,-643.141418457031,609.4094295610721
609.45713137269,-643.141418457031,609.45713137269
609.45713137269,-677.141418457031,609.45713137269
609.4094295610721,-643.141418457031,609.4094295610721
609.45713137269,-677.141418457031,609.45713137269
609.4094295610721,-677.141418457031,609.4094295610721
609.45713137269,-677.141418457031,609.45713137269
609.45713137269,-643.141418457031,609.45713137269
609.5999310004232,-677.141418457031,609.5999310004232
609.45713137269,-677.141418457031,609.45713137269
609.5999310004232,-677.141418457031,609.5999310004232
609.5663141837869,-677.4368896484373,609.5663141837869
609.45713137269,-677.141418457031,609.45713137269
609.5663141837869,-677.4368896484373,609.5663141837869
609.4094295610721,-677.141418457031,609.4094295610721
609.45713137269,-643.141418457031,609.45713137269
609.5663141837869,-642.8458862304685,609.5663141837869
609.5999310004232,-643.141418457031,609.5999310004232
609.45713137269,-643.141418457031,609.45713137269
609.5999310004232,-643.141418457031,609.5999310004232
609.5999310004232,-677.141418457031,609.5999310004232
609.5999310004232,-643.141418457031,609.5999310004232
609.5663141837869,-642.8458862304685,609.5663141837869
609.7393340201248,-643.141418457031,609.7393340201248
609.5999310004232,-643.141418457031,609.5999310004232
609.7393340201248,-643.141418457031,609.7393340201248
609.7393340201248,-677.141418457031,609.7393340201248
609.5999310004232,-643.141418457031,609.5999310004232
609.7393340201248,-677.141418457031,609.7393340201248
609.5999310004232,-677.141418457031,609.5999310004232
609.5999310004232,-677.141418457031,609.5999310004232
609.7393340201248,-677.141418457031,609.7393340201248
609.8214114628256,-677.5996093749998,609.8214114628256
609.5999310004232,-677.141418457031,609.5999310004232
609.8214114628256,-677.5996093749998,609.8214114628256
609.5663141837869,-677.4368896484373,609.5663141837869
609.7393340201248,-677.141418457031,609.7393340201248
609.7393340201248,-643.141418457031,609.7393340201248
691.9730170514139,-677.1414184570311,691.9730170514139
609.7393340201248,-677.141418457031,609.7393340201248
691.9730170514139,-677.1414184570311,691.9730170514139
609.8214114628256,-677.5996093749998,609.8214114628256
609.5663141837869,-677.4368896484373,609.5663141837869
609.8214114628256,-677.5996093749998,609.8214114628256
609.5530170260951,-677.6195068359373,609.5530170260951
609.5663141837869,-677.4368896484373,609.5663141837869
609.5530170260951,-677.6195068359373,609.5530170260951
609.4094295610721,-677.141418457031,609.4094295610721
609.8214114628256,-677.5996093749998,609.8214114628256
691.9730170514139,-677.1414184570311,691.9730170514139
609.8289159813046,-677.641418457031,609.8289159813046
609.8214114628256,-677.5996093749998,609.8214114628256
609.8289159813046,-677.641418457031,609.8289159813046
609.5530170260951,-677.6195068359373,609.5530170260951
609.4094295610721,-677.141418457031,609.4094295610721
609.5530170260951,-677.6195068359373,609.5530170260951
609.536580631697,-677.6195068359373,609.536580631697
609.4094295610721,-677.141418457031,609.4094295610721
609.536580631697,-677.6195068359373,609.536580631697
609.5232834740053,-677.4368896484373,609.5232834740053
609.5663141837869,-642.8458862304685,609.5663141837869
609.8289159813046,-642.641418457031,609.8289159813046
609.8214114628256,-642.6832275390623,609.8214114628256
609.5663141837869,-642.8458862304685,609.5663141837869
609.8214114628256,-642.6832275390623,609.8214114628256
609.7393340201248,-643.141418457031,609.7393340201248
609.8214114628256,-642.6832275390623,609.8214114628256
609.8289159813046,-642.641418457031,609.8289159813046
692.4343844284174,-642.6414184570311,692.4343844284174
609.8214114628256,-642.6832275390623,609.8214114628256
692.4343844284174,-642.6414184570311,692.4343844284174
609.7393340201248,-643.141418457031,609.7393340201248
609.8289159813046,-642.641418457031,609.8289159813046
692.951298773494,-642.2753906249999,692.951298773494
692.4343844284174,-642.6414184570311,692.4343844284174
609.7393340201248,-643.141418457031,609.7393340201248
692.4343844284174,-642.6414184570311,692.4343844284174
691.9730170514139,-643.1414184570311,691.9730170514139
609.7393340201248,-643.141418457031,609.7393340201248
691.9730170514139,-643.1414184570311,691.9730170514139
691.9730170514139,-677.1414184570311,691.9730170514139
691.9730170514139,-643.1414184570311,691.9730170514139
692.4343844284174,-642.6414184570311,692.4343844284174
691.9730170514139,-677.1414184570311,691.9730170514139
692.4343844284174,-642.6414184570311,692.4343844284174
692.951298773494,-642.2753906249999,692.951298773494
692.4343844284174,-677.6414184570311,692.4343844284174
692.4343844284174,-642.6414184570311,692.4343844284174
692.4343844284174,-677.6414184570311,692.4343844284174
691.9730170514139,-677.1414184570311,691.9730170514139
691.9730170514139,-677.1414184570311,691.9730170514139
692.4343844284174,-677.6414184570311,692.4343844284174
609.8289159813046,-677.641418457031,609.8289159813046
609.8289159813046,-677.641418457031,609.8289159813046
692.4343844284174,-677.6414184570311,692.4343844284174
609.9417586402111,-677.8101806640623,609.9417586402111
609.8289159813046,-677.641418457031,609.8289159813046
609.9417586402111,-677.8101806640623,609.9417586402111
609.928362464494,-677.9680175781248,609.928362464494
609.8289159813046,-677.641418457031,609.8289159813046
609.928362464494,-677.9680175781248,609.928362464494
609.5530170260951,-677.6195068359373,609.5530170260951
609.9417586402111,-677.8101806640623,609.9417586402111
692.4343844284174,-677.6414184570311,692.4343844284174
610.0736507959899,-678.0074462890623,610.0736507959899
609.9417586402111,-677.8101806640623,609.9417586402111
610.0736507959899,-678.0074462890623,610.0736507959899
609.928362464494,-677.9680175781248,609.928362464494
692.4343844284174,-677.6414184570311,692.4343844284174
692.951298773494,-642.2753906249999,692.951298773494
692.951298773494,-678.0074462890624,692.951298773494
692.4343844284174,-677.6414184570311,692.4343844284174
692.951298773494,-678.0074462890624,692.951298773494
610.0736507959899,-678.0074462890623,610.0736507959899
610.0736507959899,-678.0074462890623,610.0736507959899
692.951298773494,-678.0074462890624,692.951298773494
610.135183650029,-678.032043457031,610.135183650029
610.0736507959899,-678.0074462890623,610.0736507959899
610.135183650029,-678.032043457031,610.135183650029
609.928362464494,-677.9680175781248,609.928362464494
609.5530170260951,-677.6195068359373,609.5530170260951
609.928362464494,-677.9680175781248,609.928362464494
609.8999454706628,-677.9680175781248,609.8999454706628
609.5530170260951,-677.6195068359373,609.5530170260951
609.8999454706628,-677.9680175781248,609.8999454706628
609.536580631697,-677.6195068359373,609.536580631697
692.951298773494,-642.2753906249999,692.951298773494
692.9770377621975,-642.1445922851561,692.9770377621975
693.1518551218411,-642.1869506835936,693.1518551218411
692.951298773494,-642.2753906249999,692.951298773494
693.1518551218411,-642.1869506835936,693.1518551218411
692.951298773494,-678.0074462890624,692.951298773494
693.1518551218411,-642.1869506835936,693.1518551218411
692.9770377621975,-642.1445922851561,692.9770377621975
693.3852214347916,-642.2695312499999,693.3852214347916
693.1518551218411,-642.1869506835936,693.1518551218411
693.3852214347916,-642.2695312499999,693.3852214347916
693.2035942864794,-678.1123046874999,693.2035942864794
693.1518551218411,-642.1869506835936,693.1518551218411
693.2035942864794,-678.1123046874999,693.2035942864794
692.951298773494,-678.0074462890624,692.951298773494
692.951298773494,-678.0074462890624,692.951298773494
693.2035942864794,-678.1123046874999,693.2035942864794
693.0105471779183,-678.1414184570311,693.0105471779183
692.951298773494,-678.0074462890624,692.951298773494
693.0105471779183,-678.1414184570311,693.0105471779183
610.135183650029,-678.032043457031,610.135183650029
693.2035942864794,-678.1123046874999,693.2035942864794
693.3852214347916,-642.2695312499999,693.3852214347916
693.3852214347916,-678.0556640624999,693.3852214347916
693.2035942864794,-678.1123046874999,693.2035942864794
693.3852214347916,-678.0556640624999,693.3852214347916
693.0105471779183,-678.1414184570311,693.0105471779183
693.3852214347916,-642.2695312499999,693.3852214347916
692.9770377621975,-642.1445922851561,692.9770377621975
693.3954957471454,-642.2778930664061,693.3954957471454
693.3852214347916,-642.2695312499999,693.3852214347916
693.3954957471454,-642.2778930664061,693.3954957471454
693.3852214347916,-678.0556640624999,693.3852214347916
692.9770377621975,-642.1445922851561,692.9770377621975
693.4439288104675,-642.2753906249999,693.4439288104675
693.3954957471454,-642.2778930664061,693.3954957471454
693.3954957471454,-642.2778930664061,693.3954957471454
693.4439288104675,-642.2753906249999,693.4439288104675
693.5780107079852,-642.4257812499999,693.5780107079852
693.3954957471454,-642.2778930664061,693.3954957471454
693.5780107079852,-642.4257812499999,693.5780107079852
693.3852214347916,-678.0556640624999,693.3852214347916
693.5780107079852,-642.4257812499999,693.5780107079852
693.4439288104675,-642.2753906249999,693.4439288104675
693.8594014950171,-642.6538696289061,693.8594014950171
693.5780107079852,-642.4257812499999,693.5780107079852
693.8594014950171,-642.6538696289061,693.8594014950171
693.3852214347916,-678.0556640624999,693.3852214347916
693.3852214347916,-678.0556640624999,693.3852214347916
693.8594014950171,-642.6538696289061,693.8594014950171
693.4720336020963,-677.9862670898436,693.4720336020963
693.3852214347916,-678.0556640624999,693.3852214347916
693.4720336020963,-677.9862670898436,693.4720336020963
693.0105471779183,-678.1414184570311,693.0105471779183
610.135183650029,-678.032043457031,610.135183650029
693.0105471779183,-678.1414184570311,693.0105471779183
610.408029328757,-678.141418457031,610.408029328757
610.135183650029,-678.032043457031,610.135183650029
610.408029328757,-678.141418457031,610.408029328757
609.928362464494,-677.9680175781248,609.928362464494
693.0105471779183,-678.1414184570311,693.0105471779183
693.4720336020963,-677.9862670898436,693.4720336020963
694.8157599354493,-678.141418457031,694.8157599354493
693.0105471779183,-678.1414184570311,693.0105471779183
694.8157599354493,-678.141418457031,694.8157599354493
610.408029328757,-678.141418457031,610.408029328757
609.928362464494,-677.9680175781248,609.928362464494
610.408029328757,-678.141418457031,610.408029328757
610.1046566112634,-678.032043457031,610.1046566112634
609.928362464494,-677.9680175781248,609.928362464494
610.1046566112634,-678.032043457031,610.1046566112634
609.8999454706628,-677.9680175781248,609.8999454706628
609.8999454706628,-677.9680175781248,609.8999454706628
610.1046566112634,-678.032043457031,610.1046566112634
610.0362439129332,-678.0074462890623,610.0362439129332
609.8999454706628,-677.9680175781248,609.8999454706628
610.0362439129332,-678.0074462890623,610.0362439129332
609.8895967795883,-677.8101806640623,609.8895967795883
609.8999454706628,-677.9680175781248,609.8999454706628
609.8895967795883,-677.8101806640623,609.8895967795883
609.536580631697,-677.6195068359373,609.536580631697
609.536580631697,-677.6195068359373,609.536580631697
609.8895967795883,-677.8101806640623,609.8895967795883
609.7641253322347,-677.641418457031,609.7641253322347
609.536580631697,-677.6195068359373,609.536580631697
609.7641253322347,-677.641418457031,609.7641253322347
609.5232834740053,-677.4368896484373,609.5232834740053
609.5232834740053,-677.4368896484373,609.5232834740053
609.7641253322347,-677.641418457031,609.7641253322347
609.7557829305722,-677.5996093749998,609.7557829305722
609.5232834740053,-677.4368896484373,609.5232834740053
609.7557829305722,-677.5996093749998,609.7557829305722
609.6645202540114,-677.141418457031,609.6645202540114
609.7557829305722,-677.5996093749998,609.7557829305722
609.7641253322347,-677.641418457031,609.7641253322347
637.8499402133414,-677.641418457031,637.8499402133414
609.7557829305722,-677.5996093749998,609.7557829305722
637.8499402133414,-677.641418457031,637.8499402133414
609.6645202540114,-677.141418457031,609.6645202540114
609.7641253322347,-677.641418457031,609.7641253322347
609.8895967795883,-677.8101806640623,609.8895967795883
638.0490886128857,-677.9093017578123,638.0490886128857
609.7641253322347,-677.641418457031,609.7641253322347
638.0490886128857,-677.9093017578123,638.0490886128857
637.8499402133414,-677.641418457031,637.8499402133414
609.8895967795883,-677.8101806640623,609.8895967795883
610.0362439129332,-678.0074462890623,610.0362439129332
638.1220579868306,-678.0074462890623,638.1220579868306
609.8895967795883,-677.8101806640623,609.8895967795883
638.1220579868306,-678.0074462890623,638.1220579868306
638.0490886128857,-677.9093017578123,638.0490886128857
638.0490886128857,-677.9093017578123,638.0490886128857
638.1220579868306,-678.0074462890623,638.1220579868306
638.2071197155183,-677.9802246093748,638.2071197155183
638.0490886128857,-677.9093017578123,638.0490886128857
638.2071197155183,-677.9802246093748,638.2071197155183
637.8499402133414,-677.641418457031,637.8499402133414
638.1220579868306,-678.0074462890623,638.1220579868306
610.0362439129332,-678.0074462890623,610.0362439129332
638.2189675668029,-678.0423583984373,638.2189675668029
638.1220579868306,-678.0074462890623,638.1220579868306
638.2189675668029,-678.0423583984373,638.2189675668029
638.2071197155183,-677.9802246093748,638.2071197155183
610.0362439129332,-678.0074462890623,610.0362439129332
610.1046566112634,-678.032043457031,610.1046566112634
638.2189675668029,-678.0423583984373,638.2189675668029
610.1046566112634,-678.032043457031,610.1046566112634
610.408029328757,-678.141418457031,610.408029328757
638.4938434026544,-678.141418457031,638.4938434026544
610.1046566112634,-678.032043457031,610.1046566112634
638.4938434026544,-678.141418457031,638.4938434026544
638.2189675668029,-678.0423583984373,638.2189675668029
638.4938434026544,-678.141418457031,638.4938434026544
610.408029328757,-678.141418457031,610.408029328757
673.0663039685296,-678.141418457031,673.0663039685296
638.4938434026544,-678.141418457031,638.4938434026544
673.0663039685296,-678.141418457031,673.0663039685296
638.7410016860791,-678.0423583984373,638.7410016860791
638.4938434026544,-678.141418457031,638.4938434026544
638.7410016860791,-678.0423583984373,638.7410016860791
638.2189675668029,-678.0423583984373,638.2189675668029
638.2189675668029,-678.0423583984373,638.2189675668029
638.7410016860791,-678.0423583984373,638.7410016860791
638.7300680801873,-677.9802246093748,638.7300680801873
638.2189675668029,-678.0423583984373,638.2189675668029
638.7300680801873,-677.9802246093748,638.7300680801873
638.2071197155183,-677.9802246093748,638.2071197155183
638.7410016860791,-678.0423583984373,638.7410016860791
673.0663039685296,-678.141418457031,673.0663039685296
638.8281601785194,-678.0074462890623,638.8281601785194
638.7410016860791,-678.0423583984373,638.7410016860791
638.8281601785194,-678.0074462890623,638.8281601785194
638.7300680801873,-677.9802246093748,638.7300680801873
638.8281601785194,-678.0074462890623,638.8281601785194
673.0663039685296,-678.141418457031,673.0663039685296
673.4384860769666,-678.0074462890623,673.4384860769666
638.8281601785194,-678.0074462890623,638.8281601785194
673.4384860769666,-678.0074462890623,673.4384860769666
638.8937904061197,-677.9093017578123,638.8937904061197
638.8281601785194,-678.0074462890623,638.8281601785194
638.8937904061197,-677.9093017578123,638.8937904061197
638.7300680801873,-677.9802246093748,638.7300680801873
638.7300680801873,-677.9802246093748,638.7300680801873
638.8937904061197,-677.9093017578123,638.8937904061197
638.7111826129769,-677.6265869140623,638.7111826129769
638.7300680801873,-677.9802246093748,638.7300680801873
638.7111826129769,-677.6265869140623,638.7111826129769
638.2071197155183,-677.9802246093748,638.2071197155183
638.2071197155183,-677.9802246093748,638.2071197155183
638.7111826129769,-677.6265869140623,638.7111826129769
638.1882342483079,-677.6265869140623,638.1882342483079
638.2071197155183,-677.9802246093748,638.2071197155183
638.1882342483079,-677.6265869140623,638.1882342483079
637.8499402133414,-677.641418457031,637.8499402133414
637.8499402133414,-677.641418457031,637.8499402133414
638.1882342483079,-677.6265869140623,638.1882342483079
637.8263883073295,-677.5233764648435,637.8263883073295
637.8499402133414,-677.641418457031,637.8499402133414
637.8263883073295,-677.5233764648435,637.8263883073295
609.6645202540114,-677.141418457031,609.6645202540114
609.6645202540114,-677.141418457031,609.6645202540114
637.8263883073295,-677.5233764648435,637.8263883073295
637.7503343279088,-677.141418457031,637.7503343279088
609.6645202540114,-677.141418457031,609.6645202540114
637.7503343279088,-677.141418457031,637.7503343279088
637.7503343279088,-643.141418457031,637.7503343279088
637.8263883073295,-677.5233764648435,637.8263883073295
638.1882342483079,-677.6265869140623,638.1882342483079
638.1813140435552,-677.141418457031,638.1813140435552
637.8263883073295,-677.5233764648435,637.8263883073295
638.1813140435552,-677.141418457031,638.1813140435552
637.7503343279088,-677.141418457031,637.7503343279088
637.7503343279088,-677.141418457031,637.7503343279088
638.1813140435552,-677.141418457031,638.1813140435552
638.1813140435552,-643.141418457031,638.1813140435552
637.7503343279088,-677.141418457031,637.7503343279088
638.1813140435552,-643.141418457031,638.1813140435552
637.7503343279088,-643.141418457031,637.7503343279088
637.7503343279088,-643.141418457031,637.7503343279088
638.1813140435552,-643.141418457031,638.1813140435552
638.1882342483079,-642.6561889648435,638.1882342483079
638.1813140435552,-643.141418457031,638.1813140435552
638.1813140435552,-677.141418457031,638.1813140435552
638.1843005785049,-643.141418457031,638.1843005785049
638.1813140435552,-643.141418457031,638.1813140435552
638.1843005785049,-643.141418457031,638.1843005785049
638.1882342483079,-642.6561889648435,638.1882342483079
638.1882342483079,-642.6561889648435,638.1882342483079
638.1843005785049,-643.141418457031,638.1843005785049
638.7012149235816,-643.141418457031,638.7012149235816
638.1813140435552,-677.141418457031,638.1813140435552
638.1882342483079,-677.6265869140623,638.1882342483079
638.1843005785049,-677.141418457031,638.1843005785049
638.1813140435552,-677.141418457031,638.1813140435552
638.1843005785049,-677.141418457031,638.1843005785049
638.1843005785049,-643.141418457031,638.1843005785049
638.1882342483079,-677.6265869140623,638.1882342483079
638.7111826129769,-677.6265869140623,638.7111826129769
638.1843005785049,-677.141418457031,638.1843005785049
638.1843005785049,-677.141418457031,638.1843005785049
638.7111826129769,-677.6265869140623,638.7111826129769
638.7012149235816,-677.141418457031,638.7012149235816
638.1843005785049,-677.141418457031,638.1843005785049
638.7012149235816,-677.141418457031,638.7012149235816
638.1843005785049,-643.141418457031,638.1843005785049
638.1843005785049,-643.141418457031,638.1843005785049
638.7012149235816,-677.141418457031,638.7012149235816
638.7012149235816,-643.141418457031,638.7012149235816
638.7012149235816,-643.141418457031,638.7012149235816
638.7012149235816,-677.141418457031,638.7012149235816
638.7042624082242,-643.141418457031,638.7042624082242
693.4439288104675,-642.2753906249999,693.4439288104675
695.2640908974367,-642.6414184570311,695.2640908974367
693.8594014950171,-642.6538696289061,693.8594014950171
638.7012149235816,-677.141418457031,638.7012149235816
638.7111826129769,-677.6265869140623,638.7111826129769
638.7042624082242,-677.141418457031,638.7042624082242
638.7012149235816,-677.141418457031,638.7012149235816
638.7042624082242,-677.141418457031,638.7042624082242
638.7042624082242,-643.141418457031,638.7042624082242
638.7042624082242,-643.141418457031,638.7042624082242
638.7042624082242,-677.141418457031,638.7042624082242
639.1625387112865,-643.141418457031,639.1625387112865
638.7042624082242,-677.141418457031,638.7042624082242
638.7111826129769,-677.6265869140623,638.7111826129769
639.1625387112865,-677.141418457031,639.1625387112865
638.7042624082242,-677.141418457031,638.7042624082242
639.1625387112865,-677.141418457031,639.1625387112865
639.1625387112865,-643.141418457031,639.1625387112865
639.1625387112865,-643.141418457031,639.1625387112865
639.1625387112865,-677.141418457031,639.1625387112865
673.8107299423057,-676.141418457031,673.8107299423057
639.1625387112865,-643.141418457031,639.1625387112865
673.8107299423057,-676.141418457031,673.8107299423057
673.8107299423057,-644.141418457031,673.8107299423057
639.1625387112865,-677.141418457031,639.1625387112865
638.7111826129769,-677.6265869140623,638.7111826129769
639.0940809689554,-677.5233764648435,639.0940809689554
639.1625387112865,-677.141418457031,639.1625387112865
639.0940809689554,-677.5233764648435,639.0940809689554
673.8107299423057,-677.141418457031,673.8107299423057
639.1625387112865,-677.141418457031,639.1625387112865
673.8107299423057,-677.141418457031,673.8107299423057
673.8107299423057,-676.141418457031,673.8107299423057
638.7111826129769,-677.6265869140623,638.7111826129769
638.8937904061197,-677.9093017578123,638.8937904061197
639.0729567501069,-677.641418457031,639.0729567501069
638.7111826129769,-677.6265869140623,638.7111826129769
639.0729567501069,-677.641418457031,639.0729567501069
639.0940809689554,-677.5233764648435,639.0940809689554
639.0729567501069,-677.641418457031,639.0729567501069
638.8937904061197,-677.9093017578123,638.8937904061197
673.711006966211,-677.641418457031,673.711006966211
639.0729567501069,-677.641418457031,639.0729567501069
673.711006966211,-677.641418457031,673.711006966211
639.0940809689554,-677.5233764648435,639.0940809689554
639.0940809689554,-677.5233764648435,639.0940809689554
673.711006966211,-677.641418457031,673.711006966211
673.8107299423057,-677.141418457031,673.8107299423057
638.8937904061197,-677.9093017578123,638.8937904061197
673.4384860769666,-678.0074462890623,673.4384860769666
673.711006966211,-677.641418457031,673.711006966211
673.711006966211,-677.641418457031,673.711006966211
673.4384860769666,-678.0074462890623,673.4384860769666
680.392485815382,-677.641418457031,680.392485815382
673.711006966211,-677.641418457031,673.711006966211
680.392485815382,-677.641418457031,680.392485815382
680.5003695386872,-677.141418457031,680.5003695386872
673.711006966211,-677.641418457031,673.711006966211
680.5003695386872,-677.141418457031,680.5003695386872
673.8107299423057,-677.141418457031,673.8107299423057
673.8107299423057,-677.141418457031,673.8107299423057
680.5003695386872,-677.141418457031,680.5003695386872
680.5003695386872,-676.141418457031,680.5003695386872
673.8107299423057,-677.141418457031,673.8107299423057
680.5003695386872,-676.141418457031,680.5003695386872
673.8107299423057,-676.141418457031,673.8107299423057
673.8107299423057,-676.141418457031,673.8107299423057
680.5003695386872,-676.141418457031,680.5003695386872
673.1420346336736,-676.141418457031,673.1420346336736
673.8107299423057,-676.141418457031,673.8107299423057
673.1420346336736,-676.141418457031,673.1420346336736
673.8107299423057,-644.141418457031,673.8107299423057
673.4384860769666,-678.0074462890623,673.4384860769666
673.0663039685296,-678.141418457031,673.0663039685296
680.0978992649881,-678.0074462890623,680.0978992649881
673.4384860769666,-678.0074462890623,673.4384860769666
680.0978992649881,-678.0074462890623,680.0978992649881
680.392485815382,-677.641418457031,680.392485815382
673.0663039685296,-678.141418457031,673.0663039685296
610.408029328757,-678.141418457031,610.408029328757
679.695428991289,-678.141418457031,679.695428991289
673.0663039685296,-678.141418457031,673.0663039685296
679.695428991289,-678.141418457031,679.695428991289
680.0978992649881,-678.0074462890623,680.0978992649881
673.8107299423057,-644.141418457031,673.8107299423057
673.1420346336736,-676.141418457031,673.1420346336736
673.1420346336736,-644.141418457031,673.1420346336736
673.8107299423057,-644.141418457031,673.8107299423057
673.1420346336736,-644.141418457031,673.1420346336736
682.6122956179662,-644.141418457031,682.6122956179662
673.1420346336736,-676.141418457031,673.1420346336736
680.5003695386872,-676.141418457031,680.5003695386872
672.7080510226832,-676.141418457031,672.7080510226832
673.1420346336736,-676.141418457031,673.1420346336736
672.7080510226832,-676.141418457031,672.7080510226832
673.1420346336736,-644.141418457031,673.1420346336736
673.1420346336736,-644.141418457031,673.1420346336736
672.7080510226832,-676.141418457031,672.7080510226832
672.7080510226832,-644.141418457031,672.7080510226832
673.1420346336736,-644.141418457031,673.1420346336736
672.7080510226832,-644.141418457031,672.7080510226832
682.6122956179662,-644.141418457031,682.6122956179662
682.6122956179662,-644.141418457031,682.6122956179662
672.7080510226832,-644.141418457031,672.7080510226832
694.0539785003258,-644.1414184570311,694.0539785003258
672.7080510226832,-644.141418457031,672.7080510226832
672.7080510226832,-676.141418457031,672.7080510226832
672.1911366776066,-676.141418457031,672.1911366776066
672.7080510226832,-644.141418457031,672.7080510226832
672.1911366776066,-676.141418457031,672.1911366776066
672.1911366776066,-644.141418457031,672.1911366776066
672.7080510226832,-644.141418457031,672.7080510226832
672.1911366776066,-644.141418457031,672.1911366776066
694.0539785003258,-644.1414184570311,694.0539785003258
672.1911366776066,-676.141418457031,672.1911366776066
672.7080510226832,-676.141418457031,672.7080510226832
694.0539785003258,-676.1414184570311,694.0539785003258
672.1911366776066,-676.141418457031,672.1911366776066
694.0539785003258,-676.1414184570311,694.0539785003258
671.729769300603,-676.141418457031,671.729769300603
672.1911366776066,-676.141418457031,672.1911366776066
671.729769300603,-676.141418457031,671.729769300603
672.1911366776066,-644.141418457031,672.1911366776066
671.729769300603,-676.141418457031,671.729769300603
694.0539785003258,-676.1414184570311,694.0539785003258
638.5686571687678,-676.141418457031,638.5686571687678
671.729769300603,-676.141418457031,671.729769300603
638.5686571687678,-676.141418457031,638.5686571687678
671.729769300603,-644.141418457031,671.729769300603
671.729769300603,-676.141418457031,671.729769300603
671.729769300603,-644.141418457031,671.729769300603
672.1911366776066,-644.141418457031,672.1911366776066
672.1911366776066,-644.141418457031,672.1911366776066
671.729769300603,-644.141418457031,671.729769300603
611.8202337121347,-644.141418457031,611.8202337121347
672.1911366776066,-644.141418457031,672.1911366776066
611.8202337121347,-644.141418457031,611.8202337121347
694.0539785003258,-644.1414184570311,694.0539785003258
671.729769300603,-644.141418457031,671.729769300603
638.5686571687678,-676.141418457031,638.5686571687678
638.5686571687678,-644.141418457031,638.5686571687678
671.729769300603,-644.141418457031,671.729769300603
638.5686571687678,-644.141418457031,638.5686571687678
611.8202337121347,-644.141418457031,611.8202337121347
638.5686571687678,-644.141418457031,638.5686571687678
638.5686571687678,-676.141418457031,638.5686571687678
611.8202337121347,-644.141418457031,611.8202337121347
638.5686571687678,-676.141418457031,638.5686571687678
694.0539785003258,-676.1414184570311,694.0539785003258
611.8202337121347,-676.141418457031,611.8202337121347
638.5686571687678,-676.141418457031,638.5686571687678
611.8202337121347,-676.141418457031,611.8202337121347
611.8202337121347,-644.141418457031,611.8202337121347
611.8202337121347,-676.141418457031,611.8202337121347
694.0539785003258,-676.1414184570311,694.0539785003258
611.8202337121347,-644.141418457031,611.8202337121347
611.8202337121347,-644.141418457031,611.8202337121347
694.0539785003258,-676.1414184570311,694.0539785003258
694.0539785003258,-644.1414184570311,694.0539785003258
679.695428991289,-678.141418457031,679.695428991289
610.408029328757,-678.141418457031,610.408029328757
687.2768351760396,-678.141418457031,687.2768351760396
679.695428991289,-678.141418457031,679.695428991289
683.7902538648835,-678.141418457031,683.7902538648835
680.0978992649881,-678.0074462890623,680.0978992649881
687.2768351760396,-678.141418457031,687.2768351760396
610.408029328757,-678.141418457031,610.408029328757
692.3030762504944,-678.141418457031,692.3030762504944
683.7902538648835,-678.141418457031,683.7902538648835
687.2768351760396,-678.141418457031,687.2768351760396
684.2192867094889,-678.0074462890623,684.2192867094889
683.7902538648835,-678.141418457031,683.7902538648835
684.2192867094889,-678.0074462890623,684.2192867094889
680.0978992649881,-678.0074462890623,680.0978992649881
680.0978992649881,-678.0074462890623,680.0978992649881
684.2192867094889,-678.0074462890623,684.2192867094889
680.392485815382,-677.641418457031,680.392485815382
687.2768351760396,-678.141418457031,687.2768351760396
690.1232117590066,-678.141418457031,690.1232117590066
687.7285241499525,-678.0074462890623,687.7285241499525
687.2768351760396,-678.141418457031,687.2768351760396
687.7285241499525,-678.0074462890623,687.7285241499525
684.2192867094889,-678.0074462890623,684.2192867094889
684.2192867094889,-678.0074462890623,684.2192867094889
687.7285241499525,-678.0074462890623,687.7285241499525
684.5333297941694,-677.641418457031,684.5333297941694
684.2192867094889,-678.0074462890623,684.2192867094889
684.5333297941694,-677.641418457031,684.5333297941694
680.392485815382,-677.641418457031,680.392485815382
680.392485815382,-677.641418457031,680.392485815382
684.5333297941694,-677.641418457031,684.5333297941694
680.5003695386872,-677.141418457031,680.5003695386872
690.1232117590066,-678.141418457031,690.1232117590066
692.3030762504944,-678.141418457031,692.3030762504944
690.5933182270501,-678.0074462890623,690.5933182270501
690.1232117590066,-678.141418457031,690.1232117590066
690.5933182270501,-678.0074462890623,690.5933182270501
687.7285241499525,-678.0074462890623,687.7285241499525
687.7285241499525,-678.0074462890623,687.7285241499525
690.5933182270501,-678.0074462890623,690.5933182270501
688.0591813262135,-677.641418457031,688.0591813262135
687.7285241499525,-678.0074462890623,687.7285241499525
688.0591813262135,-677.641418457031,688.0591813262135
684.5333297941694,-677.641418457031,684.5333297941694
684.5333297941694,-677.641418457031,684.5333297941694
688.0591813262135,-677.641418457031,688.0591813262135
684.6483203613035,-677.141418457031,684.6483203613035
684.5333297941694,-677.641418457031,684.5333297941694
684.6483203613035,-677.141418457031,684.6483203613035
680.5003695386872,-677.141418457031,680.5003695386872
680.5003695386872,-677.141418457031,680.5003695386872
684.6483203613035,-677.141418457031,684.6483203613035
680.5003695386872,-676.141418457031,680.5003695386872
684.6483203613035,-677.141418457031,684.6483203613035
688.0591813262135,-677.641418457031,688.0591813262135
688.180150559754,-677.141418457031,688.180150559754
684.6483203613035,-677.141418457031,684.6483203613035
688.180150559754,-677.141418457031,688.180150559754
688.180150559754,-676.141418457031,688.180150559754
684.6483203613035,-677.141418457031,684.6483203613035
688.180150559754,-676.141418457031,688.180150559754
680.5003695386872,-676.141418457031,680.5003695386872
688.0591813262135,-677.641418457031,688.0591813262135
690.5933182270501,-678.0074462890623,690.5933182270501
690.9374887236482,-677.641418457031,690.9374887236482
688.0591813262135,-677.641418457031,688.0591813262135
690.9374887236482,-677.641418457031,690.9374887236482
688.180150559754,-677.141418457031,688.180150559754
688.180150559754,-677.141418457031,688.180150559754
690.9374887236482,-677.641418457031,690.9374887236482
691.063426309512,-677.141418457031,691.063426309512
688.180150559754,-677.141418457031,688.180150559754
691.063426309512,-677.141418457031,691.063426309512
688.180150559754,-676.141418457031,688.180150559754
688.180150559754,-676.141418457031,688.180150559754
691.063426309512,-677.141418457031,691.063426309512
693.271616230538,-676.141418457031,693.271616230538
688.180150559754,-676.141418457031,688.180150559754
693.271616230538,-676.141418457031,693.271616230538
680.5003695386872,-676.141418457031,680.5003695386872
680.5003695386872,-676.141418457031,680.5003695386872
693.271616230538,-676.141418457031,693.271616230538
672.7080510226832,-676.141418457031,672.7080510226832
690.5933182270501,-678.0074462890623,690.5933182270501
692.3030762504944,-678.141418457031,692.3030762504944
692.787345433307,-678.0074462890623,692.787345433307
690.5933182270501,-678.0074462890623,690.5933182270501
692.787345433307,-678.0074462890623,692.787345433307
690.9374887236482,-677.641418457031,690.9374887236482
690.9374887236482,-677.641418457031,690.9374887236482
692.787345433307,-678.0074462890623,692.787345433307
693.141850577912,-677.641418457031,693.141850577912
690.9374887236482,-677.641418457031,690.9374887236482
693.141850577912,-677.641418457031,693.141850577912
691.063426309512,-677.141418457031,691.063426309512
691.063426309512,-677.141418457031,691.063426309512
693.141850577912,-677.641418457031,693.141850577912
693.271616230538,-677.141418457031,693.271616230538
691.063426309512,-677.141418457031,691.063426309512
693.271616230538,-677.141418457031,693.271616230538
693.271616230538,-676.141418457031,693.271616230538
693.271616230538,-676.141418457031,693.271616230538
693.271616230538,-677.141418457031,693.271616230538
694.6347878697077,-676.141418457031,694.6347878697077
693.271616230538,-676.141418457031,693.271616230538
694.6347878697077,-676.141418457031,694.6347878697077
672.7080510226832,-676.141418457031,672.7080510226832
693.271616230538,-677.141418457031,693.271616230538
693.141850577912,-677.641418457031,693.141850577912
694.6347878697077,-677.141418457031,694.6347878697077
693.271616230538,-677.141418457031,693.271616230538
694.6347878697077,-677.141418457031,694.6347878697077
694.6347878697077,-676.141418457031,694.6347878697077
693.141850577912,-677.641418457031,693.141850577912
692.787345433307,-678.0074462890623,692.787345433307
694.5050222170817,-677.641418457031,694.5050222170817
693.141850577912,-677.641418457031,693.141850577912
694.5050222170817,-677.641418457031,694.5050222170817
694.6347878697077,-677.141418457031,694.6347878697077
692.787345433307,-678.0074462890623,692.787345433307
692.3030762504944,-678.141418457031,692.3030762504944
694.1505170724766,-678.0074462890623,694.1505170724766
692.787345433307,-678.0074462890623,692.787345433307
694.1505170724766,-678.0074462890623,694.1505170724766
694.5050222170817,-677.641418457031,694.5050222170817
692.3030762504944,-678.141418457031,692.3030762504944
610.408029328757,-678.141418457031,610.408029328757
693.6662478896641,-678.141418457031,693.6662478896641
692.3030762504944,-678.141418457031,692.3030762504944
693.6662478896641,-678.141418457031,693.6662478896641
694.1505170724766,-678.0074462890623,694.1505170724766
693.6662478896641,-678.141418457031,693.6662478896641
610.408029328757,-678.141418457031,610.408029328757
694.8792996464887,-678.141418457031,694.8792996464887
693.6662478896641,-678.141418457031,693.6662478896641
694.8792996464887,-678.141418457031,694.8792996464887
694.1505170724766,-678.0074462890623,694.1505170724766
610.408029328757,-678.141418457031,610.408029328757
694.8157599354493,-678.141418457031,694.8157599354493
694.8792996464887,-678.141418457031,694.8792996464887
694.8792996464887,-678.141418457031,694.8792996464887
694.8157599354493,-678.141418457031,694.8157599354493
695.3777515408448,-678.0074462890623,695.3777515408448
694.8792996464887,-678.141418457031,694.8792996464887
695.3777515408448,-678.0074462890623,695.3777515408448
694.1505170724766,-678.0074462890623,694.1505170724766
694.1505170724766,-678.0074462890623,694.1505170724766
695.3777515408448,-678.0074462890623,695.3777515408448
694.5050222170817,-677.641418457031,694.5050222170817
694.5050222170817,-677.641418457031,694.5050222170817
695.3777515408448,-678.0074462890623,695.3777515408448
695.7426573951151,-677.641418457031,695.7426573951151
694.5050222170817,-677.641418457031,694.5050222170817
695.7426573951151,-677.641418457031,695.7426573951151
694.6347878697077,-677.141418457031,694.6347878697077
695.3777515408448,-678.0074462890623,695.3777515408448
694.8157599354493,-678.141418457031,694.8157599354493
695.3134796252033,-678.0074462890623,695.3134796252033
695.3777515408448,-678.0074462890623,695.3777515408448
695.3134796252033,-678.0074462890623,695.3134796252033
695.7426573951151,-677.641418457031,695.7426573951151
694.8157599354493,-678.141418457031,694.8157599354493
693.4720336020963,-677.9862670898436,693.4720336020963
695.3134796252033,-678.0074462890623,695.3134796252033
694.6347878697077,-677.141418457031,694.6347878697077
695.7426573951151,-677.641418457031,695.7426573951151
695.8762643848937,-677.141418457031,695.8762643848937
694.6347878697077,-677.141418457031,694.6347878697077
695.8762643848937,-677.141418457031,695.8762643848937
694.6347878697077,-676.141418457031,694.6347878697077
695.7426573951151,-677.641418457031,695.7426573951151
695.3134796252033,-678.0074462890623,695.3134796252033
695.6778923383031,-677.641418457031,695.6778923383031
695.7426573951151,-677.641418457031,695.7426573951151
695.6778923383031,-677.641418457031,695.6778923383031
695.8762643848937,-677.141418457031,695.8762643848937
695.3134796252033,-678.0074462890623,695.3134796252033
693.4720336020963,-677.9862670898436,693.4720336020963
693.9033847872287,-677.6414184570311,693.9033847872287
695.3134796252033,-678.0074462890623,695.3134796252033
693.9033847872287,-677.6414184570311,693.9033847872287
695.6778923383031,-677.641418457031,695.6778923383031
694.6347878697077,-676.141418457031,694.6347878697077
695.8762643848937,-677.141418457031,695.8762643848937
695.8762643848937,-676.141418457031,695.8762643848937
694.6347878697077,-676.141418457031,694.6347878697077
695.8762643848937,-676.141418457031,695.8762643848937
672.7080510226832,-676.141418457031,672.7080510226832
695.8762643848937,-677.141418457031,695.8762643848937
695.6778923383031,-677.641418457031,695.6778923383031
695.8112602646502,-677.141418457031,695.8112602646502
695.8762643848937,-677.141418457031,695.8762643848937
695.8112602646502,-677.141418457031,695.8112602646502
695.8762643848937,-676.141418457031,695.8762643848937
695.8762643848937,-676.141418457031,695.8762643848937
695.8112602646502,-677.141418457031,695.8112602646502
695.8112602646502,-676.141418457031,695.8112602646502
695.8762643848937,-676.141418457031,695.8762643848937
695.8112602646502,-676.141418457031,695.8112602646502
672.7080510226832,-676.141418457031,672.7080510226832
672.7080510226832,-676.141418457031,672.7080510226832
695.8112602646502,-676.141418457031,695.8112602646502
694.0539785003258,-676.1414184570311,694.0539785003258
695.8112602646502,-676.141418457031,695.8112602646502
695.8112602646502,-677.141418457031,695.8112602646502
694.0539785003258,-676.1414184570311,694.0539785003258
695.6778923383031,-677.641418457031,695.6778923383031
693.9033847872287,-677.6414184570311,693.9033847872287
694.015650237576,-677.4002075195311,694.015650237576
695.6778923383031,-677.641418457031,695.6778923383031
694.015650237576,-677.4002075195311,694.015650237576
695.8112602646502,-677.141418457031,695.8112602646502
694.015650237576,-677.4002075195311,694.015650237576
693.9033847872287,-677.6414184570311,693.9033847872287
694.0539785003258,-677.1414184570311,694.0539785003258
694.015650237576,-677.4002075195311,694.015650237576
694.0539785003258,-677.1414184570311,694.0539785003258
695.8112602646502,-677.141418457031,695.8112602646502
695.8112602646502,-677.141418457031,695.8112602646502
694.0539785003258,-677.1414184570311,694.0539785003258
694.0539785003258,-676.1414184570311,694.0539785003258
693.9033847872287,-677.6414184570311,693.9033847872287
693.4720336020963,-677.9862670898436,693.4720336020963
694.0539785003258,-677.1414184570311,694.0539785003258
694.0539785003258,-677.1414184570311,694.0539785003258
693.4720336020963,-677.9862670898436,693.4720336020963
694.0539785003258,-676.1414184570311,694.0539785003258
694.0539785003258,-676.1414184570311,694.0539785003258
693.4720336020963,-677.9862670898436,693.4720336020963
694.0539785003258,-644.1414184570311,694.0539785003258
693.4720336020963,-677.9862670898436,693.4720336020963
693.8594014950171,-642.6538696289061,693.8594014950171
694.0539785003258,-644.1414184570311,694.0539785003258
694.0539785003258,-644.1414184570311,694.0539785003258
693.8594014950171,-642.6538696289061,693.8594014950171
694.0539785003258,-643.1414184570311,694.0539785003258
694.0539785003258,-643.1414184570311,694.0539785003258
693.8594014950171,-642.6538696289061,693.8594014950171
694.0531687939244,-643.1069946289061,694.0531687939244
694.0539785003258,-643.1414184570311,694.0539785003258
694.0531687939244,-643.1069946289061,694.0531687939244
695.2640908974367,-642.6414184570311,695.2640908974367
694.0531687939244,-643.1069946289061,694.0531687939244
693.8594014950171,-642.6538696289061,693.8594014950171
693.9227212739621,-642.7052001953124,693.9227212739621
694.0531687939244,-643.1069946289061,694.0531687939244
693.9227212739621,-642.7052001953124,693.9227212739621
695.2640908974367,-642.6414184570311,695.2640908974367
693.9227212739621,-642.7052001953124,693.9227212739621
693.8594014950171,-642.6538696289061,693.8594014950171
695.2640908974367,-642.6414184570311,695.2640908974367
