249.29937744140625,1455.4973635673523, -14.801269531250114
249.29937744140625,1454.7189815938473, -14.534051895141715
249.29937744140625,1460.3074951171875, 38.000045776367074
249.29937744140625,1455.4973635673523, -14.801269531250114
249.29937744140625,1460.3074951171875, 38.000045776367074
249.29937744140625,1456.1468049287796, -15.306749343872184
249.29937744140625,1455.4973635673523, -14.801269531250114
249.29937744140625,1456.1468049287796, -15.306749343872184
254.29937744140625,1456.1468049287796, -15.306749343872188
249.29937744140625,1455.4973635673523, -14.801269531250114
254.29937744140625,1456.1468049287796, -15.306749343872188
254.29937744140625,1455.4973635673523, -14.801269531250117
249.29937744140625,1455.4973635673523, -14.801269531250114
254.29937744140625,1455.4973635673523, -14.801269531250117
249.29937744140625,1454.7189815938473, -14.534051895141715
254.29937744140625,1455.4973635673523, -14.801269531250117
254.29937744140625,1456.1468049287796, -15.306749343872188
254.29937744140625,1460.3074951171875, 38.000045776367074
254.29937744140625,1455.4973635673523, -14.801269531250117
254.29937744140625,1460.3074951171875, 38.000045776367074
254.29937744140625,1454.7189815938473, -14.534051895141719
254.29937744140625,1455.4973635673523, -14.801269531250117
254.29937744140625,1454.7189815938473, -14.534051895141719
249.29937744140625,1454.7189815938473, -14.534051895141715
254.29937744140625,1456.1468049287796, -15.306749343872188
249.29937744140625,1456.1468049287796, -15.306749343872184
254.29937744140625,1456.596928358078, -15.99571609497082
254.29937744140625,1456.1468049287796, -15.306749343872188
254.29937744140625,1456.596928358078, -15.99571609497082
254.29937744140625,1460.3074951171875, 38.000045776367074
249.29937744140625,1456.1468049287796, -15.306749343872184
249.29937744140625,1460.3074951171875, 38.000045776367074
249.29937744140625,1456.596928358078, -15.995716094970817
249.29937744140625,1456.1468049287796, -15.306749343872184
249.29937744140625,1456.596928358078, -15.995716094970817
254.29937744140625,1456.596928358078, -15.99571609497082
249.29937744140625,1456.596928358078, -15.995716094970817
249.29937744140625,1460.3074951171875, 38.000045776367074
249.29937744140625,1456.7989563941956, -16.793506622314567
249.29937744140625,1456.596928358078, -15.995716094970817
249.29937744140625,1456.7989563941956, -16.793506622314567
254.29937744140625,1456.7989563941956, -16.79350662231457
249.29937744140625,1456.596928358078, -15.995716094970817
254.29937744140625,1456.7989563941956, -16.79350662231457
254.29937744140625,1456.596928358078, -15.99571609497082
254.29937744140625,1456.596928358078, -15.99571609497082
254.29937744140625,1456.7989563941956, -16.79350662231457
254.29937744140625,1460.3074951171875, -21.99995422363293
254.29937744140625,1456.596928358078, -15.99571609497082
254.29937744140625,1460.3074951171875, -21.99995422363293
254.29937744140625,1460.3074951171875, 38.000045776367074
254.29937744140625,1456.7989563941956, -16.79350662231457
249.29937744140625,1456.7989563941956, -16.793506622314567
254.29937744140625,1456.7309958934784, -17.613668441772578
254.29937744140625,1456.7989563941956, -16.79350662231457
254.29937744140625,1456.7309958934784, -17.613668441772578
254.29937744140625,1460.3074951171875, -21.99995422363293
254.29937744140625,1456.7309958934784, -17.613668441772578
249.29937744140625,1456.7989563941956, -16.793506622314567
249.29937744140625,1456.7309958934784, -17.613668441772575
254.29937744140625,1456.7309958934784, -17.613668441772578
249.29937744140625,1456.7309958934784, -17.613668441772575
254.29937744140625,1456.4004113674164, -18.36732482910168
254.29937744140625,1456.7309958934784, -17.613668441772578
254.29937744140625,1456.4004113674164, -18.36732482910168
254.29937744140625,1460.3074951171875, -21.99995422363293
249.29937744140625,1456.7989563941956, -16.793506622314567
249.29937744140625,1460.3074951171875, 38.000045776367074
249.29937744140625,1460.3074951171875, -21.999954223632926
249.29937744140625,1456.7989563941956, -16.793506622314567
249.29937744140625,1460.3074951171875, -21.999954223632926
249.29937744140625,1456.7309958934784, -17.613668441772575
249.29937744140625,1456.7309958934784, -17.613668441772575
249.29937744140625,1460.3074951171875, -21.999954223632926
249.29937744140625,1456.4004113674164, -18.367324829101676
249.29937744140625,1456.7309958934784, -17.613668441772575
249.29937744140625,1456.4004113674164, -18.367324829101676
254.29937744140625,1456.4004113674164, -18.36732482910168
254.29937744140625,1456.4004113674164, -18.36732482910168
249.29937744140625,1456.4004113674164, -18.367324829101676
254.29937744140625,1455.8430268764496, -18.972805023193477
254.29937744140625,1456.4004113674164, -18.36732482910168
254.29937744140625,1455.8430268764496, -18.972805023193477
254.29937744140625,1460.3074951171875, -21.99995422363293
249.29937744140625,1456.4004113674164, -18.367324829101676
249.29937744140625,1460.3074951171875, -21.999954223632926
249.29937744140625,1455.8430268764496, -18.972805023193473
249.29937744140625,1456.4004113674164, -18.367324829101676
249.29937744140625,1455.8430268764496, -18.972805023193473
254.29937744140625,1455.8430268764496, -18.972805023193477
254.29937744140625,1455.8430268764496, -18.972805023193477
249.29937744140625,1455.8430268764496, -18.972805023193473
254.29937744140625,1455.11924380064, -19.36449813842785
254.29937744140625,1455.8430268764496, -18.972805023193477
254.29937744140625,1455.11924380064, -19.36449813842785
254.29937744140625,1460.3074951171875, -21.99995422363293
249.29937744140625,1455.8430268764496, -18.972805023193473
249.29937744140625,1460.3074951171875, -21.999954223632926
249.29937744140625,1455.11924380064, -19.364498138427848
249.29937744140625,1455.8430268764496, -18.972805023193473
249.29937744140625,1455.11924380064, -19.364498138427848
254.29937744140625,1455.11924380064, -19.36449813842785
254.29937744140625,1455.11924380064, -19.36449813842785
249.29937744140625,1455.11924380064, -19.364498138427848
254.29937744140625,1454.3074951171875, -19.49995422363293
254.29937744140625,1455.11924380064, -19.36449813842785
254.29937744140625,1454.3074951171875, -19.49995422363293
254.29937744140625,1460.3074951171875, -21.99995422363293
249.29937744140625,1455.11924380064, -19.364498138427848
249.29937744140625,1460.3074951171875, -21.999954223632926
249.29937744140625,1454.3074951171875, -19.499954223632926
249.29937744140625,1455.11924380064, -19.364498138427848
249.29937744140625,1454.3074951171875, -19.499954223632926
254.29937744140625,1454.3074951171875, -19.49995422363293
254.29937744140625,1454.3074951171875, -19.49995422363293
249.29937744140625,1454.3074951171875, -19.499954223632926
254.29937744140625,1453.495746433735, -19.36449813842785
254.29937744140625,1454.3074951171875, -19.49995422363293
254.29937744140625,1453.495746433735, -19.36449813842785
254.29937744140625,1448.3074951171875, -21.999954223632926
254.29937744140625,1454.3074951171875, -19.49995422363293
254.29937744140625,1448.3074951171875, -21.999954223632926
254.29937744140625,1460.3074951171875, -21.99995422363293
254.29937744140625,1453.495746433735, -19.36449813842785
249.29937744140625,1454.3074951171875, -19.499954223632926
249.29937744140625,1453.495746433735, -19.364498138427848
254.29937744140625,1453.495746433735, -19.36449813842785
249.29937744140625,1453.495746433735, -19.364498138427848
254.29937744140625,1452.7719633579254, -18.972805023193477
254.29937744140625,1453.495746433735, -19.36449813842785
254.29937744140625,1452.7719633579254, -18.972805023193477
254.29937744140625,1448.3074951171875, -21.999954223632926
249.29937744140625,1454.3074951171875, -19.499954223632926
249.29937744140625,1460.3074951171875, -21.999954223632926
249.29937744140625,1448.3074951171875, -21.999954223632926
249.29937744140625,1454.3074951171875, -19.499954223632926
249.29937744140625,1448.3074951171875, -21.999954223632926
249.29937744140625,1453.495746433735, -19.364498138427848
249.29937744140625,1453.495746433735, -19.364498138427848
249.29937744140625,1448.3074951171875, -21.999954223632926
249.29937744140625,1452.7719633579254, -18.972805023193473
249.29937744140625,1453.495746433735, -19.364498138427848
249.29937744140625,1452.7719633579254, -18.972805023193473
254.29937744140625,1452.7719633579254, -18.972805023193477
254.29937744140625,1452.7719633579254, -18.972805023193477
249.29937744140625,1452.7719633579254, -18.972805023193473
254.29937744140625,1452.2145788669586, -18.367324829101676
254.29937744140625,1452.7719633579254, -18.972805023193477
254.29937744140625,1452.2145788669586, -18.367324829101676
254.29937744140625,1448.3074951171875, -21.999954223632926
249.29937744140625,1452.7719633579254, -18.972805023193473
249.29937744140625,1448.3074951171875, -21.999954223632926
249.29937744140625,1452.2145788669586, -18.367324829101676
249.29937744140625,1452.7719633579254, -18.972805023193473
249.29937744140625,1452.2145788669586, -18.367324829101676
254.29937744140625,1452.2145788669586, -18.367324829101676
254.29937744140625,1452.2145788669586, -18.367324829101676
249.29937744140625,1452.2145788669586, -18.367324829101676
254.29937744140625,1451.8839943408966, -17.613668441772575
254.29937744140625,1452.2145788669586, -18.367324829101676
254.29937744140625,1451.8839943408966, -17.613668441772575
254.29937744140625,1448.3074951171875, -21.999954223632926
249.29937744140625,1452.2145788669586, -18.367324829101676
249.29937744140625,1448.3074951171875, -21.999954223632926
249.29937744140625,1451.8839943408966, -17.613668441772575
249.29937744140625,1452.2145788669586, -18.367324829101676
249.29937744140625,1451.8839943408966, -17.613668441772575
254.29937744140625,1451.8839943408966, -17.613668441772575
254.29937744140625,1451.8839943408966, -17.613668441772575
249.29937744140625,1451.8839943408966, -17.613668441772575
254.29937744140625,1451.8160338401794, -16.793506622314567
254.29937744140625,1451.8839943408966, -17.613668441772575
254.29937744140625,1451.8160338401794, -16.793506622314567
254.29937744140625,1448.3074951171875, -21.999954223632926
249.29937744140625,1451.8839943408966, -17.613668441772575
249.29937744140625,1448.3074951171875, -21.999954223632926
249.29937744140625,1451.8160338401794, -16.793506622314567
249.29937744140625,1451.8839943408966, -17.613668441772575
249.29937744140625,1451.8160338401794, -16.793506622314567
254.29937744140625,1451.8160338401794, -16.793506622314567
249.29937744140625,1451.8160338401794, -16.793506622314567
249.29937744140625,1448.3074951171875, -21.999954223632926
249.29937744140625,1452.018061876297, -15.995716094970817
249.29937744140625,1451.8160338401794, -16.793506622314567
249.29937744140625,1452.018061876297, -15.995716094970817
254.29937744140625,1452.018061876297, -15.995716094970817
249.29937744140625,1451.8160338401794, -16.793506622314567
254.29937744140625,1452.018061876297, -15.995716094970817
254.29937744140625,1451.8160338401794, -16.793506622314567
254.29937744140625,1451.8160338401794, -16.793506622314567
254.29937744140625,1452.018061876297, -15.995716094970817
254.29937744140625,1454.3074951171875, 30.50004577636707
254.29937744140625,1451.8160338401794, -16.793506622314567
254.29937744140625,1454.3074951171875, 30.50004577636707
254.29937744140625,1453.495746433735, 30.63550186157215
254.29937744140625,1451.8160338401794, -16.793506622314567
254.29937744140625,1453.495746433735, 30.63550186157215
254.29937744140625,1448.3074951171875, -21.999954223632926
254.29937744140625,1452.018061876297, -15.995716094970817
249.29937744140625,1452.018061876297, -15.995716094970817
254.29937744140625,1452.4681853055954, -15.306749343872188
254.29937744140625,1452.018061876297, -15.995716094970817
254.29937744140625,1452.4681853055954, -15.306749343872188
254.29937744140625,1455.11924380064, 30.63550186157215
254.29937744140625,1452.018061876297, -15.995716094970817
254.29937744140625,1455.11924380064, 30.63550186157215
254.29937744140625,1454.3074951171875, 30.50004577636707
254.29937744140625,1454.3074951171875, 30.50004577636707
254.29937744140625,1455.11924380064, 30.63550186157215
249.29937744140625,1455.11924380064, 30.635501861572152
254.29937744140625,1454.3074951171875, 30.50004577636707
249.29937744140625,1455.11924380064, 30.635501861572152
249.29937744140625,1454.3074951171875, 30.500045776367074
254.29937744140625,1454.3074951171875, 30.50004577636707
249.29937744140625,1454.3074951171875, 30.500045776367074
254.29937744140625,1453.495746433735, 30.63550186157215
249.29937744140625,1455.11924380064, 30.635501861572152
254.29937744140625,1455.11924380064, 30.63550186157215
249.29937744140625,1455.8430268764496, 31.027194976806527
249.29937744140625,1455.11924380064, 30.635501861572152
249.29937744140625,1455.8430268764496, 31.027194976806527
249.29937744140625,1454.7189815938473, -14.534051895141715
249.29937744140625,1455.11924380064, 30.635501861572152
249.29937744140625,1454.7189815938473, -14.534051895141715
249.29937744140625,1454.3074951171875, 30.500045776367074
254.29937744140625,1455.11924380064, 30.63550186157215
254.29937744140625,1452.4681853055954, -15.306749343872188
254.29937744140625,1455.8430268764496, 31.027194976806523
254.29937744140625,1455.11924380064, 30.63550186157215
254.29937744140625,1455.8430268764496, 31.027194976806523
249.29937744140625,1455.8430268764496, 31.027194976806527
249.29937744140625,1455.8430268764496, 31.027194976806527
254.29937744140625,1455.8430268764496, 31.027194976806523
249.29937744140625,1456.4004113674164, 31.632675170898324
249.29937744140625,1455.8430268764496, 31.027194976806527
249.29937744140625,1456.4004113674164, 31.632675170898324
249.29937744140625,1454.7189815938473, -14.534051895141715
254.29937744140625,1455.8430268764496, 31.027194976806523
254.29937744140625,1452.4681853055954, -15.306749343872188
254.29937744140625,1456.4004113674164, 31.63267517089832
254.29937744140625,1455.8430268764496, 31.027194976806523
254.29937744140625,1456.4004113674164, 31.63267517089832
249.29937744140625,1456.4004113674164, 31.632675170898324
249.29937744140625,1456.4004113674164, 31.632675170898324
254.29937744140625,1456.4004113674164, 31.63267517089832
249.29937744140625,1456.7309958934784, 32.386331558227425
249.29937744140625,1456.4004113674164, 31.632675170898324
249.29937744140625,1456.7309958934784, 32.386331558227425
249.29937744140625,1454.7189815938473, -14.534051895141715
254.29937744140625,1456.4004113674164, 31.63267517089832
254.29937744140625,1452.4681853055954, -15.306749343872188
254.29937744140625,1456.7309958934784, 32.386331558227425
254.29937744140625,1456.4004113674164, 31.63267517089832
254.29937744140625,1456.7309958934784, 32.386331558227425
249.29937744140625,1456.7309958934784, 32.386331558227425
249.29937744140625,1456.7309958934784, 32.386331558227425
254.29937744140625,1456.7309958934784, 32.386331558227425
249.29937744140625,1456.7989563941956, 33.20649337768543
249.29937744140625,1456.7309958934784, 32.386331558227425
249.29937744140625,1456.7989563941956, 33.20649337768543
249.29937744140625,1460.3074951171875, 38.000045776367074
249.29937744140625,1456.7309958934784, 32.386331558227425
249.29937744140625,1460.3074951171875, 38.000045776367074
249.29937744140625,1454.7189815938473, -14.534051895141715
249.29937744140625,1454.7189815938473, -14.534051895141715
254.29937744140625,1454.7189815938473, -14.534051895141719
249.29937744140625,1453.8960086405277, -14.534051895141715
249.29937744140625,1454.7189815938473, -14.534051895141715
249.29937744140625,1453.8960086405277, -14.534051895141715
249.29937744140625,1454.3074951171875, 30.500045776367074
249.29937744140625,1454.3074951171875, 30.500045776367074
249.29937744140625,1453.8960086405277, -14.534051895141715
249.29937744140625,1453.495746433735, 30.635501861572152
249.29937744140625,1454.3074951171875, 30.500045776367074
249.29937744140625,1453.495746433735, 30.635501861572152
254.29937744140625,1453.495746433735, 30.63550186157215
254.29937744140625,1453.495746433735, 30.63550186157215
249.29937744140625,1453.495746433735, 30.635501861572152
254.29937744140625,1452.7719633579254, 31.027194976806523
254.29937744140625,1453.495746433735, 30.63550186157215
254.29937744140625,1452.7719633579254, 31.027194976806523
254.29937744140625,1448.3074951171875, -21.999954223632926
254.29937744140625,1452.7719633579254, 31.027194976806523
249.29937744140625,1453.495746433735, 30.635501861572152
249.29937744140625,1452.7719633579254, 31.027194976806527
254.29937744140625,1452.7719633579254, 31.027194976806523
249.29937744140625,1452.7719633579254, 31.027194976806527
254.29937744140625,1452.2145788669586, 31.632675170898324
254.29937744140625,1452.7719633579254, 31.027194976806523
254.29937744140625,1452.2145788669586, 31.632675170898324
254.29937744140625,1448.3074951171875, -21.999954223632926
254.29937744140625,1452.2145788669586, 31.632675170898324
249.29937744140625,1452.7719633579254, 31.027194976806527
249.29937744140625,1452.2145788669586, 31.632675170898324
254.29937744140625,1452.2145788669586, 31.632675170898324
249.29937744140625,1452.2145788669586, 31.632675170898324
254.29937744140625,1451.8839943408966, 32.386331558227425
254.29937744140625,1452.2145788669586, 31.632675170898324
254.29937744140625,1451.8839943408966, 32.386331558227425
254.29937744140625,1448.3074951171875, -21.999954223632926
249.29937744140625,1452.2145788669586, 31.632675170898324
249.29937744140625,1452.7719633579254, 31.027194976806527
249.29937744140625,1448.3074951171875, -21.999954223632926
249.29937744140625,1452.2145788669586, 31.632675170898324
249.29937744140625,1448.3074951171875, -21.999954223632926
249.29937744140625,1451.8839943408966, 32.386331558227425
249.29937744140625,1452.2145788669586, 31.632675170898324
249.29937744140625,1451.8839943408966, 32.386331558227425
254.29937744140625,1451.8839943408966, 32.386331558227425
249.29937744140625,1452.7719633579254, 31.027194976806527
249.29937744140625,1453.495746433735, 30.635501861572152
249.29937744140625,1452.018061876297, -15.995716094970817
249.29937744140625,1452.7719633579254, 31.027194976806527
249.29937744140625,1452.018061876297, -15.995716094970817
249.29937744140625,1448.3074951171875, -21.999954223632926
249.29937744140625,1452.018061876297, -15.995716094970817
249.29937744140625,1453.495746433735, 30.635501861572152
249.29937744140625,1452.4681853055954, -15.306749343872184
249.29937744140625,1452.018061876297, -15.995716094970817
249.29937744140625,1452.4681853055954, -15.306749343872184
254.29937744140625,1452.4681853055954, -15.306749343872188
249.29937744140625,1453.495746433735, 30.635501861572152
249.29937744140625,1453.8960086405277, -14.534051895141715
249.29937744140625,1453.1176266670227, -14.801269531250114
249.29937744140625,1453.495746433735, 30.635501861572152
249.29937744140625,1453.1176266670227, -14.801269531250114
249.29937744140625,1452.4681853055954, -15.306749343872184
249.29937744140625,1452.4681853055954, -15.306749343872184
249.29937744140625,1453.1176266670227, -14.801269531250114
254.29937744140625,1453.1176266670227, -14.801269531250117
249.29937744140625,1452.4681853055954, -15.306749343872184
254.29937744140625,1453.1176266670227, -14.801269531250117
254.29937744140625,1452.4681853055954, -15.306749343872188
254.29937744140625,1452.4681853055954, -15.306749343872188
254.29937744140625,1453.1176266670227, -14.801269531250117
254.29937744140625,1456.7309958934784, 32.386331558227425
254.29937744140625,1453.1176266670227, -14.801269531250117
249.29937744140625,1453.1176266670227, -14.801269531250114
254.29937744140625,1453.8960086405277, -14.534051895141719
254.29937744140625,1453.1176266670227, -14.801269531250117
254.29937744140625,1453.8960086405277, -14.534051895141719
254.29937744140625,1456.7309958934784, 32.386331558227425
249.29937744140625,1453.1176266670227, -14.801269531250114
249.29937744140625,1453.8960086405277, -14.534051895141715
254.29937744140625,1453.8960086405277, -14.534051895141719
249.29937744140625,1453.8960086405277, -14.534051895141715
254.29937744140625,1454.7189815938473, -14.534051895141719
254.29937744140625,1453.8960086405277, -14.534051895141719
254.29937744140625,1453.8960086405277, -14.534051895141719
254.29937744140625,1454.7189815938473, -14.534051895141719
254.29937744140625,1456.7309958934784, 32.386331558227425
254.29937744140625,1454.7189815938473, -14.534051895141719
254.29937744140625,1460.3074951171875, 38.000045776367074
254.29937744140625,1456.7309958934784, 32.386331558227425
254.29937744140625,1456.7309958934784, 32.386331558227425
254.29937744140625,1460.3074951171875, 38.000045776367074
254.29937744140625,1456.7989563941956, 33.20649337768543
254.29937744140625,1456.7309958934784, 32.386331558227425
254.29937744140625,1456.7989563941956, 33.20649337768543
249.29937744140625,1456.7989563941956, 33.20649337768543
249.29937744140625,1456.7989563941956, 33.20649337768543
254.29937744140625,1456.7989563941956, 33.20649337768543
249.29937744140625,1456.596928358078, 34.00428390502918
249.29937744140625,1456.7989563941956, 33.20649337768543
249.29937744140625,1456.596928358078, 34.00428390502918
249.29937744140625,1460.3074951171875, 38.000045776367074
254.29937744140625,1456.7989563941956, 33.20649337768543
254.29937744140625,1460.3074951171875, 38.000045776367074
254.29937744140625,1456.596928358078, 34.00428390502918
254.29937744140625,1456.7989563941956, 33.20649337768543
254.29937744140625,1456.596928358078, 34.00428390502918
249.29937744140625,1456.596928358078, 34.00428390502918
249.29937744140625,1456.596928358078, 34.00428390502918
254.29937744140625,1456.596928358078, 34.00428390502918
249.29937744140625,1456.1468049287796, 34.693250656127816
249.29937744140625,1456.596928358078, 34.00428390502918
249.29937744140625,1456.1468049287796, 34.693250656127816
249.29937744140625,1460.3074951171875, 38.000045776367074
254.29937744140625,1456.596928358078, 34.00428390502918
254.29937744140625,1460.3074951171875, 38.000045776367074
254.29937744140625,1456.1468049287796, 34.693250656127816
254.29937744140625,1456.596928358078, 34.00428390502918
254.29937744140625,1456.1468049287796, 34.693250656127816
249.29937744140625,1456.1468049287796, 34.693250656127816
249.29937744140625,1456.1468049287796, 34.693250656127816
254.29937744140625,1456.1468049287796, 34.693250656127816
249.29937744140625,1455.4973635673523, 35.198730468749886
249.29937744140625,1456.1468049287796, 34.693250656127816
249.29937744140625,1455.4973635673523, 35.198730468749886
249.29937744140625,1460.3074951171875, 38.000045776367074
254.29937744140625,1456.1468049287796, 34.693250656127816
254.29937744140625,1460.3074951171875, 38.000045776367074
254.29937744140625,1455.4973635673523, 35.198730468749886
254.29937744140625,1456.1468049287796, 34.693250656127816
254.29937744140625,1455.4973635673523, 35.198730468749886
249.29937744140625,1455.4973635673523, 35.198730468749886
249.29937744140625,1455.4973635673523, 35.198730468749886
254.29937744140625,1455.4973635673523, 35.198730468749886
249.29937744140625,1454.7189815938473, 35.465948104858285
249.29937744140625,1455.4973635673523, 35.198730468749886
249.29937744140625,1454.7189815938473, 35.465948104858285
249.29937744140625,1460.3074951171875, 38.000045776367074
254.29937744140625,1455.4973635673523, 35.198730468749886
254.29937744140625,1460.3074951171875, 38.000045776367074
254.29937744140625,1454.7189815938473, 35.465948104858285
254.29937744140625,1455.4973635673523, 35.198730468749886
254.29937744140625,1454.7189815938473, 35.465948104858285
249.29937744140625,1454.7189815938473, 35.465948104858285
254.29937744140625,1454.7189815938473, 35.465948104858285
254.29937744140625,1460.3074951171875, 38.000045776367074
254.29937744140625,1453.8960086405277, 35.465948104858285
254.29937744140625,1454.7189815938473, 35.465948104858285
254.29937744140625,1453.8960086405277, 35.465948104858285
249.29937744140625,1453.8960086405277, 35.465948104858285
254.29937744140625,1454.7189815938473, 35.465948104858285
249.29937744140625,1453.8960086405277, 35.465948104858285
249.29937744140625,1454.7189815938473, 35.465948104858285
249.29937744140625,1454.7189815938473, 35.465948104858285
249.29937744140625,1453.8960086405277, 35.465948104858285
249.29937744140625,1448.3074951171875, 38.000045776367074
249.29937744140625,1454.7189815938473, 35.465948104858285
249.29937744140625,1448.3074951171875, 38.000045776367074
249.29937744140625,1460.3074951171875, 38.000045776367074
249.29937744140625,1453.8960086405277, 35.465948104858285
254.29937744140625,1453.8960086405277, 35.465948104858285
249.29937744140625,1453.1176266670227, 35.198730468749886
249.29937744140625,1453.8960086405277, 35.465948104858285
249.29937744140625,1453.1176266670227, 35.198730468749886
249.29937744140625,1448.3074951171875, 38.000045776367074
249.29937744140625,1453.1176266670227, 35.198730468749886
254.29937744140625,1453.8960086405277, 35.465948104858285
254.29937744140625,1453.1176266670227, 35.198730468749886
249.29937744140625,1453.1176266670227, 35.198730468749886
254.29937744140625,1453.1176266670227, 35.198730468749886
249.29937744140625,1452.4681853055954, 34.693250656127816
249.29937744140625,1453.1176266670227, 35.198730468749886
249.29937744140625,1452.4681853055954, 34.693250656127816
249.29937744140625,1448.3074951171875, 38.000045776367074
254.29937744140625,1453.8960086405277, 35.465948104858285
254.29937744140625,1460.3074951171875, 38.000045776367074
254.29937744140625,1448.3074951171875, 38.000045776367074
254.29937744140625,1453.8960086405277, 35.465948104858285
254.29937744140625,1448.3074951171875, 38.000045776367074
254.29937744140625,1453.1176266670227, 35.198730468749886
254.29937744140625,1453.1176266670227, 35.198730468749886
254.29937744140625,1448.3074951171875, 38.000045776367074
254.29937744140625,1452.4681853055954, 34.693250656127816
254.29937744140625,1453.1176266670227, 35.198730468749886
254.29937744140625,1452.4681853055954, 34.693250656127816
249.29937744140625,1452.4681853055954, 34.693250656127816
249.29937744140625,1452.4681853055954, 34.693250656127816
254.29937744140625,1452.4681853055954, 34.693250656127816
249.29937744140625,1452.018061876297, 34.00428390502918
249.29937744140625,1452.4681853055954, 34.693250656127816
249.29937744140625,1452.018061876297, 34.00428390502918
249.29937744140625,1448.3074951171875, 38.000045776367074
254.29937744140625,1452.4681853055954, 34.693250656127816
254.29937744140625,1448.3074951171875, 38.000045776367074
254.29937744140625,1452.018061876297, 34.00428390502918
254.29937744140625,1452.4681853055954, 34.693250656127816
254.29937744140625,1452.018061876297, 34.00428390502918
249.29937744140625,1452.018061876297, 34.00428390502918
249.29937744140625,1452.018061876297, 34.00428390502918
254.29937744140625,1452.018061876297, 34.00428390502918
249.29937744140625,1451.8160338401794, 33.20649337768543
249.29937744140625,1452.018061876297, 34.00428390502918
249.29937744140625,1451.8160338401794, 33.20649337768543
249.29937744140625,1448.3074951171875, 38.000045776367074
254.29937744140625,1452.018061876297, 34.00428390502918
254.29937744140625,1448.3074951171875, 38.000045776367074
254.29937744140625,1451.8160338401794, 33.20649337768543
254.29937744140625,1452.018061876297, 34.00428390502918
254.29937744140625,1451.8160338401794, 33.20649337768543
249.29937744140625,1451.8160338401794, 33.20649337768543
249.29937744140625,1451.8160338401794, 33.20649337768543
254.29937744140625,1451.8160338401794, 33.20649337768543
249.29937744140625,1451.8839943408966, 32.386331558227425
249.29937744140625,1451.8160338401794, 33.20649337768543
249.29937744140625,1451.8839943408966, 32.386331558227425
249.29937744140625,1448.3074951171875, 38.000045776367074
254.29937744140625,1451.8160338401794, 33.20649337768543
254.29937744140625,1448.3074951171875, 38.000045776367074
254.29937744140625,1451.8839943408966, 32.386331558227425
254.29937744140625,1451.8160338401794, 33.20649337768543
254.29937744140625,1451.8839943408966, 32.386331558227425
249.29937744140625,1451.8839943408966, 32.386331558227425
249.29937744140625,1451.8839943408966, 32.386331558227425
249.29937744140625,1448.3074951171875, -21.999954223632926
249.29937744140625,1448.3074951171875, 38.000045776367074
254.29937744140625,1451.8839943408966, 32.386331558227425
254.29937744140625,1448.3074951171875, 38.000045776367074
254.29937744140625,1448.3074951171875, -21.999954223632926
254.29937744140625,1448.3074951171875, 38.000045776367074
254.29937744140625,1460.3074951171875, 38.000045776367074
249.29937744140625,1448.3074951171875, 38.000045776367074
254.29937744140625,1448.3074951171875, 38.000045776367074
249.29937744140625,1448.3074951171875, 38.000045776367074
249.29937744140625,1448.3074951171875, -21.999954223632926
254.29937744140625,1448.3074951171875, 38.000045776367074
249.29937744140625,1448.3074951171875, -21.999954223632926
254.29937744140625,1448.3074951171875, -21.999954223632926
249.29937744140625,1448.3074951171875, 38.000045776367074
254.29937744140625,1460.3074951171875, 38.000045776367074
249.29937744140625,1460.3074951171875, 38.000045776367074
249.29937744140625,1448.3074951171875, -21.999954223632926
249.29937744140625,1460.3074951171875, -21.999954223632926
254.29937744140625,1448.3074951171875, -21.999954223632926
254.29937744140625,1448.3074951171875, -21.999954223632926
249.29937744140625,1460.3074951171875, -21.999954223632926
254.29937744140625,1460.3074951171875, -21.99995422363293
249.29937744140625,1460.3074951171875, -21.999954223632926
249.29937744140625,1460.3074951171875, 38.000045776367074
254.29937744140625,1460.3074951171875, -21.99995422363293
254.29937744140625,1460.3074951171875, -21.99995422363293
249.29937744140625,1460.3074951171875, 38.000045776367074
254.29937744140625,1460.3074951171875, 38.000045776367074
