390.0,1426.5208740234375,390.0
389.33012771606445,1424.0208740234375,389.33012771606445
387.0,1428.0208740234375,387.0
389.33012771606445,1424.0208740234375,389.33012771606445
390.0,1426.5208740234375,390.0
389.33012771606445,1424.0208740234375,389.33012771606445
389.33012771606445,1424.0208740234375,389.33012771606445
389.33012771606445,1424.0208740234375,389.33012771606445
387.5,1422.190746307373,387.5
389.33012771606445,1424.0208740234375,389.33012771606445
387.5,1422.190746307373,387.5
387.5,1422.190746307373,387.5
389.33012771606445,1424.0208740234375,389.33012771606445
387.5,1422.190746307373,387.5
387.0,1428.0208740234375,387.0
387.5,1422.190746307373,387.5
389.33012771606445,1424.0208740234375,389.33012771606445
385.0,1421.5208740234375,385.0
387.5,1422.190746307373,387.5
385.0,1421.5208740234375,385.0
387.5,1422.190746307373,387.5
387.5,1422.190746307373,387.5
385.0,1421.5208740234375,385.0
385.0,1421.5208740234375,385.0
387.5,1422.190746307373,387.5
385.0,1421.5208740234375,385.0
387.0,1428.0208740234375,387.0
389.33012771606445,1424.0208740234375,389.33012771606445
390.0,1426.5208740234375,390.0
390.0,1426.5208740234375,390.0
389.33012771606445,1424.0208740234375,389.33012771606445
390.0,1426.5208740234375,390.0
385.0,1421.5208740234375,385.0
385.0,1421.5208740234375,385.0
390.0,1426.5208740234375,390.0
315.0,1421.5208740234375,315.0
385.0,1421.5208740234375,385.0
315.0,1421.5208740234375,315.0
385.0,1421.5208740234375,385.0
390.0,1426.5208740234375,390.0
387.0,1428.0208740234375,387.0
390.0,1536.5208740234375,390.0
390.0,1426.5208740234375,390.0
390.0,1536.5208740234375,390.0
390.0,1426.5208740234375,390.0
385.0,1421.5208740234375,385.0
315.0,1421.5208740234375,315.0
315.0,1421.5208740234375,315.0
385.0,1421.5208740234375,385.0
315.0,1421.5208740234375,315.0
330.0,1428.0208740234375,330.0
385.0,1421.5208740234375,385.0
330.0,1428.0208740234375,330.0
387.0,1428.0208740234375,387.0
315.0,1421.5208740234375,315.0
315.0,1421.5208740234375,315.0
312.5,1422.190746307373,312.5
315.0,1421.5208740234375,315.0
312.5,1422.190746307373,312.5
312.5,1422.190746307373,312.5
315.0,1421.5208740234375,315.0
312.5,1422.190746307373,312.5
330.0,1428.0208740234375,330.0
315.0,1421.5208740234375,315.0
390.0,1426.5208740234375,390.0
310.0,1426.5208740234375,310.0
315.0,1421.5208740234375,315.0
310.0,1426.5208740234375,310.0
312.5,1422.190746307373,312.5
312.5,1422.190746307373,312.5
310.0,1426.5208740234375,310.0
310.66987228393555,1424.0208740234375,310.66987228393555
312.5,1422.190746307373,312.5
310.66987228393555,1424.0208740234375,310.66987228393555
312.5,1422.190746307373,312.5
310.66987228393555,1424.0208740234375,310.66987228393555
310.0,1426.5208740234375,310.0
310.66987228393555,1424.0208740234375,310.66987228393555
310.66987228393555,1424.0208740234375,310.66987228393555
310.66987228393555,1424.0208740234375,310.66987228393555
312.5,1422.190746307373,312.5
310.66987228393555,1424.0208740234375,310.66987228393555
310.0,1426.5208740234375,310.0
310.0,1426.5208740234375,310.0
310.66987228393555,1424.0208740234375,310.66987228393555
310.0,1426.5208740234375,310.0
312.5,1422.190746307373,312.5
312.5,1422.190746307373,312.5
310.0,1426.5208740234375,310.0
330.0,1428.0208740234375,330.0
310.0,1426.5208740234375,310.0
390.0,1426.5208740234375,390.0
315.0,1541.5208740234375,315.0
310.0,1426.5208740234375,310.0
315.0,1541.5208740234375,315.0
310.0,1536.5208740234375,310.0
310.0,1426.5208740234375,310.0
310.0,1536.5208740234375,310.0
310.0,1426.5208740234375,310.0
390.0,1426.5208740234375,390.0
390.0,1536.5208740234375,390.0
390.0,1536.5208740234375,390.0
390.0,1426.5208740234375,390.0
390.0,1536.5208740234375,390.0
315.0,1541.5208740234375,315.0
310.0,1536.5208740234375,310.0
315.0,1541.5208740234375,315.0
310.66987228393555,1539.0208740234375,310.66987228393555
310.0,1536.5208740234375,310.0
310.66987228393555,1539.0208740234375,310.66987228393555
310.0,1536.5208740234375,310.0
310.0,1536.5208740234375,310.0
310.0,1536.5208740234375,310.0
310.0,1426.5208740234375,310.0
310.0,1426.5208740234375,310.0
310.0,1536.5208740234375,310.0
330.0,1535.0208740234375,330.0
310.0,1426.5208740234375,310.0
330.0,1535.0208740234375,330.0
330.0,1428.0208740234375,330.0
310.0,1536.5208740234375,310.0
310.66987228393555,1539.0208740234375,310.66987228393555
310.66987228393555,1539.0208740234375,310.66987228393555
310.0,1536.5208740234375,310.0
310.66987228393555,1539.0208740234375,310.66987228393555
330.0,1535.0208740234375,330.0
310.66987228393555,1539.0208740234375,310.66987228393555
315.0,1541.5208740234375,315.0
312.5,1540.851001739502,312.5
310.66987228393555,1539.0208740234375,310.66987228393555
312.5,1540.851001739502,312.5
310.66987228393555,1539.0208740234375,310.66987228393555
312.5,1540.851001739502,312.5
315.0,1541.5208740234375,315.0
312.5,1540.851001739502,312.5
312.5,1540.851001739502,312.5
312.5,1540.851001739502,312.5
310.66987228393555,1539.0208740234375,310.66987228393555
312.5,1540.851001739502,312.5
315.0,1541.5208740234375,315.0
315.0,1541.5208740234375,315.0
312.5,1540.851001739502,312.5
315.0,1541.5208740234375,315.0
310.66987228393555,1539.0208740234375,310.66987228393555
310.66987228393555,1539.0208740234375,310.66987228393555
315.0,1541.5208740234375,315.0
330.0,1535.0208740234375,330.0
315.0,1541.5208740234375,315.0
390.0,1536.5208740234375,390.0
385.0,1541.5208740234375,385.0
315.0,1541.5208740234375,315.0
385.0,1541.5208740234375,385.0
315.0,1541.5208740234375,315.0
385.0,1541.5208740234375,385.0
390.0,1536.5208740234375,390.0
387.5,1540.851001739502,387.5
385.0,1541.5208740234375,385.0
387.5,1540.851001739502,387.5
385.0,1541.5208740234375,385.0
385.0,1541.5208740234375,385.0
385.0,1541.5208740234375,385.0
315.0,1541.5208740234375,315.0
315.0,1541.5208740234375,315.0
385.0,1541.5208740234375,385.0
387.0,1535.0208740234375,387.0
315.0,1541.5208740234375,315.0
387.0,1535.0208740234375,387.0
330.0,1535.0208740234375,330.0
385.0,1541.5208740234375,385.0
387.5,1540.851001739502,387.5
387.5,1540.851001739502,387.5
385.0,1541.5208740234375,385.0
387.5,1540.851001739502,387.5
389.33012771606445,1539.0208740234375,389.33012771606445
385.0,1541.5208740234375,385.0
389.33012771606445,1539.0208740234375,389.33012771606445
387.0,1535.0208740234375,387.0
387.5,1540.851001739502,387.5
387.5,1540.851001739502,387.5
389.33012771606445,1539.0208740234375,389.33012771606445
387.5,1540.851001739502,387.5
389.33012771606445,1539.0208740234375,389.33012771606445
389.33012771606445,1539.0208740234375,389.33012771606445
387.5,1540.851001739502,387.5
390.0,1536.5208740234375,390.0
389.33012771606445,1539.0208740234375,389.33012771606445
389.33012771606445,1539.0208740234375,389.33012771606445
390.0,1536.5208740234375,390.0
389.33012771606445,1539.0208740234375,389.33012771606445
390.0,1536.5208740234375,390.0
390.0,1536.5208740234375,390.0
389.33012771606445,1539.0208740234375,389.33012771606445
389.33012771606445,1539.0208740234375,389.33012771606445
390.0,1536.5208740234375,390.0
387.0,1535.0208740234375,387.0
390.0,1536.5208740234375,390.0
387.0,1428.0208740234375,387.0
387.0,1535.0208740234375,387.0
387.0,1535.0208740234375,387.0
387.0,1428.0208740234375,387.0
387.0,1535.0208740234375,387.0
387.0,1535.0208740234375,387.0
387.0,1535.0208740234375,387.0
330.0,1535.0208740234375,330.0
387.0,1535.0208740234375,387.0
330.0,1535.0208740234375,330.0
330.0,1535.0208740234375,330.0
330.0,1535.0208740234375,330.0
330.0,1535.0208740234375,330.0
330.0,1428.0208740234375,330.0
330.0,1535.0208740234375,330.0
330.0,1428.0208740234375,330.0
330.0,1428.0208740234375,330.0
330.0,1428.0208740234375,330.0
330.0,1428.0208740234375,330.0
387.0,1428.0208740234375,387.0
330.0,1428.0208740234375,330.0
387.0,1428.0208740234375,387.0
387.0,1428.0208740234375,387.0
387.0,1428.0208740234375,387.0
387.0,1428.0208740234375,387.0
387.0,1535.0208740234375,387.0
387.0,1428.0208740234375,387.0
330.0,1428.0208740234375,330.0
331.0,1429.0208740234375,331.0
387.0,1428.0208740234375,387.0
331.0,1429.0208740234375,331.0
386.0,1429.0208740234375,386.0
387.0,1428.0208740234375,387.0
386.0,1429.0208740234375,386.0
387.0,1535.0208740234375,387.0
330.0,1428.0208740234375,330.0
330.0,1535.0208740234375,330.0
331.0,1534.0208740234375,331.0
330.0,1428.0208740234375,330.0
331.0,1534.0208740234375,331.0
331.0,1429.0208740234375,331.0
330.0,1535.0208740234375,330.0
387.0,1535.0208740234375,387.0
386.0,1534.0208740234375,386.0
330.0,1535.0208740234375,330.0
386.0,1534.0208740234375,386.0
331.0,1534.0208740234375,331.0
387.0,1535.0208740234375,387.0
386.0,1429.0208740234375,386.0
386.0,1534.0208740234375,386.0
386.0,1534.0208740234375,386.0
386.0,1429.0208740234375,386.0
386.0,1534.0208740234375,386.0
386.0,1534.0208740234375,386.0
386.0,1534.0208740234375,386.0
331.0,1534.0208740234375,331.0
386.0,1534.0208740234375,386.0
331.0,1534.0208740234375,331.0
331.0,1534.0208740234375,331.0
386.0,1534.0208740234375,386.0
386.0,1429.0208740234375,386.0
386.0,1429.0208740234375,386.0
386.0,1534.0208740234375,386.0
386.0,1429.0208740234375,386.0
331.0,1534.0208740234375,331.0
386.0,1429.0208740234375,386.0
331.0,1429.0208740234375,331.0
386.0,1429.0208740234375,386.0
386.0,1429.0208740234375,386.0
331.0,1429.0208740234375,331.0
331.0,1429.0208740234375,331.0
386.0,1429.0208740234375,386.0
331.0,1429.0208740234375,331.0
331.0,1534.0208740234375,331.0
331.0,1534.0208740234375,331.0
331.0,1429.0208740234375,331.0
331.0,1534.0208740234375,331.0
331.0,1429.0208740234375,331.0
331.0,1429.0208740234375,331.0
331.0,1534.0208740234375,331.0
