220.0,1488.5208740234375,220.0
220.37365046143532,1488.506893157959,220.37365046143532
220.0,1483.5208740234375,220.0
220.0,1488.5208740234375,220.0
220.0,1483.5208740234375,220.0
218.8873953819275,1488.395513534546,218.8873953819275
220.0,1488.5208740234375,220.0
218.8873953819275,1488.395513534546,218.8873953819275
218.8873953819275,1488.395513534546,218.8873953819275
220.0,1488.5208740234375,220.0
218.8873953819275,1488.395513534546,218.8873953819275
220.0,1488.5208740234375,220.0
220.0,1488.5208740234375,220.0
220.0,1488.5208740234375,220.0
220.37365046143532,1488.506893157959,220.37365046143532
218.8873953819275,1488.395513534546,218.8873953819275
220.0,1483.5208740234375,220.0
217.5,1487.8510012626648,217.5
218.8873953819275,1488.395513534546,218.8873953819275
217.5,1487.8510012626648,217.5
218.8873953819275,1488.395513534546,218.8873953819275
217.5,1487.8510012626648,217.5
220.0,1483.5208740234375,220.0
216.3347406387329,1486.9217376708984,216.3347406387329
217.5,1487.8510012626648,217.5
216.3347406387329,1486.9217376708984,216.3347406387329
217.5,1487.8510012626648,217.5
217.5,1487.8510012626648,217.5
217.5,1487.8510012626648,217.5
218.8873953819275,1488.395513534546,218.8873953819275
218.8873953819275,1488.395513534546,218.8873953819275
217.5,1487.8510012626648,217.5
220.0,1483.5208740234375,220.0
218.8873953819275,1488.395513534546,218.8873953819275
220.0,1483.5208740234375,220.0
220.0,1488.5208740234375,220.0
217.5,1487.8510012626648,217.5
216.3347406387329,1486.9217376708984,216.3347406387329
216.3347406387329,1486.9217376708984,216.3347406387329
217.5,1487.8510012626648,217.5
216.3347406387329,1486.9217376708984,216.3347406387329
220.0,1483.5208740234375,220.0
216.3347406387329,1486.9217376708984,216.3347406387329
220.0,1483.5208740234375,220.0
215.49515581130981,1485.6902928352356,215.49515581130981
216.3347406387329,1486.9217376708984,216.3347406387329
215.49515581130981,1485.6902928352356,215.49515581130981
216.3347406387329,1486.9217376708984,216.3347406387329
216.3347406387329,1486.9217376708984,216.3347406387329
215.49515581130981,1485.6902928352356,215.49515581130981
215.49515581130981,1485.6902928352356,215.49515581130981
216.3347406387329,1486.9217376708984,216.3347406387329
215.49515581130981,1485.6902928352356,215.49515581130981
220.0,1483.5208740234375,220.0
215.49515581130981,1485.6902928352356,215.49515581130981
220.0,1483.5208740234375,220.0
215.05584573745728,1484.2660853266716,215.05584573745728
215.49515581130981,1485.6902928352356,215.49515581130981
215.05584573745728,1484.2660853266716,215.05584573745728
215.49515581130981,1485.6902928352356,215.49515581130981
215.49515581130981,1485.6902928352356,215.49515581130981
215.05584573745728,1484.2660853266716,215.05584573745728
215.05584573745728,1484.2660853266716,215.05584573745728
215.49515581130981,1485.6902928352356,215.49515581130981
215.05584573745728,1484.2660853266716,215.05584573745728
220.0,1483.5208740234375,220.0
215.05584573745728,1484.2660853266716,215.05584573745728
220.0,1483.5208740234375,220.0
215.05584573745728,1482.7756627202034,215.05584573745728
215.05584573745728,1484.2660853266716,215.05584573745728
215.05584573745728,1482.7756627202034,215.05584573745728
215.05584573745728,1484.2660853266716,215.05584573745728
215.05584573745728,1484.2660853266716,215.05584573745728
215.05584573745728,1482.7756627202034,215.05584573745728
215.05584573745728,1482.7756627202034,215.05584573745728
215.05584573745728,1484.2660853266716,215.05584573745728
215.05584573745728,1482.7756627202034,215.05584573745728
220.0,1483.5208740234375,220.0
215.05584573745728,1482.7756627202034,215.05584573745728
220.0,1483.5208740234375,220.0
215.49515581130981,1481.3514552116394,215.49515581130981
215.05584573745728,1482.7756627202034,215.05584573745728
215.49515581130981,1481.3514552116394,215.49515581130981
215.05584573745728,1482.7756627202034,215.05584573745728
215.05584573745728,1482.7756627202034,215.05584573745728
215.49515581130981,1481.3514552116394,215.49515581130981
215.49515581130981,1481.3514552116394,215.49515581130981
215.05584573745728,1482.7756627202034,215.05584573745728
215.49515581130981,1481.3514552116394,215.49515581130981
220.0,1483.5208740234375,220.0
215.49515581130981,1481.3514552116394,215.49515581130981
220.0,1483.5208740234375,220.0
216.3347406387329,1480.1200103759766,216.3347406387329
215.49515581130981,1481.3514552116394,215.49515581130981
216.3347406387329,1480.1200103759766,216.3347406387329
215.49515581130981,1481.3514552116394,215.49515581130981
215.49515581130981,1481.3514552116394,215.49515581130981
216.3347406387329,1480.1200103759766,216.3347406387329
216.3347406387329,1480.1200103759766,216.3347406387329
215.49515581130981,1481.3514552116394,215.49515581130981
216.3347406387329,1480.1200103759766,216.3347406387329
220.0,1483.5208740234375,220.0
216.3347406387329,1480.1200103759766,216.3347406387329
220.0,1483.5208740234375,220.0
217.5,1479.1907467842102,217.5
216.3347406387329,1480.1200103759766,216.3347406387329
217.5,1479.1907467842102,217.5
216.3347406387329,1480.1200103759766,216.3347406387329
216.3347406387329,1480.1200103759766,216.3347406387329
217.5,1479.1907467842102,217.5
217.5,1479.1907467842102,217.5
216.3347406387329,1480.1200103759766,216.3347406387329
217.5,1479.1907467842102,217.5
220.0,1483.5208740234375,220.0
217.5,1479.1907467842102,217.5
220.0,1483.5208740234375,220.0
218.8873953819275,1478.646234512329,218.8873953819275
217.5,1479.1907467842102,217.5
218.8873953819275,1478.646234512329,218.8873953819275
217.5,1479.1907467842102,217.5
217.5,1479.1907467842102,217.5
218.8873953819275,1478.646234512329,218.8873953819275
218.8873953819275,1478.646234512329,218.8873953819275
217.5,1479.1907467842102,217.5
218.8873953819275,1478.646234512329,218.8873953819275
220.0,1483.5208740234375,220.0
218.8873953819275,1478.646234512329,218.8873953819275
220.0,1483.5208740234375,220.0
220.37365046143532,1478.534854888916,220.37365046143532
218.8873953819275,1478.646234512329,218.8873953819275
220.37365046143532,1478.534854888916,220.37365046143532
218.8873953819275,1478.646234512329,218.8873953819275
218.8873953819275,1478.646234512329,218.8873953819275
220.37365046143532,1478.534854888916,220.37365046143532
220.37365046143532,1478.534854888916,220.37365046143532
218.8873953819275,1478.646234512329,218.8873953819275
220.37365046143532,1478.534854888916,220.37365046143532
220.0,1483.5208740234375,220.0
220.37365046143532,1478.534854888916,220.37365046143532
220.0,1483.5208740234375,220.0
221.82670509815216,1478.8665051460266,221.82670509815216
220.37365046143532,1478.534854888916,220.37365046143532
221.82670509815216,1478.8665051460266,221.82670509815216
220.37365046143532,1478.534854888916,220.37365046143532
220.37365046143532,1478.534854888916,220.37365046143532
221.82670509815216,1478.8665051460266,221.82670509815216
221.82670509815216,1478.8665051460266,221.82670509815216
220.37365046143532,1478.534854888916,220.37365046143532
221.82670509815216,1478.8665051460266,221.82670509815216
220.0,1483.5208740234375,220.0
221.82670509815216,1478.8665051460266,221.82670509815216
220.0,1483.5208740234375,220.0
223.11744904518127,1479.6117165088654,223.11744904518127
221.82670509815216,1478.8665051460266,221.82670509815216
223.11744904518127,1479.6117165088654,223.11744904518127
221.82670509815216,1478.8665051460266,221.82670509815216
221.82670509815216,1478.8665051460266,221.82670509815216
223.11744904518127,1479.6117165088654,223.11744904518127
223.11744904518127,1479.6117165088654,223.11744904518127
221.82670509815216,1478.8665051460266,221.82670509815216
223.11744904518127,1479.6117165088654,223.11744904518127
220.0,1483.5208740234375,220.0
223.11744904518127,1479.6117165088654,223.11744904518127
220.0,1483.5208740234375,220.0
224.1311936378479,1480.704273700714,224.1311936378479
223.11744904518127,1479.6117165088654,223.11744904518127
224.1311936378479,1480.704273700714,224.1311936378479
223.11744904518127,1479.6117165088654,223.11744904518127
223.11744904518127,1479.6117165088654,223.11744904518127
224.1311936378479,1480.704273700714,224.1311936378479
224.1311936378479,1480.704273700714,224.1311936378479
223.11744904518127,1479.6117165088654,223.11744904518127
224.1311936378479,1480.704273700714,224.1311936378479
220.0,1483.5208740234375,220.0
224.1311936378479,1480.704273700714,224.1311936378479
220.0,1483.5208740234375,220.0
224.7778639793396,1482.04709815979,224.7778639793396
224.1311936378479,1480.704273700714,224.1311936378479
224.7778639793396,1482.04709815979,224.7778639793396
224.1311936378479,1480.704273700714,224.1311936378479
224.1311936378479,1480.704273700714,224.1311936378479
224.7778639793396,1482.04709815979,224.7778639793396
224.7778639793396,1482.04709815979,224.7778639793396
224.1311936378479,1480.704273700714,224.1311936378479
224.7778639793396,1482.04709815979,224.7778639793396
220.0,1483.5208740234375,220.0
224.7778639793396,1482.04709815979,224.7778639793396
220.0,1483.5208740234375,220.0
225.0,1483.5208740234375,225.0
224.7778639793396,1482.04709815979,224.7778639793396
225.0,1483.5208740234375,225.0
224.7778639793396,1482.04709815979,224.7778639793396
224.7778639793396,1482.04709815979,224.7778639793396
225.0,1483.5208740234375,225.0
225.0,1483.5208740234375,225.0
224.7778639793396,1482.04709815979,224.7778639793396
225.0,1483.5208740234375,225.0
220.0,1483.5208740234375,220.0
225.0,1483.5208740234375,225.0
220.0,1483.5208740234375,220.0
224.7778639793396,1484.994649887085,224.7778639793396
225.0,1483.5208740234375,225.0
224.7778639793396,1484.994649887085,224.7778639793396
225.0,1483.5208740234375,225.0
225.0,1483.5208740234375,225.0
224.7778639793396,1484.994649887085,224.7778639793396
224.7778639793396,1484.994649887085,224.7778639793396
225.0,1483.5208740234375,225.0
224.7778639793396,1484.994649887085,224.7778639793396
220.0,1483.5208740234375,220.0
224.7778639793396,1484.994649887085,224.7778639793396
220.0,1483.5208740234375,220.0
224.1311936378479,1486.337474346161,224.1311936378479
224.7778639793396,1484.994649887085,224.7778639793396
224.1311936378479,1486.337474346161,224.1311936378479
224.7778639793396,1484.994649887085,224.7778639793396
224.7778639793396,1484.994649887085,224.7778639793396
224.1311936378479,1486.337474346161,224.1311936378479
224.1311936378479,1486.337474346161,224.1311936378479
224.7778639793396,1484.994649887085,224.7778639793396
224.1311936378479,1486.337474346161,224.1311936378479
220.0,1483.5208740234375,220.0
224.1311936378479,1486.337474346161,224.1311936378479
220.0,1483.5208740234375,220.0
223.11744904518127,1487.4300315380096,223.11744904518127
224.1311936378479,1486.337474346161,224.1311936378479
223.11744904518127,1487.4300315380096,223.11744904518127
224.1311936378479,1486.337474346161,224.1311936378479
224.1311936378479,1486.337474346161,224.1311936378479
223.11744904518127,1487.4300315380096,223.11744904518127
223.11744904518127,1487.4300315380096,223.11744904518127
224.1311936378479,1486.337474346161,224.1311936378479
223.11744904518127,1487.4300315380096,223.11744904518127
220.0,1483.5208740234375,220.0
223.11744904518127,1487.4300315380096,223.11744904518127
220.0,1483.5208740234375,220.0
221.82670509815216,1488.1752429008484,221.82670509815216
223.11744904518127,1487.4300315380096,223.11744904518127
221.82670509815216,1488.1752429008484,221.82670509815216
223.11744904518127,1487.4300315380096,223.11744904518127
220.0,1483.5208740234375,220.0
220.37365046143532,1488.506893157959,220.37365046143532
221.82670509815216,1488.1752429008484,221.82670509815216
221.82670509815216,1488.1752429008484,221.82670509815216
220.37365046143532,1488.506893157959,220.37365046143532
221.82670509815216,1488.1752429008484,221.82670509815216
221.82670509815216,1488.1752429008484,221.82670509815216
221.82670509815216,1488.1752429008484,221.82670509815216
223.11744904518127,1487.4300315380096,223.11744904518127
223.11744904518127,1487.4300315380096,223.11744904518127
221.82670509815216,1488.1752429008484,221.82670509815216
220.0,1483.5208740234375,220.0
221.82670509815216,1488.1752429008484,221.82670509815216
220.37365046143532,1488.506893157959,220.37365046143532
220.37365046143532,1488.506893157959,220.37365046143532
221.82670509815216,1488.1752429008484,221.82670509815216
220.37365046143532,1488.506893157959,220.37365046143532
220.0,1483.5208740234375,220.0
220.0,1483.5208740234375,220.0
220.37365046143532,1488.506893157959,220.37365046143532
220.0,1488.5208740234375,220.0
220.37365046143532,1488.506893157959,220.37365046143532
220.37365046143532,1488.506893157959,220.37365046143532
220.0,1488.5208740234375,220.0
