370.0,1229.2708740234375,370.0
368.2754627466202,1229.0765652656555,368.2754627466202
370.0,1221.5208740234375,370.0
370.0,1229.2708740234375,370.0
370.0,1221.5208740234375,370.0
370.5791582465172,1229.2492036819458,370.5791582465172
370.0,1229.2708740234375,370.0
370.5791582465172,1229.2492036819458,370.5791582465172
370.5791582465172,1229.2492036819458,370.5791582465172
370.0,1229.2708740234375,370.0
370.5791582465172,1229.2492036819458,370.5791582465172
369.4208417534828,1229.2492036819458,369.4208417534828
370.0,1229.2708740234375,370.0
369.4208417534828,1229.2492036819458,369.4208417534828
368.2754627466202,1229.0765652656555,368.2754627466202
370.5791582465172,1229.2492036819458,370.5791582465172
370.0,1221.5208740234375,370.0
372.83139300346375,1228.7351455688477,372.83139300346375
370.5791582465172,1229.2492036819458,370.5791582465172
372.83139300346375,1228.7351455688477,372.83139300346375
371.7245372533798,1229.0765652656555,371.7245372533798
370.5791582465172,1229.2492036819458,370.5791582465172
371.7245372533798,1229.0765652656555,371.7245372533798
370.5791582465172,1229.2492036819458,370.5791582465172
370.5791582465172,1229.2492036819458,370.5791582465172
371.7245372533798,1229.0765652656555,371.7245372533798
370.5691462755203,1229.1156034469604,370.5691462755203
370.5791582465172,1229.2492036819458,370.5791582465172
370.5691462755203,1229.1156034469604,370.5691462755203
369.4308537244797,1229.1156034469604,369.4308537244797
370.5791582465172,1229.2492036819458,370.5791582465172
369.4308537244797,1229.1156034469604,369.4308537244797
369.4208417534828,1229.2492036819458,369.4208417534828
371.7245372533798,1229.0765652656555,371.7245372533798
372.83139300346375,1228.7351455688477,372.83139300346375
372.83139300346375,1228.7351455688477,372.83139300346375
371.7245372533798,1229.0765652656555,371.7245372533798
372.83139300346375,1228.7351455688477,372.83139300346375
371.6947250366211,1228.9459495544434,371.6947250366211
371.7245372533798,1229.0765652656555,371.7245372533798
371.6947250366211,1228.9459495544434,371.6947250366211
370.5691462755203,1229.1156034469604,370.5691462755203
372.83139300346375,1228.7351455688477,372.83139300346375
372.83139300346375,1228.7351455688477,372.83139300346375
373.875,1228.2325711250305,373.875
372.83139300346375,1228.7351455688477,372.83139300346375
373.875,1228.2325711250305,373.875
372.7824466228485,1228.6104321479797,372.7824466228485
372.83139300346375,1228.7351455688477,372.83139300346375
372.7824466228485,1228.6104321479797,372.7824466228485
371.6947250366211,1228.9459495544434,371.6947250366211
372.83139300346375,1228.7351455688477,372.83139300346375
370.0,1221.5208740234375,370.0
374.8320460319519,1227.5800681114197,374.8320460319519
372.83139300346375,1228.7351455688477,372.83139300346375
374.8320460319519,1227.5800681114197,374.8320460319519
373.875,1228.2325711250305,373.875
373.875,1228.2325711250305,373.875
374.8320460319519,1227.5800681114197,374.8320460319519
374.8320460319519,1227.5800681114197,374.8320460319519
373.875,1228.2325711250305,373.875
374.8320460319519,1227.5800681114197,374.8320460319519
373.80801272392273,1228.116545677185,373.80801272392273
373.875,1228.2325711250305,373.875
373.80801272392273,1228.116545677185,373.80801272392273
372.7824466228485,1228.6104321479797,372.7824466228485
374.8320460319519,1227.5800681114197,374.8320460319519
374.8320460319519,1227.5800681114197,374.8320460319519
375.68115186691284,1226.7922129631042,375.68115186691284
374.8320460319519,1227.5800681114197,374.8320460319519
375.68115186691284,1226.7922129631042,375.68115186691284
374.74851417541504,1227.4753222465515,374.74851417541504
374.8320460319519,1227.5800681114197,374.8320460319519
374.74851417541504,1227.4753222465515,374.74851417541504
373.80801272392273,1228.116545677185,373.80801272392273
374.8320460319519,1227.5800681114197,374.8320460319519
370.0,1221.5208740234375,370.0
376.40335035324097,1225.886604309082,376.40335035324097
374.8320460319519,1227.5800681114197,374.8320460319519
376.40335035324097,1225.886604309082,376.40335035324097
375.68115186691284,1226.7922129631042,375.68115186691284
375.68115186691284,1226.7922129631042,375.68115186691284
376.40335035324097,1225.886604309082,376.40335035324097
376.40335035324097,1225.886604309082,376.40335035324097
375.68115186691284,1226.7922129631042,375.68115186691284
376.40335035324097,1225.886604309082,376.40335035324097
375.582941532135,1226.7010869979858,375.582941532135
375.68115186691284,1226.7922129631042,375.68115186691284
375.582941532135,1226.7010869979858,375.582941532135
374.74851417541504,1227.4753222465515,374.74851417541504
376.40335035324097,1225.886604309082,376.40335035324097
376.40335035324097,1225.886604309082,376.40335035324097
376.9825086593628,1224.883472919464,376.9825086593628
376.40335035324097,1225.886604309082,376.40335035324097
376.9825086593628,1224.883472919464,376.9825086593628
376.29265546798706,1225.8111338615417,376.29265546798706
376.40335035324097,1225.886604309082,376.40335035324097
376.29265546798706,1225.8111338615417,376.29265546798706
375.582941532135,1226.7010869979858,375.582941532135
376.40335035324097,1225.886604309082,376.40335035324097
370.0,1221.5208740234375,370.0
377.40568923950195,1223.8052265644073,377.40568923950195
376.40335035324097,1225.886604309082,376.40335035324097
377.40568923950195,1223.8052265644073,377.40568923950195
376.9825086593628,1224.883472919464,376.9825086593628
376.9825086593628,1224.883472919464,376.9825086593628
377.40568923950195,1223.8052265644073,377.40568923950195
377.40568923950195,1223.8052265644073,377.40568923950195
376.9825086593628,1224.883472919464,376.9825086593628
377.40568923950195,1223.8052265644073,377.40568923950195
376.8618016242981,1224.8253436088562,376.8618016242981
376.9825086593628,1224.883472919464,376.9825086593628
376.8618016242981,1224.8253436088562,376.8618016242981
376.29265546798706,1225.8111338615417,376.29265546798706
377.40568923950195,1223.8052265644073,377.40568923950195
377.40568923950195,1223.8052265644073,377.40568923950195
377.66343879699707,1222.6759516000748,377.66343879699707
377.40568923950195,1223.8052265644073,377.40568923950195
377.66343879699707,1222.6759516000748,377.66343879699707
377.2776665687561,1223.7657368183136,377.2776665687561
377.40568923950195,1223.8052265644073,377.40568923950195
377.2776665687561,1223.7657368183136,377.2776665687561
376.8618016242981,1224.8253436088562,376.8618016242981
377.40568923950195,1223.8052265644073,377.40568923950195
370.0,1221.5208740234375,370.0
377.75,1221.5208740234375,377.75
377.40568923950195,1223.8052265644073,377.40568923950195
377.75,1221.5208740234375,377.75
377.66343879699707,1222.6759516000748,377.66343879699707
377.66343879699707,1222.6759516000748,377.66343879699707
377.75,1221.5208740234375,377.75
377.75,1221.5208740234375,377.75
377.66343879699707,1222.6759516000748,377.66343879699707
377.75,1221.5208740234375,377.75
377.53096055984497,1222.6559836864471,377.53096055984497
377.66343879699707,1222.6759516000748,377.66343879699707
377.53096055984497,1222.6559836864471,377.53096055984497
377.2776665687561,1223.7657368183136,377.2776665687561
377.75,1221.5208740234375,377.75
377.75,1221.5208740234375,377.75
377.66343879699707,1220.3657964468002,377.66343879699707
377.75,1221.5208740234375,377.75
377.66343879699707,1220.3657964468002,377.66343879699707
377.61602544784546,1221.5208740234375,377.61602544784546
377.75,1221.5208740234375,377.75
377.61602544784546,1221.5208740234375,377.61602544784546
377.53096055984497,1222.6559836864471,377.53096055984497
377.75,1221.5208740234375,377.75
370.0,1221.5208740234375,370.0
377.40568923950195,1219.2365214824677,377.40568923950195
377.75,1221.5208740234375,377.75
377.40568923950195,1219.2365214824677,377.40568923950195
377.66343879699707,1220.3657964468002,377.66343879699707
377.66343879699707,1220.3657964468002,377.66343879699707
377.40568923950195,1219.2365214824677,377.40568923950195
377.40568923950195,1219.2365214824677,377.40568923950195
377.66343879699707,1220.3657964468002,377.66343879699707
377.40568923950195,1219.2365214824677,377.40568923950195
377.53096055984497,1220.3857643604279,377.53096055984497
377.66343879699707,1220.3657964468002,377.66343879699707
377.53096055984497,1220.3857643604279,377.53096055984497
377.61602544784546,1221.5208740234375,377.61602544784546
377.40568923950195,1219.2365214824677,377.40568923950195
377.40568923950195,1219.2365214824677,377.40568923950195
376.9825086593628,1218.158275127411,376.9825086593628
377.40568923950195,1219.2365214824677,377.40568923950195
376.9825086593628,1218.158275127411,376.9825086593628
377.2776665687561,1219.2760112285614,377.2776665687561
377.40568923950195,1219.2365214824677,377.40568923950195
377.2776665687561,1219.2760112285614,377.2776665687561
377.53096055984497,1220.3857643604279,377.53096055984497
377.40568923950195,1219.2365214824677,377.40568923950195
370.0,1221.5208740234375,370.0
376.40335035324097,1217.155143737793,376.40335035324097
377.40568923950195,1219.2365214824677,377.40568923950195
376.40335035324097,1217.155143737793,376.40335035324097
376.9825086593628,1218.158275127411,376.9825086593628
376.9825086593628,1218.158275127411,376.9825086593628
376.40335035324097,1217.155143737793,376.40335035324097
376.40335035324097,1217.155143737793,376.40335035324097
376.9825086593628,1218.158275127411,376.9825086593628
376.40335035324097,1217.155143737793,376.40335035324097
376.8618016242981,1218.2164044380188,376.8618016242981
376.9825086593628,1218.158275127411,376.9825086593628
376.8618016242981,1218.2164044380188,376.8618016242981
377.2776665687561,1219.2760112285614,377.2776665687561
376.40335035324097,1217.155143737793,376.40335035324097
376.40335035324097,1217.155143737793,376.40335035324097
375.68115186691284,1216.2495350837708,375.68115186691284
376.40335035324097,1217.155143737793,376.40335035324097
375.68115186691284,1216.2495350837708,375.68115186691284
376.29265546798706,1217.2306141853333,376.29265546798706
376.40335035324097,1217.155143737793,376.40335035324097
376.29265546798706,1217.2306141853333,376.29265546798706
376.8618016242981,1218.2164044380188,376.8618016242981
376.40335035324097,1217.155143737793,376.40335035324097
370.0,1221.5208740234375,370.0
374.8320460319519,1215.4616799354553,374.8320460319519
376.40335035324097,1217.155143737793,376.40335035324097
374.8320460319519,1215.4616799354553,374.8320460319519
375.68115186691284,1216.2495350837708,375.68115186691284
375.68115186691284,1216.2495350837708,375.68115186691284
374.8320460319519,1215.4616799354553,374.8320460319519
374.8320460319519,1215.4616799354553,374.8320460319519
375.68115186691284,1216.2495350837708,375.68115186691284
374.8320460319519,1215.4616799354553,374.8320460319519
375.582941532135,1216.3406610488892,375.582941532135
375.68115186691284,1216.2495350837708,375.68115186691284
375.582941532135,1216.3406610488892,375.582941532135
376.29265546798706,1217.2306141853333,376.29265546798706
374.8320460319519,1215.4616799354553,374.8320460319519
374.8320460319519,1215.4616799354553,374.8320460319519
373.875,1214.8091769218445,373.875
374.8320460319519,1215.4616799354553,374.8320460319519
373.875,1214.8091769218445,373.875
374.74851417541504,1215.5664258003235,374.74851417541504
374.8320460319519,1215.4616799354553,374.8320460319519
374.74851417541504,1215.5664258003235,374.74851417541504
375.582941532135,1216.3406610488892,375.582941532135
374.8320460319519,1215.4616799354553,374.8320460319519
370.0,1221.5208740234375,370.0
372.83139300346375,1214.3066024780273,372.83139300346375
374.8320460319519,1215.4616799354553,374.8320460319519
372.83139300346375,1214.3066024780273,372.83139300346375
373.875,1214.8091769218445,373.875
373.875,1214.8091769218445,373.875
372.83139300346375,1214.3066024780273,372.83139300346375
372.83139300346375,1214.3066024780273,372.83139300346375
373.875,1214.8091769218445,373.875
372.83139300346375,1214.3066024780273,372.83139300346375
373.80801272392273,1214.92520236969,373.80801272392273
373.875,1214.8091769218445,373.875
373.80801272392273,1214.92520236969,373.80801272392273
374.74851417541504,1215.5664258003235,374.74851417541504
372.83139300346375,1214.3066024780273,372.83139300346375
372.83139300346375,1214.3066024780273,372.83139300346375
371.7245372533798,1213.9651827812195,371.7245372533798
372.83139300346375,1214.3066024780273,372.83139300346375
371.7245372533798,1213.9651827812195,371.7245372533798
372.7824466228485,1214.4313158988953,372.7824466228485
372.83139300346375,1214.3066024780273,372.83139300346375
372.7824466228485,1214.4313158988953,372.7824466228485
373.80801272392273,1214.92520236969,373.80801272392273
372.83139300346375,1214.3066024780273,372.83139300346375
370.0,1221.5208740234375,370.0
370.5791582465172,1213.7925443649292,370.5791582465172
372.83139300346375,1214.3066024780273,372.83139300346375
370.5791582465172,1213.7925443649292,370.5791582465172
371.7245372533798,1213.9651827812195,371.7245372533798
371.7245372533798,1213.9651827812195,371.7245372533798
370.5791582465172,1213.7925443649292,370.5791582465172
370.5791582465172,1213.7925443649292,370.5791582465172
371.7245372533798,1213.9651827812195,371.7245372533798
370.5791582465172,1213.7925443649292,370.5791582465172
371.6947250366211,1214.0957984924316,371.6947250366211
371.7245372533798,1213.9651827812195,371.7245372533798
371.6947250366211,1214.0957984924316,371.6947250366211
372.7824466228485,1214.4313158988953,372.7824466228485
370.5791582465172,1213.7925443649292,370.5791582465172
370.5791582465172,1213.7925443649292,370.5791582465172
369.4208417534828,1213.7925443649292,369.4208417534828
370.5791582465172,1213.7925443649292,370.5791582465172
369.4208417534828,1213.7925443649292,369.4208417534828
370.5691462755203,1213.9261445999146,370.5691462755203
370.5791582465172,1213.7925443649292,370.5791582465172
370.5691462755203,1213.9261445999146,370.5691462755203
371.6947250366211,1214.0957984924316,371.6947250366211
370.5791582465172,1213.7925443649292,370.5791582465172
370.0,1221.5208740234375,370.0
368.2754627466202,1213.9651827812195,368.2754627466202
370.5791582465172,1213.7925443649292,370.5791582465172
368.2754627466202,1213.9651827812195,368.2754627466202
369.4208417534828,1213.7925443649292,369.4208417534828
369.4208417534828,1213.7925443649292,369.4208417534828
368.2754627466202,1213.9651827812195,368.2754627466202
368.2754627466202,1213.9651827812195,368.2754627466202
369.4208417534828,1213.7925443649292,369.4208417534828
368.2754627466202,1213.9651827812195,368.2754627466202
369.4308537244797,1213.9261445999146,369.4308537244797
369.4208417534828,1213.7925443649292,369.4208417534828
369.4308537244797,1213.9261445999146,369.4308537244797
370.5691462755203,1213.9261445999146,370.5691462755203
368.2754627466202,1213.9651827812195,368.2754627466202
368.2754627466202,1213.9651827812195,368.2754627466202
367.16860699653625,1214.3066024780273,367.16860699653625
368.2754627466202,1213.9651827812195,368.2754627466202
367.16860699653625,1214.3066024780273,367.16860699653625
368.3052749633789,1214.0957984924316,368.3052749633789
368.2754627466202,1213.9651827812195,368.2754627466202
368.3052749633789,1214.0957984924316,368.3052749633789
369.4308537244797,1213.9261445999146,369.4308537244797
368.2754627466202,1213.9651827812195,368.2754627466202
370.0,1221.5208740234375,370.0
366.125,1214.8091769218445,366.125
368.2754627466202,1213.9651827812195,368.2754627466202
366.125,1214.8091769218445,366.125
367.16860699653625,1214.3066024780273,367.16860699653625
367.16860699653625,1214.3066024780273,367.16860699653625
366.125,1214.8091769218445,366.125
366.125,1214.8091769218445,366.125
367.16860699653625,1214.3066024780273,367.16860699653625
366.125,1214.8091769218445,366.125
367.2175533771515,1214.4313158988953,367.2175533771515
367.16860699653625,1214.3066024780273,367.16860699653625
367.2175533771515,1214.4313158988953,367.2175533771515
368.3052749633789,1214.0957984924316,368.3052749633789
366.125,1214.8091769218445,366.125
366.125,1214.8091769218445,366.125
365.1679539680481,1215.4616799354553,365.1679539680481
366.125,1214.8091769218445,366.125
365.1679539680481,1215.4616799354553,365.1679539680481
366.19198727607727,1214.92520236969,366.19198727607727
366.125,1214.8091769218445,366.125
366.19198727607727,1214.92520236969,366.19198727607727
367.2175533771515,1214.4313158988953,367.2175533771515
366.125,1214.8091769218445,366.125
370.0,1221.5208740234375,370.0
364.31884813308716,1216.2495350837708,364.31884813308716
366.125,1214.8091769218445,366.125
364.31884813308716,1216.2495350837708,364.31884813308716
365.1679539680481,1215.4616799354553,365.1679539680481
365.1679539680481,1215.4616799354553,365.1679539680481
364.31884813308716,1216.2495350837708,364.31884813308716
364.31884813308716,1216.2495350837708,364.31884813308716
365.1679539680481,1215.4616799354553,365.1679539680481
364.31884813308716,1216.2495350837708,364.31884813308716
365.25148582458496,1215.5664258003235,365.25148582458496
365.1679539680481,1215.4616799354553,365.1679539680481
365.25148582458496,1215.5664258003235,365.25148582458496
366.19198727607727,1214.92520236969,366.19198727607727
364.31884813308716,1216.2495350837708,364.31884813308716
364.31884813308716,1216.2495350837708,364.31884813308716
363.59664964675903,1217.155143737793,363.59664964675903
364.31884813308716,1216.2495350837708,364.31884813308716
363.59664964675903,1217.155143737793,363.59664964675903
364.417058467865,1216.3406610488892,364.417058467865
364.31884813308716,1216.2495350837708,364.31884813308716
364.417058467865,1216.3406610488892,364.417058467865
365.25148582458496,1215.5664258003235,365.25148582458496
364.31884813308716,1216.2495350837708,364.31884813308716
370.0,1221.5208740234375,370.0
363.0174913406372,1218.158275127411,363.0174913406372
364.31884813308716,1216.2495350837708,364.31884813308716
363.0174913406372,1218.158275127411,363.0174913406372
363.59664964675903,1217.155143737793,363.59664964675903
363.59664964675903,1217.155143737793,363.59664964675903
363.0174913406372,1218.158275127411,363.0174913406372
363.0174913406372,1218.158275127411,363.0174913406372
363.59664964675903,1217.155143737793,363.59664964675903
363.0174913406372,1218.158275127411,363.0174913406372
363.70734453201294,1217.2306141853333,363.70734453201294
363.59664964675903,1217.155143737793,363.59664964675903
363.70734453201294,1217.2306141853333,363.70734453201294
364.417058467865,1216.3406610488892,364.417058467865
363.0174913406372,1218.158275127411,363.0174913406372
363.0174913406372,1218.158275127411,363.0174913406372
362.59431076049805,1219.2365214824677,362.59431076049805
363.0174913406372,1218.158275127411,363.0174913406372
362.59431076049805,1219.2365214824677,362.59431076049805
363.1381983757019,1218.2164044380188,363.1381983757019
363.0174913406372,1218.158275127411,363.0174913406372
363.1381983757019,1218.2164044380188,363.1381983757019
363.70734453201294,1217.2306141853333,363.70734453201294
363.0174913406372,1218.158275127411,363.0174913406372
370.0,1221.5208740234375,370.0
362.33656120300293,1220.3657964468002,362.33656120300293
363.0174913406372,1218.158275127411,363.0174913406372
362.33656120300293,1220.3657964468002,362.33656120300293
362.59431076049805,1219.2365214824677,362.59431076049805
362.59431076049805,1219.2365214824677,362.59431076049805
362.33656120300293,1220.3657964468002,362.33656120300293
362.33656120300293,1220.3657964468002,362.33656120300293
362.59431076049805,1219.2365214824677,362.59431076049805
362.33656120300293,1220.3657964468002,362.33656120300293
362.7223334312439,1219.2760112285614,362.7223334312439
362.59431076049805,1219.2365214824677,362.59431076049805
362.7223334312439,1219.2760112285614,362.7223334312439
363.1381983757019,1218.2164044380188,363.1381983757019
362.33656120300293,1220.3657964468002,362.33656120300293
362.33656120300293,1220.3657964468002,362.33656120300293
362.25,1221.5208740234375,362.25
362.33656120300293,1220.3657964468002,362.33656120300293
362.25,1221.5208740234375,362.25
362.46903944015503,1220.3857643604279,362.46903944015503
362.33656120300293,1220.3657964468002,362.33656120300293
362.46903944015503,1220.3857643604279,362.46903944015503
362.7223334312439,1219.2760112285614,362.7223334312439
362.33656120300293,1220.3657964468002,362.33656120300293
370.0,1221.5208740234375,370.0
362.33656120300293,1222.6759516000748,362.33656120300293
362.33656120300293,1220.3657964468002,362.33656120300293
362.33656120300293,1222.6759516000748,362.33656120300293
362.25,1221.5208740234375,362.25
362.25,1221.5208740234375,362.25
362.33656120300293,1222.6759516000748,362.33656120300293
362.33656120300293,1222.6759516000748,362.33656120300293
362.25,1221.5208740234375,362.25
362.33656120300293,1222.6759516000748,362.33656120300293
362.38397455215454,1221.5208740234375,362.38397455215454
362.25,1221.5208740234375,362.25
362.38397455215454,1221.5208740234375,362.38397455215454
362.46903944015503,1220.3857643604279,362.46903944015503
362.33656120300293,1222.6759516000748,362.33656120300293
362.33656120300293,1222.6759516000748,362.33656120300293
362.59431076049805,1223.8052265644073,362.59431076049805
362.33656120300293,1222.6759516000748,362.33656120300293
362.59431076049805,1223.8052265644073,362.59431076049805
362.46903944015503,1222.6559836864471,362.46903944015503
362.33656120300293,1222.6759516000748,362.33656120300293
362.46903944015503,1222.6559836864471,362.46903944015503
362.38397455215454,1221.5208740234375,362.38397455215454
362.33656120300293,1222.6759516000748,362.33656120300293
370.0,1221.5208740234375,370.0
363.0174913406372,1224.883472919464,363.0174913406372
362.33656120300293,1222.6759516000748,362.33656120300293
363.0174913406372,1224.883472919464,363.0174913406372
362.59431076049805,1223.8052265644073,362.59431076049805
362.59431076049805,1223.8052265644073,362.59431076049805
363.0174913406372,1224.883472919464,363.0174913406372
363.0174913406372,1224.883472919464,363.0174913406372
362.59431076049805,1223.8052265644073,362.59431076049805
363.0174913406372,1224.883472919464,363.0174913406372
362.7223334312439,1223.7657368183136,362.7223334312439
362.59431076049805,1223.8052265644073,362.59431076049805
362.7223334312439,1223.7657368183136,362.7223334312439
362.46903944015503,1222.6559836864471,362.46903944015503
363.0174913406372,1224.883472919464,363.0174913406372
363.0174913406372,1224.883472919464,363.0174913406372
363.59664964675903,1225.886604309082,363.59664964675903
363.0174913406372,1224.883472919464,363.0174913406372
363.59664964675903,1225.886604309082,363.59664964675903
363.1381983757019,1224.8253436088562,363.1381983757019
363.0174913406372,1224.883472919464,363.0174913406372
363.1381983757019,1224.8253436088562,363.1381983757019
362.7223334312439,1223.7657368183136,362.7223334312439
363.0174913406372,1224.883472919464,363.0174913406372
370.0,1221.5208740234375,370.0
364.31884813308716,1226.7922129631042,364.31884813308716
363.0174913406372,1224.883472919464,363.0174913406372
364.31884813308716,1226.7922129631042,364.31884813308716
363.59664964675903,1225.886604309082,363.59664964675903
363.59664964675903,1225.886604309082,363.59664964675903
364.31884813308716,1226.7922129631042,364.31884813308716
364.31884813308716,1226.7922129631042,364.31884813308716
363.59664964675903,1225.886604309082,363.59664964675903
364.31884813308716,1226.7922129631042,364.31884813308716
363.70734453201294,1225.8111338615417,363.70734453201294
363.59664964675903,1225.886604309082,363.59664964675903
363.70734453201294,1225.8111338615417,363.70734453201294
363.1381983757019,1224.8253436088562,363.1381983757019
364.31884813308716,1226.7922129631042,364.31884813308716
364.31884813308716,1226.7922129631042,364.31884813308716
365.1679539680481,1227.5800681114197,365.1679539680481
364.31884813308716,1226.7922129631042,364.31884813308716
365.1679539680481,1227.5800681114197,365.1679539680481
364.417058467865,1226.7010869979858,364.417058467865
364.31884813308716,1226.7922129631042,364.31884813308716
364.417058467865,1226.7010869979858,364.417058467865
363.70734453201294,1225.8111338615417,363.70734453201294
364.31884813308716,1226.7922129631042,364.31884813308716
370.0,1221.5208740234375,370.0
366.125,1228.2325711250305,366.125
364.31884813308716,1226.7922129631042,364.31884813308716
366.125,1228.2325711250305,366.125
365.1679539680481,1227.5800681114197,365.1679539680481
365.1679539680481,1227.5800681114197,365.1679539680481
366.125,1228.2325711250305,366.125
366.125,1228.2325711250305,366.125
365.1679539680481,1227.5800681114197,365.1679539680481
366.125,1228.2325711250305,366.125
365.25148582458496,1227.4753222465515,365.25148582458496
365.1679539680481,1227.5800681114197,365.1679539680481
365.25148582458496,1227.4753222465515,365.25148582458496
364.417058467865,1226.7010869979858,364.417058467865
366.125,1228.2325711250305,366.125
366.125,1228.2325711250305,366.125
367.16860699653625,1228.7351455688477,367.16860699653625
366.125,1228.2325711250305,366.125
367.16860699653625,1228.7351455688477,367.16860699653625
366.19198727607727,1228.116545677185,366.19198727607727
366.125,1228.2325711250305,366.125
366.19198727607727,1228.116545677185,366.19198727607727
365.25148582458496,1227.4753222465515,365.25148582458496
366.125,1228.2325711250305,366.125
370.0,1221.5208740234375,370.0
368.2754627466202,1229.0765652656555,368.2754627466202
366.125,1228.2325711250305,366.125
368.2754627466202,1229.0765652656555,368.2754627466202
367.16860699653625,1228.7351455688477,367.16860699653625
367.16860699653625,1228.7351455688477,367.16860699653625
368.2754627466202,1229.0765652656555,368.2754627466202
368.2754627466202,1229.0765652656555,368.2754627466202
367.16860699653625,1228.7351455688477,367.16860699653625
368.2754627466202,1229.0765652656555,368.2754627466202
367.2175533771515,1228.6104321479797,367.2175533771515
367.16860699653625,1228.7351455688477,367.16860699653625
367.2175533771515,1228.6104321479797,367.2175533771515
366.19198727607727,1228.116545677185,366.19198727607727
368.2754627466202,1229.0765652656555,368.2754627466202
368.2754627466202,1229.0765652656555,368.2754627466202
369.4208417534828,1229.2492036819458,369.4208417534828
368.2754627466202,1229.0765652656555,368.2754627466202
369.4208417534828,1229.2492036819458,369.4208417534828
368.3052749633789,1228.9459495544434,368.3052749633789
368.2754627466202,1229.0765652656555,368.2754627466202
368.3052749633789,1228.9459495544434,368.3052749633789
367.2175533771515,1228.6104321479797,367.2175533771515
367.2175533771515,1228.6104321479797,367.2175533771515
368.3052749633789,1228.9459495544434,368.3052749633789
367.351277589798,1228.2697086334229,367.351277589798
367.2175533771515,1228.6104321479797,367.2175533771515
367.351277589798,1228.2697086334229,367.351277589798
366.375,1227.7995581626892,366.375
367.2175533771515,1228.6104321479797,367.2175533771515
366.375,1227.7995581626892,366.375
366.19198727607727,1228.116545677185,366.19198727607727
366.19198727607727,1228.116545677185,366.19198727607727
366.375,1227.7995581626892,366.375
365.47969913482666,1227.1891522407532,365.47969913482666
366.19198727607727,1228.116545677185,366.19198727607727
365.47969913482666,1227.1891522407532,365.47969913482666
365.25148582458496,1227.4753222465515,365.25148582458496
365.25148582458496,1227.4753222465515,365.25148582458496
365.47969913482666,1227.1891522407532,365.47969913482666
364.6853737831116,1226.4521265029907,364.6853737831116
365.25148582458496,1227.4753222465515,365.25148582458496
364.6853737831116,1226.4521265029907,364.6853737831116
364.417058467865,1226.7010869979858,364.417058467865
364.417058467865,1226.7010869979858,364.417058467865
364.6853737831116,1226.4521265029907,364.6853737831116
364.0097689628601,1225.604944229126,364.0097689628601
364.417058467865,1226.7010869979858,364.417058467865
364.0097689628601,1225.604944229126,364.0097689628601
363.70734453201294,1225.8111338615417,363.70734453201294
363.70734453201294,1225.8111338615417,363.70734453201294
364.0097689628601,1225.604944229126,364.0097689628601
363.4679756164551,1224.666531085968,363.4679756164551
363.70734453201294,1225.8111338615417,363.70734453201294
363.4679756164551,1224.666531085968,363.4679756164551
363.1381983757019,1224.8253436088562,363.1381983757019
363.1381983757019,1224.8253436088562,363.1381983757019
363.4679756164551,1224.666531085968,363.4679756164551
363.07209730148315,1223.65784907341,363.07209730148315
363.1381983757019,1224.8253436088562,363.1381983757019
363.07209730148315,1223.65784907341,363.07209730148315
362.7223334312439,1223.7657368183136,362.7223334312439
362.7223334312439,1223.7657368183136,362.7223334312439
363.07209730148315,1223.65784907341,363.07209730148315
362.83097648620605,1222.6014304161072,362.83097648620605
362.7223334312439,1223.7657368183136,362.7223334312439
362.83097648620605,1222.6014304161072,362.83097648620605
362.46903944015503,1222.6559836864471,362.46903944015503
362.46903944015503,1222.6559836864471,362.46903944015503
362.83097648620605,1222.6014304161072,362.83097648620605
362.75,1221.5208740234375,362.75
362.46903944015503,1222.6559836864471,362.46903944015503
362.75,1221.5208740234375,362.75
362.38397455215454,1221.5208740234375,362.38397455215454
362.38397455215454,1221.5208740234375,362.38397455215454
362.75,1221.5208740234375,362.75
362.83097648620605,1220.4403176307678,362.83097648620605
362.38397455215454,1221.5208740234375,362.38397455215454
362.83097648620605,1220.4403176307678,362.83097648620605
362.46903944015503,1220.3857643604279,362.46903944015503
362.46903944015503,1220.3857643604279,362.46903944015503
362.83097648620605,1220.4403176307678,362.83097648620605
363.07209730148315,1219.383898973465,363.07209730148315
362.46903944015503,1220.3857643604279,362.46903944015503
363.07209730148315,1219.383898973465,363.07209730148315
362.7223334312439,1219.2760112285614,362.7223334312439
362.7223334312439,1219.2760112285614,362.7223334312439
363.07209730148315,1219.383898973465,363.07209730148315
363.4679756164551,1218.375216960907,363.4679756164551
362.7223334312439,1219.2760112285614,362.7223334312439
363.4679756164551,1218.375216960907,363.4679756164551
363.1381983757019,1218.2164044380188,363.1381983757019
363.1381983757019,1218.2164044380188,363.1381983757019
363.4679756164551,1218.375216960907,363.4679756164551
364.0097689628601,1217.436803817749,364.0097689628601
363.1381983757019,1218.2164044380188,363.1381983757019
364.0097689628601,1217.436803817749,364.0097689628601
363.70734453201294,1217.2306141853333,363.70734453201294
363.70734453201294,1217.2306141853333,363.70734453201294
364.0097689628601,1217.436803817749,364.0097689628601
364.6853737831116,1216.5896215438843,364.6853737831116
363.70734453201294,1217.2306141853333,363.70734453201294
364.6853737831116,1216.5896215438843,364.6853737831116
364.417058467865,1216.3406610488892,364.417058467865
364.417058467865,1216.3406610488892,364.417058467865
364.6853737831116,1216.5896215438843,364.6853737831116
365.47969913482666,1215.8525958061218,365.47969913482666
364.417058467865,1216.3406610488892,364.417058467865
365.47969913482666,1215.8525958061218,365.47969913482666
365.25148582458496,1215.5664258003235,365.25148582458496
364.6853737831116,1216.5896215438843,364.6853737831116
364.0097689628601,1217.436803817749,364.0097689628601
365.05189990997314,1216.9297080039978,365.05189990997314
364.6853737831116,1216.5896215438843,364.6853737831116
365.05189990997314,1216.9297080039978,365.05189990997314
365.79144382476807,1216.2435116767883,365.79144382476807
364.6853737831116,1216.5896215438843,364.6853737831116
365.79144382476807,1216.2435116767883,365.79144382476807
365.47969913482666,1215.8525958061218,365.47969913482666
364.0097689628601,1217.436803817749,364.0097689628601
363.4679756164551,1218.375216960907,363.4679756164551
364.4228882789612,1217.7184636592865,364.4228882789612
364.0097689628601,1217.436803817749,364.0097689628601
364.4228882789612,1217.7184636592865,364.4228882789612
365.05189990997314,1216.9297080039978,365.05189990997314
365.05189990997314,1216.9297080039978,365.05189990997314
364.4228882789612,1217.7184636592865,364.4228882789612
370.0,1221.5208740234375,370.0
365.05189990997314,1216.9297080039978,365.05189990997314
370.0,1221.5208740234375,370.0
365.79144382476807,1216.2435116767883,365.79144382476807
364.4228882789612,1217.7184636592865,364.4228882789612
363.4679756164551,1218.375216960907,363.4679756164551
363.9184603691101,1218.592158794403,363.9184603691101
364.4228882789612,1217.7184636592865,364.4228882789612
363.9184603691101,1218.592158794403,363.9184603691101
370.0,1221.5208740234375,370.0
363.4679756164551,1218.375216960907,363.4679756164551
363.07209730148315,1219.383898973465,363.07209730148315
363.9184603691101,1218.592158794403,363.9184603691101
363.9184603691101,1218.592158794403,363.9184603691101
363.07209730148315,1219.383898973465,363.07209730148315
363.5498833656311,1219.5312765836716,363.5498833656311
363.9184603691101,1218.592158794403,363.9184603691101
363.5498833656311,1219.5312765836716,363.5498833656311
370.0,1221.5208740234375,370.0
363.07209730148315,1219.383898973465,363.07209730148315
362.83097648620605,1220.4403176307678,362.83097648620605
363.5498833656311,1219.5312765836716,363.5498833656311
363.5498833656311,1219.5312765836716,363.5498833656311
362.83097648620605,1220.4403176307678,362.83097648620605
363.3253917694092,1220.5148386955261,363.3253917694092
363.5498833656311,1219.5312765836716,363.5498833656311
363.3253917694092,1220.5148386955261,363.3253917694092
370.0,1221.5208740234375,370.0
362.83097648620605,1220.4403176307678,362.83097648620605
362.75,1221.5208740234375,362.75
363.3253917694092,1220.5148386955261,363.3253917694092
363.3253917694092,1220.5148386955261,363.3253917694092
362.75,1221.5208740234375,362.75
363.25,1221.5208740234375,363.25
363.3253917694092,1220.5148386955261,363.3253917694092
363.25,1221.5208740234375,363.25
370.0,1221.5208740234375,370.0
362.75,1221.5208740234375,362.75
362.83097648620605,1222.6014304161072,362.83097648620605
363.25,1221.5208740234375,363.25
363.25,1221.5208740234375,363.25
362.83097648620605,1222.6014304161072,362.83097648620605
363.3253917694092,1222.5269093513489,363.3253917694092
363.25,1221.5208740234375,363.25
363.3253917694092,1222.5269093513489,363.3253917694092
370.0,1221.5208740234375,370.0
362.83097648620605,1222.6014304161072,362.83097648620605
363.07209730148315,1223.65784907341,363.07209730148315
363.3253917694092,1222.5269093513489,363.3253917694092
363.3253917694092,1222.5269093513489,363.3253917694092
363.07209730148315,1223.65784907341,363.07209730148315
363.5498833656311,1223.5104714632034,363.5498833656311
363.3253917694092,1222.5269093513489,363.3253917694092
363.5498833656311,1223.5104714632034,363.5498833656311
370.0,1221.5208740234375,370.0
363.07209730148315,1223.65784907341,363.07209730148315
363.4679756164551,1224.666531085968,363.4679756164551
363.5498833656311,1223.5104714632034,363.5498833656311
363.5498833656311,1223.5104714632034,363.5498833656311
363.4679756164551,1224.666531085968,363.4679756164551
363.9184603691101,1224.449589252472,363.9184603691101
363.5498833656311,1223.5104714632034,363.5498833656311
363.9184603691101,1224.449589252472,363.9184603691101
370.0,1221.5208740234375,370.0
363.4679756164551,1224.666531085968,363.4679756164551
364.0097689628601,1225.604944229126,364.0097689628601
363.9184603691101,1224.449589252472,363.9184603691101
363.9184603691101,1224.449589252472,363.9184603691101
364.0097689628601,1225.604944229126,364.0097689628601
364.4228882789612,1225.3232843875885,364.4228882789612
363.9184603691101,1224.449589252472,363.9184603691101
364.4228882789612,1225.3232843875885,364.4228882789612
370.0,1221.5208740234375,370.0
364.0097689628601,1225.604944229126,364.0097689628601
364.6853737831116,1226.4521265029907,364.6853737831116
364.4228882789612,1225.3232843875885,364.4228882789612
364.4228882789612,1225.3232843875885,364.4228882789612
364.6853737831116,1226.4521265029907,364.6853737831116
365.05189990997314,1226.1120400428772,365.05189990997314
364.4228882789612,1225.3232843875885,364.4228882789612
365.05189990997314,1226.1120400428772,365.05189990997314
370.0,1221.5208740234375,370.0
364.6853737831116,1226.4521265029907,364.6853737831116
365.47969913482666,1227.1891522407532,365.47969913482666
365.05189990997314,1226.1120400428772,365.05189990997314
365.05189990997314,1226.1120400428772,365.05189990997314
365.47969913482666,1227.1891522407532,365.47969913482666
365.79144382476807,1226.7982363700867,365.79144382476807
365.05189990997314,1226.1120400428772,365.05189990997314
365.79144382476807,1226.7982363700867,365.79144382476807
370.0,1221.5208740234375,370.0
365.47969913482666,1227.1891522407532,365.47969913482666
366.375,1227.7995581626892,366.375
365.79144382476807,1226.7982363700867,365.79144382476807
365.79144382476807,1226.7982363700867,365.79144382476807
366.375,1227.7995581626892,366.375
366.625,1227.366545677185,366.625
365.79144382476807,1226.7982363700867,365.79144382476807
366.625,1227.366545677185,366.625
370.0,1221.5208740234375,370.0
366.375,1227.7995581626892,366.375
367.351277589798,1228.2697086334229,367.351277589798
366.625,1227.366545677185,366.625
366.625,1227.366545677185,366.625
367.351277589798,1228.2697086334229,367.351277589798
367.5339481830597,1227.804271697998,367.5339481830597
366.625,1227.366545677185,366.625
367.5339481830597,1227.804271697998,367.5339481830597
370.0,1221.5208740234375,370.0
365.79144382476807,1216.2435116767883,365.79144382476807
370.0,1221.5208740234375,370.0
366.625,1215.67520236969,366.625
365.79144382476807,1216.2435116767883,365.79144382476807
366.625,1215.67520236969,366.625
365.47969913482666,1215.8525958061218,365.47969913482666
365.47969913482666,1215.8525958061218,365.47969913482666
366.625,1215.67520236969,366.625
366.375,1215.2421898841858,366.375
365.47969913482666,1215.8525958061218,365.47969913482666
366.375,1215.2421898841858,366.375
365.25148582458496,1215.5664258003235,365.25148582458496
365.25148582458496,1215.5664258003235,365.25148582458496
366.375,1215.2421898841858,366.375
366.19198727607727,1214.92520236969,366.19198727607727
366.625,1215.67520236969,366.625
370.0,1221.5208740234375,370.0
367.5339481830597,1215.237476348877,367.5339481830597
366.625,1215.67520236969,366.625
367.5339481830597,1215.237476348877,367.5339481830597
366.375,1215.2421898841858,366.375
366.375,1215.2421898841858,366.375
367.5339481830597,1215.237476348877,367.5339481830597
367.351277589798,1214.7720394134521,367.351277589798
366.375,1215.2421898841858,366.375
367.351277589798,1214.7720394134521,367.351277589798
366.19198727607727,1214.92520236969,366.19198727607727
366.19198727607727,1214.92520236969,366.19198727607727
367.351277589798,1214.7720394134521,367.351277589798
367.2175533771515,1214.4313158988953,367.2175533771515
367.5339481830597,1215.237476348877,367.5339481830597
370.0,1221.5208740234375,370.0
368.49798369407654,1214.9401106834412,368.49798369407654
367.5339481830597,1215.237476348877,367.5339481830597
368.49798369407654,1214.9401106834412,368.49798369407654
367.351277589798,1214.7720394134521,367.351277589798
367.351277589798,1214.7720394134521,367.351277589798
368.49798369407654,1214.9401106834412,368.49798369407654
368.386723279953,1214.4526467323303,368.386723279953
367.351277589798,1214.7720394134521,367.351277589798
368.386723279953,1214.4526467323303,368.386723279953
367.2175533771515,1214.4313158988953,367.2175533771515
367.2175533771515,1214.4313158988953,367.2175533771515
368.386723279953,1214.4526467323303,368.386723279953
368.3052749633789,1214.0957984924316,368.3052749633789
368.49798369407654,1214.9401106834412,368.49798369407654
370.0,1221.5208740234375,370.0
369.49557185173035,1214.7897481918335,369.49557185173035
368.49798369407654,1214.9401106834412,368.49798369407654
369.49557185173035,1214.7897481918335,369.49557185173035
368.386723279953,1214.4526467323303,368.386723279953
368.386723279953,1214.4526467323303,368.386723279953
369.49557185173035,1214.7897481918335,369.49557185173035
369.4582068324089,1214.2911462783813,369.4582068324089
368.386723279953,1214.4526467323303,368.386723279953
369.4582068324089,1214.2911462783813,369.4582068324089
368.3052749633789,1214.0957984924316,368.3052749633789
368.3052749633789,1214.0957984924316,368.3052749633789
369.4582068324089,1214.2911462783813,369.4582068324089
369.4308537244797,1213.9261445999146,369.4308537244797
369.49557185173035,1214.7897481918335,369.49557185173035
370.0,1221.5208740234375,370.0
370.50442814826965,1214.7897481918335,370.50442814826965
369.49557185173035,1214.7897481918335,369.49557185173035
370.50442814826965,1214.7897481918335,370.50442814826965
369.4582068324089,1214.2911462783813,369.4582068324089
369.4582068324089,1214.2911462783813,369.4582068324089
370.50442814826965,1214.7897481918335,370.50442814826965
370.5417931675911,1214.2911462783813,370.5417931675911
369.4582068324089,1214.2911462783813,369.4582068324089
370.5417931675911,1214.2911462783813,370.5417931675911
369.4308537244797,1213.9261445999146,369.4308537244797
369.4308537244797,1213.9261445999146,369.4308537244797
370.5417931675911,1214.2911462783813,370.5417931675911
370.5691462755203,1213.9261445999146,370.5691462755203
370.50442814826965,1214.7897481918335,370.50442814826965
370.0,1221.5208740234375,370.0
371.50201630592346,1214.9401106834412,371.50201630592346
370.50442814826965,1214.7897481918335,370.50442814826965
371.50201630592346,1214.9401106834412,371.50201630592346
370.5417931675911,1214.2911462783813,370.5417931675911
370.5417931675911,1214.2911462783813,370.5417931675911
371.50201630592346,1214.9401106834412,371.50201630592346
371.613276720047,1214.4526467323303,371.613276720047
370.5417931675911,1214.2911462783813,370.5417931675911
371.613276720047,1214.4526467323303,371.613276720047
370.5691462755203,1213.9261445999146,370.5691462755203
370.5691462755203,1213.9261445999146,370.5691462755203
371.613276720047,1214.4526467323303,371.613276720047
371.6947250366211,1214.0957984924316,371.6947250366211
371.50201630592346,1214.9401106834412,371.50201630592346
370.0,1221.5208740234375,370.0
372.4660518169403,1215.237476348877,372.4660518169403
371.50201630592346,1214.9401106834412,371.50201630592346
372.4660518169403,1215.237476348877,372.4660518169403
371.613276720047,1214.4526467323303,371.613276720047
371.613276720047,1214.4526467323303,371.613276720047
372.4660518169403,1215.237476348877,372.4660518169403
372.648722410202,1214.7720394134521,372.648722410202
371.613276720047,1214.4526467323303,371.613276720047
372.648722410202,1214.7720394134521,372.648722410202
371.6947250366211,1214.0957984924316,371.6947250366211
371.6947250366211,1214.0957984924316,371.6947250366211
372.648722410202,1214.7720394134521,372.648722410202
372.7824466228485,1214.4313158988953,372.7824466228485
372.4660518169403,1215.237476348877,372.4660518169403
370.0,1221.5208740234375,370.0
373.375,1215.67520236969,373.375
372.4660518169403,1215.237476348877,372.4660518169403
373.375,1215.67520236969,373.375
372.648722410202,1214.7720394134521,372.648722410202
372.648722410202,1214.7720394134521,372.648722410202
373.375,1215.67520236969,373.375
373.625,1215.2421898841858,373.625
372.648722410202,1214.7720394134521,372.648722410202
373.625,1215.2421898841858,373.625
372.7824466228485,1214.4313158988953,372.7824466228485
372.7824466228485,1214.4313158988953,372.7824466228485
373.625,1215.2421898841858,373.625
373.80801272392273,1214.92520236969,373.80801272392273
373.375,1215.67520236969,373.375
370.0,1221.5208740234375,370.0
374.20855617523193,1216.2435116767883,374.20855617523193
373.375,1215.67520236969,373.375
374.20855617523193,1216.2435116767883,374.20855617523193
373.625,1215.2421898841858,373.625
373.625,1215.2421898841858,373.625
374.20855617523193,1216.2435116767883,374.20855617523193
374.52030086517334,1215.8525958061218,374.52030086517334
373.625,1215.2421898841858,373.625
374.52030086517334,1215.8525958061218,374.52030086517334
373.80801272392273,1214.92520236969,373.80801272392273
373.80801272392273,1214.92520236969,373.80801272392273
374.52030086517334,1215.8525958061218,374.52030086517334
374.74851417541504,1215.5664258003235,374.74851417541504
374.20855617523193,1216.2435116767883,374.20855617523193
370.0,1221.5208740234375,370.0
374.94810009002686,1216.9297080039978,374.94810009002686
374.20855617523193,1216.2435116767883,374.20855617523193
374.94810009002686,1216.9297080039978,374.94810009002686
374.52030086517334,1215.8525958061218,374.52030086517334
374.52030086517334,1215.8525958061218,374.52030086517334
374.94810009002686,1216.9297080039978,374.94810009002686
375.3146262168884,1216.5896215438843,375.3146262168884
374.52030086517334,1215.8525958061218,374.52030086517334
375.3146262168884,1216.5896215438843,375.3146262168884
374.74851417541504,1215.5664258003235,374.74851417541504
374.74851417541504,1215.5664258003235,374.74851417541504
375.3146262168884,1216.5896215438843,375.3146262168884
375.582941532135,1216.3406610488892,375.582941532135
374.94810009002686,1216.9297080039978,374.94810009002686
370.0,1221.5208740234375,370.0
375.5771117210388,1217.7184636592865,375.5771117210388
374.94810009002686,1216.9297080039978,374.94810009002686
375.5771117210388,1217.7184636592865,375.5771117210388
375.3146262168884,1216.5896215438843,375.3146262168884
375.3146262168884,1216.5896215438843,375.3146262168884
375.5771117210388,1217.7184636592865,375.5771117210388
375.9902310371399,1217.436803817749,375.9902310371399
375.3146262168884,1216.5896215438843,375.3146262168884
375.9902310371399,1217.436803817749,375.9902310371399
375.582941532135,1216.3406610488892,375.582941532135
375.582941532135,1216.3406610488892,375.582941532135
375.9902310371399,1217.436803817749,375.9902310371399
376.29265546798706,1217.2306141853333,376.29265546798706
375.5771117210388,1217.7184636592865,375.5771117210388
370.0,1221.5208740234375,370.0
376.0815396308899,1218.592158794403,376.0815396308899
375.5771117210388,1217.7184636592865,375.5771117210388
376.0815396308899,1218.592158794403,376.0815396308899
375.9902310371399,1217.436803817749,375.9902310371399
375.9902310371399,1217.436803817749,375.9902310371399
376.0815396308899,1218.592158794403,376.0815396308899
376.5320243835449,1218.375216960907,376.5320243835449
375.9902310371399,1217.436803817749,375.9902310371399
376.5320243835449,1218.375216960907,376.5320243835449
376.29265546798706,1217.2306141853333,376.29265546798706
376.29265546798706,1217.2306141853333,376.29265546798706
376.5320243835449,1218.375216960907,376.5320243835449
376.8618016242981,1218.2164044380188,376.8618016242981
376.0815396308899,1218.592158794403,376.0815396308899
370.0,1221.5208740234375,370.0
376.4501166343689,1219.5312765836716,376.4501166343689
376.0815396308899,1218.592158794403,376.0815396308899
376.4501166343689,1219.5312765836716,376.4501166343689
376.5320243835449,1218.375216960907,376.5320243835449
376.5320243835449,1218.375216960907,376.5320243835449
376.4501166343689,1219.5312765836716,376.4501166343689
376.92790269851685,1219.383898973465,376.92790269851685
376.5320243835449,1218.375216960907,376.5320243835449
376.92790269851685,1219.383898973465,376.92790269851685
376.8618016242981,1218.2164044380188,376.8618016242981
376.8618016242981,1218.2164044380188,376.8618016242981
376.92790269851685,1219.383898973465,376.92790269851685
377.2776665687561,1219.2760112285614,377.2776665687561
376.4501166343689,1219.5312765836716,376.4501166343689
370.0,1221.5208740234375,370.0
376.6746082305908,1220.5148386955261,376.6746082305908
376.4501166343689,1219.5312765836716,376.4501166343689
376.6746082305908,1220.5148386955261,376.6746082305908
376.92790269851685,1219.383898973465,376.92790269851685
376.92790269851685,1219.383898973465,376.92790269851685
376.6746082305908,1220.5148386955261,376.6746082305908
377.16902351379395,1220.4403176307678,377.16902351379395
376.92790269851685,1219.383898973465,376.92790269851685
377.16902351379395,1220.4403176307678,377.16902351379395
377.2776665687561,1219.2760112285614,377.2776665687561
377.2776665687561,1219.2760112285614,377.2776665687561
377.16902351379395,1220.4403176307678,377.16902351379395
377.53096055984497,1220.3857643604279,377.53096055984497
376.6746082305908,1220.5148386955261,376.6746082305908
370.0,1221.5208740234375,370.0
376.75,1221.5208740234375,376.75
376.6746082305908,1220.5148386955261,376.6746082305908
376.75,1221.5208740234375,376.75
377.16902351379395,1220.4403176307678,377.16902351379395
377.16902351379395,1220.4403176307678,377.16902351379395
376.75,1221.5208740234375,376.75
377.25,1221.5208740234375,377.25
377.16902351379395,1220.4403176307678,377.16902351379395
377.25,1221.5208740234375,377.25
377.53096055984497,1220.3857643604279,377.53096055984497
377.53096055984497,1220.3857643604279,377.53096055984497
377.25,1221.5208740234375,377.25
377.61602544784546,1221.5208740234375,377.61602544784546
376.75,1221.5208740234375,376.75
370.0,1221.5208740234375,370.0
376.6746082305908,1222.5269093513489,376.6746082305908
376.75,1221.5208740234375,376.75
376.6746082305908,1222.5269093513489,376.6746082305908
377.25,1221.5208740234375,377.25
377.25,1221.5208740234375,377.25
376.6746082305908,1222.5269093513489,376.6746082305908
377.16902351379395,1222.6014304161072,377.16902351379395
377.25,1221.5208740234375,377.25
377.16902351379395,1222.6014304161072,377.16902351379395
377.61602544784546,1221.5208740234375,377.61602544784546
377.61602544784546,1221.5208740234375,377.61602544784546
377.16902351379395,1222.6014304161072,377.16902351379395
377.53096055984497,1222.6559836864471,377.53096055984497
376.6746082305908,1222.5269093513489,376.6746082305908
370.0,1221.5208740234375,370.0
376.4501166343689,1223.5104714632034,376.4501166343689
376.6746082305908,1222.5269093513489,376.6746082305908
376.4501166343689,1223.5104714632034,376.4501166343689
377.16902351379395,1222.6014304161072,377.16902351379395
377.16902351379395,1222.6014304161072,377.16902351379395
376.4501166343689,1223.5104714632034,376.4501166343689
376.92790269851685,1223.65784907341,376.92790269851685
377.16902351379395,1222.6014304161072,377.16902351379395
376.92790269851685,1223.65784907341,376.92790269851685
377.53096055984497,1222.6559836864471,377.53096055984497
377.53096055984497,1222.6559836864471,377.53096055984497
376.92790269851685,1223.65784907341,376.92790269851685
377.2776665687561,1223.7657368183136,377.2776665687561
376.4501166343689,1223.5104714632034,376.4501166343689
370.0,1221.5208740234375,370.0
376.0815396308899,1224.449589252472,376.0815396308899
376.4501166343689,1223.5104714632034,376.4501166343689
376.0815396308899,1224.449589252472,376.0815396308899
376.92790269851685,1223.65784907341,376.92790269851685
376.92790269851685,1223.65784907341,376.92790269851685
376.0815396308899,1224.449589252472,376.0815396308899
376.5320243835449,1224.666531085968,376.5320243835449
376.92790269851685,1223.65784907341,376.92790269851685
376.5320243835449,1224.666531085968,376.5320243835449
377.2776665687561,1223.7657368183136,377.2776665687561
377.2776665687561,1223.7657368183136,377.2776665687561
376.5320243835449,1224.666531085968,376.5320243835449
376.8618016242981,1224.8253436088562,376.8618016242981
369.4208417534828,1229.2492036819458,369.4208417534828
369.4308537244797,1229.1156034469604,369.4308537244797
368.3052749633789,1228.9459495544434,368.3052749633789
376.0815396308899,1224.449589252472,376.0815396308899
370.0,1221.5208740234375,370.0
375.5771117210388,1225.3232843875885,375.5771117210388
376.0815396308899,1224.449589252472,376.0815396308899
375.5771117210388,1225.3232843875885,375.5771117210388
376.5320243835449,1224.666531085968,376.5320243835449
376.5320243835449,1224.666531085968,376.5320243835449
375.5771117210388,1225.3232843875885,375.5771117210388
375.9902310371399,1225.604944229126,375.9902310371399
376.5320243835449,1224.666531085968,376.5320243835449
375.9902310371399,1225.604944229126,375.9902310371399
376.8618016242981,1224.8253436088562,376.8618016242981
376.8618016242981,1224.8253436088562,376.8618016242981
375.9902310371399,1225.604944229126,375.9902310371399
376.29265546798706,1225.8111338615417,376.29265546798706
375.5771117210388,1225.3232843875885,375.5771117210388
370.0,1221.5208740234375,370.0
374.94810009002686,1226.1120400428772,374.94810009002686
375.5771117210388,1225.3232843875885,375.5771117210388
374.94810009002686,1226.1120400428772,374.94810009002686
375.9902310371399,1225.604944229126,375.9902310371399
375.9902310371399,1225.604944229126,375.9902310371399
374.94810009002686,1226.1120400428772,374.94810009002686
375.3146262168884,1226.4521265029907,375.3146262168884
375.9902310371399,1225.604944229126,375.9902310371399
375.3146262168884,1226.4521265029907,375.3146262168884
376.29265546798706,1225.8111338615417,376.29265546798706
376.29265546798706,1225.8111338615417,376.29265546798706
375.3146262168884,1226.4521265029907,375.3146262168884
375.582941532135,1226.7010869979858,375.582941532135
374.94810009002686,1226.1120400428772,374.94810009002686
370.0,1221.5208740234375,370.0
374.20855617523193,1226.7982363700867,374.20855617523193
374.94810009002686,1226.1120400428772,374.94810009002686
374.20855617523193,1226.7982363700867,374.20855617523193
375.3146262168884,1226.4521265029907,375.3146262168884
375.3146262168884,1226.4521265029907,375.3146262168884
374.20855617523193,1226.7982363700867,374.20855617523193
374.52030086517334,1227.1891522407532,374.52030086517334
375.3146262168884,1226.4521265029907,375.3146262168884
374.52030086517334,1227.1891522407532,374.52030086517334
375.582941532135,1226.7010869979858,375.582941532135
375.582941532135,1226.7010869979858,375.582941532135
374.52030086517334,1227.1891522407532,374.52030086517334
374.74851417541504,1227.4753222465515,374.74851417541504
374.20855617523193,1226.7982363700867,374.20855617523193
370.0,1221.5208740234375,370.0
373.375,1227.366545677185,373.375
374.20855617523193,1226.7982363700867,374.20855617523193
373.375,1227.366545677185,373.375
374.52030086517334,1227.1891522407532,374.52030086517334
374.52030086517334,1227.1891522407532,374.52030086517334
373.375,1227.366545677185,373.375
373.625,1227.7995581626892,373.625
374.52030086517334,1227.1891522407532,374.52030086517334
373.625,1227.7995581626892,373.625
374.74851417541504,1227.4753222465515,374.74851417541504
374.74851417541504,1227.4753222465515,374.74851417541504
373.625,1227.7995581626892,373.625
373.80801272392273,1228.116545677185,373.80801272392273
373.375,1227.366545677185,373.375
370.0,1221.5208740234375,370.0
372.4660518169403,1227.804271697998,372.4660518169403
373.375,1227.366545677185,373.375
372.4660518169403,1227.804271697998,372.4660518169403
373.625,1227.7995581626892,373.625
373.625,1227.7995581626892,373.625
372.4660518169403,1227.804271697998,372.4660518169403
372.648722410202,1228.2697086334229,372.648722410202
373.625,1227.7995581626892,373.625
372.648722410202,1228.2697086334229,372.648722410202
373.80801272392273,1228.116545677185,373.80801272392273
373.80801272392273,1228.116545677185,373.80801272392273
372.648722410202,1228.2697086334229,372.648722410202
372.7824466228485,1228.6104321479797,372.7824466228485
372.4660518169403,1227.804271697998,372.4660518169403
370.0,1221.5208740234375,370.0
371.50201630592346,1228.1016373634338,371.50201630592346
372.4660518169403,1227.804271697998,372.4660518169403
371.50201630592346,1228.1016373634338,371.50201630592346
372.648722410202,1228.2697086334229,372.648722410202
372.648722410202,1228.2697086334229,372.648722410202
371.50201630592346,1228.1016373634338,371.50201630592346
371.613276720047,1228.5891013145447,371.613276720047
372.648722410202,1228.2697086334229,372.648722410202
371.613276720047,1228.5891013145447,371.613276720047
372.7824466228485,1228.6104321479797,372.7824466228485
372.7824466228485,1228.6104321479797,372.7824466228485
371.613276720047,1228.5891013145447,371.613276720047
371.6947250366211,1228.9459495544434,371.6947250366211
371.50201630592346,1228.1016373634338,371.50201630592346
370.0,1221.5208740234375,370.0
370.50442814826965,1228.2519998550415,370.50442814826965
371.50201630592346,1228.1016373634338,371.50201630592346
370.50442814826965,1228.2519998550415,370.50442814826965
371.613276720047,1228.5891013145447,371.613276720047
371.613276720047,1228.5891013145447,371.613276720047
370.50442814826965,1228.2519998550415,370.50442814826965
370.5417931675911,1228.7506017684937,370.5417931675911
371.613276720047,1228.5891013145447,371.613276720047
370.5417931675911,1228.7506017684937,370.5417931675911
371.6947250366211,1228.9459495544434,371.6947250366211
371.6947250366211,1228.9459495544434,371.6947250366211
370.5417931675911,1228.7506017684937,370.5417931675911
370.5691462755203,1229.1156034469604,370.5691462755203
370.50442814826965,1228.2519998550415,370.50442814826965
370.0,1221.5208740234375,370.0
369.49557185173035,1228.2519998550415,369.49557185173035
370.50442814826965,1228.2519998550415,370.50442814826965
369.49557185173035,1228.2519998550415,369.49557185173035
370.5417931675911,1228.7506017684937,370.5417931675911
370.5417931675911,1228.7506017684937,370.5417931675911
369.49557185173035,1228.2519998550415,369.49557185173035
369.4582068324089,1228.7506017684937,369.4582068324089
370.5417931675911,1228.7506017684937,370.5417931675911
369.4582068324089,1228.7506017684937,369.4582068324089
370.5691462755203,1229.1156034469604,370.5691462755203
370.5691462755203,1229.1156034469604,370.5691462755203
369.4582068324089,1228.7506017684937,369.4582068324089
369.4308537244797,1229.1156034469604,369.4308537244797
369.49557185173035,1228.2519998550415,369.49557185173035
370.0,1221.5208740234375,370.0
368.49798369407654,1228.1016373634338,368.49798369407654
369.49557185173035,1228.2519998550415,369.49557185173035
368.49798369407654,1228.1016373634338,368.49798369407654
369.4582068324089,1228.7506017684937,369.4582068324089
370.0,1221.5208740234375,370.0
367.5339481830597,1227.804271697998,367.5339481830597
368.49798369407654,1228.1016373634338,368.49798369407654
368.49798369407654,1228.1016373634338,368.49798369407654
367.5339481830597,1227.804271697998,367.5339481830597
368.386723279953,1228.5891013145447,368.386723279953
368.49798369407654,1228.1016373634338,368.49798369407654
368.386723279953,1228.5891013145447,368.386723279953
369.4582068324089,1228.7506017684937,369.4582068324089
369.4582068324089,1228.7506017684937,369.4582068324089
368.386723279953,1228.5891013145447,368.386723279953
369.4308537244797,1229.1156034469604,369.4308537244797
367.5339481830597,1227.804271697998,367.5339481830597
367.351277589798,1228.2697086334229,367.351277589798
368.386723279953,1228.5891013145447,368.386723279953
367.351277589798,1228.2697086334229,367.351277589798
368.3052749633789,1228.9459495544434,368.3052749633789
368.386723279953,1228.5891013145447,368.386723279953
368.386723279953,1228.5891013145447,368.386723279953
368.3052749633789,1228.9459495544434,368.3052749633789
369.4308537244797,1229.1156034469604,369.4308537244797
